-1.06622353742871
-1.1196162034203
-1.02905545644338
-0.949802282846082
-1.03836935951837
-0.993434068190643
-1.10954528297716
-0.965585693152747
-1.15493835791661
-1.01175921625059
-0.986953469931651
-1.01235514484444
-1.02644303692176
-1.13761075610269
-1.12051027437106
-0.988621226311206
-1.0410070146179
-1.09833247905024
-0.846174564657586
-1.04927695377166
-0.997335570622609
-0.883560264362938
-0.918961419852628
-0.961087143495864
-0.91413686138784
-0.862589457764582
-0.994375557304201
-0.859293084311286
-0.92034842435242
-0.863048207625747
-0.931710582903464
-0.920556304272497
-0.995042286144528
-0.820112298554766
-0.881653126726249
-1.04603843809635
-1.03304223855698
-0.939161006433576
-0.893260592985088
-0.961357057659558
-1.04672913207898
-0.779784604519567
-0.980529857413944
-0.978292814253368
-0.954395204227971
-0.955027989287638
-0.97753635153232
-0.94675677515343
-0.869986454821419
-0.965256491705999
-0.905739139866713
-0.959146841756543
-0.891963524408334
-1.07895400311916
-0.885541066571935
-1.03216536328225
-0.927107490864472
-0.739490935596666
-0.782122392553342
-0.890190639497247
-0.881356112390284
-0.881048573897452
-0.721416274505745
-0.876329871193083
-0.941420133741391
-0.866395917681664
-0.942209384693901
-0.97950749816759
-0.985498601504939
-0.841225308839169
-0.784466938542889
-0.893025229179926
-0.817937953752124
-0.818803294481207
-0.965022647871827
-0.865001100801147
-0.907158199220311
-0.640892248239044
-0.855797921575962
-0.749341289904648
-0.739187853910462
-0.758437422827394
-0.849001302357837
-0.888607348023254
-1.00937214420253
-0.824967589986748
-0.817777822356687
-0.888157107677199
-0.794119997996173
-0.862328137859204
-0.781383109585177
-0.843388159873984
-0.936980165320663
-0.799740459253093
-0.797322343562904
-0.711151727797229
-0.736149598916795
-0.721968788178233
-0.715487732974257
-0.73191521122211
-0.859900075773567
-0.743194263471715
-0.602212481209117
-0.883268639874638
-0.808329382938227
-0.801917570927884
-0.873201521372821
-0.801644614072511
-0.762404523316741
-0.700645066651868
-0.719702726746987
-0.811012988542725
-0.725959588887966
-0.844481887066723
-0.702995604587548
-0.897069318055749
-0.706257346897066
-0.911396700538147
-0.65838254252068
-0.868876545958252
-0.72101264878956
-0.807014244812306
-0.809225083913048
-0.967684886001107
-0.744920924300883
-0.820260785604028
-0.73262255348605
-0.637295872568619
-0.70662504502723
-0.672439837974867
-0.700529245029885
-0.80725417507579
-0.798342769756806
-0.886479484647637
-0.887029334827976
-0.802421149921924
-0.625456588493451
-0.607501381592813
-0.771797396778234
-0.676431751848227
-0.796799564693092
-0.463094067530174
-0.661990173289903
-0.77057285230205
-0.629826790336359
-0.51527034170573
-0.890358387172744
-0.560013450344483
-0.682154997789374
-0.606157488383343
-0.79833105192412
-0.684833678079896
-0.811947640953484
-0.724952303341379
-0.612027096716094
-0.655476697307139
-0.599716021120338
-0.630121534749478
-0.617407992146954
-0.677939970645641
-0.604877229670183
-0.714484988738248
-0.625248659738366
-0.52165555452004
-0.641691523358984
-0.628491841839114
-0.705176067944246
-0.597537675850702
-0.579454173447923
-0.685218669236892
-0.761659024558184
-0.610409222534455
-0.635184062779764
-0.6234440327593
-0.582874078268802
-0.510341792179308
-0.575141060526833
-0.578928212797215
-0.644262098331612
-0.689556685014038
-0.731432514042998
-0.691472881189828
-0.441476875167929
-0.593429947447643
-0.611550859925672
-0.686265406589631
-0.581719854234059
-0.573787689197334
-0.739396366819049
-0.600394988029199
-0.704458269489611
-0.624155592518993
-0.750535869702371
-0.682317829948167
-0.513715914936093
-0.658263508912914
-0.65295357649491
-0.681870867291114
-0.709277125197026
-0.506684937166244
-0.648868952025106
-0.622083183774681
-0.647460561207288
-0.609827619894699
-0.611484248447667
-0.505014733420251
-0.648193388713803
-0.56592959073263
-0.624322551784139
-0.503196930105632
-0.496552167212342
-0.506682470919425
-0.557405145490743
-0.501033150334646
-0.514721977048908
-0.516308915853479
-0.459544422523482
-0.508684291175672
-0.613128259380006
-0.581276206858299
-0.542927092969348
-0.592636237839558
-0.628883369937009
-0.526547739476754
-0.420087435212566
-0.565637829405057
-0.505506241340484
-0.595569898666413
-0.525664638300404
-0.460601224434677
-0.426994785085163
-0.603533498659064
-0.485066123998611
-0.524566600924717
-0.528813928478564
-0.473580018404826
-0.541973420290582
-0.534198079674739
-0.579738402253969
-0.530047125779647
-0.570152472380368
-0.574807394358858
-0.461915307908578
-0.643337923815314
-0.563105025183158
-0.52971406037218
-0.499543819045164
-0.565202574503418
-0.486780379394334
-0.537991531395068
-0.518928173419232
-0.605922675979301
-0.389728776218089
-0.624232484465693
-0.475052322553539
-0.579806491935519
-0.507951435077357
-0.523052642441139
-0.45799058177779
-0.509017718039957
-0.630330428691255
-0.60547240414243
-0.354192345778527
-0.54523877104414
-0.416608308849661
-0.492900308534867
-0.413046315083718
-0.537748762276375
-0.397032532935999
-0.400956607948548
-0.327433447275401
-0.458624947095464
-0.570147450511966
-0.449843159723735
-0.425562885282211
-0.343439888589396
-0.452931739566302
-0.499972338148781
-0.538622479279387
-0.446472176573839
-0.460135554497275
-0.52649773351513
-0.33360398958502
-0.415608696502563
-0.435760349421271
-0.370885580487626
-0.374113061055061
-0.341044788891506
-0.32935986125505
-0.345455006717024
-0.435111927673621
-0.284648708777944
-0.275481780646486
-0.548310737502837
-0.368541468402554
-0.406893745329934
-0.452216175623268
-0.233915459869602
-0.440998162601791
-0.424995903396021
-0.437027724536208
-0.371736325762695
-0.381064380669854
-0.468651338546346
-0.320978024513819
-0.395208347560332
-0.392533525730603
-0.483752313278816
-0.469574457316352
-0.342179927934585
-0.421291357428854
-0.298369390192564
-0.29741477782192
-0.414105087169116
-0.34643883951163
-0.314472284987427
-0.429904815096145
-0.169544440999469
-0.442559440412971
-0.245653559353669
-0.367426041541799
-0.417337792299258
-0.392880887675906
-0.403064163251601
-0.361404746070616
-0.465405211777148
-0.134382728606354
-0.327325675566761
-0.343517583285739
-0.146580853461838
-0.327301393418201
-0.269644658789739
-0.35854602769766
-0.324652797146017
-0.358575537865262
-0.444543512425457
-0.343077240744598
-0.393230534634885
-0.395119322818523
-0.230883832348371
-0.326584784539588
-0.351992037213905
-0.239125177398591
-0.432732771058039
-0.366954806115833
-0.246408706388426
-0.359296581655886
-0.489272997108495
-0.443064234262234
-0.196564371857673
-0.323304205385936
-0.285361649255298
-0.203255119681602
-0.291850316908938
-0.217909866760672
-0.246271114275823
-0.333614157182529
-0.281934373414657
-0.415452486004209
-0.224621173493474
-0.380135120020011
-0.401037270132615
-0.304251734031192
-0.279587482585876
-0.186877830541724
-0.397907663209738
-0.300165054333432
-0.323481786291712
-0.153390217645008
-0.192518748448027
-0.247008448586365
-0.295781940975592
-0.268750925025281
-0.400718565116358
-0.261862084835233
-0.219075704373187
-0.299435765369875
-0.260686804062676
-0.311731413870446
-0.373015827562197
-0.28239363562154
-0.222776138768605
-0.38129275020245
-0.241024118765883
-0.352285959645972
-0.334179729947115
-0.376670782013285
-0.184103238305549
-0.219792389839283
-0.221075041713292
-0.180319225841801
-0.156881765855778
-0.269547520601504
-0.0751530863751007
-0.365247234359685
-0.219525725780833
-0.226219740200493
-0.155839253383594
-0.276506058797939
-0.310264261229495
-0.242694027379144
-0.119384477865553
-0.208163281103397
-0.284470290224552
-0.33039541706974
-0.0460745629995279
-0.0633165812086417
-0.352484254843802
-0.232390102827215
-0.210056011437824
-0.280807013372229
-0.0497826404468609
-0.186685474672901
-0.252672518542521
-0.22776527809959
-0.160305001608527
-0.225009083303319
-0.180857059675884
-0.0815235593664375
-0.161767205333246
-0.0919356026656372
-0.20303602521548
-0.136087877951551
-0.200640543437622
-0.214982706198418
-0.0568555674504359
-0.0833047324868769
-0.18543654760614
-0.0755608130602342
-0.0152378301730934
-0.100016960286911
-0.0800217450531502
-0.251806072004208
-0.154193267981943
-0.0718884320889124
-0.053621678640838
-0.099342520869261
-0.0613972998517586
0.0792214791137695
-0.000137825764326743
-0.212799640509285
-0.131934868265192
-0.0593692430892718
0.0944167456790858
-0.121015279135321
-0.0559713980328
-0.169936629263998
-0.0599623365462582
-0.0884950637693792
-0.255615417811286
-0.136961978259165
-0.1080122046402
-0.117297879157361
-0.21594500149398
-0.0375907560153309
-0.100320530805105
-0.0384036381448269
-0.026947775791876
-0.058747319552521
-0.10308392017772
-0.0932107553352151
-0.0177007304152681
-0.0339278647496805
-0.0488841667934211
-0.183783685481737
-0.121666835965269
-0.0525372604894792
-0.134227288990528
-0.13787184356823
-0.141080137947214
-0.0985037170342352
0.161286331186179
0.100307108626236
-0.106402869995235
-0.0307782684790745
-0.0309356829961684
0.0494236858249453
0.0998162564712304
-0.0061545819719453
-0.0553817939269158
0.0251334415150067
0.0943062949505855
-0.00651869016775957
-0.00157993808168677
-0.0236442328672184
0.0059185847181522
0.045046010145731
-0.113149874545709
-0.0641445365931335
-0.0132009141381613
-0.0125438015069226
0.0227964568382729
-0.115960648531652
0.104954089719968
-0.032727885951935
0.0582789564570585
-0.00614608434687079
0.0252979293043229
-0.0933717584395621
-0.0400951152800401
-0.00792934992229063
0.133758077661781
0.0435015268906124
-0.0447934255754736
-0.139882629356702
0.200685379987976
-0.00885976677919958
-0.0321655266049015
0.0896094121568324
0.145192821381083
-0.012935971132324
-0.0334349472971994
-0.0751681248102322
0.00535698832980533
0.133338133184219
0.0522293387755669
0.156454676305166
0.0516853116916296
-0.019881454133236
0.211726938166296
0.127701802587144
-0.0519747937406736
-0.0737321407494742
-0.0358033710973564
-0.0764709433361378
0.0491321399468168
0.100637416790446
0.18338754404567
0.137756121149554
0.0354062974344671
0.0360960756729513
0.0650665211787498
0.042820315554619
0.126922597693399
0.344716362555699
0.0999476055027304
0.0794441438759237
-0.0440128764017433
0.082957054207349
0.0925620791587316
0.103847431735873
0.156495887130366
-0.0229083897594752
0.0698194326530663
0.221621723234804
0.0724780093938645
0.00434924215101736
0.111797890330784
0.0141688199986211
0.0956549925061469
0.110859278496913
0.108721802547289
0.165138047395304
0.0659635166583689
0.0589819475524615
0.108288936545578
0.0380480649881756
0.121205603620454
0.144790275546305
0.127807274136693
0.192891249842112
-0.0608846392771604
0.0951198452431679
0.174169433267749
0.253314698398829
0.0222366401863091
0.0417698099021297
0.177590031907243
-0.00177049590818336
0.18170578956854
0.0297847287268602
0.245663008837533
0.167565121016504
0.140420069617641
0.129522689108169
0.0872833415158669
0.236906397514257
0.0691433685029096
0.239283054002127
0.0196229721399047
0.246898088546801
0.207781488180553
0.119199289309799
0.0803558754698402
0.329436390087979
0.237276037321018
0.230750193947131
0.194954639304651
0.0950176209090535
0.0521305220069777
0.108213214278757
0.0245352712313624
0.267757369357833
0.300667277327693
-0.0529418852175455
0.268499330641872
0.299214228312181
0.239266684593922
0.234851121543993
0.18273794199004
0.145951715986051
0.1617149837865
0.284489439224538
0.085272539210744
0.338567118286681
0.288347887681278
0.156459938237235
0.233519236215625
0.221996565043649
0.270816394840986
0.307954308926324
0.0922443170248742
0.2241122963922
0.283114344881291
0.262837682782633
0.384681429935556
0.27027130516272
0.218626407538478
0.269729215133157
0.250737159247639
0.135787868558023
0.267511552649016
0.311073568196816
0.0667504203400536
0.189832342845164
0.247543310669029
0.362983921029417
0.164333850055517
0.376890384596359
0.373680370167365
0.280166949961508
0.143411558177258
0.280624506592308
0.260685277430467
0.339279651887553
0.206418358067663
0.389509450736218
0.417476908794054
0.267458831832853
0.255910347545609
0.270574854387071
0.231088681830793
0.397908280621284
0.464288752218699
0.327663171470908
0.205715344185735
0.145174362378497
0.431667102677073
0.299325944944849
0.218821918369805
0.319693695349705
0.250563627221117
0.408540976358749
0.28858466441535
0.312037857119803
0.233968036151871
0.230982350002201
0.380932600786433
0.301738934568291
0.462936708614776
0.294524923047011
0.352647445127726
0.364648536995214
0.37770213696081
0.293086972506444
0.259450609216965
0.40886526522829
0.315975438658801
0.45512262450647
0.332511610316604
0.441160194959664
0.338269099278724
0.267386787358503
0.357924417244017
0.474864764279596
0.429591338370747
0.420692278534833
0.370127457895635
0.34612550214789
0.316310871341992
0.176730257826907
0.432646632885105
0.205114987730814
0.204720520171681
0.415950396346207
0.438920085108616
0.419888878691348
0.357094075229448
0.346651712904334
0.354167373520645
0.359055842155502
0.36950457558635
0.359834012830266
0.364851809442505
0.370881213133015
0.3335962140316
0.293302662141143
0.367627331804733
0.456662881320669
0.357957991410075
0.41501597279424
0.321640470991679
0.35605217281656
0.309563476308492
0.246644233822062
0.548870429051234
0.470333060978492
0.331522417267761
0.441490738985444
0.528197961320489
0.427958798022811
0.465246503410421
0.324056358265899
0.356367990951861
0.416741563632088
0.343359261243487
0.300416304633452
0.418365210058621
0.294139900674067
0.44402422886683
0.50373035625559
0.479133810482414
0.481100956304008
0.470730475975506
0.532577051929971
0.445187359090112
0.496545200626877
0.408369284667603
0.620735509025872
0.363015920949669
0.531839652606648
0.421145430630489
0.421956455867928
0.513378596927538
0.401003637598684
0.533921024134159
0.499232318437297
0.338765198996758
0.399921593643517
0.408194607416653
0.387016489430504
0.599452639784727
0.634794090592849
0.69054576454493
0.445041538971257
0.487047846483668
0.579481292007382
0.526737416092402
0.424229801241854
0.49015706379753
0.451894530186109
0.548897037886021
0.477383299820838
0.646955731633894
0.354892429438442
0.605287930144992
0.587909323025467
0.445337341680038
0.630322394271266
0.57372037706534
0.571822807752146
0.663698217837156
0.527862471691549
0.445250236102304
0.472170155633886
0.605416855046534
0.482526569399571
0.470450127742239
0.599800669603177
0.585328741432363
0.518201435782474
0.572091269860111
0.525189842671436
0.719271941782491
0.708611952908495
0.403175794711288
0.452967891116719
0.566912066309093
0.571983029924998
0.501493195012897
0.36806168076941
0.466196144257812
0.543619293293427
0.587097040898153
0.605231233198854
0.439092742471068
0.695488792691653
0.647592959218746
0.580443566839154
0.568799480031259
0.697896819376327
0.437852026196226
0.343835126155614
0.519335736335681
0.52899199732248
0.533351486244556
0.487773753548036
0.424721817052792
0.579213819842964
0.585224152064313
0.846510771857946
0.673482475657358
0.567624272924665
0.623489753807062
0.716566378571234
0.625371523806543
0.670664163168502
0.658626538771548
0.586721273731996
0.585187350271346
0.565718214814946
0.690475851717234
0.506929164878492
0.678192279273106
0.674456041913032
0.667634165314136
0.742552710934145
0.580577599500941
0.70189901510848
0.663500228424135
0.669557069031455
0.590831931146356
0.75189740581133
0.834479394636979
0.819401796356059
0.630989077172519
0.621890895388677
0.659650957666626
0.80344574087328
0.654701014001357
0.722276444960659
0.704223563407289
0.666753762394097
0.558642671961442
0.596673322774455
0.644093633359966
0.566705835854103
0.784927812288885
0.575013525428052
0.624842251423584
0.472964610444081
0.603052096749033
0.649712570377421
0.528416090346847
0.678603129579785
0.644814314969592
0.741745931931981
0.603309666524095
0.727909956668986
0.654940466508806
0.533890329871144
0.620975899069637
0.731084496943162
0.796738171779636
0.805089427105865
0.719774660003666
0.713506710420061
0.782893292982523
0.633567608270033
0.606297736223737
0.746992753628261
0.731799638333982
0.733605491542722
0.744154095650398
0.785262244046632
0.68124628105884
0.815506329858546
0.810130078342468
0.666186799893055
0.657736353556072
0.670265288336767
0.706256611884783
0.853014083303255
0.839856711853266
0.600461483045137
0.68051259410547
0.883294235178737
0.772428592313992
0.840340930713823
0.669166744268138
0.853247118839902
0.774761506892088
0.82148062081883
0.771021730856294
0.769265280513673
0.920291540223953
0.651662190888604
0.839831502411879
0.804418380486071
0.767855777605079
0.745615423910845
0.775855443374053
0.883526551186131
0.769000961825492
0.823421049069448
0.782520713263193
0.769049613133933
0.763706532919281
0.767514287791768
0.84223669529775
0.711024055070542
0.601639646098198
0.961923951024747
0.699411119778114
0.899707920592511
0.871181154842988
0.857456679401713
0.706743796848574
0.845291332235697
0.902381101491474
0.722138406124313
0.81978119184649
0.818009850185531
0.887436068504567
1.00741698690439
0.837157445309868
0.660491040909213
0.76437096771054
0.803441896323724
0.885793016465505
0.781798721667109
0.817954450380261
0.858521246699747
0.828819890547165
0.697947765620905
0.895320501363214
0.848699558690488
0.958474545797545
0.888356831047268
0.759982124221049
0.954746811697515
0.837956636324488
0.82268086186562
0.736758818567774
0.831721645752026
0.78132057851997
0.841748191998643
0.96022918359372
0.860938704565235
1.04762445819372
0.842215790689013
0.858326093482107
0.677566917516397
0.968803376429831
0.952380830599708
0.952878870912336
0.841167448454837
0.946622588308789
0.871682595767131
0.816462986339779
0.827353473585445
1.03037107779021
0.95368572923792
0.846072122203211
0.910036661408525
0.886588677364621
0.911457814652648
0.938435552794632
0.946925518912264
1.03194835420057
1.00582995139889
0.904403077165141
0.825797489237988
0.847084757753302
0.899249656310442
1.02108332320834
0.937549153682937
1.03199871319815
1.03018770695627
1.00089649949958
0.883130374755383
0.822865242637757
0.881653993116344
1.02656463817179
0.844714278142116
0.918211867123903
0.959699501134821
0.90926889282782
0.857382615625877
1.09319205017958
0.902319307661429
0.759800600738152
0.869257938601857
0.873118460750667
1.01663610529166
1.03192981774592
1.05545293848305
0.950492551112988
1.05150755404612
1.07525611856788
0.982179072764897
1.06249587210714
0.959781342848654
1.08820481220151
0.971528162407693
1.01908308065016
1.01755388160046
0.942933751031655
0.952232297327339
1.11622908915102
