-1.01372705497555
-0.908142221256962
-0.971424280079227
-0.934793566834296
-0.995448681552803
-1.0952845954334
-0.977477979787658
-0.82124762870773
-0.908885551057867
-0.942284982607482
-0.999446663119143
-1.02008081632281
-0.99109652136443
-1.05630349658905
-1.07018219849132
-0.966136726585241
-1.00993087247269
-1.16155261065889
-0.981327366346185
-0.999785811944246
-1.00355089410292
-0.942327417305801
-0.853230476803175
-0.950334147220357
-0.838596040895968
-0.939841538424455
-0.869687512387615
-1.05911453995537
-0.957675829064483
-0.755840257793838
-0.887789961068357
-0.863071071218202
-1.1716774522185
-0.866403285874436
-1.07221871192099
-1.0553630054803
-0.846666109731584
-1.09965245244177
-0.942298409361946
-0.805936959981878
-0.96030255700821
-0.888974769263517
-0.69435002250254
-0.742157767831036
-1.01980409899161
-0.850636452059172
-0.973453695284191
-0.999894986408982
-1.0817407559121
-0.78196916429956
-1.11531320461246
-0.962348867194146
-0.953573844895131
-0.718763507609587
-0.935020184703705
-0.784520252317359
-1.03329006363834
-1.02435025007972
-0.749097618735984
-0.939798367815053
-0.787657945584479
-0.978032241769491
-0.83196092179523
-0.864540525153606
-0.852402815157147
-0.805414151045387
-0.813709805016217
-0.946734147191117
-0.831472933600388
-0.817921684386793
-0.902755321353732
-0.825524941850665
-0.941513839091346
-0.691896752796356
-0.740193706911663
-0.725368845056296
-0.834872436480608
-0.729335429448744
-0.831794666071494
-0.808481630887924
-0.843291703465161
-0.755770215461282
-0.896728752416403
-0.74683810430637
-0.781950567107898
-0.675888170263276
-0.762037216618151
-1.00816915980968
-0.861853607162693
-1.00510865595571
-0.841650344777191
-0.821808895304477
-0.920901863402289
-0.789510943952014
-0.818947963678715
-0.674966753782113
-0.780477372538322
-0.898617311135431
-0.735534383211388
-0.82332933987494
-0.788428258006376
-0.843705960662763
-0.853880207027148
-0.824001249464897
-0.820683134122788
-0.844321986163377
-0.79070982495391
-1.0006556268008
-0.749897884277336
-0.77264679715943
-0.783152850175968
-0.830207224273452
-0.726989596780973
-0.844438089880205
-0.753404334159986
-0.666272153697089
-0.813171525089296
-0.625379413866106
-0.770108589126112
-0.665132095654029
-0.759157088081407
-0.81606461194795
-0.719469436603416
-0.864213820418829
-0.657857950547441
-0.640277022678448
-0.80658894302249
-0.759634398440102
-0.83748856133343
-0.672135856157731
-0.55122597128738
-0.753587462649524
-0.668418282809533
-0.864231055721818
-0.506003197833604
-0.74173441533342
-0.764218238174394
-0.78545812125821
-0.666542349252342
-0.649838572553992
-0.554841003538795
-0.589892262198256
-0.674061869452275
-0.659501799338249
-0.807806853007958
-0.799687653719033
-0.765844912669475
-0.724128771211938
-0.665871682679001
-0.855259613631794
-0.683843507975139
-0.744542264923596
-0.696803818574369
-0.781166276044559
-0.673082627916265
-0.616893612188212
-0.760459279408612
-0.616076190640611
-0.668289537703764
-0.723151794966235
-0.658609094439175
-0.666264538013259
-0.759004889486103
-0.708505702623195
-0.577332467206524
-0.610774589766418
-0.840433825377793
-0.5385069187933
-0.726864387909676
-0.649297955829098
-0.697157115347468
-0.679100897762745
-0.592651245045581
-0.626365967287987
-0.581816507716395
-0.651440564038639
-0.647697954753802
-0.492596400366613
-0.797776386736882
-0.650334704415978
-0.684676673450383
-0.571640132906894
-0.65116672667386
-0.552080432664942
-0.604623177253279
-0.587836689986556
-0.658666098741921
-0.5309559260503
-0.648233387273541
-0.611278227854966
-0.500559210178547
-0.696440468402333
-0.658742583807495
-0.618134863346103
-0.584936642804602
-0.738952080452476
-0.568381183492204
-0.617722658777589
-0.637739637865665
-0.703019907951427
-0.478459712626662
-0.565382753052023
-0.695762195581017
-0.603862571946042
-0.6976890184936
-0.640120087324989
-0.758346154218066
-0.652613176315696
-0.566827070546591
-0.518855305290309
-0.634188404736247
-0.540250721184947
-0.570832172534463
-0.525745973709253
-0.560366987525983
-0.546553368147414
-0.577832978196855
-0.610797448720895
-0.601753248090672
-0.662609270281113
-0.535530472678937
-0.56039278423122
-0.578750998552126
-0.604369961373218
-0.466236949196874
-0.48749265322765
-0.657693509940971
-0.531656531298145
-0.58668304030709
-0.502044392868674
-0.336833144969324
-0.523331608531051
-0.405934785055763
-0.617622364738467
-0.43809232570291
-0.679172960837331
-0.505776734321051
-0.502914806066525
-0.558697040198002
-0.598504196703703
-0.47379172911275
-0.560996939819713
-0.622688940604949
-0.60920577453291
-0.433854972485672
-0.46305446125221
-0.427483605152074
-0.549903443535825
-0.412607392418959
-0.469646041493596
-0.507758808880683
-0.494880220286281
-0.402813227401296
-0.56198721125185
-0.611395143529069
-0.544300572723832
-0.447670278913413
-0.43421815638924
-0.451191167029052
-0.366155496514772
-0.430559706314916
-0.598780029843213
-0.368835072558952
-0.582350074478619
-0.602253637875713
-0.479493869839481
-0.396306078933997
-0.263831422884213
-0.343192799243973
-0.297904758864075
-0.399268594215386
-0.425749949426112
-0.518091730246738
-0.527796596142376
-0.363101904052313
-0.472631418293984
-0.546426139274601
-0.446226006879865
-0.442248120208752
-0.453940986490729
-0.477364812395117
-0.372625645516775
-0.538003113660049
-0.274883588121921
-0.370648725494983
-0.366065175950469
-0.46453059347867
-0.450404737161651
-0.489319301953844
-0.319857537286599
-0.410498421791457
-0.468495795067132
-0.487828209981568
-0.406960599789156
-0.498233672595926
-0.295275768668292
-0.416128973775377
-0.453310269434837
-0.606684382668267
-0.410298208176885
-0.420615871355151
-0.390254013058736
-0.27170449809559
-0.320409216535178
-0.384771154302746
-0.37234288585595
-0.314446105063407
-0.290002733889792
-0.352784511433613
-0.338687831521188
-0.516357364891644
-0.441480135379541
-0.154171753557441
-0.517133560835244
-0.33664446335599
-0.369564318499217
-0.404947272333171
-0.423361490699046
-0.437338274448146
-0.359949247363205
-0.352103209960108
-0.322065294057262
-0.249229967298955
-0.329437867131816
-0.338977549349342
-0.311075088076763
-0.100708875550876
-0.277141805588354
-0.343087396966033
-0.17681145581686
-0.513931126900061
-0.402122375653048
-0.299280134885334
-0.268355589132985
-0.271477003671731
-0.232095185905333
-0.415601381728352
-0.319162136139194
-0.349677278544934
-0.344570605847609
-0.30418475895218
-0.212094572237248
-0.288660615954319
-0.443313429394224
-0.220900185607761
-0.20099797226071
-0.224208851239851
-0.217518511632724
-0.324955975148872
-0.294953603880755
-0.20565128194419
-0.364013202709021
-0.222596469161427
-0.34704178679097
-0.303069999940113
-0.265615346125231
-0.238372184064516
-0.313142091507073
-0.242879413886922
-0.329223831603891
-0.382721434014122
-0.341904955861636
-0.337749383948526
-0.208811633970172
-0.185427644718151
-0.177568302740687
-0.335710807559455
-0.290668930180398
-0.221885291426545
-0.154228227384784
-0.31537615862368
-0.230772109607676
-0.466129729086871
-0.186917603740781
-0.318756091279438
-0.304686219174985
-0.183368828321923
-0.30304564168975
-0.212707067016045
-0.260783623722729
-0.367478286585409
-0.270242525794257
-0.234429886881266
-0.353572103959127
-0.261585797388098
-0.274584842780054
-0.375927298316896
-0.197864382139148
-0.0887897378148534
-0.21824745782407
-0.178307493246407
-0.299784583835531
-0.0774848132295259
-0.127677887212945
-0.289451478866902
-0.308915860615858
-0.130968658872766
-0.236049220559875
-0.359764679031938
-0.162152326410581
-0.198658745007197
-0.222370245526026
-0.232052041144616
-0.247891674625485
-0.308756389329524
-0.11479442978836
-0.0766809718077306
-0.319710991444102
-0.118208582840076
-0.15024721198459
-0.133650030314017
-0.228526274928957
-0.164296644966917
-0.243280875915457
-0.252278570166032
-0.0666815055885098
-0.209856498096643
-0.316661852923964
-0.20376939068847
-0.160163962156344
-0.0496126270724296
-0.218223254925851
-0.191552947951215
-0.185268300115407
-0.259697348512241
-0.181538459828688
-0.206703708489907
-0.182038421860633
-0.129563911673327
-0.0608510004783862
-0.149176303085073
-0.128200020261274
-0.241143574437085
-0.1217021731581
-0.0450065012198935
-0.130430664714298
-0.121604369959787
-0.354586266553997
-0.107486969916466
-0.199435430231275
-0.0393256683376571
-0.168044544421385
0.0117486482187232
-0.100215045105086
-0.0584357958212325
-0.14913382725287
-0.105421891884068
-0.153084852247572
-0.0810749827441023
-0.0543327975284069
-0.268531869756281
-0.13708363632187
0.0592387540460472
-0.0665255896165343
-0.0344698710286402
-0.108515058257617
-0.0777762896625575
-0.049870724403384
0.0328367477483232
-0.00101157067255489
-0.0677317253447141
-0.113248458222782
-0.0413261644040222
-0.00233380166562189
-0.0930655870005437
-0.0933734075126984
0.0817924113913532
-0.171232568988936
-0.0171060897697814
-0.00869543371859433
-0.0913462913373466
-0.137088180171209
0.0207090365875533
0.0614270714773836
-0.0487163427652988
-0.144218569141079
-0.278836499176789
-0.075729653390996
0.0706120456344057
0.0146640473865363
-0.00316510039468285
0.0441443092369377
-0.125530151548781
-0.0774317791778569
0.0691984562676404
-0.160768335363185
-0.0989111873821399
0.0777655759170705
-0.24702736278669
0.0338829684267135
0.0116866886639057
0.130885799537106
-0.0911058894821782
-0.0616539029967943
-0.0917413516375242
0.0896842322168797
-0.000437507376646476
0.0274490468173475
-0.170087223529787
-0.112857865163169
-0.0524610917671101
-0.0813005041171541
0.0268509967306171
0.014260553401389
0.0635846397336706
0.0575594317460944
0.0107873339481397
0.0985096706183029
-0.172683081202254
-0.0015855906400363
-0.125287062691923
0.072526092918521
-0.0525419088016231
0.0757515118683593
0.0691695903931116
-0.0329562697788678
-0.0766205356536782
0.0730823390686647
0.0442531452012923
-0.0386197827643817
0.0328419311305768
0.150973635401103
-0.0618245865840257
0.0745052889823971
0.00727596190068725
0.0526945576750387
-0.0715189292751146
-0.0906065775427212
0.0838478918412053
0.102052684216757
-0.0161730105748788
-0.0744618815024815
0.146328911395201
-0.0231307393496737
0.0918730160598245
0.0243330031859158
0.263008931108737
0.0842194092060326
0.0388216030449451
0.045719436473798
0.18800717707551
0.0421958674375893
0.0568120977302232
-0.0210735448032102
0.0273153447336718
0.045420852388451
0.109928352164839
0.0801041211265667
0.0949148874546419
0.189955505083182
0.0819452262007541
0.00465785488675717
-0.0870608830505147
0.0435311392415442
0.125556930539524
0.0943847477184054
-0.03708328050759
0.175831196143522
0.177615778241356
0.066359893838704
0.119058867797194
0.0764955476231487
0.196014090862957
0.27419123508256
-0.0320874989551534
0.225971460149929
0.177599647782785
-0.0836170433805688
0.152526920285266
0.152287430803752
0.0894148041808291
0.177266230092185
0.212783339480173
0.0751014710174637
0.0259147784754811
0.06931035991434
0.337999628208575
0.240848655445167
0.15959000002969
0.18506412627313
-0.0233557627803624
0.255777831263055
0.226993028191839
0.0717858169011957
0.0930650393280278
0.0701495396263437
0.173707028822365
0.208913431196551
0.209778436265851
0.051056808563992
0.121080280907739
0.284869863721391
0.114495897059372
0.23303105473198
0.0733570917889802
0.203695537938831
0.275680628105278
0.248300576346726
0.144758535185497
0.259979002130532
0.111870241064065
0.310845025736289
0.149882894311707
0.3166769515801
0.203693623597414
0.0170384947367222
0.188000953115897
0.281153173312865
0.286386533829067
0.347292351997416
0.186043545505534
0.186487967301695
0.351769814206589
0.319109617459939
0.295082806746988
0.164980940393464
0.110315326752192
0.269555114022516
0.263535296474678
0.0142623988955507
0.248533883451068
0.261218088948917
0.18800024261165
0.271557625784467
0.196516931692179
0.293484801711749
0.141139066736465
0.284377712205444
0.186839138838433
0.378663883687843
0.429784215744108
0.264952304888075
0.122620295202133
0.275099807897947
0.25633147372378
0.347767219090055
0.134565105654184
0.408276564050846
0.289669217436967
0.237534090585271
0.161744149052305
0.300550491985858
0.272092673794669
0.279448908193709
0.158870684136424
0.251765951523622
0.270083499411702
0.372414113785632
0.237028479873644
0.325601007332445
0.406123325823387
0.267375067135776
0.416681723865818
0.434349269827952
0.334103921781769
0.355463453779265
0.308335276505066
0.333214838153139
0.42232774296949
0.260329030212591
0.307645271827604
0.300270069576869
0.346162006579191
0.393137131226151
0.531676325973325
0.432938906646546
0.314671242210217
0.331932184553658
0.284011329353202
0.48894602243149
0.30551041666521
0.380738581570298
0.322677373758428
0.453111106122151
0.232025767609986
0.393029163969785
0.223890472431128
0.254722120170062
0.251954994525406
0.276587919196247
0.446091085847512
0.224861117156256
0.358043261126805
0.313909968516884
0.350067693694684
0.461609821657725
0.449716968761483
0.351880744071951
0.401563818141133
0.428853732894805
0.284915423161825
0.368608181603146
0.341640560161061
0.336873752224349
0.425680169158676
0.403411099762878
0.358833368579977
0.500214704427251
0.4871836151901
0.25169625487325
0.431118179627716
0.534221333942897
0.47149434108916
0.421711956733949
0.332738987066132
0.399600623406583
0.373671373649124
0.392920956039905
0.247020865471096
0.433084361165137
0.543500996636299
0.354459530885593
0.462883180605854
0.571096176969719
0.496784096756955
0.460411597348998
0.367376958263424
0.543698017904879
0.344093814046189
0.405359357129451
0.479479108705663
0.331993417211135
0.491066121931766
0.355581817111113
0.436754530996365
0.35043976152832
0.545222591708775
0.527412170310137
0.362169223243059
0.442247094737563
0.488618865835717
0.470827268424708
0.487556238052476
0.543030169431621
0.360559537118681
0.466178132501067
0.471141778871661
0.580671606221195
0.294949456154833
0.504980828929593
0.406920634883191
0.606162733631177
0.622591277945736
0.424547798687098
0.702809064379423
0.4997649701737
0.53573700118047
0.567574465945398
0.40145116526711
0.463701462617794
0.441046373167058
0.477618505250735
0.491432915252977
0.481717962286689
0.525617191931186
0.426020595599847
0.501500021192673
0.558067010738756
0.396703930660832
0.530809798937368
0.563412314758294
0.521679071776654
0.550130228699626
0.489843558887817
0.506295315501944
0.492837277420309
0.61073923093147
0.534366012385247
0.633274996712694
0.463232511923245
0.410714862264638
0.544375587665721
0.531027500841331
0.521511793442223
0.520438574526762
0.527835498880649
0.518612097174825
0.525098003696105
0.581918678931682
0.555594830024146
0.567023297075642
0.47379424628709
0.565685974951919
0.446266242087371
0.579286108448126
0.500829249703634
0.561865398872544
0.702739114993453
0.514513713397077
0.631556713768664
0.554999923491042
0.52490733293298
0.578742463714191
0.679926539228733
0.494923213595482
0.497003643000191
0.593809031837273
0.624677668159224
0.491181702914409
0.607839810613442
0.52695536558423
0.651861500171206
0.566377117575147
0.600836517013375
0.567748704602695
0.709052179586384
0.589590981949052
0.544630059755008
0.452249994397693
0.710919480668618
0.662189285759499
0.558509616504442
0.674673030087045
0.781130549353267
0.658625180782439
0.625442681349485
0.646564664002237
0.660697320841384
0.510052095703089
0.595199954760669
0.6135289718331
0.726780972651138
0.567613932014597
0.682631939821265
0.631114369634061
0.519255062906328
0.746978932949966
0.693276621436324
0.749988794031222
0.702322461031324
0.560119385928901
0.588140666598072
0.653840954077014
0.79890310291365
0.583186072779886
0.646529141227257
0.694969073952175
0.865731378197182
0.659427049786912
0.702569264591752
0.706104766397199
0.756933346540249
0.617618388129075
0.787879883351161
0.661415598779956
0.833163209228333
0.686400773527323
0.8323287585173
0.688451803983881
0.620754491296166
0.737188551136508
0.665442446699256
0.818129864510185
0.669724315227511
0.74167807955981
0.978250961202513
0.8322231423778
0.588408175846927
0.691230706717138
0.788397233333496
0.646260520308527
0.615956506346132
0.640304122355906
0.897383008934947
0.748858709593807
0.702811826257569
0.635147873612063
0.827298242500662
0.742821855962515
0.698072978008591
0.70090125270399
0.776498188071355
0.726234215732736
0.723537387037219
0.800412367530252
0.629982841842627
0.807456674236525
0.756379643703065
0.971908020470362
0.720146396105108
0.612935762318245
0.794545942411462
0.744215217220751
0.686401396267298
0.839952226373809
0.877929206484581
0.775109498784096
0.583242825595467
0.858551843886829
0.724985331593104
0.779963925079116
0.723140219494219
0.900739845562202
0.712172077259338
0.816354030792281
0.811311338406811
0.734242368634881
0.823631557445856
0.664362165222368
0.891780245596699
0.874292833314117
0.732671823607601
0.728969046546122
0.779208616924036
0.749355181183352
0.664605848406568
0.806071521696336
0.86839319791269
0.821294193252901
0.826617136285488
0.864543160818617
0.841357938461414
0.845550408124403
0.85071360785843
0.819472327848824
0.68513630361953
0.814645533215591
0.896394351302481
0.889150719067523
0.821654433288065
0.871999626217225
0.967632871724736
0.794254701359089
0.825089938036269
0.890747104762912
0.995724329706399
0.791281397361382
0.840002743509443
0.793678717284998
0.836085951786055
0.862403023436367
0.740195293863732
0.831804908306193
0.846624448214739
0.801665794723345
0.704499285369748
0.751304775953397
0.818884570651044
0.820118436601476
0.78896289555628
1.01214228554055
1.03071361248297
0.930322519158093
0.847115084029368
0.775548912228949
1.02853660284045
0.790736543747006
0.989422836666064
0.94129181431894
0.756644480763976
0.95993650182659
0.866148145503682
0.820069872068714
1.11044502301782
0.721394907218582
0.896125616199078
0.880553507297542
0.914713129095769
0.919389202259441
0.884388551768221
0.986858289763353
0.983940228628438
0.918637653424176
0.779725113159503
0.946949889789499
0.838343707498363
0.766801490180709
0.974558541841935
0.885797440054751
1.07824911865578
1.03953729817909
1.06670448691492
0.970176525985952
0.824604477092892
0.904199942176135
0.927243343661904
1.06376204151011
0.774697317981857
0.8971894380448
0.940282779528711
0.91429106946256
0.836412158522785
0.90713939627471
1.06892096955559
0.983119104146612
0.927227433571772
1.02717014588864
1.00173443670843
0.854669384118612
0.936616769213717
1.03301315821745
0.890347023801725
0.962070933156793
0.919996124561579
1.05000482457612
1.06837556065881
1.03251370963147
0.972563934048852
0.954850896713018
1.20882620780642
