-0.954927346712988
-1.02885678116255
-1.14667624382431
-1.09545282462925
-1.06219496346472
-1.01079426113719
-0.935587466305827
-0.881984438053507
-1.05739889279407
-0.993202303632299
-0.935567237179507
-1.10140727123368
-0.929141343327422
-0.841918555877501
-0.798139354995806
-1.03753254441376
-1.07798614967345
-0.900292694203683
-1.01741104560849
-0.819319562304784
-0.81639777204096
-0.907053162437285
-0.953020141480652
-0.978979923585471
-0.837888394496535
-1.10652642369152
-0.966239829101653
-1.11925664461631
-0.945097988077084
-1.04613384328267
-0.926639282723783
-0.890889330879657
-0.960517624689788
-1.01810568071471
-0.87896239244307
-1.00545369686089
-0.88900783508631
-1.05297124421918
-0.868072918924547
-0.921619751005683
-0.961120979695996
-1.05732095984279
-0.950946954121383
-0.975971545266019
-0.891271677685602
-0.932705635064539
-0.90149970180422
-0.663862466451087
-0.884810423813924
-0.954981171502104
-1.01208307809903
-0.896207123972349
-0.845473567813367
-0.807700093284555
-0.908140710193946
-0.917188930176094
-0.830478159317802
-0.893269542133029
-0.877606005272676
-0.796044903282537
-0.85869545033024
-1.03638029993143
-0.885194405357776
-0.828149743541499
-0.891634490642231
-0.870646667293882
-0.823796973128433
-0.875063802565901
-0.833511938869322
-0.96050595999935
-0.71572407642175
-0.731227176211512
-1.00797913050794
-0.908144600458146
-0.76786738119593
-0.856479867062025
-0.961703299190866
-0.756217364842895
-0.904782195732075
-0.776008362818069
-0.831615110961983
-0.748582513908461
-0.986034985400795
-0.757912852301711
-1.02201853854921
-0.826500181953821
-0.992408538046144
-0.841996092804637
-0.741521791635022
-0.744505489315992
-0.778079878259453
-0.821512181190127
-0.820321094517848
-0.81676216327837
-0.803634243860136
-0.776795580463066
-0.767904840617478
-0.686420604312034
-0.905783952841614
-0.726001333947569
-0.740666867342819
-0.819811266209876
-0.613054305846795
-0.686972138968204
-0.7431108105549
-0.783881531477191
-0.729511861879887
-0.70016740604424
-0.84221633683161
-0.735991856351134
-0.599711344852274
-0.831664909102873
-0.842440016679145
-0.776988025497213
-0.86444604212785
-0.835619523917453
-0.749137020535929
-0.764258919045879
-0.599969892156909
-0.762366699007292
-0.662402173927879
-0.891088810696075
-0.84310155685924
-0.847500125814597
-0.848761949160101
-0.699584218049303
-0.868269948988099
-0.747070633812457
-0.788499957530074
-0.681133377929389
-0.674371054586868
-0.722906610738661
-0.673118900761137
-0.83822256367886
-0.739137607146134
-0.756622465801831
-0.674260432022228
-0.785253488010673
-0.675318769942448
-0.656441415014873
-0.637697593737413
-0.574215684185296
-0.889387697364263
-0.562828547004363
-0.670649099185369
-0.742483454188912
-0.784985792279874
-0.699878296018419
-0.660645881111435
-0.640602797909519
-0.564130019554643
-0.585401201098818
-0.6519747758621
-0.793450679092151
-0.730662857074435
-0.637008659268094
-0.693685387766662
-0.614825074373285
-0.695458881974239
-0.659606612924694
-0.773128370676475
-0.632704330778866
-0.68753800662301
-0.564651488668921
-0.570092927992956
-0.741832221896995
-0.722523624399909
-0.622463274210155
-0.767031459855055
-0.739082892432698
-0.594366413270624
-0.63735081192624
-0.545090720328028
-0.683652645970106
-0.720978647629238
-0.638282494603111
-0.714840996428816
-0.648642390324857
-0.802811055065561
-0.637889477121239
-0.742864194730383
-0.611224321078114
-0.642039328158301
-0.6766041121071
-0.677195329966003
-0.602257302264353
-0.629843259195693
-0.579693004371938
-0.617063041193168
-0.733197764410049
-0.642382961742273
-0.732373812881338
-0.502098650474635
-0.625355987845133
-0.656282015120266
-0.602102788280178
-0.6751630717282
-0.575219087742553
-0.617329563136603
-0.688984136872647
-0.693856906487032
-0.524163686063165
-0.568103348250887
-0.529161258945501
-0.673257342118602
-0.651682198127472
-0.387839551129328
-0.600649895060044
-0.471176194567701
-0.321731597671425
-0.527463479187762
-0.526710929953478
-0.633595776464472
-0.510509586087263
-0.623775165319528
-0.547650359942598
-0.330252443549488
-0.503369387149809
-0.725448257409075
-0.72519577168295
-0.62119036563242
-0.602751452686133
-0.399287118324137
-0.790980664133532
-0.699513565274971
-0.614104005350155
-0.445976200281662
-0.528718914756494
-0.363940592557597
-0.564208588780724
-0.651319306842577
-0.664835947715861
-0.588345388247813
-0.58658356203507
-0.550682098194239
-0.45611658148967
-0.713846568222155
-0.457980810885055
-0.544657248829294
-0.457693569654513
-0.521296036815296
-0.584828014213458
-0.497619627156754
-0.592670477327326
-0.578912549497105
-0.358142917699349
-0.549241368113089
-0.429284548381911
-0.430188180131942
-0.666754539067054
-0.389838573746168
-0.483886810944385
-0.430308369660754
-0.391849548927593
-0.642473874600023
-0.476356798048829
-0.484123667625391
-0.489710937751217
-0.456525522833955
-0.377906649199207
-0.587512976829124
-0.522267523704741
-0.258556612229346
-0.547131017045877
-0.627557875151399
-0.571313336500283
-0.413067610137282
-0.55530107454403
-0.546023406974937
-0.472505746575673
-0.461032720907438
-0.366383633164105
-0.413588004861583
-0.402686806711108
-0.41884194846315
-0.672592357318832
-0.451721576060014
-0.480527192858203
-0.436701643381314
-0.463815054960166
-0.432861945135255
-0.444793219934619
-0.494805345643627
-0.417262190888296
-0.4734554875373
-0.484313971586946
-0.368898172391318
-0.441095324806357
-0.31841762872625
-0.6315992675076
-0.466444642410055
-0.394429873168753
-0.584132049021236
-0.452627370018094
-0.377204004500036
-0.442847909869937
-0.429217520631448
-0.450771199855996
-0.340630464688115
-0.546287492260315
-0.45553512873013
-0.449764138327875
-0.333319350904484
-0.416589891364558
-0.239763163672903
-0.381847943390205
-0.543231750873844
-0.1900175986824
-0.328170360131522
-0.313912619049857
-0.334842175770036
-0.33896931678024
-0.403188251196843
-0.231869516964863
-0.408213716723794
-0.356881740698278
-0.34430268549104
-0.167799726257289
-0.457123127977795
-0.392752424738651
-0.307429725153823
-0.365564325170967
-0.329456857926728
-0.426947215054547
-0.419465801574938
-0.415440684296856
-0.179482348896232
-0.280707421943628
-0.377093883383772
-0.472258241909082
-0.183227495903729
-0.218020852408456
-0.283737122957836
-0.31751616454454
-0.304747114814967
-0.36102381090587
-0.291884317430899
-0.263710016396373
-0.301859841426151
-0.2460372897051
-0.287374547248796
-0.259642211012724
-0.353258967059195
-0.220576085127886
-0.354965964087564
-0.360442873130934
-0.302724629324906
-0.375348649731198
-0.286456100829676
-0.408488442634785
-0.20622776289474
-0.296078826831735
-0.307387216154359
-0.167195267673826
-0.415640184407296
-0.300988050972361
-0.271925510309693
-0.336021669526063
-0.225598409420469
-0.274334770859522
-0.267986622687718
-0.375243293432538
-0.267290259365554
-0.129198189577758
-0.187235157519831
-0.280385234157341
-0.320154773743523
-0.217606849341054
-0.215110277551569
-0.290834635274283
-0.239971207462213
-0.280815460658743
-0.143320554344976
-0.12635744993448
-0.271893501240402
-0.269090384191924
-0.167887378271614
-0.341568346711764
-0.175904956852061
-0.23264990788664
-0.245916492308303
-0.306357984029087
-0.150592041822808
-0.196590144185005
-0.197659335378154
-0.274500184503204
-0.302711323493296
-0.245322396265968
-0.273038273797398
-0.165752200733804
-0.291209188168287
-0.14393557562477
-0.223574549724801
-0.276549849662236
-0.278035416578435
-0.236598552143949
-0.0423216738149662
-0.332834037702261
-0.262653898335325
-0.0205486596388602
-0.152209343744957
-0.314697913576786
-0.0602510820477173
-0.153958893080988
-0.268908669468729
-0.282935143941616
0.0189589066318467
-0.332454871642047
-0.241264799805887
-0.105584076565521
-0.205309149231236
-0.100036461953683
-0.174155966403725
-0.174985256850864
-0.127936699891435
-0.11687838955544
0.123445013503844
-0.052597688804752
-0.0736639092383556
-0.173857785364012
-0.129535301286291
-0.14933059960466
-0.142357916792057
-0.128428132564157
-0.12190892073472
-0.196068089771013
0.00618872936504428
-0.0447110949301986
-0.0498608420302898
-0.216627048997197
-0.236760200697025
-0.165471735439809
-0.104201350910535
-0.0756023444212539
-0.117194336938942
-0.119451674211459
0.0322984691061499
-0.069518821162119
-0.125609442968618
-0.139907124750986
-0.105158724620065
-0.202828952991114
-0.250194773723977
-0.213020838968849
-0.169426207667422
-0.211604969944676
-0.147772733414877
-0.287751376416687
-0.185094521899992
-0.124505232212682
0.0648799967727962
-0.0620667180538983
-0.0379247033097936
-0.124904171408895
-0.0393300484576463
-0.122113592512809
0.00488859538173936
-0.125082513438892
-0.130589855502769
-0.164366875051915
-0.0809001332118122
-0.0188526510992794
-0.0857067904721806
-0.07690047861986
-0.173639701721921
-0.193356543035051
-0.133776281888572
0.00816478220348168
-0.0457443161736505
0.00638154535991088
-0.0780793803392602
-0.126335805742587
-0.0127469247851456
0.0124279340088562
-0.307629723151017
-0.133313308160702
-0.234403946328711
0.0165461780374042
-0.0578926118213335
-0.0305126209180214
-0.0118696849978375
-0.0975045398148355
0.0543037883628328
0.0154006213672415
-0.0521639301556506
-0.000670259829586061
-0.186401173351879
-0.0295116283336448
-0.0799098934931207
-0.199942822415676
0.00117746944964208
0.12216519907417
-0.0286787459584315
-0.142981869365666
0.0812297014739006
-0.139972199476868
-0.17696437354525
0.0202127975265253
-0.00370104257324023
0.0321831469453426
-0.024606755593591
-0.0266722190328465
0.0172598790585039
-0.0309429752114679
-0.0614505028738563
0.238473893550759
-0.149747601737257
-0.0481389826894607
-0.0406155353205063
0.0338537298019936
0.051027432447182
-0.0567252035628139
0.0318315926650828
-0.124807586589368
-0.020556484401762
-0.015291294978931
0.0721377776076088
-0.0161769733020933
-0.020455074773477
0.186014060708403
-0.09076139495956
-0.0336179748187718
0.0344216084234423
-0.0882216160230635
0.0239342867071191
-0.0428725635767472
0.187745090035359
0.0898509259417981
0.0738131863239415
0.19126784992141
0.043512799471592
0.0269431932042719
0.144482881157557
0.14310385085064
0.0891226804008543
0.18803007913956
0.0945248133849778
0.0596904147943354
0.16116071105545
0.117790004248226
-0.0569583356505579
0.12519051717972
0.0938797323982543
0.045214045040196
0.0217331488167415
0.0959693143655133
0.0881828465214035
0.116405822984404
-0.0140298086595649
0.0721763423117154
-0.0137171368327128
0.185383012823907
0.108296945388404
0.121272807594875
0.174706728062035
0.0506096785531989
0.113704322554048
0.133913728356321
0.121279200374597
0.216041173170024
-0.0116331295350652
0.0309008641742362
0.0652266103305962
0.0722903102745021
0.375871958627405
0.254766400682524
0.242552881008045
0.0292538468737526
0.177039783217813
0.0117560271382668
0.138434921158544
0.252137351276976
0.00161977245093835
-0.0211195903054318
0.108428268361994
0.218811812319088
0.165448335427123
0.143186162605277
0.204226404665704
0.243870840820083
0.181426003735634
0.218294212761276
0.0667537533443799
0.182675416115922
0.0925727219032553
0.00298669770486735
0.11803476365732
0.0748235274425774
0.202222931841887
0.270245490788945
0.203893455637531
0.176751789668912
0.26350546135107
0.184039989570623
0.153528783266947
0.214845187908454
0.240244433857159
0.217448598831994
0.145833838868499
0.113140427424006
0.207327007690902
0.229864964569044
0.227291801279698
0.36552897196319
0.241208474453573
0.0117856676124833
0.210821316306428
0.214040407725847
0.375149721724318
0.145827810481841
0.239933282433895
0.260939460474204
0.147560803827491
0.404474250702899
0.296758894891757
0.224777904821522
0.257372095653718
0.138034778722763
0.310232468575809
0.435129511733737
0.34551568740483
0.175234683483717
0.280893194261369
0.232163376123168
0.31724023311615
0.27830818068744
0.383496744530274
0.162534454771506
0.311336447737434
0.340657112198927
0.180625408431145
0.19770848366395
0.25423813712672
0.344528130045484
0.247655215649343
0.408113506208945
0.296236305703266
0.442268504058252
0.264653793302535
0.271780951269964
0.280668307381347
0.277889738304041
0.217101909912249
0.223857118733535
0.204203676801047
0.378204618639726
0.403354525534735
0.357924294480212
0.236539642372861
0.448113610352147
0.516885583481982
0.416982803308207
0.35346878495346
0.359194752479496
0.0918855929353028
0.353191729731909
0.379030123888343
0.172257677900556
0.444107029021376
0.338814112386354
0.356493862283204
0.385517758692782
0.313522094934975
0.421370225444667
0.301757841963345
0.337651862893499
0.310648174559121
0.29225679560829
0.386855458695545
0.313715224893636
0.369241931719195
0.347544459340578
0.261893914854487
0.443570553140038
0.326536552600935
0.276736686639348
0.323928205822893
0.367711888487713
0.391469831387724
0.470365209899687
0.319322809419973
0.375496077347155
0.387796242864889
0.523555759802454
0.426563526762519
0.389882693362059
0.369323220852392
0.449843404114062
0.357372396972238
0.38944251820277
0.497167329402573
0.279492329151213
0.470470856832982
0.379486833948551
0.400986087630649
0.358064733655303
0.352142013921551
0.448748939753972
0.424207943931576
0.496295740331662
0.355450737000488
0.27486795814987
0.360035736357747
0.603687091137061
0.351192339888081
0.57068403273951
0.355952034864249
0.294119271127111
0.323429597421101
0.427966705160071
0.438761476298303
0.378966688180314
0.345092624469466
0.452638868856128
0.456322665161037
0.640494838021791
0.466947888950743
0.495938070725405
0.472904606990356
0.373943646115778
0.500397170200585
0.433417538120224
0.370606356252676
0.535017844490603
0.603220237734452
0.264252298625456
0.532815731082964
0.453721021314849
0.609696446819428
0.320729793457463
0.42627217636481
0.530813228022641
0.434525564271845
0.4843785364798
0.531153782037516
0.369738997461068
0.549631384396713
0.556918297639278
0.52957069133456
0.263721286826036
0.455654322825148
0.412366418758695
0.313973918636392
0.57242729121831
0.411437600203974
0.472639556696866
0.537608112261202
0.408410297096923
0.359073815859543
0.594374040470275
0.47572085955511
0.406364003598045
0.534547563806074
0.467624334254215
0.500300256736348
0.345191072993828
0.478041296413977
0.582001949594785
0.494399285119335
0.543204968021494
0.519021895582409
0.455282896058834
0.465413160522079
0.556590734283577
0.42014296631097
0.536383245109336
0.555533673205904
0.560912480800457
0.498271276260769
0.492029990183
0.489245589068081
0.408822915574236
0.531757965343548
0.541096143007932
0.647203781655822
0.654567851476938
0.580147878096613
0.351753691956815
0.56194193695772
0.515882119367756
0.604176341894193
0.504188130252435
0.493074202132603
0.60723828989511
0.567445090649821
0.444264352158882
0.599947075968062
0.524167042712636
0.639580814187345
0.547850036726625
0.460082496073738
0.739710578762041
0.625658068224849
0.632847666557768
0.582832119416358
0.646982784943192
0.51316910541054
0.603677879096875
0.452034150967914
0.663954245632972
0.556040846114718
0.552772125364115
0.661968139946069
0.75850538271088
0.62646508155887
0.732846829301787
0.561128693005333
0.556153381905826
0.660387131502872
0.639984616179052
0.777373064750787
0.733753248154827
0.582005773882857
0.649247263220597
0.695713755009713
0.515193904010565
0.653687853999421
0.556114521935993
0.599558527906458
0.541274632266339
0.530451275599076
0.629582243236866
0.499243486638294
0.63566229440429
0.778383377082985
0.574193959491194
0.737887708086118
0.75542183005146
0.67712978120635
0.670605572002378
0.626870876029879
0.594775851906804
0.662728438347958
0.815121933094463
0.637160830016965
0.55556147942276
0.699427185354586
0.606852869738794
0.511320083146417
0.64174117585534
0.610303225200699
0.754369319648206
0.702602018662437
0.610358689997316
0.566783982998504
0.611505506397345
0.727395383875493
0.672243901198985
0.753909188684964
0.682646826693942
0.715826283610372
0.8698852751817
0.837310627993047
0.558750640772054
0.795780808433401
0.728781264189255
0.79650875467116
0.650228828752087
0.706344384540288
0.764324493491065
0.725239859743821
0.763767952611174
0.714305286005695
0.669612022786781
0.730467471843042
0.772948148478832
0.702129574863072
0.693330244021232
0.723966789945723
0.649176289290442
0.720403511534177
0.751202539169213
0.681450317331297
0.685341032981379
0.65397747478278
0.844203250166331
0.69054852307307
0.646707395188302
0.738088542564922
0.622573838910873
0.677814992323495
0.76804695237686
0.730822621127531
0.774847636205773
0.635237138602383
0.662288540041774
0.626913398458398
0.781746665693608
0.746215730688681
0.876901532188273
0.777590880025838
0.75811844177285
0.877419880280615
0.687566333342541
0.735980448707809
0.784599915719046
0.807142848882505
0.77793905547177
0.881972056783221
0.763957976628707
0.801531944553839
0.756569550156669
0.81462841727436
0.997594033279961
0.910557179884944
0.823883684485768
0.847876745994301
0.922164667993511
0.778021556175947
0.807289222887515
0.816846656134296
0.81869761959283
0.927258387759511
0.786268371587267
0.784553929896981
0.833630175508175
0.997836323494359
0.631403010786677
0.835606369620191
0.793954251914894
0.890367385018287
0.821027935701568
0.840925938471276
0.790677542167988
0.927889577327028
0.620905059314639
0.94323883742837
0.860496731209011
0.644596680115803
0.90003574723948
0.913584991756068
0.948102039810114
0.870988989065573
0.957720620319088
0.773862784080275
0.797432875695619
0.882965183961751
0.986419128498343
0.894867229464804
0.843297482177141
0.994425807265053
0.841503479236413
0.766142128131424
0.971197114113092
0.954359170435619
0.808592156748405
0.833857941436528
0.884929699267515
0.978940783893156
0.950002102623209
0.989776300305845
1.00227373410592
1.00916472060411
0.943310816101678
0.840895554683569
0.893323010217085
0.961536932577838
1.0441374546145
0.939935167119285
0.934599156759087
0.981199666142016
0.944915985355778
1.01223542717129
1.09988747291755
0.930935961580866
0.896593001280668
0.82177485498827
1.00143012404683
0.950697068132231
0.940719702776121
0.898677889049401
1.07010717585793
0.986346670244534
0.975715071599538
0.918826180136796
0.947739307834454
0.864887582450058
0.93080434316888
1.03747617517866
1.04371321551047
0.838058460132824
1.0585831278887
0.990715881036647
0.811088478805198
0.916760890175102
0.93944391315422
1.11252814110846
0.970036880467444
1.0971054007985
1.02360480911734
0.894856324652418
0.799345049662243
1.00714089934369
1.12104856546349
1.12022593858382
1.07967593713932
0.943333794553251
1.09574176698453
1.02138985046484
0.985550945003109
