-1.02550240841854
-0.90638164338904
-0.966366925078505
-0.925311605747862
-1.00207587928322
-1.09784542798129
-0.966536843420537
-0.829836660478184
-0.917153077259868
-0.952257200200145
-0.978485887239406
-1.03701559929709
-0.983070231567774
-1.06916705499127
-1.05203273556708
-0.98907102309168
-1.01084600012862
-1.18206174889016
-1.00379458664934
-0.994108041965045
-0.985183810116233
-0.939087168848468
-0.841756097791861
-0.959328160709086
-0.851246083162286
-0.940812248919351
-0.904983975143906
-1.04893760811315
-0.952303776504727
-0.781162664218563
-0.879012578887172
-0.875731067288001
-1.16122276362537
-0.883758975729559
-1.08068946335418
-1.03997180749501
-0.82977072099189
-1.0918553928099
-0.927541356463099
-0.823659918873374
-0.95574479714122
-0.920217101200879
-0.702980472608844
-0.73763937697162
-1.06721040481592
-0.851514395896744
-0.982209310001414
-0.995164583832298
-1.06890046503932
-0.78696156333486
-1.12337942142987
-0.975836381762028
-0.94558188285283
-0.717676905420501
-0.932246438342468
-0.790000734305302
-1.03093840862462
-1.01331423564066
-0.749053427492508
-0.928851813947842
-0.779510178582581
-0.971504505917984
-0.855461298100462
-0.834227458106737
-0.84355014081503
-0.835429396665871
-0.822123288627572
-0.937850289691749
-0.815259565233027
-0.804386862008612
-0.924123361348623
-0.817805161390072
-0.949176431252089
-0.695204698161528
-0.761673075299517
-0.739092064528623
-0.859586211927435
-0.744863860757017
-0.844951988468311
-0.813319968516739
-0.850524718467451
-0.769795541411588
-0.908981003613099
-0.748610495494811
-0.773272034077963
-0.664389034223261
-0.734516066944342
-1.00149820364386
-0.86443096011679
-1.02106178751348
-0.827679967140293
-0.798170807927548
-0.923145785075364
-0.79434545899466
-0.80952213032953
-0.669953831013467
-0.792465247181695
-0.89129192751658
-0.717838065757161
-0.814514615018819
-0.781994196710664
-0.857091325318494
-0.857916962846766
-0.819413099627283
-0.807344491630498
-0.835967029383236
-0.79071921664886
-0.981516988813402
-0.73749430846865
-0.769725156510679
-0.788176688480405
-0.801242156907852
-0.715437501473372
-0.819682289920109
-0.76878181444455
-0.663869634104638
-0.789346812741512
-0.62647305319204
-0.765242098656231
-0.668240770460553
-0.77073400524205
-0.841326879772167
-0.707123421541769
-0.861357814816898
-0.677202192856987
-0.660821605510375
-0.809785144983122
-0.766404582066536
-0.858082647015099
-0.66746566990478
-0.563131420415154
-0.752129960163748
-0.661237638595953
-0.878834281220577
-0.484347855812019
-0.743695508926619
-0.744411088839929
-0.795690127472403
-0.644560017213561
-0.64328183689804
-0.571616472133335
-0.582684465092861
-0.654016676978452
-0.659942661719047
-0.812278167665038
-0.816757945151096
-0.762342804569294
-0.713689236007353
-0.644610179265961
-0.838406198462536
-0.686939135538039
-0.743763048657794
-0.695996796669265
-0.791319703029915
-0.654633366193493
-0.619236397676379
-0.779928572093219
-0.610191083414149
-0.656529766524321
-0.709274497683653
-0.629937877346578
-0.669818751965943
-0.745628183953468
-0.71341137955108
-0.591660662542511
-0.602311311575396
-0.858320890199945
-0.5184106518755
-0.72516602798283
-0.621724083260169
-0.673879071694103
-0.664624573807623
-0.604415335715112
-0.640963390810739
-0.59037906266437
-0.660489975828779
-0.631402083637869
-0.504891699601439
-0.787799496668117
-0.63035871918744
-0.69247526337461
-0.565289504907086
-0.64662431020127
-0.523581740558287
-0.599210090808212
-0.579439032225769
-0.646058571274462
-0.522401657271806
-0.66493387353857
-0.584029596749025
-0.514984905852645
-0.698952215429135
-0.664041894815087
-0.638963965655916
-0.596688285263295
-0.739448790699449
-0.577623903161819
-0.636299020696999
-0.648320066984959
-0.695793419875138
-0.476207919625407
-0.544976143791904
-0.704173519019915
-0.596975330286299
-0.695151115289047
-0.626527646854418
-0.736787099496604
-0.665561487620388
-0.575269505537674
-0.514615105947231
-0.64144586200042
-0.545959631387482
-0.569792282774252
-0.513392961496315
-0.571806235432699
-0.539350246980482
-0.590375677077015
-0.625313245415014
-0.605770426486768
-0.690362492742198
-0.54372650613938
-0.559235715673868
-0.582393502767697
-0.595186156550675
-0.48025720592872
-0.480642250790291
-0.653169484258614
-0.536950295527108
-0.590396238565549
-0.510346773513863
-0.343814638100909
-0.521175252371698
-0.383231240359636
-0.606024609643873
-0.454495969768025
-0.654046024542986
-0.499951118508275
-0.518329423110755
-0.535105927857062
-0.59183532898691
-0.449423138865552
-0.549472702478772
-0.630856924679378
-0.619108584755378
-0.445470245839311
-0.446941043457419
-0.416621304276104
-0.565555668986285
-0.430106438641801
-0.457231050832187
-0.504910585736842
-0.514658996498051
-0.417967313277942
-0.59402509604449
-0.601880948309126
-0.523127505855497
-0.461796146430775
-0.442826816442277
-0.454472341789038
-0.365809946775504
-0.443006475257583
-0.630758144475635
-0.377957307908869
-0.572710152039957
-0.585444840946694
-0.472303327415997
-0.416037745309069
-0.27612219048355
-0.338054646846055
-0.289790068069908
-0.396518474240273
-0.403106977397118
-0.486128234982431
-0.522591201359605
-0.353882573490828
-0.494965049149308
-0.536806783432636
-0.446146582520284
-0.431619146697178
-0.448997332364219
-0.495562205948706
-0.376986058161517
-0.527425501580738
-0.28547375749436
-0.359330612384988
-0.396147908627098
-0.465093500109385
-0.456266628084866
-0.505107384426494
-0.326708133245612
-0.423593243842073
-0.464885890453096
-0.465441340796436
-0.432288705787371
-0.493133566348121
-0.278084319051179
-0.43980078351369
-0.46618867306875
-0.604996041870231
-0.417033901185594
-0.429139852705713
-0.393684306089914
-0.289008354162996
-0.306081385630846
-0.374245182453043
-0.380152401898474
-0.325413405658665
-0.293281113592329
-0.341798214625991
-0.350135852170812
-0.497703293125726
-0.437780413335337
-0.122249842077566
-0.527016621910387
-0.335305259298413
-0.347185703267792
-0.396654361270217
-0.433322662441281
-0.450264368404958
-0.377492555437469
-0.373268112753482
-0.317043114474843
-0.259746376600747
-0.346851323267077
-0.326105555625557
-0.295935191487794
-0.11831447675311
-0.278116408236839
-0.366850845093673
-0.173033220681752
-0.493831749083858
-0.403744353219424
-0.321791974279472
-0.266682417835716
-0.292669156637323
-0.229327375140498
-0.431691204240153
-0.315231848021535
-0.332994752895283
-0.366731063515242
-0.295898759231156
-0.212330916950525
-0.27934860734174
-0.431905216643463
-0.229960974200966
-0.185292911840616
-0.230103773130508
-0.204571752836256
-0.347003793301072
-0.280767183438538
-0.204903539409321
-0.372201241918534
-0.198157952018811
-0.347329783551728
-0.315895128230014
-0.269123846845292
-0.237852701286198
-0.29391163532651
-0.245990085928618
-0.331283278730201
-0.396700878220027
-0.311987938436054
-0.334389261467524
-0.220569999139198
-0.180258624944524
-0.174385475917333
-0.338427283453189
-0.27506650161426
-0.227421878048892
-0.1604774394126
-0.313929918605795
-0.237938154985262
-0.461174798790638
-0.19030871367355
-0.333049263850477
-0.315336686384445
-0.187186816032931
-0.290077747987828
-0.220241068560992
-0.25471232902368
-0.36996203328124
-0.25823489177325
-0.240187072273981
-0.34977113191361
-0.252061716628537
-0.276878479105491
-0.377671186504584
-0.199149273775171
-0.0949835756436326
-0.225070981200289
-0.172938783879145
-0.279137899318484
-0.0857431381102324
-0.147197136316257
-0.289631828792251
-0.316697416871925
-0.117638764660229
-0.220144784751669
-0.375686240461345
-0.139961113160011
-0.218633440763001
-0.211470791624557
-0.216812600953715
-0.251095476872905
-0.318934987737602
-0.127479889268304
-0.0840585915875963
-0.311567834057558
-0.102145940733499
-0.145118420055753
-0.142775939104303
-0.233821991341829
-0.15649568679001
-0.248903897951745
-0.243180140631924
-0.060923032207981
-0.211054352739442
-0.324823488462286
-0.215651733276201
-0.157545862192148
-0.0224781222368345
-0.223124001153374
-0.190753052673635
-0.187900665779784
-0.262231015731236
-0.167676465166645
-0.210775637085347
-0.172908331055534
-0.127066659918718
-0.0671655592836694
-0.135602999031624
-0.131888818750953
-0.231757509771637
-0.0976729619760832
-0.0412283937456064
-0.136033465137376
-0.123080741469125
-0.383896499143814
-0.0856734567662103
-0.201591680669681
-0.0458234009920868
-0.16494302697924
0.0193919535699504
-0.121188553824939
-0.0509614334355938
-0.143879134649522
-0.100446297039155
-0.160656530128224
-0.0929784579305988
-0.0446861480248344
-0.273990939366543
-0.140698206139378
0.054172338401942
-0.0538271945702542
-0.0378344664191218
-0.0826336360917987
-0.0701719989031325
-0.049079892212395
0.0212194182086237
-0.0271830861267947
-0.0472501056794489
-0.123457807934489
-0.0464103045384951
-0.0104910169539737
-0.0910434125529256
-0.0965273041887794
0.0637445781988814
-0.154664649006808
-0.0193608570915633
-0.019433975677251
-0.0786530328590245
-0.140194897322574
0.0449652316207739
0.0428247559371649
-0.0663098635586375
-0.159652348455921
-0.297224509257596
-0.0764606741088719
0.0573328713620446
0.0253315130561977
-0.0158112509047946
0.0160991099037801
-0.12114006425019
-0.0704804328467333
0.0599870187682983
-0.152816688595936
-0.0980629386001524
0.102384963008023
-0.254429284506845
0.0579376837835295
0.0246824483545459
0.11375815411276
-0.0988540723564918
-0.044494201558129
-0.0679510456301115
0.0909812423949538
0.0105970524684426
0.0407996270350888
-0.200216087338049
-0.13907176115791
-0.0552567930585086
-0.0803392914359262
0.0234963518482807
0.0135921315443519
0.0589628961620061
0.0780788122894148
0.00446793647758635
0.0875920967992261
-0.151820279777612
0.0224521485994435
-0.133751243840582
0.0397327158360452
-0.0685828512482888
0.0933889002081647
0.0548640359923087
-0.0179785287975068
-0.0697612158630984
0.105473111863433
0.0288760689062885
-0.052769522495013
0.0278700422157247
0.148981523209616
-0.0761852151339809
0.0737569819962973
0.00873948419620209
0.0715150897756092
-0.0811121051291639
-0.0916701711793941
0.0593413146680541
0.0896144489422241
-0.0145876769142749
-0.0650591993401114
0.171818718880927
-0.00385783102392081
0.0839843116002024
0.0241970470413324
0.267420689335595
0.0753044192034993
0.0408488077669937
0.0345965854476304
0.159793133791256
0.0456344542091841
0.050854530865779
-0.0250084322178652
0.0272789723081253
0.0547101968516989
0.084164513141762
0.0904511982010373
0.0905665367657877
0.190018679704874
0.0580182418007551
-0.00237323079307011
-0.0801239024818057
0.0268585460768752
0.134972155503661
0.0944194772244208
-0.0406397121141882
0.175168686617982
0.207778769579039
0.0500331572510222
0.105097436587454
0.0605671088642758
0.197906478651805
0.249609387555859
-0.0189869889569473
0.222094254223514
0.171542690853872
-0.11119658630594
0.174541402800455
0.129237991345693
0.116100815483034
0.157097728674024
0.218256758992298
0.0753357264692532
0.0466298194061949
0.0852869253230425
0.327354088907304
0.241703580768248
0.165689452650804
0.178288356864119
-0.0427836350587523
0.243810106290243
0.234916374395492
0.0860091048469763
0.0845002852489482
0.0846763564279729
0.171663802025176
0.197237446376824
0.225705017436656
0.0943987230230352
0.133279111767185
0.275034714783342
0.125129411217018
0.238075280143849
0.0837256674206187
0.180193820299374
0.282337311767764
0.234860787476363
0.156513277004271
0.272636902459326
0.104877144663693
0.327318132947557
0.142537921285966
0.326346074723673
0.206202155384154
0.0337330850211432
0.178282725345479
0.28682117762502
0.272115530711502
0.342241366533099
0.203913447831259
0.189758351679004
0.367056027243346
0.297696220858986
0.270193569117519
0.157519459737563
0.0979782476924018
0.277345553522742
0.272984619429094
0.013239364059779
0.237975955130403
0.249103890551396
0.166056439982366
0.273348492116594
0.172794446824065
0.282853353454258
0.111729539340127
0.270297094990696
0.212608941860933
0.394222421454054
0.396479690997661
0.239687942690356
0.118187203975366
0.269817775400068
0.249969029671382
0.317279169731723
0.139420205421839
0.426442989219052
0.287130822558381
0.238696957440938
0.14175365565058
0.300092075341768
0.285041871722708
0.289737328310205
0.171375328123511
0.263506363797907
0.283937690754883
0.351825188438247
0.248389589278164
0.309513100455906
0.403675931043809
0.274677158404862
0.405960475530893
0.440955616350597
0.33955342777448
0.359997486445435
0.314333342867288
0.339924326383821
0.419960820985031
0.265814150920536
0.299650697758022
0.312733165829144
0.357798424232097
0.387861171971377
0.54661715828055
0.440218514554582
0.339151528834621
0.324056358772942
0.290038594790709
0.459597160936891
0.308515632119697
0.400042079643287
0.306555682456735
0.436797781275394
0.255903580307338
0.401744693874255
0.218758785210082
0.23529603671465
0.261203645593201
0.278776380189709
0.448895816216739
0.232984162938609
0.34477620037182
0.28995090286054
0.334035778839605
0.469885413143402
0.436511883588428
0.337843438311992
0.402792100986863
0.425882941162191
0.309102166832164
0.390435559516075
0.32167355450112
0.283784689596219
0.42177768279125
0.442034054693862
0.382276013020488
0.494791470299895
0.476915640062236
0.259376678024001
0.429712058432673
0.523772304336525
0.465037366643853
0.407547259609173
0.339263956802039
0.405128124705128
0.389492671565098
0.391666686176854
0.239488170866888
0.425310164510588
0.541680288702793
0.350198531157959
0.449248441614415
0.5903111538288
0.514965803612303
0.453140174799056
0.366799289933412
0.555516555640475
0.334566438196477
0.421146500398424
0.471400753400008
0.321281479302078
0.464829718153054
0.352661845624868
0.48076998594732
0.354324012250447
0.555613312080484
0.515314677586144
0.345009237098047
0.43178012586934
0.497718632044036
0.45799688112255
0.491477824743081
0.547369167388635
0.365526083871569
0.446972292514212
0.455395808188375
0.590509725778967
0.285590815942568
0.468065551732282
0.404034380213772
0.630089337099548
0.63154382903441
0.410575556793807
0.701355512082412
0.481106906326554
0.551577928203112
0.567546582813176
0.430262640864246
0.461928572619974
0.456243666622369
0.489405058206463
0.501646759027702
0.455199964960369
0.530814639564623
0.425068615324331
0.52754948682488
0.55360422506878
0.38983080212318
0.533462912397273
0.558185027551829
0.505466299395302
0.538692776609313
0.501800470251251
0.487479737117659
0.485432406768784
0.608327316980397
0.553648310704316
0.631650436416256
0.472815340080786
0.411989582069485
0.531708443130541
0.53857716485846
0.528169281780927
0.525478377736511
0.543304805840366
0.511919259805907
0.530874448281407
0.594932396600223
0.567043902860293
0.53790561222576
0.484100200731592
0.562591362196078
0.450763052441921
0.538332154458822
0.497548765324297
0.558903562716999
0.707945148257374
0.516853467985878
0.626195418111453
0.522109486127648
0.525860261166749
0.582604010162366
0.694774628454609
0.502795465968875
0.498375684778605
0.571767458521558
0.643592459494293
0.489802964125561
0.62565372836631
0.518991326476808
0.679500119025691
0.577399242075741
0.619099394839057
0.580658368683976
0.711649330032653
0.579089484004667
0.54305224655043
0.47127595038284
0.70132150818816
0.661811136167479
0.563857147459421
0.671324219013936
0.783379054088394
0.668950348121918
0.622228093611414
0.647618632713178
0.687521382257641
0.504835807402744
0.588122517972318
0.612683550365244
0.731943988552646
0.580668589612521
0.706930039184699
0.633397860021883
0.508663508997859
0.733770132335319
0.696943041125473
0.729321176885344
0.700705565690915
0.558407468459171
0.585850226476952
0.643957610887151
0.785211630055435
0.588651212310797
0.645678857448299
0.681846366903228
0.855099244061338
0.662134232626376
0.681544595926149
0.711313275274466
0.742792463847048
0.632090231401146
0.777044839912372
0.64898437588546
0.838080458578665
0.667399273035506
0.827109929351948
0.685044417407415
0.6243732546789
0.731619075613064
0.667511757883319
0.813208959750689
0.661985655040066
0.76894656442994
0.963750207515044
0.794597585186983
0.586492532045511
0.693094276242605
0.801363198981944
0.670545134044054
0.624979515621474
0.644569987667613
0.902824231030886
0.750656451250263
0.700856292724952
0.632702975781298
0.82674598279905
0.737389423190741
0.696869595155028
0.696951149514291
0.788175623826724
0.696350662750639
0.689049296902257
0.80640878894559
0.631106461814616
0.828532740402736
0.745610071370383
0.960894045288702
0.702853270116872
0.626340022268329
0.782447840279526
0.76067041569996
0.691460156551502
0.852828594266104
0.873479348620238
0.768055880422216
0.583899352202401
0.867545383534412
0.745851476343105
0.768590794107456
0.73348243411227
0.897374817384877
0.715393786667116
0.816613530150001
0.82505218504291
0.727004563314266
0.837315155787016
0.624635172332051
0.904602652058046
0.875251673083728
0.724845004923807
0.741080715368035
0.79710818696999
0.75049138325214
0.667249553687035
0.804538135683032
0.86834105430956
0.79830268256401
0.836007929955147
0.883205127166993
0.837905621233022
0.85659032875142
0.87131595775455
0.816506523617553
0.709416611771504
0.797528700007281
0.887119061578953
0.908474471190573
0.825152248258461
0.892743602356681
0.950138170222787
0.788868937786111
0.816553699415389
0.874598800986326
1.00977769324601
0.795915015527904
0.840273510544596
0.809237173480064
0.818292576845751
0.846825503392698
0.758841853299395
0.811955668551209
0.864024547362505
0.799213143550843
0.68461702609219
0.744602493120454
0.822264866328607
0.806691120986378
0.80808156226541
1.01130928407535
1.03193267897306
0.92192264956956
0.848015973575273
0.757456697816213
1.01211553425898
0.801357724987524
1.02006865232647
0.93149916484589
0.755449861883054
0.950747993381589
0.878496559356294
0.827584967520416
1.13042963897191
0.716849992562295
0.874058379692217
0.8673890592323
0.91837226200052
0.925364881876817
0.86212645026466
0.968057832795492
1.01293953498653
0.923158177472659
0.763799907895368
0.946884402280443
0.835480097196051
0.754023842082683
0.985204176297363
0.862739340279305
1.06620926939138
1.03042006723343
1.0539803156874
0.95642038795271
0.822159486211763
0.916454883572764
0.93955196970644
1.06832244879766
0.783778137745721
0.90431677678255
0.940075724023919
0.915330651606847
0.869595128926022
0.900985092028396
1.07001601910679
0.976634250817528
0.937525740074736
1.0340020704279
1.01306278155765
0.848773915884373
0.947724290142812
1.02878899389467
0.89940390907335
0.944770774963126
0.906577725647795
1.04358125048274
1.06813974187213
1.05021026426289
0.984685569402807
0.950926186976717
1.21748775746637
