-0.949062694324697
-1.01727192840527
-1.14897672979149
-1.10769346185535
-1.06566959522064
-1.03401194232761
-0.923358319667475
-0.900953977528462
-1.03579373095621
-0.937098920408097
-0.930570033490243
-1.12168087374458
-0.93468009180023
-0.853266838789358
-0.804058149837102
-1.02997078208305
-1.06801967233217
-0.90310097040086
-1.00940782359635
-0.820983383799128
-0.822259776370467
-0.895534648143995
-0.958536238477553
-0.981362886615902
-0.843907541412697
-1.1015182844646
-0.978828160108926
-1.12713418954721
-0.933444424996254
-1.02974990597679
-0.904920392541671
-0.88464891288074
-0.960846612310787
-1.00816769442717
-0.889320275765623
-0.990931094547081
-0.896075565002017
-1.08792285715441
-0.859505308012759
-0.917918651474952
-0.976930861180513
-1.04445214070924
-0.965245094807617
-0.956484498136505
-0.905051045177933
-0.932464266146841
-0.907204749035491
-0.691232374176153
-0.874087099722187
-0.978083009063198
-0.983514650963282
-0.891719070423313
-0.832757054524524
-0.834209097216146
-0.901832546112104
-0.948004610075071
-0.824302475412186
-0.875789976881964
-0.873303472228799
-0.779436499120209
-0.877257891228969
-1.02924397770185
-0.893899100952822
-0.821160548558679
-0.897978434041422
-0.85569288620744
-0.781046411641519
-0.893424271041241
-0.846132155315281
-0.961115951292797
-0.700674294712205
-0.739814286257731
-1.00917468405821
-0.901867975853922
-0.797823404959815
-0.853087390004856
-0.961372788371251
-0.743255816377098
-0.91603792750437
-0.789045729949265
-0.826711982965156
-0.764641926260375
-0.969408775211195
-0.750577909465242
-1.01433175599772
-0.797672069954305
-0.995113386370633
-0.821665503222392
-0.760152479578486
-0.744314606893717
-0.79449026294147
-0.815071643295693
-0.837351067216727
-0.790972894792338
-0.794187414381525
-0.804706632942258
-0.753987934395836
-0.670167212475363
-0.91022964976655
-0.722815480027829
-0.753451745239392
-0.823258715395946
-0.597402198068512
-0.693741375699346
-0.763827934752053
-0.779198726733524
-0.721620525095384
-0.704851097420588
-0.856932790378928
-0.748770792097097
-0.586014489023132
-0.815826235762573
-0.853156558386302
-0.766229779373099
-0.866477867983475
-0.8611743140494
-0.764467017547952
-0.75242304534861
-0.591909122766371
-0.777602757044813
-0.660149236450335
-0.897920926230842
-0.825237730727473
-0.844373425223728
-0.851448912386929
-0.68100031081984
-0.868914086144297
-0.722421435375512
-0.796903160123343
-0.677544750630048
-0.693572675435563
-0.707813562682347
-0.660221479220046
-0.844449617221139
-0.732480346199083
-0.740166147722401
-0.662631899128444
-0.788068225459698
-0.659182359897029
-0.637064266130215
-0.639682046502968
-0.581950785362441
-0.892059993617612
-0.559532899122203
-0.666127586737821
-0.759069056564115
-0.777239136590045
-0.692563007560674
-0.662740012878584
-0.643709985240501
-0.582956311431265
-0.574644145468855
-0.635827032352864
-0.776349056708754
-0.728154710364983
-0.637810329449359
-0.690384905337442
-0.588478515968293
-0.672434343378973
-0.656296138584203
-0.795214584796542
-0.637334539937306
-0.665696540561832
-0.562451874669854
-0.586201851863788
-0.739022415350284
-0.742339154536291
-0.616768783273514
-0.750482870932723
-0.715587571880552
-0.596847574785622
-0.622392753105086
-0.537665252932427
-0.682812331014389
-0.720629665608811
-0.64025140103919
-0.717443180122692
-0.63456958571609
-0.797494968224273
-0.642443125029839
-0.724244244057421
-0.615385046042866
-0.627511294220804
-0.692404111782874
-0.68669141548826
-0.618068132708229
-0.611780563659095
-0.591913039256712
-0.623367519757166
-0.746430106766223
-0.623566439310139
-0.743221931904325
-0.492397164920965
-0.624114676691532
-0.672505473400848
-0.598226759453722
-0.659280927447295
-0.575859113945042
-0.633694574254207
-0.67014308847674
-0.693804637150216
-0.511090844519979
-0.560224502033185
-0.536235113820543
-0.666100858941566
-0.660362854259058
-0.381898516208556
-0.599199843739731
-0.478129081337038
-0.314051910162378
-0.514721908450087
-0.534905638198037
-0.6448645773162
-0.513773112872759
-0.623721445947421
-0.53784985852506
-0.35315895885951
-0.504934101573805
-0.715026805204143
-0.718345230413133
-0.614531880935029
-0.604009699377258
-0.400058312248405
-0.796603589056104
-0.700718119350858
-0.622135441093833
-0.448458495748819
-0.498978131812292
-0.399062100810456
-0.571694479943589
-0.653713132956275
-0.65351600529843
-0.5991831334294
-0.58997046599628
-0.5234123744692
-0.449948588872941
-0.708936245141605
-0.460663431259607
-0.554768216712144
-0.476829386737228
-0.52637098926526
-0.587009234227293
-0.509843521468225
-0.57864367247509
-0.600222333261885
-0.363795295781852
-0.510151342323343
-0.423023431449251
-0.428978175627198
-0.64619298140431
-0.39530573411398
-0.468956965138199
-0.437088538479394
-0.385189320924595
-0.624742791870795
-0.489832281923141
-0.477654793473024
-0.490638243828397
-0.452941449472744
-0.381078723890848
-0.586753760108495
-0.534014540580066
-0.267933693798033
-0.533716018585524
-0.624865085356271
-0.556140696821036
-0.434341691086524
-0.526890039260696
-0.549997297896543
-0.469496580247859
-0.498791941280789
-0.352314259426992
-0.418090989123179
-0.39459088978487
-0.457560772501468
-0.649784481423497
-0.456182397599395
-0.475780954653455
-0.442137855623537
-0.468670726035826
-0.420193051097549
-0.436265965587028
-0.488348478174712
-0.420100017655007
-0.469545646467636
-0.48557629640619
-0.373428367972137
-0.42584546315041
-0.343376592502283
-0.648191938027324
-0.466745029324137
-0.402090542490031
-0.587949139403381
-0.458288461278004
-0.387318831594833
-0.438843412873813
-0.43765066640097
-0.446140060102656
-0.311795959186501
-0.539810310260845
-0.453207715158928
-0.451040300156408
-0.338477034091933
-0.409293530471547
-0.233019716082886
-0.368192586115055
-0.558841450306564
-0.175050433264823
-0.349421225423007
-0.316528267677333
-0.333150823743314
-0.334020546432513
-0.397836494150206
-0.243377481617044
-0.417050723127649
-0.342287874903214
-0.345213392443957
-0.175982892545917
-0.470090432705117
-0.419144265548872
-0.298780968248838
-0.357363661377276
-0.327614960521843
-0.438264620394552
-0.429525169644511
-0.412404847104781
-0.200064667784909
-0.266427826095865
-0.382016077725619
-0.447306271698054
-0.205919401576432
-0.222617905597713
-0.29939538777361
-0.280831177036785
-0.289812911849711
-0.359548900235808
-0.294760526654356
-0.265934458672394
-0.315242555190803
-0.234882744611037
-0.30561235760157
-0.257154890286188
-0.351046529769289
-0.226356949000717
-0.340307087381841
-0.3598806356167
-0.27953904903188
-0.371233750055845
-0.274291670016207
-0.419254491292962
-0.222277392081371
-0.318276103614396
-0.291933244974451
-0.145567330787157
-0.415112709601581
-0.305931640455632
-0.280821619675773
-0.316911926403084
-0.261416860572066
-0.281476575327227
-0.244619393922494
-0.367073095983426
-0.286741488646824
-0.124197827649215
-0.208926833711904
-0.28000509666379
-0.320880784303254
-0.221111574067228
-0.214247535840856
-0.291700225491895
-0.220945006576909
-0.247713979276202
-0.155632256172648
-0.151728170377922
-0.286032427825139
-0.287667963164308
-0.167589459837531
-0.341399141895693
-0.164005824570651
-0.234357408221725
-0.246126284303957
-0.320453165298716
-0.159514252108397
-0.172204381527148
-0.19382125540579
-0.275445882029275
-0.29639349961607
-0.255958524287651
-0.270649208031065
-0.170445948239481
-0.294633563516676
-0.159038561078498
-0.230614316794247
-0.270575791854418
-0.287156818067923
-0.245404094806984
-0.0385620374090736
-0.302077333943749
-0.237079547490162
-0.0262405444863856
-0.137086906321518
-0.316627226623769
-0.0499571577053209
-0.145329895257188
-0.2867806234412
-0.27308385426346
0.00822127178485005
-0.322131812482338
-0.205780838313954
-0.0822251427638405
-0.196078503418617
-0.104454502699093
-0.186188770720001
-0.204500735136973
-0.127108835968932
-0.123742678144973
0.121167190949081
-0.0424305713656609
-0.0868392296822636
-0.18021391568832
-0.141408729039532
-0.140494739239499
-0.166412826924835
-0.122851611625344
-0.128625245878754
-0.203795905494856
-0.000674443537099238
-0.0469756501473309
-0.0758662601275118
-0.190757346740505
-0.240042724652892
-0.169607073644802
-0.111336628676308
-0.0875305394870148
-0.120098880619933
-0.132398418846946
0.0366846646924789
-0.0596975845265515
-0.128152805971099
-0.111454262424464
-0.126919270056951
-0.205951941598811
-0.254958292491363
-0.192661011389002
-0.185846679851335
-0.217673646499249
-0.146907974451931
-0.280661821087395
-0.213495316088723
-0.12690682502161
0.0788337932249018
-0.0572727762013883
-0.0401792104567715
-0.132954512621722
-0.0159148349102006
-0.138152231105559
0.00566791947212499
-0.129967362529053
-0.149976070270935
-0.154142610897247
-0.0874000686728904
-0.0322191498624678
-0.0688952768686322
-0.062118299825867
-0.155748660794055
-0.16985755743905
-0.145269489884229
-0.00223185403101366
-0.0426267349359407
0.0173293096692265
-0.0709512106443766
-0.117480168385007
-0.0227992944128828
-0.008026125360412
-0.323692174607413
-0.128875281803373
-0.252143459627823
0.021643443569169
-0.0511328783800787
-0.0454387057775701
-0.0274178452535718
-0.0906137511832333
0.0545576926214131
0.0379667145712232
-0.0457412958308182
0.00475628838130461
-0.208883955041344
-0.0145647261737429
-0.0701289255660859
-0.192215747959181
-0.00337976371107693
0.120232044986056
-0.0238342917529253
-0.13672553945306
0.0478661416137363
-0.148733723508199
-0.186592952123464
0.0436184020518872
0.0095946322148948
0.0262257983949642
-0.0352726610170301
-0.0150267625579921
0.0307479542259336
-0.0384973374174352
-0.0517717284980771
0.233000396215977
-0.156796464692389
-0.0349867077279957
-0.0437618345050196
0.057913225564292
0.0547524800196019
-0.0602927254029179
-0.00371420629351698
-0.149753166643945
-0.0182897563358252
-0.0245566905029751
0.0554699425060911
-0.0274667124579971
-0.0131396085778961
0.190804341536572
-0.0983608699522699
-0.0285404326894949
0.0257664629318964
-0.0873418893882394
0.00188535985368376
-0.0500499612358739
0.196858998871288
0.0867195121440319
0.0667809787621265
0.187756013440235
0.034906577945499
0.0376300154826376
0.149875850028815
0.116782468266521
0.0875817161955061
0.206956093172933
0.0921567179293119
0.04000811632831
0.194269391777103
0.131574775119375
-0.0766224802424468
0.122294761554854
0.0860862061053502
0.029138974414788
0.0229402896655816
0.110128083992829
0.080331844942022
0.152554350226875
0.00604832918943591
0.0714406067255711
-0.0263248224047521
0.194521170127774
0.129838467653598
0.105603338939232
0.186774836513485
0.047095100934351
0.126184442812257
0.133358004973304
0.128831369843408
0.190113875673588
0.00383455379420823
0.0174113539145953
0.0660810657720619
0.0374695396903985
0.372817531630087
0.258475413541634
0.233989204314727
0.0417853704072915
0.178997996652972
0.0096364504033383
0.122161951831236
0.250317494349236
-0.0101918943786932
-0.011456207987161
0.115722297976307
0.187349314415764
0.156681436073561
0.137696928289333
0.199180975296913
0.237008733341021
0.196586972614171
0.222270484790305
0.0583663582905787
0.192967863208669
0.0812378380139081
-0.0162814837935152
0.133544708500131
0.0968680750226604
0.186576339192731
0.271174521346798
0.202864903746298
0.196275464936084
0.276846051741192
0.186730121287152
0.152265208320811
0.210537233170762
0.228176227864502
0.210344125364941
0.156118867227573
0.118839886614409
0.199835117008129
0.226521936272809
0.218675765934516
0.340732604601001
0.247442509031603
0.00509570020949598
0.230694557214168
0.205158804597702
0.365968717651053
0.142675642626874
0.241194623440588
0.280301690320376
0.142702504455424
0.382350929607512
0.29484828171585
0.222908758239036
0.221068705170738
0.141455813312736
0.29591095198805
0.442178537905169
0.359970720203735
0.167371784325952
0.272208183151509
0.225962006425204
0.315963301757438
0.290589525479626
0.390333797888175
0.168176032514513
0.294324981217003
0.350456092878393
0.195488448384
0.195311754716736
0.275692632289007
0.343238388221352
0.235149610246719
0.412352699876706
0.309293739975951
0.458223649409664
0.268000276479523
0.267139464658102
0.282140916431423
0.273534438453902
0.224533618885859
0.255741345564523
0.230937663832249
0.371452717167311
0.40521745977264
0.351416388130952
0.250277045438153
0.434046403359801
0.506520395875852
0.385509341288603
0.360805257847117
0.350130827218144
0.0864241223202939
0.345803717627376
0.380900752959428
0.189386356236298
0.438476500488788
0.335543611221816
0.340956577661752
0.394846932036602
0.32296376018805
0.429725201310448
0.259634648118216
0.355609670731694
0.312841025145573
0.305995041614479
0.398892730132225
0.323409487403792
0.368424048730822
0.384026858065659
0.256655195314214
0.433977590897847
0.337727183265712
0.265935285632087
0.338354727904248
0.346059688251371
0.38753984205566
0.471363639150288
0.303068388752984
0.365779867554013
0.386772115717173
0.491495156635448
0.438733010942133
0.403452083716783
0.387529616986661
0.417687721511189
0.350629806934892
0.366531613440623
0.482519303533246
0.293502415203549
0.46523391371642
0.381304813180755
0.388324635479641
0.380149216361601
0.378181077575776
0.458665015788982
0.425919990082946
0.492277050850843
0.337217355618126
0.269771812518877
0.387071274474116
0.607025019732229
0.3849966519421
0.556326207963082
0.343874189271014
0.29164580479241
0.341341978019687
0.436858636141687
0.412463428112465
0.373872747054316
0.366265716982596
0.483370618344009
0.467266108822731
0.654091654919372
0.480381859420202
0.496034195518154
0.471575794760756
0.370947871792749
0.49271148672574
0.420852112956047
0.349611376027226
0.5462885630615
0.618242034199218
0.28543346824343
0.502452384638109
0.456235626606084
0.602019166829338
0.331708381806271
0.406727255102286
0.531535328806638
0.434832968402418
0.504186462973936
0.529717704523071
0.390702751428359
0.558327824454701
0.521124900841183
0.54659928068648
0.254933591526364
0.454046559958989
0.414011244768728
0.342340920770183
0.595176740105457
0.418425995197738
0.493953733429161
0.520856114367552
0.422502763862515
0.332194934105409
0.581073331819844
0.45946563075916
0.402963964498097
0.549929752409773
0.477854792451151
0.499807713626674
0.314903082871124
0.481663895112155
0.559881005750545
0.47734840529524
0.542621633330244
0.499826325423281
0.468835682732557
0.437360040107885
0.552274853473578
0.435633716842219
0.529330898891883
0.521336849457668
0.554446716237044
0.49244456414226
0.477663599020004
0.470251210005949
0.389083254037549
0.528281176078339
0.551634419909784
0.652546507172089
0.642769473491142
0.593945194029925
0.353956803936485
0.564928360977025
0.503269946447524
0.612243585875444
0.478937515894722
0.496671653013584
0.604049219071865
0.57687653631274
0.450968149930201
0.581628136524895
0.527283981919187
0.633013018208956
0.544437152385226
0.456885013630537
0.734084851095795
0.613240289095549
0.627571622487499
0.575529289731497
0.621166429327928
0.534934416008451
0.600441149976609
0.445693738163552
0.654442832460217
0.560247357527509
0.543795419123019
0.666137614732961
0.789639067516767
0.627270370389823
0.717991959498514
0.583599377949135
0.557609970112852
0.676993753704525
0.658723081117372
0.764657596753797
0.729127440629016
0.582634957420436
0.659587742787355
0.710116085773313
0.497769462445237
0.648516611998431
0.557506376163193
0.592814052577269
0.526873840363035
0.516892797463476
0.615791110392607
0.519522464417813
0.63490477538053
0.788307257033762
0.550390256650853
0.733090604974057
0.777446830054997
0.681880782014951
0.660247553003675
0.636833620564365
0.605129136817681
0.66367944591683
0.824392439396826
0.655825931058586
0.562440907382754
0.701932951342097
0.590634985896589
0.532626749962892
0.646583422773492
0.5813117349371
0.771637178713367
0.674541957340187
0.613083584141317
0.572023745442559
0.597262043769441
0.712068476488037
0.653497356284364
0.756069317240171
0.67880948464396
0.7255697270201
0.848499973999565
0.845970433369395
0.565770154575415
0.802153464880798
0.707644164008702
0.784431661272391
0.621517257335709
0.744309658471016
0.776345015745188
0.737164485937801
0.750160974592062
0.758737896596649
0.710610483485113
0.697632655935455
0.772570290358089
0.697210272419691
0.691991837960005
0.735821604592415
0.642798105416182
0.712810855064804
0.743779508913447
0.693572344048821
0.680146849450503
0.683712458626829
0.831896187792889
0.694685979621194
0.66534785425591
0.743830089911091
0.599186590482781
0.679400044885701
0.746805491519463
0.716959991530761
0.767301802721149
0.61795311166498
0.642413770949402
0.625892719751525
0.79467770801956
0.748039915353729
0.872789918647617
0.78552532213687
0.734337642520039
0.867858238603072
0.677506889479595
0.764324516424383
0.788185716996536
0.790122711581249
0.784411075519466
0.883020404052854
0.782539253399635
0.821389771368098
0.742090411198647
0.816258239936979
1.00950506749558
0.922153141971184
0.846888792949376
0.832017426589246
0.918189346872101
0.771901986330385
0.810446750678094
0.810163129667981
0.808437220884737
0.937265412448357
0.794747224954529
0.790654518412425
0.842354900823052
1.0165775175003
0.63555238892981
0.843807299973575
0.775130189795179
0.863074117772601
0.830383781705513
0.835095457550211
0.794029035583913
0.918982866160461
0.611564993110982
0.956950227467431
0.868624630877868
0.659427774835419
0.916875847594351
0.927993349513927
0.967700252646787
0.849194441511318
0.951028268393335
0.783811297379831
0.796498377104079
0.867814080626201
0.985500727107233
0.912025855005692
0.846384584500328
1.00434889249749
0.826278445818651
0.789379090360744
0.970593502363114
0.968354503400935
0.823061948222025
0.846176094454351
0.888458500110393
0.962746478946129
0.947190830820778
1.00132057029637
0.993531609184361
1.04244147500149
0.932784318873026
0.838451275941634
0.907060507325656
0.973315715911515
1.05088532049986
0.929797489472417
0.937573445987525
0.970605615233904
0.953380436843573
0.992229254404619
1.07140156603414
0.93464619658443
0.899783417685627
0.833392911085726
1.00952010209741
0.934397100738115
0.939654468363571
0.905563248859261
1.07938149769298
0.970414986227384
0.951553970262072
0.913241901308125
0.93469571354902
0.861898562509892
0.930430031756604
1.04655935120584
1.01902800282024
0.843492362760948
1.0659301304264
1.00130637198081
0.829672751135317
0.915052574577521
0.927472765116876
1.08508922726912
0.966628001487456
1.06858911548739
1.03591963986366
0.895810603967295
0.757093729495603
0.998646689858117
1.12197787479251
1.10046086466721
1.07225655851466
0.92925268125064
1.09029564376379
1.04084028128423
1.01489687588702
