-1.06366090357271
-1.11161155695436
-1.00714464384657
-0.951382117685503
-1.02304633959299
-0.992306405795624
-1.08876974304394
-0.958405372793259
-1.15105527749543
-1.02985315593401
-0.953421074580941
-1.01790699496166
-1.00589678969972
-1.14242927625865
-1.122522269111
-0.982394733896693
-1.04981005923104
-1.11063761657741
-0.855281286328182
-1.02847168552687
-1.004490770075
-0.886741805837577
-0.923895308070938
-0.967347328770078
-0.878982925940291
-0.871426737153153
-1.00156912454968
-0.861122573854132
-0.918919925454378
-0.886697171188229
-0.935072923600277
-0.911993502262507
-1.00258684104618
-0.835437837772651
-0.874355101965284
-1.04249362433484
-1.04032320567391
-0.962811596368616
-0.885299821147898
-0.953997177533444
-1.04625440876489
-0.789319689777938
-0.972819862584978
-0.972986819594279
-0.951355780668708
-0.916298365334482
-0.974965193322723
-0.930898528034267
-0.868305963315896
-0.969791271570573
-0.915435732352077
-0.964556926027868
-0.883508679099875
-1.0574548994851
-0.884261278180525
-1.01463461279978
-0.931735476784195
-0.72179737779825
-0.795624757266717
-0.883164699831333
-0.881543228050293
-0.872826887592783
-0.709912461682963
-0.897231127780995
-0.951134339534752
-0.864050926399357
-0.9363869352015
-0.988752656050216
-0.996926214702528
-0.840473135263979
-0.772504458297361
-0.866139422142654
-0.82505150982413
-0.826840261886892
-0.965170373861784
-0.862433767766288
-0.885250401894405
-0.647025795710816
-0.848167727771497
-0.736575423469259
-0.727803123146753
-0.754851270683133
-0.872472877671165
-0.890264852740854
-1.01831661537274
-0.815530693557495
-0.786662416624778
-0.901695127188508
-0.786833392158561
-0.87777144634553
-0.761006665031213
-0.862497276878733
-0.925090093120988
-0.80577493722088
-0.786285779489931
-0.740260714543699
-0.737331293171738
-0.720277349500367
-0.734628555594897
-0.726616932321497
-0.864647919968337
-0.748285476843866
-0.630755266786388
-0.883213843841931
-0.795857912245605
-0.778050263233105
-0.867599048728315
-0.805514648393233
-0.746633951660257
-0.696248132404588
-0.705974469709608
-0.802471610968581
-0.700690211764992
-0.873434038373627
-0.709227962300026
-0.924882307328565
-0.718225980754437
-0.888507722332927
-0.671569260345867
-0.885813758810805
-0.73493138677065
-0.809978660774754
-0.822383637263957
-0.971661911355653
-0.750004881284542
-0.850905689879243
-0.727192762056917
-0.623417115980218
-0.718333376048404
-0.691291102860935
-0.695655821111004
-0.800032986673367
-0.800143597105479
-0.887254570979816
-0.890597841171227
-0.797273939624502
-0.643004669888792
-0.603075904798964
-0.752016109502796
-0.692180265743469
-0.795640486057561
-0.453866053446596
-0.681995249523283
-0.776421966501503
-0.66163031637513
-0.529271298492459
-0.888955564590872
-0.567408496943643
-0.676886113784669
-0.601078894364133
-0.790451034175934
-0.67697815283316
-0.786996084790532
-0.7374221716049
-0.603889873516701
-0.653231038847472
-0.584968177395625
-0.633884252344134
-0.614659103130021
-0.695810526505934
-0.611011594387829
-0.729277053172855
-0.613328984131932
-0.527110079231242
-0.638209079274711
-0.610913404064226
-0.71874527268444
-0.6139548411932
-0.56885154693404
-0.696721466813221
-0.75254081389235
-0.615456096134138
-0.657388187137579
-0.643348687512816
-0.574630344811573
-0.521242046144021
-0.563142551802508
-0.589155466266074
-0.660367867827538
-0.672892805950285
-0.738211701138042
-0.721408417654998
-0.418581445327373
-0.592890122356959
-0.62806053637464
-0.700880451740536
-0.586653328145754
-0.585288804346982
-0.74613455908637
-0.593061577987416
-0.695166583441035
-0.618634289276692
-0.727500797005669
-0.689368136151542
-0.509632160858462
-0.653912459932472
-0.642162126136523
-0.677580911645798
-0.725301993706138
-0.51023390252179
-0.664928526338266
-0.624170152538969
-0.664146728970545
-0.617848456418544
-0.58206033050777
-0.513671973145163
-0.642247332277327
-0.581735090586279
-0.621352336331348
-0.501261411967264
-0.511902336164484
-0.4944566061821
-0.562075018670764
-0.485366539105158
-0.498686951402428
-0.544236534010121
-0.476940151290649
-0.49263763774156
-0.59074055379757
-0.584842114468431
-0.555030522430266
-0.591758287406963
-0.615432528283497
-0.531236193924935
-0.425624013409677
-0.585441243190172
-0.486184863742712
-0.601383530126334
-0.539284797066235
-0.478274224693897
-0.44097665935516
-0.605747284085861
-0.497558495739308
-0.529765742975505
-0.534953549474569
-0.491579277325929
-0.541669571413613
-0.548629252083242
-0.564980356847478
-0.525675480387487
-0.584582989580992
-0.563577044334563
-0.478056546678659
-0.619797506199131
-0.508159047368433
-0.533720379673574
-0.509722362471176
-0.557037302459901
-0.470546137731689
-0.536300892577942
-0.5133224420252
-0.58269574366543
-0.391418903160296
-0.623325921750687
-0.478280837622845
-0.556439777616852
-0.508004236674667
-0.525664515962909
-0.467246245706574
-0.495076736407933
-0.610848015492687
-0.626946604283833
-0.348312170152168
-0.56925905190043
-0.424695440362107
-0.506323037357677
-0.416013172542785
-0.513679010991481
-0.427476355785515
-0.38541667478661
-0.313918632179857
-0.441399440506754
-0.569938604762115
-0.455935804283102
-0.411988942698567
-0.340535157203441
-0.467076965115505
-0.487984822171171
-0.532602422213804
-0.432107693468651
-0.46157731914091
-0.525363948613744
-0.327268478899626
-0.427059369948261
-0.434775610436066
-0.408017161248361
-0.384023456855154
-0.326487704810876
-0.335806765467846
-0.350385359691923
-0.450707252801937
-0.284649186048308
-0.316934857845434
-0.528888007893281
-0.368312398755901
-0.401851024632555
-0.449572666232292
-0.248097274784398
-0.442408348103436
-0.401666155114908
-0.436759605018243
-0.365731657748855
-0.367910107286313
-0.490237855881585
-0.317142182519801
-0.40002426124503
-0.374665208882015
-0.465572189355936
-0.459282202040905
-0.357054725580795
-0.41910250114288
-0.320798998989726
-0.310502298087937
-0.396946854906271
-0.354299139117595
-0.323526663689229
-0.437857000632706
-0.179224176998597
-0.44323371384008
-0.263882471714796
-0.356697848228868
-0.390405144713018
-0.405257970200353
-0.38567108060897
-0.373120728380898
-0.448144287636127
-0.114688949690289
-0.336286001459183
-0.358532710787484
-0.158474122340123
-0.328440724426513
-0.244200627365836
-0.355402840673236
-0.327959190980115
-0.346248118154831
-0.426577672331491
-0.304921374954898
-0.40490159305562
-0.401876997694606
-0.239114584850867
-0.341403336106954
-0.374594914194225
-0.22092080982761
-0.444272315550091
-0.356574935840126
-0.245129936728518
-0.382180005656628
-0.483879485899715
-0.419045008042906
-0.219898622950211
-0.317648343331643
-0.294622144343961
-0.208460712073924
-0.273376072010899
-0.210489160694373
-0.249517796343854
-0.331875254234721
-0.304406458166166
-0.416429235883448
-0.216785705384281
-0.377635085655635
-0.38807798023951
-0.305244962467641
-0.271952849704311
-0.176728524723263
-0.408628042046923
-0.300593711635133
-0.321952441953673
-0.157157819122066
-0.215587510725796
-0.246971626741516
-0.3137380370424
-0.272589618862951
-0.409732232706984
-0.236879207858452
-0.210695892183804
-0.298627872696023
-0.269217966340115
-0.33387642432677
-0.396013748108059
-0.291527954250311
-0.22972766227461
-0.365875200492178
-0.231192686204341
-0.343452362798943
-0.323821743853331
-0.369081497231329
-0.178083871065817
-0.215056732394702
-0.217197635443248
-0.193905462796281
-0.149735638027213
-0.272880532784692
-0.077923957188887
-0.350181752335397
-0.240472138888363
-0.205092824267988
-0.138628377243698
-0.292913512237002
-0.309927716080787
-0.240572519622376
-0.109389616960477
-0.18649160492654
-0.277455163343597
-0.315314380059773
-0.0378201779610925
-0.0501445010804709
-0.35311012702539
-0.225150660929355
-0.232721370979198
-0.284503003122448
-0.0395683841669794
-0.179351256716742
-0.240092524625497
-0.209429972930868
-0.175223246245746
-0.224711252267197
-0.174594745669383
-0.0844294173489301
-0.157554428759125
-0.0874259143726628
-0.191793527318698
-0.159467528219042
-0.181247502161508
-0.194699222316576
-0.0617446553424934
-0.0898765236744212
-0.178407234407549
-0.0757644386704376
-0.0378343033485366
-0.0890310043689181
-0.0820695345657842
-0.246900950285969
-0.152668373666991
-0.0890170606485161
-0.0528191161209956
-0.103134327253067
-0.0592189635504157
0.0551137926411179
0.0210300071405282
-0.237291318564196
-0.13091745909987
-0.0590475163497517
0.0842766216531863
-0.154804680827191
-0.0412114510178712
-0.161459395988811
-0.0481889049979858
-0.0531147748356922
-0.281022070431695
-0.118554341673368
-0.111268817300778
-0.137958368509094
-0.214635103616888
-0.0196753733909517
-0.0964056726620553
-0.0306870081310892
-0.0403068480419818
-0.0453731738558815
-0.122841565405855
-0.0693940584429802
0.00439722202129718
-0.0481775825016074
-0.0531896209158426
-0.208381841683545
-0.121408833378576
-0.0492936764953507
-0.12173951853883
-0.13020934816531
-0.1345280537795
-0.0793932346682039
0.166320473707366
0.0796025055696979
-0.106574140535884
-0.0207648123624563
-0.0306761697387083
0.0527250376479134
0.127900317277763
-0.0255860527749835
-0.0480991545127562
-0.00483394876728125
0.0730476025917618
0.00361932964490551
-0.00686502883304704
-0.0168676766793466
-0.00300082211448127
0.0451885597904668
-0.0942387595491611
-0.059975653599139
-0.0117908289698352
-0.0220705882664011
0.0168705811499991
-0.118684800184185
0.100324037770048
-0.0650405167225526
0.0434972812748667
-0.0177441673621786
0.0296196459919482
-0.0756163114951235
-0.0170386849547585
0.0126182044697239
0.122348921705845
0.0250053652124723
-0.0515320597696312
-0.111001542698277
0.199034006944754
-0.00116208729331765
-0.0272383835596169
0.0899208101813626
0.135684979736554
-0.0140857635750581
-0.0285499948028557
-0.0852936920142953
-0.00269845377314772
0.140496725152488
0.0579586867538224
0.137068706051333
0.0583152286909939
-0.0375937400454906
0.212529101121073
0.0954796206965867
-0.0623145197974001
-0.109550808445466
-0.0539062042430097
-0.0802944080002972
0.0373134332254526
0.0948074608361177
0.1769664541577
0.124791520457059
0.0379866554269556
0.0783343056473044
0.0509865688157793
0.040040978587604
0.116716114095868
0.340799243064006
0.106798770192158
0.0759599499940569
-0.0322120844072732
0.0678200985604129
0.0926258336085344
0.136283845821554
0.153444051366623
-0.025809092490096
0.0794799163659945
0.22041708105102
0.0623398650741438
0.00696298288927263
0.121678553404197
0.0370583244959293
0.116269887750867
0.103296267022317
0.115983138431454
0.17072359634094
0.0791521660395807
0.0749714848365326
0.110980097728975
0.0493038601865296
0.127515932814251
0.134860043404401
0.139421259576202
0.197931830323047
-0.0705458951565094
0.0802213283860208
0.176752843143086
0.235503995473016
0.0447718704367965
0.0363407529485225
0.197030913575651
-0.032214889434746
0.19153651842279
0.00944636130851509
0.266627228098026
0.180739840450532
0.14780647530523
0.123049086750524
0.10107214061412
0.262830930980935
0.0600006716905056
0.228962771920781
0.0181051415706258
0.251481477933867
0.216926325372615
0.119548690303541
0.0937590350146963
0.3424682193635
0.243409508719791
0.234410278599702
0.206794776148594
0.09607893048538
0.0591969075918145
0.0999240367482491
0.035707869396339
0.260626880533512
0.29623687556908
-0.0338379390269788
0.261562681382558
0.307191306397061
0.24600110362412
0.246719951507585
0.199809777384403
0.15744914085133
0.181001585842801
0.278864008197636
0.0903431421551935
0.312645166321749
0.300835410344492
0.17245766745363
0.229719937390249
0.22484960259977
0.272237330285466
0.296161437693414
0.0968414110779277
0.203493377888226
0.259231154051668
0.259889936202816
0.382713853113991
0.267962178844145
0.222570538120114
0.280966684766775
0.233164664318519
0.133299892497098
0.257327000067194
0.311305851001727
0.0437914707059339
0.201058216881456
0.227448115744301
0.374271542933329
0.164694954672528
0.373957793768819
0.366865185059858
0.260652307066483
0.149775964498046
0.286878674315259
0.275550921170468
0.324534042232086
0.156051381452632
0.376159596853739
0.41374714106413
0.291779445720257
0.256979988250219
0.256303729366254
0.239655715992555
0.417474263175834
0.456533769375418
0.314364348784824
0.208153000248893
0.123213888552523
0.437968110806812
0.299220928663318
0.209484913804439
0.342551379413467
0.247072259322774
0.391161100755246
0.263363722691376
0.270115953507126
0.243874280144479
0.226200890155652
0.396313545227265
0.289036683529541
0.494552263173774
0.275595989144226
0.364451732910767
0.363634107459347
0.367961842938585
0.308154973106451
0.25744787661783
0.402119136981394
0.34497552547887
0.461232444271713
0.305879687386927
0.460948863529851
0.352942627956196
0.277971303622401
0.362256814102599
0.485675321421791
0.442135344737106
0.408915144118985
0.377398289741373
0.349167073770922
0.316403125062161
0.187245773619118
0.427899012827779
0.211353028621609
0.232131582374227
0.424727520098965
0.429175711688371
0.420151920019352
0.36463019435126
0.351544972407014
0.352319776198184
0.384866048920776
0.357170930592454
0.353749641709133
0.353349611203572
0.36849532645644
0.336347087270428
0.291570898203731
0.36183359790029
0.451328303317219
0.356207041967482
0.435758513230312
0.344242009249773
0.370891898952586
0.292980892379731
0.238458418619455
0.552913452357174
0.471601673237207
0.343655238480881
0.405832636068156
0.547724565269519
0.418137040346835
0.466534598938196
0.33634278409877
0.344591703730221
0.410238345444807
0.352390891689785
0.312601206105489
0.416800571521974
0.286977114630942
0.439569469011901
0.512060379601973
0.468946512316155
0.444673020830111
0.481560481163203
0.534076816155368
0.455285645510366
0.502091224302194
0.397569179927223
0.626354588194535
0.352455010869119
0.537178044447364
0.41534352892463
0.429024008895935
0.519667447993021
0.427987787742625
0.562093308852349
0.495654472800123
0.335430585085167
0.374861546208859
0.40259314023254
0.393550458641071
0.5956052087043
0.631561824727333
0.67320089996677
0.465140123833433
0.458036465987479
0.613308701281902
0.5020471259939
0.422906150257546
0.483551501042895
0.463478171058221
0.530342605047133
0.510300036414015
0.634009064183469
0.349826985154216
0.611823403606409
0.582877581769145
0.472736710105333
0.62544486047808
0.556695436933439
0.586770286798239
0.661592435474697
0.522618691265612
0.467895058840888
0.471071255013094
0.606611322193919
0.468187798737345
0.490221676639397
0.598093447214165
0.593097527162009
0.502799582054702
0.561193159507736
0.488228374886292
0.728932535036698
0.686471111521398
0.403947610387111
0.45674764008684
0.551378271285253
0.55848268246122
0.494465086656497
0.358843711801496
0.462996157059717
0.54353205327275
0.591741426773349
0.597410523524281
0.451473421595466
0.690812050365623
0.634289743124338
0.585880734706462
0.575380207934659
0.698185194142724
0.440621979182829
0.366777713215078
0.550658130974398
0.54128867885218
0.550637445740159
0.469577752967621
0.432607363090107
0.565313706600289
0.568609887221994
0.844459647599224
0.670449531857323
0.575926874307522
0.626332183424504
0.707898173850683
0.653049797218713
0.676255838760612
0.63877164628238
0.578584473636732
0.583246994937752
0.561064918785594
0.686399413241766
0.504055459832162
0.676411960415221
0.70084658262936
0.67718864257369
0.742421119221502
0.572947511285083
0.68037774270935
0.643235407607115
0.688495266798217
0.589293796711808
0.747940358969411
0.831160919009262
0.820463578051548
0.636671129277263
0.618054051252129
0.671603339014643
0.806916575778183
0.646230024653349
0.701086631716655
0.6966494641703
0.680877557998519
0.572301961457599
0.598259017341474
0.645752140490195
0.576013967752596
0.801640462840512
0.56478604869632
0.616036597546216
0.483193721909908
0.613556078883121
0.636709760617345
0.520526900746513
0.669211852028727
0.65381851800771
0.731755376886076
0.620722337178779
0.725923385172435
0.64938930200277
0.54007862994716
0.616154783241125
0.734498255777282
0.796844388810402
0.808356579870581
0.719789574848199
0.717852187726695
0.76583806177204
0.62684746163306
0.596427204081308
0.753447814710783
0.72927272099492
0.742101109283563
0.756929728823942
0.824169453326735
0.681101755967276
0.815926688580333
0.79597484667855
0.661775907195103
0.647141834597787
0.662633403871056
0.70599099585947
0.835548073298089
0.839629911322036
0.575588636446966
0.70372206095169
0.867916580795034
0.797452311268114
0.814848271042143
0.656129562834061
0.871153770372595
0.773772534937812
0.810714089892332
0.765655417673813
0.786930834250467
0.896705625745394
0.656491975993449
0.857887539648259
0.78800038032346
0.777592037095927
0.728116858461117
0.779969354381611
0.870033980790237
0.780029562034676
0.804046702453196
0.806086585675424
0.779927939209948
0.752804703656261
0.781506925381558
0.829030701235416
0.698213209602168
0.594907007316962
0.969804958012447
0.693705812146306
0.903584534898787
0.874014057343881
0.860907400231563
0.714197404269416
0.825700894850677
0.922178456471977
0.727259558554654
0.822942026008469
0.841123496780355
0.89860121178749
1.00207470314805
0.844856869309158
0.656761601673167
0.778635094603669
0.806727290862836
0.892754072553307
0.778026180088141
0.831449142003986
0.845475994582476
0.819279715916414
0.693914158417252
0.8879521467488
0.831313809001266
0.964941930426859
0.9045577391084
0.74440050247464
0.960783213551795
0.840775486451934
0.827143549939228
0.749382678113725
0.839288491369947
0.800965954825095
0.86461088932271
0.939896496200092
0.872635311654194
1.05859427853732
0.867996160514252
0.884370968582801
0.689599924859612
0.971818514355593
0.958627607655089
0.931796515185077
0.845287864151612
0.934473771280248
0.859627127682645
0.826739432665729
0.800247308997862
1.04369815714887
0.946392806170426
0.851463086028273
0.906606820598255
0.856895921467015
0.892879935094373
0.954942413057731
0.944921588677766
1.01345718069828
1.00220567421017
0.885696803500776
0.802748137713101
0.823503205818013
0.904213599783052
1.02594258257678
0.919974441524528
1.02456734419517
1.04582939036491
1.00389542780899
0.881443215306737
0.820537288933056
0.876545762460719
1.01270204846755
0.840549119826831
0.926660016133161
0.966081307773841
0.910118758242467
0.858053689746501
1.05526053259207
0.919546872734167
0.762754521056934
0.880644524214626
0.875481754150031
1.04174846493494
1.0202621909919
1.04444616188948
0.949249885345142
1.04587074466559
1.09137996013565
0.98259226174111
1.04718070258794
0.962077452250617
1.09506217376821
0.978004444276034
1.0097491161956
1.01490793692388
0.929399567449097
0.941355540811506
1.11632205587572
