-1.1943917018872
-1.0804203683231
-1.11296238006853
-0.900158315381882
-0.940096685024391
-0.94107389307624
-1.02001926529292
-0.933520392738534
-1.1545055486197
-1.02630603035186
-1.00672819084095
-0.972298080994621
-0.928533331789094
-0.864486773144938
-0.917869575473841
-0.984421209683349
-1.01162761284211
-0.986434798622357
-0.957500177929071
-0.896341431375268
-0.933990800328255
-0.972090112044455
-0.866822856854942
-0.905126157922468
-0.97863654740199
-0.823189113449546
-0.914063667817961
-0.890888309055629
-0.945704744074338
-0.963479151953691
-0.980726104875193
-1.03289420837562
-0.907818474642728
-0.9245088815159
-1.02799952888514
-0.937238720867051
-0.916060546885536
-0.898796443063836
-0.814309427617596
-0.826241263859643
-0.896350100696697
-0.792023650035233
-0.80170846432902
-0.802227750130379
-1.01284441178079
-0.933206078955919
-0.898563257399179
-0.950206126798452
-0.890941176198454
-0.870646570928366
-0.774706660304884
-0.984662991428505
-0.864913738965709
-0.879465089134573
-0.900872981516243
-1.04857862482418
-0.932826224582164
-0.920887907752056
-0.954991734894573
-0.903730574152582
-0.707155083413325
-0.935784082748708
-0.891022674421353
-0.774052271354334
-0.8275505551975
-0.709335119273143
-0.883701843167799
-0.835744732371273
-0.826052089755755
-0.825873608800682
-0.855639743057406
-0.843075558204942
-1.07215266367052
-0.979298226631869
-0.948728460858833
-0.918472928250911
-0.854360237036733
-0.723482044903241
-0.7501063489602
-0.831198384146903
-0.840933727494042
-0.825918235026983
-0.862031583853803
-0.853385903424776
-0.804148932951854
-0.734098638336853
-0.812865184457952
-0.890782767525444
-0.878901944725417
-0.791878673282795
-0.717970424879468
-0.733497864961468
-0.751552661931098
-0.618057034723643
-0.822092682632184
-0.901550230341922
-0.860607315262965
-0.713534481328018
-0.817956992147075
-0.724039527538879
-0.855480920924274
-0.79587270091426
-0.81973761655352
-0.897459563215287
-0.821700757916315
-0.872744704022207
-0.78928144344936
-0.805517313102537
-0.805599608814888
-0.793895080775124
-0.784542598170859
-0.808260678601258
-0.755147695056583
-0.605171555258218
-0.778523498736081
-0.880692425216323
-0.646635107134655
-0.706578348215811
-0.630413789709615
-0.66755661016739
-0.658377229892727
-0.782055982244297
-0.717164162156048
-0.802890715523839
-0.712768232388555
-0.693650515995775
-0.720926668921618
-0.59220466400761
-0.664272376012963
-0.790735898410726
-0.68612688569615
-0.885888045704176
-0.623092476362257
-0.633568446277323
-0.729181851460229
-0.783882175627113
-0.741443467499433
-0.707920341030488
-0.657336068960953
-0.776555901585096
-0.690651449138297
-0.772200782283279
-0.791709458711581
-0.87919147381743
-0.619184205882414
-0.765907271349872
-0.621579158903787
-0.751271234614498
-0.734671329094797
-0.741941654096202
-0.563971563725114
-0.648338882352754
-0.776725640438909
-0.5861179350971
-0.779374040035025
-0.718809001364648
-0.609389953006022
-0.709192835854322
-0.759553366125135
-0.769350818305829
-0.676132121160954
-0.787289734953934
-0.589249069097354
-0.603956918194655
-0.677256046887628
-0.572426348987222
-0.551375846892996
-0.731293689951106
-0.557716279418188
-0.756104155221795
-0.734770185665221
-0.64809371899721
-0.733236270468093
-0.549984173742316
-0.694728319268103
-0.657478986116191
-0.68565003338655
-0.610138907480428
-0.676260978351437
-0.657651763232766
-0.685809140979365
-0.625470078151057
-0.608786820249909
-0.5778906747429
-0.680903534007741
-0.623413879693926
-0.611878352823871
-0.664829262868821
-0.666320438292752
-0.847246981046144
-0.538255090874218
-0.660979141597698
-0.633842313739578
-0.618606892242823
-0.636701876919126
-0.670581842022436
-0.536680916244183
-0.726042216018377
-0.566582793438473
-0.588183706072979
-0.591632415850973
-0.693449921747523
-0.63362041192144
-0.660583828048668
-0.60434243103504
-0.662044031031703
-0.415414880412282
-0.524303334129997
-0.738946689069573
-0.653654307983901
-0.553081990528231
-0.470035906578199
-0.543256539104607
-0.507727288583957
-0.687703633521139
-0.425445243607615
-0.416511316810916
-0.703847534207831
-0.617364013336872
-0.536207190118118
-0.523808603660662
-0.50990134276821
-0.64328908386486
-0.43688918415409
-0.485110546334695
-0.638768518154893
-0.683399095091859
-0.475146092293005
-0.39374662573638
-0.416955963625444
-0.616498325586244
-0.553151023565907
-0.383220937440903
-0.573641945818285
-0.51444230994421
-0.559574287880179
-0.579343040114436
-0.399418701810551
-0.569698532157379
-0.511784813613241
-0.560417741280173
-0.408356961848024
-0.572743235359165
-0.489757232799622
-0.376027748408943
-0.516578228258061
-0.592047585890857
-0.565448380034935
-0.446629412221989
-0.479099030310861
-0.578265988325224
-0.515667201839233
-0.519297117497365
-0.531640358129219
-0.683235118476975
-0.478212418062115
-0.423619764299877
-0.370876480667181
-0.466894937673025
-0.553151101577916
-0.478480120306612
-0.416842196712736
-0.539910579593884
-0.396346556862995
-0.496967858528337
-0.436128489757161
-0.455904250885691
-0.459711675635887
-0.360506499470499
-0.342071246279278
-0.47734283598805
-0.536941345514305
-0.47695990946468
-0.312036174042689
-0.456602834717571
-0.400825182550234
-0.383370385179061
-0.506015514868282
-0.54620852905252
-0.45475133695636
-0.314465835750801
-0.37926919805914
-0.530194685650828
-0.426661633594975
-0.376038023327763
-0.369498110013628
-0.466685025744691
-0.467371972192468
-0.304751099408756
-0.338178963424283
-0.410775718295312
-0.56316108882117
-0.404531702939746
-0.417499761511447
-0.426904610067014
-0.315138618604193
-0.53246551033389
-0.355996911868798
-0.458176183420283
-0.493554303673109
-0.34485825374184
-0.407299295119719
-0.356139326731691
-0.396658857467631
-0.222191158155974
-0.248436108719821
-0.384179520971344
-0.435330866971653
-0.304759807681935
-0.491754124093429
-0.316601254976538
-0.565671537921525
-0.476296726893733
-0.246961804302111
-0.400098964755101
-0.285648929353392
-0.395696350579778
-0.519457016207022
-0.264114744300223
-0.279133056250491
-0.291775740219214
-0.32678522521062
-0.235640990778116
-0.223242832294908
-0.322635692621634
-0.330932768521259
-0.34238102270775
-0.302884868061899
-0.457600820605524
-0.352954324860166
-0.339625864293438
-0.340069509562666
-0.138450949893283
-0.397250557540673
-0.449646364762752
-0.425472102620894
-0.335594610554542
-0.382506605144918
-0.292837878517053
-0.403638935184247
-0.289240965633295
-0.408778668468831
-0.342160926665563
-0.261642903159716
-0.336639746269569
-0.26252105386799
-0.423769498417861
-0.314115479219229
-0.275126517024004
-0.281157138229753
-0.490291407314487
-0.342880169370037
-0.253470224717722
-0.225941771599121
-0.3117520472436
-0.347471047758586
-0.304567831586658
-0.375494801792657
-0.180022352595084
-0.310142513160448
-0.25315340318335
-0.418154176130217
-0.341886461056127
-0.338791468836144
-0.252797842677741
-0.395112521322792
-0.273675839895558
-0.243381643989672
-0.145352715810018
-0.139714931762666
-0.162611498575214
-0.320398206785736
-0.311627270557096
-0.220039405061308
-0.320334147469989
-0.160820503131563
-0.284102342022397
-0.0461296520578747
-0.250413979046426
-0.458741384593491
-0.34508917226533
-0.215294971874653
-0.158748902604735
-0.401370455361073
-0.375724253814064
-0.268848246492008
-0.156865776936547
-0.132670803020187
-0.241263055678714
-0.177426727036636
-0.294324745290741
-0.150150931806991
-0.119904279812985
-0.345796931693417
-0.184408164716988
-0.307524414814846
-0.1935636458021
-0.168518843503935
-0.167804927423682
-0.237815056977923
-0.114690422102752
-0.20272266744087
-0.334062639936334
-0.220836699593945
-0.0732695669044841
-0.329660520306379
-0.175577029486508
-0.198886242900905
-0.00470120881576982
-0.193127392380511
-0.152412361488754
-0.0757702715174219
-0.247036001332154
-0.205938306337907
-0.160365853608815
-0.361982801457757
-0.101736299033635
-0.307409512105631
-0.13847473632443
-0.0946406368905816
-0.242022455702895
-0.144361277176391
-0.222098867197828
-0.248543337501389
-0.257869127996985
-0.101207393932217
-0.14365255265003
-0.0213911045005411
-0.153735770518677
-0.0325322912381549
-0.242202072179715
-0.298318843224259
-0.230743741703315
-0.163361339719412
-0.241073712445546
-0.0568857352053255
-0.167673556525533
-0.00873820213187554
-0.0548457065039819
0.0252005170592516
-0.0216346457862356
-0.106975140351904
0.0146329211008191
-0.178622054290848
-0.195763675535706
-0.116030844102088
-0.100410904333295
-0.0215922716217557
-0.181753449345437
-0.0898184863129472
-0.125587685459597
-0.0134753938243536
-0.179984627972589
-0.185679440888586
-0.165173722912375
-0.0650139527101185
-0.0780478671303629
-0.00505463464106041
-0.188944888550376
-0.20236987686964
-0.116702815146338
-0.0156138231726173
-0.176207701861283
-0.173604053139253
-0.171800650561118
0.0408716591996917
-0.105692598475563
-0.0550068059599564
-0.147058628171751
-0.16185916035019
-0.16731823875288
-0.15940070496535
-0.221010384698697
-0.112586033608531
-0.0651129757846513
-0.112770443350133
0.0837071106642661
0.0142111501284868
-0.13128819078616
-0.111892736471727
-0.132645688091599
-0.0122589332570619
-0.101804190765084
-0.188331660110914
0.0838489581633073
0.131026615421278
0.0621524784409918
0.0404877690255326
-0.167979751571068
-0.0652833266410485
-0.0523766745025291
-0.0490775931103098
-0.0135054128209427
0.0502723766467464
0.0302729736686886
-0.141042180087402
-0.161065103327016
0.123766978346054
-0.0804439865501326
-0.0076743545524541
0.0528862475241969
-0.102402459285625
0.0569051191382957
0.0652794132762811
0.0426181549186008
0.0295717602790805
-0.104530340388602
-0.189995687292912
0.115719983590046
-0.109016461388438
-0.0363423223065541
-0.0201072064455184
0.0499810216925384
-0.101216729272472
0.020245650533863
0.194069065552087
-0.0299672218401041
0.0480478479391836
0.11926166181534
0.0821169722876917
-0.0121486376148076
0.121731452971404
-0.00792198798895901
0.0435803051309926
-0.00217380116720776
0.202799838991053
0.138039394217396
0.127030937598639
0.0555912304644401
0.0712849060681637
0.116752699373754
0.0458846738103332
0.038331598996668
0.126854900672015
0.0275945047074748
0.140816795002284
0.0398759852132359
0.0312591291155726
0.101529697262694
-0.00392763292360948
-0.0115568272777568
0.146187338347692
0.0946708633070715
0.0279519103110506
-0.0623025278974117
-0.0161992220049871
0.194437488879144
-0.0044465793354722
0.138406127180322
-0.00533756287497912
0.0287356443430303
0.0884241065507825
0.0377783923118624
0.159359699145497
0.095723140705253
0.232153496116092
0.060723386076657
0.190523930573707
0.0232324837536732
0.156088994316629
0.0227409767807536
-0.100717734206018
0.110390753406616
0.0744583293399057
0.220696455906482
0.256526000235402
0.248069025502116
0.0306572453935373
0.0998974716774435
0.230769700637511
0.137636454489814
0.0930134461254975
0.14862813563808
0.0908258699685135
0.154289066611297
0.145046711949504
0.0490753614133614
0.129896643639168
0.203724172559743
0.0858364781643904
0.333195083706294
0.0248389743185028
0.203779052065845
0.192540831547422
0.184636551886718
0.113759524681526
0.224028479113357
0.11183434353835
0.162764362282427
0.319584298113537
0.314980137352885
0.275691515780533
0.124359515880425
0.0799654335964675
0.130986308650655
0.194237394601473
0.108150522218987
0.21188953654184
0.141652271181385
0.29847913154947
0.106734949920166
0.0731319165111848
0.194483217416694
0.19635260605331
0.383554655290285
0.332009044370266
0.196658495768271
0.342765535607323
0.2272974445508
0.238328358246576
0.244034103898102
0.24076025995215
0.200170305423442
0.141345547594201
0.243703564548169
0.324544355602584
0.279331684345937
0.234863348286393
0.363078877469686
0.258052141770397
0.359375500576753
0.207129311932401
0.141579835014176
0.233606218428584
0.288655822875473
0.295677869554634
0.162815723964272
0.352262425713
0.24684859465198
0.302756378802284
0.286704389371501
0.120053621006351
0.0946015200530353
0.192262923303583
0.39966976822193
0.275798405355761
0.263106909712652
0.323115109458855
0.343293944241837
0.208434835565113
0.0968926646612805
0.362045127978664
0.306175801548626
0.211792032489536
0.338344976549543
0.0839090294413532
0.318008446477882
0.192025251936834
0.231276168833093
0.268361606758334
0.263196349080048
0.267819935695472
0.371327091584555
0.336200120379795
0.418632996156286
0.3925119299284
0.445096938972785
0.207773589755795
0.403577335621524
0.277686740180853
0.352567957800532
0.214971267257938
0.380712924575431
0.230240962454885
0.506509567324947
0.44620316831013
0.301145700611275
0.319750710411576
0.370614646189678
0.391962206650446
0.232855962588896
0.238075323800963
0.304386637818314
0.344089694765194
0.412003463753695
0.382536095599231
0.275010724622093
0.470939049541406
0.448910315938967
0.411845686669586
0.478956442034331
0.487775734046597
0.353853751752504
0.394982667064071
0.552178087990997
0.173052103319057
0.346161304492609
0.421680772906226
0.254900864960437
0.303648747950084
0.243016606074218
0.530434063460154
0.381652154308742
0.30701912161127
0.49619406954505
0.423711982267974
0.376549543925999
0.388007013034063
0.418399393009093
0.356004933943888
0.491397918486749
0.413841844513135
0.437046077594814
0.401368337534389
0.447202484954743
0.362223665065205
0.376539221072667
0.446187417704199
0.377775365710812
0.402832907570717
0.432361722889709
0.28393660147604
0.379628411317504
0.400940089608584
0.495111594302748
0.389688686263441
0.443259260510734
0.375511355923068
0.450352448848916
0.444699311957371
0.268921336203431
0.390195221885356
0.546410118400812
0.474721405387198
0.551745369007129
0.617647245224031
0.453853651820109
0.466341433888725
0.319219533643153
0.544991168597226
0.475673663659157
0.333342513623002
0.578827421722225
0.487510873075183
0.49713947024191
0.593954723352626
0.446268446870012
0.5328963244618
0.527745229611632
0.566271286320763
0.436325611813041
0.575234823531517
0.413404257547166
0.544769683087251
0.414718589373915
0.410183510565721
0.445880613505125
0.730219803785917
0.515471583501767
0.486797918872597
0.426845923852802
0.513424937690885
0.576088191825028
0.537220102913395
0.384155559767203
0.582156753984805
0.680324918191435
0.446876044368489
0.455998211833463
0.431114843447188
0.375550734408751
0.534506235035316
0.55731510350741
0.504465360396279
0.531946851437264
0.50490279907234
0.443543804800629
0.42845732772168
0.521952544039012
0.546555856786934
0.576661218191861
0.641873647382728
0.638392243186335
0.373879631103541
0.51681845122642
0.558417811397959
0.60392713273811
0.595089708317787
0.423626235160567
0.564925814512005
0.630077966417337
0.606696998054307
0.553984909396303
0.653852955577855
0.569762946130039
0.505095122108333
0.628828952399226
0.55184019268571
0.64336199079124
0.552551957945886
0.59791749156861
0.369139456107669
0.45281845723731
0.591046451423599
0.541553842267072
0.616344958993704
0.524920230729734
0.582463078056599
0.53274201554964
0.562351378930334
0.610954418804706
0.552335169266745
0.439190576731146
0.838919029169477
0.648163764589696
0.586390363290745
0.58264687090274
0.694087705576303
0.524347623157661
0.685864374127032
0.61125873531958
0.604345491738361
0.57488523785797
0.616190684861197
0.611944699419176
0.634886449417378
0.729871035343834
0.562201112004536
0.722720732227257
0.544503855363394
0.580776871879764
0.693115360220107
0.585435009540305
0.590143927110528
0.779295806932452
0.75225663631927
0.608719480904296
0.656005267468098
0.684519338736309
0.721492897436395
0.715080019824859
0.666962250208707
0.768946723507181
0.767811120080143
0.725597379701167
0.580227819703105
0.605669776881939
0.710178498507331
0.740354491219094
0.749652272819569
0.658818119849803
0.535387213779331
0.631014424713758
0.777816191622913
0.605793975291386
0.713030916826216
0.699654943345725
0.825119973375586
0.65902001191172
0.623100396080097
0.566499868186719
0.759925677070509
0.75592220491196
0.618281911657554
0.665461974908662
0.697336102810673
0.714873723621085
0.696125575781548
0.664071352618784
0.71166876406055
0.578938045448998
0.859782768516261
0.619809855179672
0.562834266854326
0.775096579874142
0.744412025659606
0.776353969741164
0.678497711976814
0.8445608526617
0.711080152198329
0.736970126719165
0.707406623041214
0.727080889890275
0.69943203056368
0.840680680935846
0.887258572951549
0.886209438176708
0.741196450715609
0.67841119613466
0.574009504085837
0.722521264822427
0.735228960056039
0.822256255066312
0.757919785214413
0.701526556310857
0.870353120602363
0.708498575327625
0.85059466203599
0.762606164856709
0.661046307047867
0.823164676828845
0.716999588495634
0.95138429162539
0.747263401444289
0.666169728031894
0.818753362118086
0.842561054369443
0.688548119403928
0.768910607869861
0.738057879306092
0.850153675936381
0.767606991091565
0.815099093121533
0.678151444977996
0.650340814433065
0.874896976583853
0.828320964220332
0.804505948645005
0.859462985424539
0.850860296173702
0.922625871256125
0.843631062006974
0.792519489371149
0.906575139392745
0.962406256555753
0.762581835138574
0.909014257626576
0.692791791028594
0.739389270046467
0.832106354591575
1.05214642375138
0.741531328060125
0.864804227566848
0.813458888763535
0.675881764623571
0.830549593415959
0.919460104778196
0.788880172386482
0.755320898023828
0.880448529368279
0.860907504980403
1.01011896580794
0.884248325114634
0.919908088748126
0.88004728291189
0.992619971134964
0.816657687877094
0.855285293182656
0.95697914719246
0.762481170371392
0.968769924141695
0.941157938289056
0.680750698344582
0.902976815975992
1.03514278649816
0.913540858943034
0.743769687684671
0.957481875652405
0.788395500882642
0.901223308795813
0.885944924180514
0.74918608790596
0.837113183671394
1.05682275974208
0.834817451325388
0.823268158698274
0.977964316064538
0.91514413451152
0.879879265148071
0.969572404032709
0.882045568515139
0.892137157130079
0.889987247448116
1.02379516771813
1.04292884062412
0.81079714992233
0.933305314046568
1.06876549325012
1.08135434670283
1.01325168849451
1.00362770794635
0.941057730077056
0.831513316238067
1.04513568460579
0.977332435652546
0.902138397273864
0.794401753459928
1.02397610576137
1.00042035179562
0.789416821545922
0.756150806538703
0.829972716464439
0.948357660422474
0.835272848351323
0.965497982128162
0.839622737313453
0.976284900674624
1.00987907543254
1.08234378396265
0.999194631503016
1.00689424606002
1.00046024627653
0.989869681440316
1.01791110334139
1.03142061716201
0.975645686858843
1.01530603865608
1.27412370537602
1.12719589552669
1.01661606879594
