-1.10506895583614
-1.02687878437125
-1.03199297417028
-1.02403778011497
-0.932380062491517
-1.00427002090286
-0.898964968842592
-0.96775834958747
-1.07865606583646
-1.07847923392825
-1.0214001671855
-0.972221226203831
-0.939065587921749
-1.05812319124461
-0.896281868901802
-0.983082200808157
-0.921927107071466
-0.998315998150086
-1.01941108606385
-0.920858340894534
-1.08429616190251
-0.985936740433102
-0.894687084316327
-0.858750622863644
-1.02861898634236
-0.911788911699807
-0.901010544054379
-1.03245620003052
-0.95541963092844
-0.922027256678697
-1.05764158030086
-0.850974542593074
-0.888391235516564
-0.807991937526565
-0.859104622648845
-0.893774482244046
-0.795565096347106
-0.895659243579623
-0.90669809250218
-0.942103525156422
-0.891192763087726
-1.070427552113
-1.06710669252475
-0.975984151206268
-0.822935480014859
-0.940802686215494
-0.993713833679123
-0.848101336363289
-0.785607506436143
-0.891716119602888
-0.891040043026154
-0.872757670098673
-0.849265076616461
-0.843329518487279
-0.860148951584715
-0.843977890004843
-0.912263129132989
-0.817372304068649
-0.974194749877996
-0.953506230914281
-0.848488331827494
-0.883789656576904
-0.904759686879349
-0.849941087588426
-0.884916995179889
-0.933100769695331
-0.923916502100052
-0.82453353619896
-0.878547361844078
-1.03751633883067
-0.943347503917549
-0.894727371600808
-0.963299717753153
-0.813578633823807
-0.836209626018674
-0.857568080322083
-0.87992692799461
-0.909849803258133
-0.869112620426958
-0.676878454682094
-0.869610035538276
-0.853433240539768
-0.825336154846139
-0.84878036108749
-0.902730594717007
-0.829422238076154
-0.773003889461855
-0.876814086072768
-0.805170729842423
-0.914898560836737
-0.788804880968442
-0.742332959183062
-0.841774740968991
-0.842979907304146
-0.779033328930462
-0.840345995189184
-0.828024510882697
-0.716439466894644
-0.766569829188343
-0.708015517839517
-0.836072479904394
-0.738210156102587
-0.723083382753033
-0.708593834492295
-0.740007885416857
-0.890400153211866
-0.632057930736402
-0.708200900782054
-0.739758894002476
-0.805286587680925
-0.836468942488967
-0.849864994381868
-0.764724623312722
-0.820017724644309
-0.852963722152851
-0.850220076894982
-0.886671295599339
-0.599821141243722
-0.763088900343401
-0.746457424331049
-0.776882568361119
-0.895554691982658
-0.813417574878439
-0.604389082874371
-0.479175250611979
-0.664256861609002
-0.713018065470171
-0.746728587849928
-0.771050005719946
-0.813855892655319
-0.736710808674664
-0.743666973392735
-0.752016986513948
-0.722381108708845
-0.645742306528865
-0.787895479882305
-0.828055665159346
-0.833748423764944
-0.588749358651271
-0.689242305895437
-0.644315926257569
-0.731109418527633
-0.701034621854486
-0.688484659742609
-0.62903531721254
-0.743412066353154
-0.807735791865194
-0.758919630995019
-0.656076223092234
-0.574453995384165
-0.55884747504758
-0.666832719581466
-0.668871155457315
-0.613896152386722
-0.721397170405662
-0.690152583554161
-0.849752300050875
-0.773178696115131
-0.563568796821885
-0.666470835711036
-0.701173492704723
-0.692820752326937
-0.794692054464099
-0.803395631979155
-0.690038183615269
-0.801020634915783
-0.610801598963296
-0.531105938610543
-0.652482873150163
-0.539380948361661
-0.644798251000091
-0.63466337117774
-0.646817234027244
-0.59994728437867
-0.639145303255162
-0.644959526444752
-0.535526112017178
-0.599052539287256
-0.561290756763137
-0.741135933479948
-0.691817632422781
-0.687545878137707
-0.653118172971805
-0.598911440471897
-0.574120170910748
-0.592599507674809
-0.659368312122811
-0.683504945027682
-0.550027642888773
-0.698174154031593
-0.629906974025657
-0.593008049342382
-0.609923440885762
-0.466166612320947
-0.587898957435424
-0.637124520603973
-0.610339633099297
-0.629381207226223
-0.683355116982996
-0.542304640556493
-0.561227864288236
-0.581593826213618
-0.658345413821347
-0.628318612259252
-0.502512588316746
-0.632058189200131
-0.5492142687527
-0.564287207141559
-0.433378057289392
-0.547199182068418
-0.604514841538383
-0.534794180857918
-0.460787481571202
-0.498237898687941
-0.565352241568323
-0.507332108770563
-0.377960426225334
-0.541719797302196
-0.569952548217771
-0.477591643363106
-0.606046931332922
-0.534923807002957
-0.692060112879847
-0.544296519365346
-0.597238329750792
-0.419244365171626
-0.475303114120876
-0.670520879851986
-0.446520291508697
-0.551742486449785
-0.554083498278991
-0.603758833643209
-0.457432104088315
-0.566874450964059
-0.544089593581619
-0.534766216695869
-0.3702977674983
-0.435833891708818
-0.512532387143862
-0.518750841844125
-0.500226415889507
-0.534258855331035
-0.661987477397537
-0.548886877609754
-0.432076523335102
-0.674451538430764
-0.313568121182781
-0.593613335626296
-0.513747839734194
-0.533596182592927
-0.403390997535874
-0.649232317858249
-0.322100877079378
-0.705868149090755
-0.596897632711021
-0.458227420141697
-0.47562293477635
-0.529844269970025
-0.469279004619012
-0.488138723543364
-0.417654703810012
-0.498606665969072
-0.472850912361859
-0.285631905762731
-0.548268361587016
-0.616642013343816
-0.463002230047709
-0.420517222603147
-0.502328544696161
-0.46523217464196
-0.313178074427927
-0.36993595166587
-0.544103398071628
-0.571507004139732
-0.356588662840358
-0.372769483599557
-0.358479863536356
-0.424684244297436
-0.602661588358107
-0.513509652424072
-0.545452175806028
-0.294339873239725
-0.555501716276943
-0.37637126909303
-0.359677244901073
-0.320601848283861
-0.316327195154686
-0.634472964455661
-0.381432349851075
-0.526901959279805
-0.675755843089488
-0.320062793490758
-0.542826285565487
-0.448941090473334
-0.438846259157036
-0.396441475945401
-0.408658608402641
-0.452816893611277
-0.427122416586946
-0.3030375369209
-0.340955706208987
-0.527552906284127
-0.436426967769022
-0.49703874654737
-0.508539422398005
-0.383091075859227
-0.367029486943533
-0.289922175830646
-0.434710091421674
-0.303935241592856
-0.444290075577426
-0.414452640620769
-0.361330769214545
-0.421977261978666
-0.297468053263765
-0.479210314289253
-0.232466789343682
-0.223495443735612
-0.311521051471678
-0.469693176052196
-0.316325390607384
-0.447611525461964
-0.415810021453856
-0.343354442737106
-0.489058612300569
-0.305806636296065
-0.228155291921528
-0.306076386029943
-0.398564219041024
-0.320998312758387
-0.356049730560276
-0.352456614830936
-0.280553273727961
-0.118317627867042
-0.422621815264319
-0.297122359568485
-0.319244563320822
-0.396810933138272
-0.545257347125249
-0.363832947541171
-0.42243805192578
-0.172496921776179
-0.324036700375936
-0.338998938021563
-0.206808915087722
-0.137454201567171
-0.340220493812402
-0.170991648283368
-0.396819359968696
-0.298796431802547
-0.27862717190018
-0.40516309579815
-0.0845196926927593
-0.208914680955509
-0.324134988939339
-0.328996018288531
-0.329542745859239
-0.369137777636556
-0.325842714768165
-0.347777491116056
-0.280960432108253
-0.398897869269534
0.0182823902358332
-0.397752358271992
-0.190082570509179
-0.334795185989132
-0.296913811556743
-0.099728170309211
-0.359074598088106
-0.31116863398332
-0.305990679014029
-0.110926895719672
-0.192196608628948
-0.135214884997225
-0.204110406003692
-0.208269148486593
-0.203921141314862
-0.252281219990721
-0.262241864339606
-0.446879198612302
-0.240150270663954
-0.278543575440993
-0.191698255945016
-0.080567493890316
-0.334249949308699
-0.179592866250607
-0.336976896082769
-0.260052900185903
-0.282801873420988
-0.319350521324598
-0.273701979237499
-0.0695163510250342
-0.0912683206121146
-0.181113741757751
-0.260803439856631
-0.174172155385424
-0.255528817901079
-0.341351109404065
-0.17841258244778
-0.255559058888827
-0.192629290898039
-0.285724043510496
-0.143208650146784
-0.347977125172917
-0.194470727117522
-0.208295291294187
-0.26196863411878
-0.176029332404374
-0.220968952247986
-0.156663422177319
-0.172437658108752
-0.0836012816151265
-0.032573874362981
-0.180364481467108
-0.12935011200527
-0.0375429214468943
-0.22480260233832
-0.222955195787637
-0.179695472309272
-0.186249787035637
-0.0607571870112986
-0.25151439929242
-0.16007107814229
-0.0850387701507253
-0.267696813850663
-0.204993173192172
-0.0756499248267122
-0.0397388564467054
-0.142801935094733
-0.152086234862271
-0.139342672732129
-0.154835502320693
-0.260435839978896
-0.102647514723227
-0.0731013210984765
-0.171427813229311
-0.227842803365315
0.0149883773466064
-0.183175340678014
-0.181220230073901
-0.096643541314688
-0.0893968614442783
-0.0235627144113086
-0.012203246149402
-0.163925193373165
-0.169480069246551
0.190769696869748
0.0220942417365539
-0.0610295034237248
-0.276310388852432
-0.204092985551435
-0.239584503144056
-0.121441854386898
-0.173904860954392
-0.0697993400036989
-0.144372922863781
-0.0684020755895381
-0.0862860864123351
-0.147822303217682
-0.110417106569757
-0.0277005880989903
-0.0197086452480492
-0.141623986352828
-0.157367458481605
-0.128984874956455
-0.0172485443019022
-0.011848978549954
-0.0768356535259036
-0.00220819655025
-0.0893854196898973
-0.0266041330448751
-0.0713646496459382
-0.138198002302399
0.061515404183604
-0.0674295135747413
-0.129796078678464
-0.0641657403626339
-0.03384915115174
0.0315404431414981
-0.13100738460616
0.0611476374016099
0.128260181348128
-0.10444626254897
0.103351728876654
-0.0636648149832774
-0.00472316955479357
-0.0688837164942625
0.00507181385379667
-0.0488054756255566
-0.137455052371832
-0.0197140456717313
-0.0549929796631565
-0.0471864039689088
-0.0208469618427314
0.100309287350024
0.0973337412044333
0.00412734580311539
-0.0757543125325227
-0.0162049164370643
-0.118630657653842
0.0314894082898861
0.13386164619249
-0.00989053810648624
-0.0149559703047342
-0.124394328808039
0.208578037671515
-0.101490233544186
-0.174004143842252
0.0778696381727969
-0.0139578987553461
0.0599786568251374
0.0808091199263588
0.0227333759350569
0.000622226609917659
0.0487069655149543
0.0457485501159512
0.0939499121256637
0.124912615107086
0.0815773984973827
0.0228805932964289
0.0843029530513005
0.0896211861428575
-0.116965577174614
0.194357585854046
0.0474339977318348
0.0218925226665863
0.141861247846879
0.116594995920331
0.0488029640180464
0.00202776309133979
0.0976966334766817
0.117261076386625
0.117731872564623
0.0697950743111134
0.182423254545778
0.0236052025479801
0.0444863477212997
0.0303086385823303
0.135037673033489
0.165489409541149
0.112451541705059
0.248130789918254
0.103407767731757
0.0123109385260088
0.0806474726745102
0.151323284360365
0.0942709039466244
0.0568192603863973
0.0338356160514808
0.033313736105678
0.128716617798841
-0.0221565256958511
0.0737392500142958
0.00209331582817254
0.192609030139643
-0.0342983674217975
0.169697508479118
0.155539179456948
0.102428487249196
0.279570598703465
0.291959857236344
0.210690090701865
0.135056413143263
0.137097741687234
0.044520636986119
0.207692178252873
0.068478107467606
0.0566119862501828
0.178205445739584
0.0184395781164322
0.178060105876647
0.145674633645521
0.0365659413106955
0.120769321344742
0.176982535757093
0.0767968215473827
0.246337359373897
0.260221654454693
0.126982291364165
0.138113560035969
0.0917246935016831
0.100988964591705
0.210961663082046
0.18666541140037
0.14433544794889
0.234799670767104
0.0552774568228731
0.334893890862842
0.243692541729685
0.144647363182504
0.200083004426533
0.113272453083886
0.184493923998877
0.281585683594927
0.0689091637866673
0.258091144860202
0.185268053480405
0.0358714549329721
0.151407696422983
0.122290466450792
0.242577682447142
0.167554729788466
0.313840854611066
0.264655170711226
0.134922468611831
0.389855991098766
0.29214749535876
0.0718534854290714
0.178088000779709
0.116238098828831
0.215672087374326
0.27102693169129
0.24586378508235
0.323415367109251
0.33410654578447
0.26343301723069
0.282810302935082
0.306211261141227
0.255541629142724
0.159419483938316
0.164667250177168
0.247536774343548
0.192057470698078
0.316730771965209
0.271762290656078
0.315793404572393
0.270521965037159
0.27963753357153
0.277865501356252
0.329760980119304
0.292961567785222
0.319983956827861
0.279901391351038
0.295734049397734
0.299349760505423
0.238239872466371
0.309919806787628
0.349540561203216
0.258504987381407
0.204218542128612
0.291336692365853
0.336497137268796
0.366639483571681
0.450908634979602
0.269602417374537
0.255166168496663
0.281828733491159
0.37898432224173
0.31508546893756
0.155395783358344
0.346758455658669
0.177887537000475
0.2757950668253
0.260242660638013
0.268140349574598
0.366661271523762
0.379856856610345
0.44616245213956
0.230578975035541
0.334086226856771
0.282022323547456
0.318592205604699
0.260789462188061
0.2704480531608
0.233702438230796
0.398878615373754
0.413191626435456
0.211016026417768
0.318738795495983
0.228759657932322
0.22754160555505
0.197148964878626
0.283765700555517
0.40289724665323
0.385888584853214
0.344074420281484
0.31940429826605
0.258228992203492
0.496077000163698
0.437483034849833
0.546909093763317
0.504494558087703
0.313527582125958
0.397755951283985
0.475652710001011
0.358762251479001
0.420130174487274
0.539667479145259
0.29694862851984
0.339110786701987
0.453485056195471
0.358451900697612
0.346336625642736
0.51673150970365
0.385906530302985
0.2956735829295
0.250098429018119
0.431166599908038
0.281425942665375
0.29138016331338
0.367414066386125
0.317290090065483
0.434151413739407
0.435520399826486
0.32867445750477
0.400221759125792
0.258541973539866
0.363283407013569
0.331258506958146
0.527914794480768
0.437612073539974
0.506491343208072
0.403580985973845
0.3739299734136
0.256287084487281
0.419722539163598
0.512920600205902
0.400786362696901
0.36877524640638
0.446937033195913
0.476388127279904
0.471871937989856
0.37365027460983
0.48141568223798
0.520284900848104
0.479795300667825
0.287507872916891
0.423859967976773
0.419518910449565
0.559293286960462
0.556205911554511
0.398587492481858
0.398926604701104
0.470018619419856
0.439638950211948
0.476034304312479
0.383850309726657
0.443726018599333
0.479530454542784
0.610844679789182
0.525627824807241
0.600248520432501
0.426853506975495
0.57396287777065
0.525342725776353
0.537152411065085
0.487205596679322
0.607825727269027
0.542147064398233
0.489333944553625
0.355656240246468
0.336944630456539
0.473386249147921
0.399487533499716
0.566767188642234
0.434149280785791
0.590371609434011
0.516432639876991
0.472133495186271
0.679349968657707
0.630351652337802
0.638296202196808
0.466499386880879
0.526703228302321
0.424364013602104
0.572932418192874
0.519746147750783
0.506779286669283
0.619270974954834
0.586844148952052
0.537847326068769
0.512538057083411
0.660508115014386
0.609170838339557
0.530904526848951
0.49628448921568
0.650877990765836
0.598684340295775
0.629127296244357
0.365670129807962
0.517596279559741
0.70861059539758
0.530694899915569
0.669834798292256
0.595755316323552
0.632731035208633
0.602931788029835
0.700740728233746
0.600220990088104
0.626929259028103
0.726571658006837
0.528308896200114
0.554550642959848
0.56649704813843
0.498921954781466
0.531973049712248
0.529828227743019
0.619729422388248
0.661298785414144
0.512277892439996
0.626703879939089
0.507209044937737
0.682511704333785
0.656887478474959
0.536493964964407
0.583817869310364
0.49111146978328
0.52944451675773
0.655132867071957
0.630759310736189
0.580264135255258
0.638578580261733
0.555744216676329
0.692222039588244
0.794023248051095
0.427378234580317
0.501278909833249
0.524594271655581
0.64859050121192
0.636780485632268
0.576820499429169
0.575669135864651
0.626175423156469
0.634089682077086
0.666892108368565
0.766370309009322
0.609337652186031
0.756949332028263
0.490328104551567
0.612043709951342
0.72304876146138
0.720111557117518
0.635591917175682
0.563927272054458
0.733562608166683
0.792969596864449
0.590080119432085
0.830903246607045
0.782143951411126
0.614505306676382
0.692297553457741
0.839640568990709
0.765141510525466
0.626711575059385
0.641867277068944
0.666412645267378
0.662541406945168
0.644227948169271
0.583934810791913
0.713792132178248
0.534266279120397
0.780752441472045
0.847626109957903
0.675697952335344
0.611792274866268
0.678639930660428
0.707575675283611
0.646247252414597
0.678225451071997
0.628549881088497
0.650561193128184
0.601198338922369
0.790004090292116
0.704682374328042
0.673776640755359
0.682394948982862
0.60660855797505
0.559972362722365
0.71884596146779
0.843471501797986
0.794722196693776
0.761723610006933
0.616305549439018
0.782178194414915
0.531830034083288
0.859399338096787
0.738451591168192
0.795201525484435
0.671144571571808
0.629448043637163
0.59539310789857
0.845651412995776
0.663860611523545
0.866945720908569
0.767773994322767
0.725478620832429
0.777265331708519
0.674011151912223
0.773659211318679
0.801034685836322
0.710468497622983
0.683418853884202
0.797406261665814
0.745040212206894
0.737978689498805
0.799792824603674
0.812319714501067
0.804214567689607
0.918753725650237
0.809578314181637
0.863198253803981
0.836674917368708
0.841372312213836
0.821605069820751
0.751551550874163
0.633062236636482
0.925761541345362
0.872620741939756
0.885126928025055
1.05463684411777
0.9154256073195
0.845656806563436
0.790078149771042
0.819611872886703
0.921136263663152
0.757678838299395
0.771381828261947
0.853229959296451
0.97388208098873
0.847395469829706
0.824773128555649
0.745976550750027
0.847821251797164
0.890780619089223
0.859166173602944
0.889971960249731
0.713201640792657
0.729870729650273
0.895458673204536
0.886126750295037
0.948432952322044
0.823082855607366
0.910349260657888
0.859556432717325
0.910122632752945
0.799130104307897
1.00449108935894
0.849581929554425
1.03903303209475
0.756474824128569
0.814045986705377
1.04380229030706
0.829446462635418
0.97612053519367
0.896193889917036
0.822863925258872
0.795971526401049
0.969829240465051
1.06109596794851
0.779449943122983
0.94640062308468
0.886372307513609
0.847012114517774
0.972741239948355
0.963754679980828
0.920181277015473
0.875684180676866
0.879229039151844
0.985938896566795
0.861899054355623
0.816369154564938
0.907068552471208
0.9177681384256
0.839949472821953
0.921196355582272
1.02847496212931
0.934525181325071
1.02056381724595
0.869869529708726
0.835061538491333
0.85755768177178
1.01062709505231
0.989307861932883
0.826402761157782
0.946411201688211
0.95318084636949
0.934012630144148
0.907288015083018
0.91373552293693
0.918107691191354
1.06985932849953
1.0608418852334
0.889906586897052
0.986872839408391
1.03623708754712
0.89984691288728
1.10711495394881
1.00899452411903
1.0684245095155
0.993953925077041
1.06619353729556
1.05000523380231
0.91226321730452
0.949811719051064
1.0530555817634
1.02136579093065
0.955609644961475
1.06072831013053
0.95236400966318
0.908511856340095
