-1.04524694901934
-1.12851150432523
-1.0344566724751
-0.941658183034844
-1.04316809893011
-0.982215276491652
-1.10007472593545
-0.978090847757064
-1.15489238777266
-1.02156096073265
-0.962195120753944
-1.02295640304401
-1.00885313755719
-1.12805935994469
-1.10378353993181
-0.979123016067452
-1.05426640616488
-1.12556813402817
-0.841492329857595
-1.03819619895625
-0.999343403645353
-0.890682968282719
-0.929189956722212
-0.964281163541603
-0.901015923852084
-0.868438105187146
-1.00607833977087
-0.862326595694738
-0.934660793435441
-0.881101639313482
-0.927767398148906
-0.936280051520142
-0.992453071658196
-0.835042729341262
-0.875297423186701
-1.05656203672444
-1.02318686771138
-0.972568254116416
-0.8800813056101
-0.969602204175186
-1.05662143499825
-0.801685817087825
-0.975262891829805
-0.976405014945124
-0.938913512678381
-0.92902863333878
-0.97201266740522
-0.920874973786234
-0.887493581859063
-0.986742569847334
-0.906478476508223
-0.943137268615028
-0.906834323060988
-1.07924471919653
-0.885229805635651
-1.00424751316386
-0.946533846244063
-0.717199082238356
-0.782844609837
-0.876042008784174
-0.878616222946209
-0.886505813829018
-0.721019406186914
-0.8616901725885
-0.94390985574795
-0.852670985378203
-0.938058093101201
-0.983340490333629
-0.976095278782292
-0.842254980136545
-0.767829823765883
-0.882555683356176
-0.797600841994167
-0.821844813535352
-0.960421926481722
-0.844847811482985
-0.874415160295315
-0.631426391993977
-0.858678858549219
-0.744883310854645
-0.713345979500096
-0.773799631360939
-0.853453763883776
-0.890806480090645
-0.985881302309466
-0.827368197127167
-0.800653703264996
-0.898912172263138
-0.796157615481548
-0.871673005800956
-0.777602622861575
-0.858975994912209
-0.918424449088446
-0.777611287438835
-0.786305812872143
-0.725541228917142
-0.728301059188859
-0.734611075319078
-0.709608018516026
-0.71635452364296
-0.862623020399002
-0.751828786855148
-0.616206245377449
-0.868752654884951
-0.810757939680582
-0.795301611699503
-0.878002417345482
-0.790477527913573
-0.766266862148022
-0.692751890593255
-0.693393056914671
-0.818693357955245
-0.718234502917693
-0.860307753749643
-0.697503622488288
-0.901249519856285
-0.727209586792184
-0.897010013930502
-0.670699158210671
-0.893237064274783
-0.725711089470135
-0.785908955896237
-0.832490057264631
-0.970306396438319
-0.755148779853214
-0.846372621330772
-0.743030612284747
-0.645980510549768
-0.699966484677171
-0.66754477335959
-0.693575961002783
-0.787367318884568
-0.805623205605025
-0.879465219310269
-0.911170487399759
-0.789316263232322
-0.632938466056431
-0.61729032797077
-0.743308046599712
-0.678974578334745
-0.807191153195415
-0.462852552576994
-0.649724917319184
-0.751201263656535
-0.627735368058798
-0.517249451772507
-0.879750312379619
-0.546318934844797
-0.699047551615604
-0.625270385998209
-0.801925096955037
-0.675435777628651
-0.805773462068967
-0.721578118154506
-0.604719665301127
-0.626671332749408
-0.591631327032783
-0.630072336745744
-0.613615534395239
-0.68226726239179
-0.600450355837505
-0.699368828952368
-0.627453043815165
-0.523282754260656
-0.655786678211856
-0.632191250071277
-0.703761305463359
-0.611798720585671
-0.557292233760568
-0.703166455427324
-0.742499503377754
-0.607789841344296
-0.666098181678992
-0.642922295409133
-0.59322815783205
-0.497657402872563
-0.569268489771818
-0.588290783174774
-0.656535619802545
-0.669861413699924
-0.736445221675575
-0.694417186429056
-0.42586511531499
-0.599959387918149
-0.613986455133253
-0.694172388636549
-0.579324483927042
-0.575437317125587
-0.720329295030678
-0.593083657643823
-0.695466846476118
-0.617608196103258
-0.735617760292211
-0.700371338187719
-0.508715738661517
-0.658643702271898
-0.647151397100555
-0.685215380378466
-0.721367775041963
-0.506182766957545
-0.673550993072554
-0.620593621930452
-0.631007617700374
-0.621194289093162
-0.581971756548919
-0.515375336674024
-0.647975988079033
-0.587261120833089
-0.627902121125008
-0.512322450353987
-0.49937350043115
-0.493934570813955
-0.575255993819803
-0.49870181550071
-0.509526930116144
-0.538188636229164
-0.478159860264338
-0.503305119879741
-0.595060746824845
-0.592704016508654
-0.554674825657204
-0.5817605191609
-0.616052554201031
-0.522821179728459
-0.430374608148921
-0.590987602024912
-0.493015974871416
-0.588635024168779
-0.533988509501906
-0.470805179917033
-0.411033240389519
-0.612031561513852
-0.499341420422181
-0.519208955271118
-0.554766697757459
-0.469695680549074
-0.538911543254583
-0.543881672025107
-0.574732639630651
-0.517323311824061
-0.570792100476264
-0.564236948948467
-0.487419522276878
-0.626886425922853
-0.52794768536432
-0.519564076854588
-0.489104480122943
-0.554800213264055
-0.489186659697396
-0.530292163658959
-0.520496909046357
-0.588045032718636
-0.413671553013098
-0.621258353197621
-0.474802431348592
-0.552005710140908
-0.511941610521538
-0.512559078178384
-0.465697843970675
-0.499895258171073
-0.622662426395432
-0.609321741927638
-0.367934882625649
-0.54070936556005
-0.398408278037902
-0.499874120610632
-0.428068413004546
-0.537143055243478
-0.43122083449999
-0.416157504417647
-0.325482428853157
-0.437486085331016
-0.568361365583645
-0.465183571549864
-0.42557979090282
-0.353745445961357
-0.47387981257526
-0.491706324407159
-0.515994766754723
-0.446811177744018
-0.452326808587791
-0.539379642207729
-0.30595146401485
-0.419270233229441
-0.42824212179864
-0.372748348280547
-0.38530719992756
-0.324678721587174
-0.337694254189703
-0.350990753394566
-0.434427529080105
-0.281386312583787
-0.295556823468078
-0.535153498739807
-0.362858194027822
-0.395895446443254
-0.445632416975194
-0.250069276323769
-0.439264299353023
-0.421999052133915
-0.429050182566067
-0.369091067470525
-0.379541998038677
-0.473107095460533
-0.322529685828752
-0.394116319736099
-0.378951328605567
-0.485695769506752
-0.468682151849022
-0.36261121066141
-0.41144107188806
-0.317900402531018
-0.307126988096053
-0.405225770710579
-0.318850426583785
-0.312525877964678
-0.446386369543653
-0.181945657445788
-0.438220739545075
-0.269050607462761
-0.380275221620206
-0.408830022957162
-0.410103118107328
-0.400312960771767
-0.356051127840915
-0.475049689779127
-0.148418847443915
-0.333243800165186
-0.344652555273323
-0.159296114887715
-0.350724704958802
-0.260074108816247
-0.368945920158688
-0.335326043698191
-0.341926676239423
-0.435153258381704
-0.345259449737876
-0.40312063553332
-0.379800678353715
-0.233327841667214
-0.3184092087191
-0.373478724236058
-0.237009848825494
-0.442214126198824
-0.361341810999714
-0.242665140895772
-0.366318475153393
-0.466480762917615
-0.421670416852291
-0.216806884853615
-0.31273174081272
-0.305160828291414
-0.209031577998918
-0.282663275994001
-0.196319246174935
-0.274737573398931
-0.312291989685847
-0.277194124655413
-0.428662282931626
-0.231404187506393
-0.381452476006683
-0.391425695857956
-0.293429862887898
-0.273717814365206
-0.169666640755115
-0.412292824256764
-0.312023486786087
-0.33862592742563
-0.174962269408798
-0.21090838452938
-0.241897160824326
-0.313388298941314
-0.28360005437348
-0.399707170602101
-0.249244889534054
-0.215858456195562
-0.309652265973911
-0.254791676056278
-0.335187743430878
-0.375363610161178
-0.280058322714262
-0.253094154903342
-0.375117274559127
-0.245004806947992
-0.347917042357048
-0.300061245783374
-0.388786945430428
-0.192385701533976
-0.222519183368728
-0.214591241561193
-0.188558193048479
-0.138006451020566
-0.272773051125624
-0.0642551329639934
-0.358327300700547
-0.234431438678363
-0.190770533280907
-0.136217291280656
-0.272732539623552
-0.313942057577
-0.239383431198823
-0.119576852404366
-0.203514704874228
-0.29917508611395
-0.334221379563381
-0.0330354921235659
-0.0596763831232576
-0.337658081837177
-0.216320837023308
-0.227017626585483
-0.280933019765748
-0.0320667254330325
-0.164237362041844
-0.252015595967711
-0.192931811147624
-0.184991376714091
-0.214274484806974
-0.171927726918968
-0.0706570412610629
-0.16455208738225
-0.0911148673444182
-0.188058415421362
-0.144754200003232
-0.183516147106171
-0.205512687456934
-0.0769341879519036
-0.0773652954433956
-0.17502441997281
-0.0793006414751324
-0.00697697799954866
-0.101596699029769
-0.0791491753321093
-0.252581817922488
-0.142241290541004
-0.0601259088168231
-0.0596678466013399
-0.0850037814789334
-0.0568520691397491
0.0586499935989163
0.00378977026589655
-0.222552657545942
-0.135006522552778
-0.0728108764678174
0.0870261499227855
-0.150149517605936
-0.062528942756686
-0.160508774879388
-0.0641127858924214
-0.0695042425007166
-0.282360038686948
-0.128914286221439
-0.113147933951304
-0.135173441397878
-0.215403673505592
-0.0172602147678716
-0.103093906745242
-0.0409537191005269
-0.031436166415384
-0.055291480867482
-0.10955758832941
-0.0707250444959131
-0.0351055981315363
-0.0382481067535049
-0.0448021145791287
-0.18471500344544
-0.107669200355203
-0.0657253002477741
-0.12539962286572
-0.155337246574392
-0.132539024193623
-0.0946676372493732
0.170605509234979
0.0770126418679149
-0.0821339308117849
-0.00315252446812761
-0.00854800982350651
0.0534991986573118
0.118520074337523
-0.0167785678165381
-0.0605543483658763
0.00541800531282882
0.0989766334026952
-0.00190447980380205
-0.00918400512334449
-0.0310745799490431
0.00161135631483584
0.0422487421266002
-0.0962829971631243
-0.0667264716654272
0.00326069180736661
-0.0196047687236128
0.0489072444970655
-0.122792362672957
0.119265808326898
-0.055323741776712
0.0472015410663962
-0.0191897983907948
0.0515021024298252
-0.100109364051651
-0.0332405498783108
0.0266296084383105
0.109660606538149
0.0412643838482866
-0.0581869390640806
-0.121534419967563
0.200757848247326
-0.0196541353719009
-0.0274672234610228
0.0894944634831085
0.148685808942385
-0.0212104712035376
-0.0330980567935898
-0.0690709128217515
-0.00061510583088173
0.133111416436068
0.0433179605941033
0.17047493019389
0.0561805814015049
-0.0342928630860354
0.214318275242932
0.117824311967676
-0.048814786291792
-0.0728604998267936
-0.0443377127044751
-0.0821871191106189
0.0515402652823711
0.104638794209846
0.184849973903661
0.141753080068974
0.0429747497041525
0.0459004946559058
0.0748737154378141
0.0321217898546775
0.113307622282248
0.371757174076474
0.109229150748785
0.0803368864885652
-0.0264651300653918
0.0782223810581827
0.0833499446311593
0.120943658771415
0.155993880057212
-0.0163277618748831
0.0805378205914722
0.218114602950845
0.099230692531974
-0.0208537586632711
0.105004223082101
0.0253498661733385
0.0948627425184019
0.113383403155648
0.110696813465577
0.159067628091973
0.0651773562920522
0.0726588015633617
0.103863582269981
0.0383492910720625
0.107269698004997
0.13058523714016
0.144893822502302
0.215197828769647
-0.0419585434671296
0.086635595382629
0.159471213761575
0.230680017604966
0.0379697037005822
0.0522331974451648
0.182991338222319
-0.00775171037654934
0.209284840087823
0.00476219841054946
0.258874760148615
0.170674541841644
0.140838309865806
0.118475129743937
0.087340420258605
0.258341994779585
0.0816961457131534
0.232255492481063
0.0145557419553305
0.24628731869887
0.224965364258876
0.115328747898235
0.049348250791355
0.355142732584717
0.214529153751383
0.242750086288977
0.199056446934696
0.0949747243825909
0.0664373588195929
0.113233571482472
0.0284337590904998
0.265027250668974
0.291563782276439
-0.0397063650031234
0.267747622328217
0.295237120772447
0.245151050159342
0.237710941794557
0.164796459119607
0.164580206530631
0.170827522075935
0.276932391894179
0.0892855381524269
0.329613231999999
0.291084373343114
0.170220444545834
0.242373151953271
0.223385024316823
0.252042930946293
0.284885685059213
0.0973447186315902
0.210839633250427
0.273098899671207
0.261213299102046
0.385920924099968
0.249105566176804
0.236273710195632
0.268900346572462
0.238116947377815
0.148166260005348
0.257423147932357
0.295606840625778
0.0541656092961468
0.192060292047968
0.24135131016741
0.382522427328155
0.154218289943973
0.360155611318153
0.375543925566583
0.273575209307111
0.136414425537457
0.281227806168793
0.267192029253313
0.352607048196124
0.195216015089097
0.369973037416889
0.432404025056823
0.273231976146325
0.2616468976858
0.271838486806188
0.232130490936585
0.394083744013792
0.439676235378472
0.319195493139115
0.19310717524684
0.133558762415454
0.437443638930318
0.309259381880494
0.210358723282391
0.351478712573888
0.258963050592916
0.406733606032391
0.266762076011078
0.277347353934154
0.258169012162961
0.233739621258793
0.386776101344696
0.289931212302328
0.478280446527053
0.29436304142787
0.363356163050058
0.36396660370461
0.373454664239572
0.306968663694802
0.264932585761364
0.406817723593392
0.328181693019354
0.450187668006238
0.321652584886403
0.444377242600316
0.340642715898835
0.28148997223664
0.359005251106085
0.461443652132075
0.456426256952853
0.404148604142591
0.363404891420923
0.347607402467284
0.311461359265164
0.172166003016021
0.435866183904286
0.178858639538135
0.197900946598826
0.423244380317128
0.425668129269495
0.419977644996753
0.347401879710324
0.349481715107676
0.35218748465766
0.356972404188824
0.363508281797409
0.341515634750537
0.351523877014769
0.38293213492458
0.333735120673381
0.285396203316129
0.354589349537285
0.448076323941399
0.352404627364149
0.411004722115644
0.329878240577652
0.349921657312184
0.288727064663854
0.239921506745014
0.558078722238118
0.465672054372977
0.314887289764224
0.425860809629241
0.522304983902225
0.431651075036148
0.466452865569894
0.319713111720076
0.359545623525081
0.413619797762158
0.347222284142541
0.310839305618532
0.396956064719693
0.303353854750541
0.420309918639275
0.516645538582488
0.484292556143459
0.459690100580514
0.477712664917581
0.5405138882985
0.444277281813573
0.500702347036538
0.413428211074155
0.62556914515457
0.390349438852269
0.542753901786507
0.434906400390018
0.405369491906715
0.525542223047022
0.418378938706984
0.53492030761175
0.485711460223731
0.331515147577483
0.389012234911048
0.419805410408161
0.392478552564781
0.575567420123887
0.61452142457016
0.677732326558746
0.46180416028076
0.473510020572878
0.606549199946171
0.493775386876533
0.430195351582689
0.492414556904303
0.450845724119096
0.546779344714909
0.491107363630046
0.659685088733447
0.35658526769374
0.616778208762097
0.57767974523178
0.453045859274859
0.626140579793956
0.565482903197659
0.576177221020474
0.642995296768242
0.512749964283002
0.44615227639777
0.48083692689098
0.608560228269766
0.473568899288642
0.470705665433015
0.599041329415057
0.585376143647143
0.500498640153653
0.562989630396544
0.509242810794211
0.735642915137418
0.711614115719523
0.397119503627146
0.448596661150556
0.557647062050576
0.568321124951775
0.492389696392497
0.364779110421218
0.462796182754524
0.538229507973556
0.595052187567753
0.588155637130487
0.416162809247318
0.692809753821868
0.658762859595831
0.561941235316304
0.565169157954186
0.699507081174652
0.439556365987785
0.348900611166475
0.539562245265014
0.543046032238657
0.534621669150724
0.49132548639055
0.423868766436649
0.561405479853321
0.547781866486174
0.851064115310259
0.668268365270498
0.590061482211624
0.631915121651397
0.708912272096843
0.615958888618926
0.679520195438708
0.632254613144128
0.582517783639496
0.580795862961356
0.576060463651767
0.669181923252169
0.522779092040899
0.689518990219607
0.698559504290993
0.682326198614268
0.751378149777047
0.584045367225258
0.700866496532067
0.62982691247766
0.661974453984822
0.584713557008409
0.731683116892214
0.827621890032972
0.812611715328437
0.625551497906742
0.61019296728099
0.681824895393694
0.789504824162751
0.64659190464535
0.713153987641887
0.702475734420726
0.667762770675199
0.567155941087345
0.618244233282903
0.621209847643684
0.556608760694423
0.781915876314421
0.582202019569415
0.635793074810112
0.480847661171564
0.601244776505403
0.652961790539995
0.514219807825655
0.674208228539176
0.648130421485194
0.737838005338244
0.612655463344955
0.75425391548278
0.653606819830463
0.542111898732297
0.604015590345794
0.722721914228706
0.792309977475422
0.812078099999772
0.735409380319839
0.724157769463079
0.761852520571443
0.631302983039061
0.600842543576565
0.754546868893214
0.741387314069727
0.74299984200789
0.742046015733874
0.80220421792186
0.694225392163222
0.78277103252275
0.796544433106226
0.689526370482797
0.654815701535856
0.681928261806152
0.709721813540607
0.848726221027027
0.849299808165876
0.584531632880013
0.697426969647512
0.87967983485318
0.787750427628291
0.813868937862946
0.65058947963545
0.870259865467554
0.792821335194434
0.811584110759139
0.768801520672395
0.770275225282784
0.900437236200315
0.641031907733619
0.842991305601156
0.797683389378584
0.774808040615153
0.721010717889379
0.774575822408937
0.885360734894084
0.792652629204052
0.812187969360983
0.793769274942491
0.756001238574046
0.755935041989036
0.774446065276622
0.852401739448027
0.701619595881403
0.590378836678007
0.966605153345324
0.680018206690698
0.877062618714598
0.868966909728315
0.873564461931987
0.711177799888505
0.839163975224172
0.870422523987638
0.739251374714018
0.810530731749822
0.834753742054052
0.883996926160072
1.02343806939589
0.854937851271708
0.646263540374585
0.773602011685297
0.809002288639034
0.911523143771226
0.798994017910933
0.858396083885357
0.861270430553466
0.825963392954999
0.69119737685006
0.871128812734513
0.834615349520866
0.954615442076908
0.907863750338261
0.724328004099569
0.95972745819524
0.851350800341171
0.808381476050099
0.748406037197832
0.843461742882025
0.793093235026077
0.858805113627961
0.95404842936602
0.865107847910298
1.0351340264225
0.889082151535033
0.871551822670584
0.695899675684927
0.981269145630224
0.962191011068946
0.933929445722896
0.858479878964954
0.927571794772245
0.855786391816634
0.812797871445397
0.820136929357924
1.0148085224364
0.966431042604441
0.875358020229458
0.920196278085316
0.886195763549782
0.907176140295821
0.941951059235801
0.93957479710891
1.00556876587657
1.01692903830959
0.899182572659162
0.804669721328375
0.831900595292379
0.90511508938828
1.02187851813712
0.916330483071603
1.02272850934499
1.03452268058073
1.00773337131772
0.893361398173717
0.821166825592752
0.884492284697842
1.01497760707344
0.851961524242752
0.910318547800635
0.965665650212042
0.912012635396627
0.840233349422358
1.08142604625952
0.909008966888779
0.756391107540348
0.88905167280765
0.87955249398664
1.02213518520677
1.02287829278398
1.050907552492
0.957939224511874
1.05786595054136
1.0896040686427
0.962197660225503
1.06151501339739
0.972402791811371
1.09998591786894
0.990175952483558
1.02414367803601
1.00691127532719
0.946744868640221
0.937582022337472
1.10983764867756
