-1.02944924742505
-0.898296052470857
-0.961276658607211
-0.931040912220848
-1.01674612516157
-1.09737596110136
-0.982675760088247
-0.802330006300173
-0.90923432152596
-0.966180356719903
-0.993893009081647
-1.0356313362325
-0.981056591690528
-1.06836266964198
-1.04653218180219
-0.971951040897424
-0.984198180264586
-1.18139115473182
-0.991387745046395
-1.00637518900118
-0.999902925617373
-0.94144831835989
-0.859138939669263
-0.955395987327986
-0.850427432730536
-0.948275726668186
-0.900924955345252
-1.05475518027815
-0.959482665389686
-0.770507715374741
-0.881343291609477
-0.85680738251545
-1.17460844623486
-0.878095150477402
-1.07416628320326
-1.04347279871749
-0.831650132873149
-1.0933515286581
-0.943953995852244
-0.814468501684919
-0.953988174378744
-0.894415513683346
-0.709582849112043
-0.739008806979694
-1.02821407238272
-0.868348011178531
-0.967338979192158
-0.997341928820111
-1.06840480709116
-0.763720535844559
-1.11376795095898
-0.96377829262609
-0.966603457890716
-0.728479335382402
-0.944901505736145
-0.786950539806671
-1.03556282082694
-1.01111640064247
-0.737254685918463
-0.913702923995102
-0.785043158498395
-0.982695157016151
-0.864676005516915
-0.836547731222492
-0.857331376585709
-0.786901529449792
-0.827263807532927
-0.945174647273197
-0.819858159983555
-0.815828524063456
-0.920343727948025
-0.820573656664505
-0.930522665300143
-0.683611058475743
-0.761962222653769
-0.723383574078524
-0.858407101442563
-0.749880215312806
-0.839763667330001
-0.821006620006438
-0.845261885509337
-0.767134798735624
-0.873639920290522
-0.770205016963461
-0.772369612838005
-0.686125958365675
-0.741184325302438
-1.00344729024006
-0.856635657420327
-1.01002374861438
-0.828655039542287
-0.802190910036551
-0.928439392806991
-0.791000342770882
-0.810884870215005
-0.665068791625888
-0.768212403665903
-0.910261219267857
-0.708677721431326
-0.818671498299499
-0.785206489250998
-0.84288292399306
-0.853157462445731
-0.812053533968933
-0.802717359592526
-0.839759507429552
-0.8143281974034
-0.981243759540431
-0.745103145328482
-0.764753155153247
-0.787347149677742
-0.845073778821462
-0.696640847658056
-0.830924320619218
-0.768803318222307
-0.662840388352777
-0.795286214796764
-0.620004034751922
-0.761537533197785
-0.67704737959207
-0.756080167809568
-0.830887891564334
-0.702872957228496
-0.866213302099852
-0.654019087256952
-0.658602332596727
-0.780562302892595
-0.773224115449518
-0.83786020632255
-0.672877799966126
-0.561838938710021
-0.75567764607251
-0.683322947474963
-0.854030705786489
-0.495385298986469
-0.722180644349906
-0.734881701598118
-0.80630405193612
-0.663584246024225
-0.658985118613902
-0.578662740006364
-0.565932784676525
-0.660937323419615
-0.644861327710837
-0.801938093851268
-0.79958684705328
-0.737705582144489
-0.710751369113872
-0.669936090937422
-0.859173475875208
-0.696467459110205
-0.75169405524275
-0.694023437067114
-0.781849927395727
-0.655113946118408
-0.61748803209276
-0.754814781440173
-0.623394662451784
-0.645366731689449
-0.69482198088868
-0.65106950539282
-0.681111848943164
-0.752739737105582
-0.700337171883603
-0.589060787562237
-0.613822218795776
-0.844947342891877
-0.524750860492644
-0.715100100204544
-0.639757629503967
-0.669014241347209
-0.658410823348578
-0.586354711164505
-0.647270443113903
-0.57662150732629
-0.680016104255119
-0.647005764089991
-0.475292657080353
-0.803096938669426
-0.635351555646835
-0.669213186739563
-0.566573560856148
-0.642930398589362
-0.531601829782183
-0.5857260383147
-0.562972500282465
-0.654307833681468
-0.539120367974783
-0.655481945465673
-0.577048376987499
-0.487787610864926
-0.703072115648181
-0.679754375281854
-0.611956533798525
-0.610329863758766
-0.734150611113374
-0.562637106716963
-0.628088026595232
-0.664711350421301
-0.711373441619555
-0.468559266362105
-0.544957454301449
-0.711571751933884
-0.598301488126222
-0.688569745203135
-0.636829273259494
-0.735028042139895
-0.65160576149576
-0.568206637869599
-0.505646011750229
-0.649771188764358
-0.54495115853389
-0.579139826609612
-0.530563526427041
-0.578869317438389
-0.546420619035495
-0.571248074377589
-0.634957905127699
-0.601625646801361
-0.690041889148908
-0.53335753008425
-0.590606781076886
-0.584734808849882
-0.604791027714243
-0.466694432039613
-0.46001786239122
-0.652082464132182
-0.551170593658962
-0.588274849437368
-0.509773707900851
-0.326085315070136
-0.533033749196487
-0.395944580916546
-0.60713264431263
-0.430292609681844
-0.66651444103829
-0.503222133883344
-0.49939860077202
-0.538887066598019
-0.588708170693299
-0.482500504088544
-0.535606446100737
-0.635928800875897
-0.608985999951722
-0.424838542026699
-0.431472777338133
-0.430223310211941
-0.549478255219446
-0.429805960280521
-0.461250091767464
-0.511114476857465
-0.489834255611494
-0.424563028378003
-0.578727337844761
-0.613166115075355
-0.524896989468986
-0.452758224488165
-0.440425615201364
-0.459911430815464
-0.367742411482693
-0.437663261219997
-0.597742570303233
-0.372347808114597
-0.589723206506745
-0.576838920071965
-0.469340824022044
-0.416815576921907
-0.260208880220098
-0.336573801943891
-0.29964473768952
-0.409577559755032
-0.426178272295507
-0.490049720061502
-0.530843422008419
-0.372005430466883
-0.483475786590887
-0.534649256549499
-0.442210627243103
-0.449833893066525
-0.4482258830619
-0.508120873304905
-0.382534631221298
-0.521098803201784
-0.258971510137554
-0.387390398521833
-0.378250129905165
-0.461120032836079
-0.451960186857934
-0.49928520415033
-0.334510929868498
-0.415032693773829
-0.474800293897697
-0.481312166940462
-0.410923030076674
-0.49166259238284
-0.284182695104869
-0.432835122399381
-0.445298878792557
-0.586653081633698
-0.40970865530333
-0.429819927235398
-0.409821443256053
-0.268792969344289
-0.311594794130094
-0.370661597088321
-0.365190546856673
-0.320609234392083
-0.277062998024279
-0.331080648303668
-0.360843393884363
-0.480536930649325
-0.435644130350859
-0.123728640070447
-0.51315946326101
-0.331859060552889
-0.364504753757308
-0.397099166495196
-0.428270169883895
-0.439688986781296
-0.376083372430999
-0.356922047744228
-0.331761904321292
-0.246815803186091
-0.353196260620703
-0.337366189654027
-0.323217748371057
-0.1091219065427
-0.283797665585566
-0.360412067423039
-0.171330970989351
-0.495915516663086
-0.389609994049316
-0.317906535843612
-0.293256766231782
-0.286979615957668
-0.213166316674322
-0.422564466091106
-0.310877695304757
-0.322672775203945
-0.392521164070326
-0.297520246079481
-0.226553386350171
-0.257128881377615
-0.437631500585171
-0.209081358500192
-0.185759518777951
-0.221340345022433
-0.224519321381026
-0.32202179959169
-0.28524406060302
-0.188268651753931
-0.394349960109588
-0.21009062203346
-0.347356497181138
-0.295237524994377
-0.281184810356753
-0.244979653039648
-0.303050784675571
-0.239549203202483
-0.320170656037077
-0.38619071167055
-0.322919234735005
-0.327823700295398
-0.189806020860227
-0.188389464584446
-0.197430254012247
-0.334835347492817
-0.267637759820247
-0.238636738398775
-0.167639582771072
-0.310521591477117
-0.221459768780917
-0.4447924830742
-0.189361180445006
-0.322094236581014
-0.311537775672238
-0.188675923474986
-0.289575768552042
-0.21098705138796
-0.254019245386436
-0.356337897460314
-0.268339864256949
-0.254731074265584
-0.359129526493078
-0.270168878226146
-0.256256277096282
-0.374303909029006
-0.213527920159174
-0.0805081602733011
-0.226625827240824
-0.171981090222753
-0.284243404046296
-0.0726890646028366
-0.13641439555188
-0.308149469430074
-0.300310175661253
-0.11641113952618
-0.212005310522291
-0.384449254436699
-0.141894726109188
-0.192320170169612
-0.207139893618981
-0.22009268460791
-0.252475369493452
-0.29823907219051
-0.13213287370935
-0.0734865278204905
-0.322133760821142
-0.104866502743742
-0.127167552006936
-0.142447001853788
-0.222613887950298
-0.173084670886877
-0.240682371098017
-0.255053690575883
-0.0680104413070687
-0.217684268574319
-0.322461489708476
-0.206295569922369
-0.14847413323152
-0.0398037023962126
-0.216233864827792
-0.191482492391042
-0.17805678055408
-0.233626751402022
-0.195011348174927
-0.213706611299012
-0.188163732222997
-0.116544950382491
-0.0564218305414465
-0.135072708377299
-0.121085160750261
-0.237041030117247
-0.104126588010233
-0.057999071070901
-0.150509374857632
-0.121935122497673
-0.380438623813751
-0.101711593834508
-0.195619202423829
-0.0339462868150188
-0.170559784847098
0.0218381244907907
-0.0906570326967449
-0.0565128005726997
-0.127448312128374
-0.117569479276248
-0.161902905043315
-0.0913215647658349
-0.0496535420897964
-0.27967479443496
-0.147377472275486
0.0702007699546642
-0.0591025551041597
-0.0360219201868864
-0.0935407361470011
-0.0635305308920229
-0.0469633039846358
0.0219172380271669
0.0103479374923567
-0.0716943624910723
-0.106550700816042
-0.0501321809321044
0.00670964060367947
-0.0978442063204631
-0.115895866474888
0.0689589930103067
-0.162775632848597
-0.0101290968245817
-0.0181404522966366
-0.0841600098800409
-0.151053907786153
0.0101170395246548
0.0551039285792315
-0.0590421049115873
-0.167346493556092
-0.289968468008326
-0.0573399975759555
0.053066617194739
0.00589061649194404
-0.0112722589778052
0.0271843774409778
-0.116864927395313
-0.0569976787785036
0.0517765341333009
-0.148326425487254
-0.116386258308121
0.0989200972028658
-0.233666270201581
0.0656601769337821
0.0176375164804162
0.10036866451898
-0.114107281828475
-0.0579228384600563
-0.0613936592669663
0.0839902839096731
0.0238311803293026
0.0159025612439695
-0.178121580957968
-0.110484741925336
-0.052131085947605
-0.0921978142896713
0.00807321934258944
0.000792803272821506
0.0547586823255849
0.0670471580361724
-0.0058663163586872
0.0898251651314678
-0.169264669497118
0.0120993843733172
-0.119591205789905
0.0581035992555508
-0.0855591705907264
0.0854731236773067
0.0410991300005475
-0.0302841163434311
-0.0771229800300859
0.111289527448836
0.0256529046455389
-0.0275664262601217
0.0581469143377839
0.145572148726373
-0.073841202692498
0.0805125616882899
-0.011774176966418
0.058693973751193
-0.0787386866435655
-0.121863316667443
0.0904261122371913
0.10348008664488
-0.0144144151342029
-0.074798682400848
0.16119657938035
-0.0148118804832857
0.0775047600203928
0.0120429610275095
0.249842310716794
0.0765212653472324
0.0382174100752177
0.0157998046363403
0.15638504705292
0.0315234422802368
0.056830814211144
-0.0386481859295475
0.0073214351129325
0.0552460657727661
0.116383431403448
0.0731740620136286
0.0965962737429455
0.209872952565384
0.0831302503641985
0.000730889421483249
-0.0713564398329853
0.0289076338620575
0.136723220270431
0.071839272306755
-0.0296844676685135
0.168821980830737
0.195964270655463
0.0666652728923082
0.100729916201948
0.0612205252163017
0.190106191300138
0.25874353399247
-0.0215031323438117
0.243149477844713
0.182004958596518
-0.0968568395626619
0.155788037822837
0.124890146311438
0.0879312965827005
0.148886202345435
0.239329004092311
0.08759616451276
0.0218330053885043
0.0780865058151582
0.31409901535597
0.260978146036517
0.159040181728474
0.175006869138389
-0.0397370086004128
0.248003451359589
0.219244713839409
0.0564917175387879
0.0896725544253423
0.0789231308807819
0.168751252514666
0.212166374398564
0.208917079219354
0.0840822396868791
0.129492948240231
0.272043552178256
0.123402053150779
0.240293451253848
0.0571696026854562
0.202850939984763
0.276247446392411
0.251695604293584
0.166496984522007
0.280465060203673
0.125985130947111
0.323080262108933
0.153949451674833
0.336590745276048
0.193043591943634
0.0189422213479141
0.173594583086106
0.274462060517437
0.300010923901433
0.34792654530737
0.182055183702555
0.184060880092779
0.352039627942365
0.317035260462009
0.28924738599256
0.154210876008121
0.0986952477309713
0.285321347604914
0.256525868614478
0.0404954109592493
0.250846832522995
0.239267278749797
0.182661390438129
0.278688461196679
0.203179784442585
0.284681291081297
0.120473133849019
0.289124535730307
0.203398841093669
0.363374088254891
0.412832962481098
0.243800386698547
0.117895510813016
0.258315880137836
0.240851245691975
0.338280384993118
0.149623599414676
0.422225685729946
0.289028750990001
0.227422047566009
0.123816772556037
0.307531338320897
0.272516285989124
0.282830074640467
0.169668658443671
0.254288479583236
0.262481928765037
0.350386847499364
0.243723378406781
0.320525451202148
0.401005541283011
0.272664734739428
0.415851198009303
0.445270428815772
0.32468242501395
0.354598886359439
0.306631449857828
0.366064776638274
0.410121360387164
0.240209987895794
0.298654187387172
0.303084908208566
0.368979776219694
0.3898992427923
0.549379830971621
0.408842446381491
0.340619841459304
0.352545888264964
0.280484706560707
0.474270260735328
0.321923637015162
0.414418480378081
0.327128554886673
0.442056496016739
0.233492055653213
0.383696080207569
0.229510001173139
0.252986103838823
0.273705795342359
0.278314334982443
0.432031776819787
0.216407388316847
0.335486928075185
0.279123620613466
0.37176565067652
0.491936200426906
0.425586128165872
0.327041904808445
0.384291789258304
0.42034989874475
0.306020763571696
0.37913062588535
0.332734631651922
0.318948725617812
0.418124766712699
0.446360674559896
0.368788365857641
0.498353956715921
0.49199498544161
0.255362376737249
0.435117013284923
0.52528942716056
0.466996391073305
0.428239686433247
0.330950905536896
0.379957263876394
0.382005233320298
0.415416694015665
0.239542901798135
0.449535755014249
0.541587121801948
0.356394013744651
0.459462703510633
0.566374505447701
0.515986466706527
0.466782400421206
0.357835614820674
0.518917528571158
0.36167607096973
0.404186117299833
0.473410464054583
0.321851103543037
0.466060298032279
0.357135679145184
0.461295547624817
0.356878416381147
0.538526542384978
0.529884986104702
0.340605560274454
0.444919331549662
0.502725852342711
0.475868779038512
0.495873228004332
0.511371088466117
0.367226704101156
0.448691969562578
0.475835552455335
0.590673529848074
0.277185891009148
0.474562024220233
0.405606213657541
0.638927772333858
0.607761786156226
0.412165821490028
0.707860764403564
0.483949106454384
0.535097227983049
0.580072254781827
0.427926659918351
0.464468159662777
0.458806311569664
0.497489988160103
0.486048927765166
0.467194843742395
0.527205602528627
0.423827965879627
0.513832888307177
0.543956488286318
0.397718121784826
0.55857354758316
0.56507632176729
0.513529999846265
0.549192450199855
0.491041199326615
0.501922304416638
0.487641095242462
0.629120661710873
0.55233488491833
0.630545162091202
0.473761582571372
0.414763173880407
0.534507581793196
0.545331528511851
0.521622075610615
0.52408998613851
0.539544496105535
0.507796266974752
0.526124436979217
0.597027274492703
0.591500297026087
0.525317116581262
0.496208298982833
0.572627559208687
0.440559367862849
0.538594780296571
0.493896431001454
0.558205660854739
0.704993709441379
0.524873374181288
0.625035503762787
0.534252293461425
0.512294925241927
0.582603527470742
0.695391336028865
0.508871934077584
0.517346746546992
0.575694706804358
0.622179888638092
0.483791911716188
0.618446234991989
0.524568755095205
0.652124855679104
0.576100326913868
0.611121516699475
0.596565263374855
0.721744718957806
0.590190749134027
0.538277699519526
0.462932634289797
0.685482544494147
0.652073992184946
0.58865057219979
0.689434308469994
0.78674270015535
0.656728879749105
0.636906562157799
0.649507555628893
0.657719465007536
0.484788798665761
0.563386666967536
0.628843577539352
0.717069830412293
0.566217607239802
0.689536788981285
0.633295276796078
0.519792717811093
0.750692743801063
0.698362853240346
0.736989672811304
0.693922389601901
0.555634342554219
0.580584556733162
0.647230819807727
0.798058022186372
0.600232925696252
0.645586656054786
0.652766458498864
0.855702341472065
0.653538052597372
0.70284674503793
0.738628778239719
0.756122173534846
0.626862474772491
0.796862493917805
0.6664680617862
0.842728099590016
0.656617473429395
0.841636941251267
0.714162733273918
0.602519633712993
0.716847416307605
0.671420982124533
0.810865438510339
0.674485596039388
0.738973327644559
0.977617866003233
0.817469566145689
0.594516572218411
0.692863238143877
0.792704687265776
0.639455568256312
0.650952284560861
0.635368953067706
0.891565835901955
0.751601630122237
0.716690246545075
0.627121212487273
0.821845571509876
0.737198482761077
0.7045679786362
0.705591873301949
0.785338298182428
0.709523730665768
0.717624706989854
0.775651034584011
0.664151993317929
0.829786797387809
0.776521655199272
0.982758991554127
0.716753277333374
0.621997691253947
0.807396643224523
0.755108494517518
0.69352947729305
0.837948165895523
0.868422161428229
0.771776395175037
0.578492137985291
0.874125652239931
0.736454603090823
0.762910448823325
0.735872974251818
0.883806131916482
0.731455932699779
0.811552153502726
0.81431306263889
0.723201757131581
0.83341488233525
0.626313063988333
0.898444101944088
0.883796046120777
0.739437024984434
0.732567260101722
0.793161037684092
0.753518859972832
0.659450108717136
0.798485251223799
0.861313418474462
0.816361897426329
0.820315609192776
0.854910370993507
0.86829169430454
0.863039669690188
0.880278725316935
0.848468264558209
0.692786182458883
0.810096777349544
0.895774332128765
0.891293994591
0.804089406142205
0.908183575641603
0.973734100809015
0.773271506505144
0.844694329499435
0.866447872463366
1.00568220284553
0.779794370288386
0.837641692677514
0.784740989087589
0.819527520655207
0.843548604836747
0.754335182493031
0.820110185991764
0.878087402703213
0.802260092744793
0.686912074023118
0.780329070026663
0.803746817790396
0.810973978315922
0.806577340070452
1.01474057397487
1.03299010725596
0.92268431878025
0.853212161979039
0.768861009668705
1.03606315046566
0.795897719855545
1.00261948884636
0.937434834025032
0.757243546248915
0.95161773947814
0.878203678822676
0.80531201843713
1.12572653087207
0.719496195375471
0.874880002136228
0.88165400828313
0.906459874171649
0.916649108429988
0.878080933795017
0.976854471789298
1.00973149803893
0.939100546630023
0.791135693759836
0.928723754952199
0.832567896775223
0.756251381220101
0.9813154930697
0.843995765924706
1.07875870386732
1.02787041420649
1.04764303918688
0.973971917825776
0.826392029914459
0.920863398165695
0.917917060831294
1.06596744589139
0.791671117229142
0.903460635740749
0.918540541959483
0.892853603279255
0.862731899759777
0.893290432080488
1.06688438846977
0.972168881767646
0.931384683442992
1.02696122496594
1.0007745520438
0.868131545927427
0.960759964965658
1.03392153650516
0.889343238532052
0.972793496727675
0.919600549154348
1.04453790545262
1.06963234742195
1.03751282639989
0.972213516255146
0.956296137722441
1.21742506512201
