-1.11196096699347
-1.00746237310229
-1.02718653670067
-0.99777742201731
-0.939517609850594
-1.02350377382944
-0.897209647139373
-0.96133407904108
-1.1078066217109
-1.07784713042254
-1.02176956231203
-0.967012946845528
-0.909702572734227
-1.03644591250909
-0.885193847616702
-0.988095004773668
-0.91305734677051
-1.0062866802826
-1.02166603959378
-0.894629789208922
-1.08631915081625
-0.979145809692741
-0.899525812847767
-0.845007941952801
-1.01242167757883
-0.915371162245793
-0.904250436446558
-1.02438437104722
-0.955119958959983
-0.930626883308141
-1.05402370868552
-0.892484216240916
-0.886077458635448
-0.815950681187099
-0.847582154815282
-0.885294075523475
-0.792961901972453
-0.902451991241139
-0.88796403851951
-0.94644062899859
-0.87484958573857
-1.07686095228766
-1.09369870068664
-0.959748145097234
-0.849204343537931
-0.947177215322501
-0.992236673631086
-0.842892081560697
-0.79958568034643
-0.893012899793516
-0.870021464382541
-0.864645441663296
-0.83656202542467
-0.855385976081791
-0.861395453165776
-0.841867332301039
-0.90254494352205
-0.846706388958676
-0.972189656141621
-0.964477183131743
-0.846205319991163
-0.882608327902803
-0.910203216668902
-0.846610314441608
-0.872602531473003
-0.950788614452526
-0.907863539745249
-0.816264550650736
-0.897722406623457
-1.06551218862334
-0.95077506738961
-0.893580249190161
-0.958219001801555
-0.794269388823393
-0.833216139709912
-0.856974689076359
-0.897353729404559
-0.896099383734146
-0.881623101521807
-0.666095160091422
-0.897716600116384
-0.836326008324784
-0.820463731800421
-0.847670339270502
-0.907107904300957
-0.82898128022933
-0.782308402335636
-0.879360395798757
-0.781463727575069
-0.921740581429436
-0.821410355866725
-0.739711110429947
-0.856758516504643
-0.829332514447867
-0.784378217517412
-0.849141117155116
-0.830075578847718
-0.730534275268786
-0.766156458535684
-0.700094422179727
-0.847388955387339
-0.743181423666826
-0.744263956678768
-0.675037819391175
-0.733254785449605
-0.904822191080528
-0.630835618909276
-0.706835878296827
-0.737816635304001
-0.807116888247007
-0.829093087736873
-0.856799946264011
-0.766802086211976
-0.797284877886133
-0.849244405649657
-0.816287187021647
-0.882034243819656
-0.605457170892109
-0.782814283133161
-0.77075904411039
-0.7478975119651
-0.904517145909073
-0.822362551672874
-0.591950409537136
-0.495928746125281
-0.68423390632058
-0.704654611202932
-0.751730455768793
-0.757708166105881
-0.818992556317041
-0.760768403772213
-0.738641024566752
-0.75422203478803
-0.725431739561952
-0.662877489858386
-0.814480820266574
-0.790239602695839
-0.837028275029107
-0.567022436302219
-0.671544980695776
-0.650324318796226
-0.74409593001308
-0.692878498976715
-0.693161207011565
-0.626557391689096
-0.749195031664061
-0.800611538440101
-0.759350648628699
-0.664757381765183
-0.570323651278056
-0.562538068865504
-0.659760571270849
-0.659578161221426
-0.607575095931133
-0.719960191061371
-0.667598766877104
-0.827417158462988
-0.771464687101269
-0.564888818494292
-0.661611762090585
-0.6921797200496
-0.678716869898768
-0.795301367343733
-0.797318128028466
-0.717828310022626
-0.817508437935721
-0.616412447310889
-0.540797089781042
-0.664885786135458
-0.538932837642517
-0.637283077898891
-0.627691764170874
-0.65417437104731
-0.596724897605384
-0.630633859269844
-0.639782975248826
-0.520942015722065
-0.579641915382349
-0.524615932867007
-0.74697500171926
-0.688359066590833
-0.688233429504784
-0.637757505078655
-0.598085422926291
-0.580093862151196
-0.604740420372698
-0.649491555404459
-0.686516580327954
-0.552074376557595
-0.697614295054964
-0.617459514660757
-0.598981204938862
-0.615160671725328
-0.487616626140233
-0.582576753573358
-0.637479525423561
-0.59780591047098
-0.6341834061887
-0.664574640251576
-0.539803156039798
-0.570415293722513
-0.612107308707279
-0.647453482649273
-0.632663386241588
-0.494433671161629
-0.633557300676154
-0.547259826049824
-0.561995798694429
-0.432012022424439
-0.54459998550934
-0.611952188754385
-0.497084856665468
-0.47092785927848
-0.501409974254567
-0.553764503037712
-0.499651122696995
-0.366865267984262
-0.552989822853646
-0.551253636465368
-0.499030422699516
-0.585007539025855
-0.545733599444369
-0.716454910173825
-0.563272993917525
-0.581340377933137
-0.423265609882289
-0.456644468636906
-0.669647763637657
-0.448404611427199
-0.5467722548701
-0.543299185324526
-0.614192363612661
-0.43747613663012
-0.558188448192849
-0.53928405444683
-0.532678039322577
-0.370351979030868
-0.44675337491442
-0.500037498452371
-0.533911558380029
-0.500204953881798
-0.54800502126261
-0.670870690145163
-0.566894898754649
-0.440531798744936
-0.676060941077751
-0.309921547197113
-0.581237108113051
-0.500479327973618
-0.563419286164423
-0.385596261163114
-0.634946824345895
-0.33652466642644
-0.706801419205825
-0.579587608943097
-0.4520308549861
-0.478275257624706
-0.528727007237725
-0.468158371623048
-0.508873931492093
-0.415036794158437
-0.501354391769558
-0.477647585913066
-0.302934782668213
-0.519203955508963
-0.627001328256228
-0.442772087614949
-0.404439590869672
-0.480487043731355
-0.489907828451656
-0.325150155881139
-0.377449545922959
-0.555428797580426
-0.565583602950854
-0.341352840977341
-0.368519648062325
-0.383522627586
-0.412904975805492
-0.607196509990982
-0.479825504701891
-0.565170046978759
-0.315561268031577
-0.564951395856603
-0.394253269319249
-0.352333965412551
-0.309410669390389
-0.32024513836351
-0.639204994562377
-0.385267872653265
-0.530311838408135
-0.663338711065484
-0.325210865397505
-0.563812789351379
-0.437766506947789
-0.425685321433859
-0.408229201935436
-0.408493957459488
-0.445470165128486
-0.423830871503654
-0.29921544860665
-0.328476229721831
-0.532915371891698
-0.421709309159246
-0.489350709283847
-0.508524355220382
-0.407405764991932
-0.361392075278324
-0.309889460321989
-0.449726591509172
-0.309042530241243
-0.449532600618282
-0.390772765941552
-0.359393962328984
-0.423353886707085
-0.316095301372449
-0.474510989506271
-0.233580479384533
-0.230605707270019
-0.311609006913706
-0.466555046287015
-0.329439618181335
-0.451128895037018
-0.410529084589679
-0.35413044775558
-0.475174752758205
-0.304901256374833
-0.231062798937521
-0.324907965399824
-0.410211851751692
-0.312553710198026
-0.349051134518228
-0.315891818481441
-0.323090457360939
-0.109817323156366
-0.409183343371303
-0.288816292939575
-0.352057227138745
-0.40198335941382
-0.540013132885594
-0.351188438446183
-0.439401144108624
-0.164883563659046
-0.304183819444897
-0.349951124900849
-0.201220227696571
-0.137357407569892
-0.353453015969127
-0.132084804024494
-0.381898978281327
-0.28979296153305
-0.301818576749281
-0.404917428105795
-0.0769239584970763
-0.206138893695069
-0.332592542021023
-0.331951905291112
-0.326847531209413
-0.352849654228008
-0.310482486913011
-0.334200598640243
-0.274791543119549
-0.413633176604233
0.0123750556677855
-0.418050613043469
-0.19715481346313
-0.313098039846904
-0.296012198481204
-0.0969887927038888
-0.343959941884409
-0.31271158023942
-0.286899683416372
-0.119423342521555
-0.203869252877606
-0.129516508792727
-0.194541823555761
-0.19950020237358
-0.214879326944384
-0.238277041169474
-0.258762507333728
-0.445198767771278
-0.225661898314852
-0.271842172623775
-0.211905586380435
-0.0656569967610412
-0.316106452282225
-0.205461041660334
-0.345933414858136
-0.232399213748774
-0.27593564797619
-0.327336641455655
-0.264949905921963
-0.0662322213950337
-0.0808805348030711
-0.188431581821284
-0.227567614972037
-0.195208256276981
-0.25124120594753
-0.339596850865631
-0.192048514281018
-0.278336950955146
-0.186019728712013
-0.280376073539269
-0.14163636463768
-0.348743212183525
-0.196643867944078
-0.222027475152727
-0.267181662100596
-0.180698606058662
-0.205823209958795
-0.142643701037588
-0.168531088279998
-0.0886234738792187
-0.00794989749231613
-0.183892782084497
-0.137551603328372
-0.025590052665375
-0.225866593642166
-0.218475472978837
-0.182773601170462
-0.181241561041462
-0.0815268051934611
-0.254914657385586
-0.158553087597771
-0.0751760849694641
-0.260809623053075
-0.180898582491751
-0.0714227938343509
-0.038940893849124
-0.155669122952983
-0.146907923704433
-0.133536457440794
-0.172092766796778
-0.291541572574757
-0.112164388481658
-0.0872218803251975
-0.18439099674909
-0.229332671224989
0.0295289076860227
-0.195071895312662
-0.17283799170796
-0.09256685080539
-0.0810845117219068
-0.0330949599506372
-0.0137357105907181
-0.155838397996023
-0.180827351941544
0.179612419357618
0.00594303199502756
-0.0624747765814728
-0.297121117210575
-0.203646441114176
-0.216031109112858
-0.124815444452178
-0.181609711019212
-0.0834183717236534
-0.152607544235142
-0.0407569962352696
-0.11211512551748
-0.129321541614924
-0.110516314234276
-0.0530574834645503
-0.0190964878436747
-0.130767450870287
-0.149754312871065
-0.138599462396019
-0.0203564151090192
-0.0233705944832515
-0.0864396450348244
-0.0224289365398206
-0.0972133200373315
-0.0108121773859145
-0.068073332532212
-0.166301309544923
0.0584975342851417
-0.071473752637134
-0.126175931334881
-0.058546675908968
-0.0273455960488286
0.0288801856427008
-0.123774365799204
0.0671254147126775
0.14895412739616
-0.104258386228936
0.101752385449778
-0.0608925578501691
0.0145413500170384
-0.0719673487133919
-0.00691346241573259
-0.0403841541801858
-0.135229456911544
-0.0096254725013637
-0.0601658777870974
-0.0650979515615315
-0.0242491126788408
0.111331733057998
0.0821150934868556
0.0168108882395977
-0.0674046094622296
-0.0358294712550506
-0.0957738757387183
0.0278179312749086
0.119479202657992
-0.000280738974361549
-0.00156858887185725
-0.122998641499565
0.216825061498706
-0.0995318247380078
-0.190977787079589
0.0918622603572991
0.00427476277526616
0.0393202358197991
0.103446820466882
0.030862557927677
-0.00301534636544342
0.0347739854374975
0.0292978364261299
0.091581517475994
0.110829094069744
0.0697199427421256
0.0394376184138362
0.0633502906126442
0.0958699969834708
-0.128880830553712
0.196716587737063
0.0678154868580416
0.02086450106862
0.148304771336688
0.129590563946335
0.0593283076975659
0.0077924663375084
0.116456721690017
0.107674509947809
0.105214663000198
0.0836303346966504
0.194074626044527
0.0110471962564474
0.0462754770115609
0.0303678522248441
0.133702633308831
0.153076470977135
0.121860628645182
0.240679770361491
0.132184426614552
0.0264686486162378
0.0806189486832361
0.154589353706143
0.110610392927389
0.038360436747827
0.0261065523372822
0.0472916578402976
0.135914019142715
-0.000828138630557535
0.0970111272631287
0.00409317227840135
0.187962430776673
-0.0266059824353561
0.144062257152813
0.154880766682387
0.109575338611402
0.264401277762163
0.296866325217395
0.216339144086535
0.141865777089629
0.126290269635995
0.0487498286636101
0.184414211058408
0.0635897192140072
0.0529035802924735
0.193133574616759
0.0173469080005108
0.180920070868226
0.119962688487823
0.0566163434035811
0.12101747352347
0.193320009315632
0.0728566402709633
0.259592618400575
0.267174678499365
0.137696333021864
0.104562060745434
0.101898064936497
0.0803251115388583
0.201278305213618
0.164586720611563
0.147181019171587
0.241748379441342
0.057908066504579
0.326641838209406
0.244014201165582
0.150147646522639
0.213590689864509
0.0979521631670994
0.197185343918383
0.270752701565408
0.063345656401563
0.23150453952667
0.198983842312459
0.038575029590023
0.159785120651288
0.127568503279715
0.238200880100047
0.146848533437475
0.295419220360731
0.251381000030247
0.13572015722393
0.388917373318731
0.292859829762825
0.0895741955796192
0.181270103747393
0.118449230971838
0.221219691442492
0.276258689110749
0.253620711800377
0.333027769120029
0.306149510644251
0.262500100046688
0.268298014410875
0.31144101697717
0.278860911754972
0.156461961552508
0.186389987142484
0.248417206809235
0.181716910723502
0.300429980581866
0.280189196135667
0.328392682920203
0.256162365410355
0.266498342689727
0.242249113593413
0.319116470301065
0.3022347963052
0.321439097402685
0.288658057161983
0.303845601364719
0.310653749678603
0.209480148164079
0.33217533423765
0.327216443831374
0.255572507635096
0.195036716965165
0.275722551273989
0.3246344921751
0.375917689539596
0.417005732452681
0.269412876246491
0.252027052449162
0.280153253026272
0.386250319954505
0.307868922590312
0.151331324008179
0.334251792601462
0.180794979963211
0.269490125392619
0.270120735779403
0.257063230719808
0.371731191536953
0.389826634636445
0.432097554169947
0.228032021393347
0.346986334498812
0.288444248097225
0.289619695192606
0.255280438112262
0.276908364450938
0.235455397182062
0.390487022555911
0.412825074941753
0.197121237920599
0.32875916948874
0.215103512439061
0.243391074701864
0.188837850949724
0.273451773992527
0.41520880041223
0.390196980636025
0.343338935476065
0.309713239992015
0.247615749202999
0.471113615541166
0.413131811798465
0.577504620015889
0.517683111626312
0.312435399489076
0.381932455513019
0.476794406514214
0.35992817247099
0.427841998825707
0.525692444291601
0.293826350386958
0.343076497147355
0.446819434077863
0.35114210668992
0.3444574305977
0.521873552078246
0.385324502033141
0.277885499413887
0.248484278358792
0.455028134612957
0.29053093990061
0.293312959081212
0.379387957662057
0.319678013919837
0.422925719250866
0.439774627604865
0.359216140573194
0.403669210938972
0.264581915113847
0.403943967765502
0.330007707255977
0.547201588292138
0.435940300265157
0.500980694632088
0.39989274299352
0.371959554612071
0.276636750582658
0.41669511339901
0.531809038972069
0.404095630812952
0.369797016766586
0.458437672748449
0.480639564195202
0.471677336815396
0.380636868402543
0.488934398092379
0.516076387565717
0.487747794684744
0.284680432415749
0.444600857593083
0.428727954207356
0.583687970267671
0.526573140946071
0.392819482285487
0.424774234927286
0.457628771906798
0.444396681138956
0.502116949650528
0.371135778410642
0.440537001825002
0.478491712436613
0.613329786840599
0.529092628126031
0.597764948006859
0.408013334844431
0.567905141782096
0.516447605375768
0.529729385331132
0.4825519637967
0.620155668794481
0.556578516090689
0.495759060062809
0.370679878900504
0.350073068423523
0.443793756600613
0.424816919782254
0.548470491753658
0.44897175095217
0.579881065981764
0.531676898050199
0.483253545268829
0.693283579154136
0.625255447085154
0.658386143486718
0.475670718733088
0.525283916472158
0.410673983933735
0.569624354728355
0.536784014133471
0.519446474683341
0.627325855035367
0.578169617758081
0.552851293749189
0.51592954232339
0.675947493783262
0.58940935029573
0.524085516573819
0.510058350780084
0.642238638106911
0.582857506102777
0.645355468136616
0.364581134098522
0.502186054906645
0.678197086090321
0.527534993693256
0.657222762437316
0.587173505272883
0.636403903446487
0.607492502956002
0.702866053803685
0.614710518346772
0.624247091556943
0.697867765289049
0.540873569888922
0.547456106516919
0.556789060351487
0.478625674253985
0.531946014203066
0.535182421753368
0.614431109748739
0.653434841247149
0.47448511904165
0.615271962169999
0.483524993539707
0.686313055280676
0.651615457205906
0.53108071324386
0.572011524418698
0.476338331921724
0.530334973270751
0.645874405958906
0.631342420805359
0.565458815821045
0.636555168503167
0.563905118766229
0.693961657863223
0.758005363980092
0.414895875226836
0.508446507783892
0.543191672539839
0.6563845979983
0.639860732594578
0.565582249781025
0.579135562787292
0.617241191497195
0.644380045246749
0.668746836339026
0.735123907210062
0.604733629428065
0.749441426711371
0.484330191929095
0.628197861353756
0.717712933233497
0.706784923879467
0.637058735958689
0.556716032593011
0.731891791379562
0.81939369310334
0.598864604936258
0.816767112894872
0.73847135864487
0.608765520812369
0.680274181130613
0.853671828635627
0.770057936859129
0.615321148396305
0.632574892965731
0.680876190808715
0.674577374499627
0.652579392285288
0.595631276317395
0.705734537075527
0.506364512403083
0.795387136533105
0.823672993061871
0.659784585004189
0.603353550031889
0.652442547322543
0.693461107433692
0.652266542460363
0.626827798231972
0.63198918343262
0.688639254152993
0.626565526400104
0.791356964938429
0.715330935860355
0.66433131220044
0.726401924422846
0.603115729060866
0.556110345612889
0.735155501009011
0.826814632596564
0.793015898734857
0.753471793906794
0.636629390857894
0.788145122881663
0.520634492611496
0.868036132007631
0.759273275727127
0.772914054904177
0.639374840238596
0.637925384201304
0.625538542570776
0.86822620697718
0.653952526620431
0.86821875661142
0.778743115572387
0.72668167982717
0.789102705762972
0.676609474316821
0.746077352005439
0.782240152866356
0.727439762161133
0.689931945102355
0.772904011837159
0.736086938938117
0.735048300707735
0.819161199645654
0.815210162812699
0.822911066291539
0.912789641287027
0.794090815739769
0.85614923888089
0.865606950290752
0.839398687990778
0.788694497278331
0.738888635590292
0.603010731501504
0.911642173792415
0.85809473244818
0.877470731588518
1.05298624492778
0.921719688950569
0.844950362292703
0.784455279710561
0.820192943620141
0.94268687393161
0.771986823614355
0.780447690874026
0.855481639341024
0.973630730637224
0.828658200479871
0.827852586544641
0.73883745115593
0.834347608175117
0.884142796475129
0.862689185649263
0.876645007474304
0.71588500316402
0.709741960303632
0.871237316117939
0.899605062948253
0.958004691780682
0.802966599103953
0.939224011985478
0.877934577075861
0.91448660599213
0.821762358549177
0.995753032860887
0.849168679020955
1.05309450651419
0.750051803256189
0.820167774280814
1.03636393837235
0.848448004358441
0.998860552031362
0.905705195711007
0.831596147911669
0.783017199612858
0.962343137253752
1.05753391750464
0.793728226865487
0.932636343596578
0.881456752652519
0.830526175453836
0.993109055499827
0.988823454399948
0.912785030052529
0.880906878682307
0.89754617675608
1.00261218733191
0.843394724546063
0.827141148498022
0.924538199829328
0.918371936371929
0.812070336257578
0.926360861671166
1.02831341525056
0.933142673237919
1.03901538347314
0.895449290324792
0.841368757409579
0.833679998298154
1.01281875924936
0.990707981393943
0.848580964308174
0.947841167238681
0.939096168727694
0.903058421131888
0.925908595822853
0.936405174063824
0.915427644345382
1.08027956449739
1.08416950844748
0.896346318071155
1.00829722989536
1.02229958321348
0.911816549273051
1.09675389664624
1.01706095138089
1.08274465317609
1.00451339648905
1.08566138844003
1.04736201841299
0.899493925330432
0.933197079929914
1.02304029052437
1.0326700744509
0.955661337921705
1.04590777627996
0.957616373559529
0.897604853206324
