-1.0414516131154
-1.11554469941366
-1.01760324799535
-0.934450591818309
-1.04031770090204
-1.01263950969935
-1.07787851564036
-0.963270277831367
-1.15751583971841
-1.02812831363866
-0.952895718872391
-1.02262805861972
-1.02280082333822
-1.11868895064066
-1.14141738267487
-0.986879205883076
-1.04055137425591
-1.11203719963051
-0.839355206738258
-1.04553278134278
-1.00546746682701
-0.905351362284205
-0.923719016766369
-0.965012556545879
-0.90538432534203
-0.853991548037623
-0.989003619368243
-0.867102456290621
-0.929157929354683
-0.889327667645056
-0.914661610583445
-0.930334887264481
-0.987145288576409
-0.848210917747855
-0.885297710920771
-1.05141378275276
-1.04558937477555
-0.938738138302462
-0.884823155442545
-0.967474244888175
-1.04319185401497
-0.805529703455267
-0.972580498918438
-0.98028124620914
-0.944268712673958
-0.920098653206651
-0.978945789845388
-0.947688751051033
-0.859003343093895
-0.957306390525427
-0.925098094221963
-0.951029488542284
-0.868211740894217
-1.07240870655488
-0.888215084212757
-1.01370935637159
-0.9240667873536
-0.738813970507524
-0.781871940650962
-0.898172266885701
-0.880590136329893
-0.877412327531821
-0.709432813813791
-0.873042837547933
-0.942635505712082
-0.871429486104495
-0.950423012244195
-0.985251225958291
-0.966827915264718
-0.832719950546446
-0.790351100316737
-0.879532158788853
-0.825206525007287
-0.83883325427171
-0.964122713196862
-0.858683767387229
-0.899563377815587
-0.634395195688281
-0.851332967237311
-0.72669542302547
-0.718664907387571
-0.740436007035282
-0.869658488572566
-0.886220569990769
-1.00118948434752
-0.819274611268735
-0.7944448365305
-0.892458053200783
-0.7842390989465
-0.883187755798286
-0.7816135105797
-0.846077500510215
-0.929453092744712
-0.784041868782063
-0.776589182858127
-0.723699881211755
-0.721634322743959
-0.73312532901292
-0.720757592429996
-0.729316047624801
-0.863369600400248
-0.752788769054048
-0.60383906914146
-0.889430970069363
-0.821315947248567
-0.803344394385379
-0.867399931229299
-0.818933043362699
-0.767063157703219
-0.702797804966557
-0.709773298952517
-0.812362441809797
-0.701304873962795
-0.854354577941053
-0.709635164619241
-0.899485590258862
-0.733198853631187
-0.902449792177414
-0.664844118731383
-0.889396799610146
-0.708646024578676
-0.809408267965658
-0.815072023262922
-0.973421536865543
-0.746748250164758
-0.833838904392019
-0.728584266181155
-0.638281736114573
-0.725187522806038
-0.690749939233604
-0.692410908386064
-0.803533817333382
-0.813015572539656
-0.902087699361607
-0.910542705131522
-0.805624992661358
-0.63705095059635
-0.629676642127955
-0.748481358832216
-0.68824171119098
-0.794742545069515
-0.466223767843278
-0.679636127992127
-0.762629707953802
-0.643111173626706
-0.501935915591876
-0.898087842959925
-0.551749139499872
-0.693171421000118
-0.604260775801817
-0.799649534027177
-0.68895526361398
-0.793248398075124
-0.741378808772125
-0.593827334684657
-0.657050622368175
-0.609252401933307
-0.642946515254679
-0.614169369156925
-0.70247975690106
-0.608547792614945
-0.702928459430471
-0.599114022632304
-0.525671262950402
-0.635882668703255
-0.624003261700055
-0.720439518875279
-0.595601763642807
-0.566974549905861
-0.703926940661285
-0.780998442309502
-0.60754831745364
-0.658401622841222
-0.618112216555306
-0.58513942106208
-0.502130441068709
-0.569107985350814
-0.571531850501985
-0.659537584580754
-0.673881515709405
-0.740018190038757
-0.692918340603381
-0.43512032940268
-0.586910248167084
-0.632569811107411
-0.689292627198612
-0.595268971520833
-0.572679843498578
-0.726367585422773
-0.602381877664957
-0.699446597865521
-0.609778332402886
-0.744749627284097
-0.695017917249161
-0.531688794290235
-0.639503076325049
-0.647390896295485
-0.678539064621429
-0.729732484519152
-0.497265450696061
-0.680624616454551
-0.637119723399643
-0.649197312673682
-0.609298530602119
-0.611499454703165
-0.531025288708566
-0.634166292079912
-0.586028138421394
-0.636679395283866
-0.474925039120833
-0.474445420025492
-0.490272686567096
-0.580085931287164
-0.496910962607616
-0.511955788110216
-0.529504609816964
-0.473215370970689
-0.51004380811863
-0.602090501798892
-0.590805494585487
-0.564933276164265
-0.587650284083041
-0.622164236917365
-0.51878174470816
-0.431011237229603
-0.589528234165076
-0.499200474673949
-0.59868435816167
-0.539282265031073
-0.475187007773822
-0.432453233558356
-0.601470909190062
-0.500727104410346
-0.520388343624175
-0.537026684734423
-0.497147820538427
-0.550118106589145
-0.543108622996139
-0.567098249286071
-0.546590012646809
-0.57766144973995
-0.55870730054699
-0.46860020321884
-0.628125111221007
-0.530013587926964
-0.541503843081483
-0.503904390304462
-0.567026712876738
-0.471661517067251
-0.552832963491382
-0.521868683579801
-0.600167338652564
-0.388375261131921
-0.629088098819358
-0.470311750269924
-0.585555632142842
-0.503230550937418
-0.53171066532552
-0.475795727346808
-0.477419538636366
-0.631197837060508
-0.627663652152975
-0.351384037360483
-0.553370468676027
-0.396867659606924
-0.488414365953847
-0.434192333069911
-0.544196534715976
-0.441313184616346
-0.389164380057731
-0.331622774671353
-0.434310395509289
-0.562546717393379
-0.438317416863047
-0.430023310103075
-0.348631239880836
-0.459171197506095
-0.495317847928907
-0.527976649783368
-0.425745756983334
-0.462207500056134
-0.525179163520283
-0.324649622797708
-0.417111057002346
-0.451581525430586
-0.362432557863919
-0.374356399594752
-0.325977621644275
-0.31703434121545
-0.332593058825421
-0.445021949192817
-0.292935083370648
-0.330437254659097
-0.534530217278641
-0.374542801932836
-0.388372617558595
-0.45290442766102
-0.24659779019919
-0.439614387777596
-0.422023297496314
-0.431295876150315
-0.380490720202334
-0.363876949696102
-0.480707231033246
-0.306050638178891
-0.39473216128582
-0.39038615232786
-0.464393453724372
-0.462573226958083
-0.365616044563179
-0.448122018424205
-0.317628653839661
-0.307037207619749
-0.417581275347531
-0.352013993114786
-0.318936976995143
-0.415650549731012
-0.193016333664559
-0.431334729208043
-0.254917414544748
-0.366678012410812
-0.415993276375484
-0.42048556442021
-0.408098122993223
-0.365889262116606
-0.465394681006337
-0.146169908875111
-0.354550235882953
-0.3563706119086
-0.182597020533956
-0.34783932317198
-0.259697245632252
-0.390462732128809
-0.345499910597476
-0.345990235595086
-0.453640530871041
-0.337005990390978
-0.408519179955465
-0.396129594837079
-0.220014715303605
-0.34079670432607
-0.368825097501524
-0.238523359745139
-0.440860063059853
-0.386850250540869
-0.232772161499129
-0.34621818094271
-0.487389561407657
-0.42123981747264
-0.204350077038487
-0.310547767596712
-0.29263052719269
-0.209157762515786
-0.288514863686858
-0.203789793694457
-0.236202379577301
-0.319964967196051
-0.291846581044337
-0.416675380293622
-0.229747846310163
-0.389895545173826
-0.406059628557132
-0.275095008268856
-0.266698077352262
-0.171888232511051
-0.407202647099385
-0.298758399386299
-0.343786949359145
-0.166339774760219
-0.202278813450574
-0.246980079955368
-0.31286456192859
-0.288521999133816
-0.39657881666216
-0.242923207016639
-0.210012893329454
-0.300303652744339
-0.256349211164665
-0.31133102304257
-0.376755361603773
-0.273448304718239
-0.244957267184349
-0.391884996990839
-0.232117918645231
-0.361312506573202
-0.332620768986424
-0.382294225634718
-0.186507583968545
-0.208789619193226
-0.214055495799789
-0.199370983153375
-0.146762639096203
-0.265128842032469
-0.048939171409301
-0.372441833252449
-0.216335635975325
-0.203301638681175
-0.127687605579695
-0.274259790446551
-0.320389998355133
-0.247375633139872
-0.105278279253041
-0.215503951778098
-0.272126537680199
-0.340108585513171
-0.0350224119055943
-0.0647786176063418
-0.363385925825432
-0.225257041005716
-0.241075966079862
-0.267676229501818
-0.0404450924652578
-0.152167764374679
-0.226343551293449
-0.211045721837807
-0.159186063517517
-0.220069450466151
-0.178390936866289
-0.0796024321210721
-0.169203032601969
-0.0965971310581952
-0.183382699604351
-0.145590754647875
-0.183831732194489
-0.203356003535834
-0.0621179660245868
-0.0912168910535716
-0.172160419873
-0.0879071884301533
-0.0208204503580537
-0.0894210823739434
-0.0706769035410673
-0.279597257640291
-0.156707973498012
-0.0709315313889868
-0.0517942366682588
-0.0648797962603197
-0.086052103763009
0.0284097779459145
0.0107382297275526
-0.225743719385528
-0.123960134661495
-0.056491269183164
0.101297451825006
-0.125224264177162
-0.0645349773694384
-0.142696234009238
-0.0435199378577467
-0.0638447622554919
-0.263607366277828
-0.131204081734824
-0.127757886504614
-0.131941338753276
-0.216625859934149
-0.0142198801045062
-0.0832097357207946
-0.0250525602220611
-0.0252615738265072
-0.0664356592560172
-0.119866194262691
-0.103763739932593
-0.0284336324475382
-0.041981477394323
-0.053113258282639
-0.178170588251742
-0.120511983073822
-0.0360603289717409
-0.149522295283353
-0.158156537198348
-0.148029523141356
-0.0814640509295945
0.157430841309479
0.0854142130533374
-0.131029977608409
-0.00313265907606907
-0.0245986163524782
0.0407060335553564
0.0941055797306844
-0.0324206299471629
-0.061897520394867
0.0250910685430454
0.0873304409111823
0.00484125539234392
-0.0227243584263362
-0.0318196798117186
0.0240790169390466
0.0532986745719886
-0.0952810118772617
-0.077674576090987
-0.0214721163290204
-0.00560326196298909
0.0263330250618832
-0.126552386012672
0.0981193842728734
-0.0424341825389718
0.0559072235396194
-0.00227308046754711
0.0299764706373483
-0.0699269313475942
-0.0477179473850895
-0.0097891163255081
0.129655437032092
0.0201994420689594
-0.0497216502861227
-0.122196991922582
0.212128116502259
-0.0126740690236776
-0.0384505196914521
0.0905969258068595
0.130369770638309
-0.0295513433895283
-0.0439597012377352
-0.0686594292440949
-0.0130168139494116
0.142032146434018
0.0320337896355855
0.145946267483377
0.0462421578164451
-0.0228160952628145
0.205423449861835
0.129070423377703
-0.0547052211854675
-0.107333549388973
-0.0162425657147664
-0.0852122973204981
0.0514937409751864
0.104922949707938
0.19073239513482
0.138969432563406
0.035343977333153
0.0665093727878601
0.0698967721556072
0.0364020353703531
0.114993870019038
0.358878282888077
0.106533536592323
0.0792482623841789
-0.0375454229374515
0.0729741330782211
0.0733284416991119
0.128074651663636
0.159317124512278
-0.0119106971553188
0.0864667223857733
0.215977554259235
0.0711760389861362
-0.00401726929083628
0.112502240774502
0.0277894174485598
0.115575223718491
0.11441348750283
0.130369454828845
0.162810151696323
0.0624644369287201
0.0445890532475684
0.0833531180780633
0.0365553999415836
0.137008368357086
0.127314325873502
0.147870855579513
0.20339307758694
-0.0484075891898519
0.0830258686053968
0.162583926479658
0.241940063585023
0.0425111951001568
0.0450410389520321
0.171539216704829
-0.000326943065499778
0.201688101514762
0.0197696547789515
0.256108923691803
0.171462706263033
0.134856938755541
0.110855363070985
0.0958063124840001
0.24791623347386
0.0743377662205507
0.228220124163435
0.0165953262447817
0.240355692672608
0.219944274584096
0.128757814888812
0.0963296611896516
0.337310516770972
0.219112792631036
0.226120382082638
0.193347328418845
0.0837828415349658
0.0557032775516578
0.109123948883756
0.0298681695139426
0.252384772330093
0.278880991647931
-0.0251171967930913
0.259194300693653
0.298399940725556
0.243167920210894
0.241324067465669
0.191550754931603
0.146354841021491
0.172671168437914
0.259639760208452
0.103928909392119
0.3421006066354
0.293922338691245
0.187586938831649
0.239593471727702
0.221522662909443
0.272589664685989
0.291117744221858
0.0997826269064677
0.197682798694145
0.255555880951241
0.283492968182762
0.381674173019303
0.237911371955649
0.250960095342634
0.269275654588609
0.229395940603808
0.144149509935602
0.262465987098823
0.319584637181173
0.0464398954225454
0.201527609850147
0.239491590665485
0.386793042686011
0.160396364095663
0.367310394386973
0.372600462282264
0.270895167033116
0.15258898618866
0.292891661947843
0.268137306940786
0.327168654873962
0.171175428714177
0.393824961131683
0.421613487474402
0.288365307470989
0.253165620873061
0.257115809933463
0.215148155238233
0.405787997994496
0.44935926310965
0.328011418554928
0.183758109735087
0.141119317473757
0.460836290597781
0.290390360662352
0.228694837343874
0.351290185927962
0.256848927127505
0.390743818578841
0.271203015795739
0.277619777835223
0.255656536094357
0.226344394169336
0.381664453339741
0.307077229920018
0.481303111647023
0.291457725115977
0.362749506546007
0.352983834516609
0.350427955641529
0.320491145582582
0.264294534191388
0.38385038815447
0.325737663139646
0.444221247794567
0.322925954951588
0.440484930918451
0.335596839410508
0.286466831912582
0.373694408808313
0.483566875847854
0.453968065434338
0.415449265080897
0.368349626691279
0.349912583908534
0.312473101569612
0.17665619050365
0.421664818436077
0.194964024914395
0.21165337365202
0.423627979769367
0.429957039159011
0.408569790306192
0.338158152127277
0.335581320491635
0.365613141518153
0.371719499369928
0.35973726277507
0.319988103051727
0.352404371827647
0.375211449603725
0.330428111870355
0.28145979104268
0.370278991845515
0.445639697518494
0.355166568734283
0.416027847581068
0.324415630815898
0.370295841440974
0.326859366241217
0.228252985817305
0.576925134812348
0.462189601109389
0.328674287694693
0.434885378109111
0.522075888524144
0.432212417620098
0.451448395585035
0.339435024159228
0.345741678439712
0.413301701179426
0.343086207254206
0.318504681405035
0.399730633328532
0.312471658134798
0.451271225250797
0.519957811925734
0.47979534372081
0.44602858199312
0.461043752220385
0.523812104898051
0.467203479493392
0.502343728720111
0.418418336781844
0.648669491340705
0.353490971256524
0.526569944632208
0.42164995511686
0.43705733025733
0.507299747593357
0.426840371460235
0.549713039959488
0.513642055375555
0.325337925271768
0.36748889753961
0.409562217807186
0.389414283999821
0.589379589170792
0.626331245113366
0.677142267743142
0.446761731831271
0.487399885482497
0.589688510331603
0.49970479512105
0.423846329553421
0.471613288150028
0.45846536213242
0.54285949490661
0.466328841755563
0.647771753083908
0.34576569973907
0.610278875172712
0.586292286106773
0.466015698086727
0.628278933347293
0.565211755949943
0.592173302107745
0.660797473154336
0.521770453941543
0.446883314250507
0.481488520326283
0.612168756187128
0.479392705959591
0.479905943530786
0.589486114513403
0.581523198040961
0.513546711553086
0.582608973950976
0.500094680313636
0.715974095501555
0.699794752005072
0.39124486358666
0.429595199263414
0.567719022806243
0.579915518473868
0.495087435572037
0.357328259041102
0.473979210736362
0.550640583180032
0.582269749701635
0.589831627409768
0.439584402452116
0.71892066929992
0.661755715998271
0.571543028083691
0.56130811235728
0.690416626885805
0.425653224753019
0.357299691697431
0.540591123465003
0.541677382336413
0.537358936892712
0.493719887594493
0.430973148820337
0.565176724811892
0.553724271485499
0.849251152764743
0.662551378233148
0.576726769983079
0.632634086901819
0.716257875062253
0.646646194880111
0.669966475361778
0.644830097567296
0.587624774928472
0.584555900138225
0.555390698743474
0.688421689260967
0.518547994253014
0.69189500720473
0.68663023551151
0.702451610290835
0.740608611230309
0.57891417802602
0.683154860032485
0.620136195982018
0.667043248061193
0.5811940113854
0.73517481625896
0.840594577652243
0.835231839500582
0.642026480941735
0.61963820039651
0.663158011397629
0.799739330689723
0.645597621608463
0.721909723621991
0.691361118628765
0.658094861194785
0.558098313189446
0.606470749803991
0.645551542326536
0.56190497234463
0.7874720170966
0.587330466579419
0.60296282476281
0.47574507886652
0.619445444866259
0.666933290284274
0.509202764688398
0.655843399381699
0.655624512168764
0.744728376981505
0.620248042750432
0.749432561251735
0.65407959613632
0.527321759727934
0.611480706670728
0.749266540957212
0.800547274158946
0.828644190176056
0.749645044514271
0.728726347047292
0.774815665557991
0.626883610508114
0.595909701968389
0.759430682413185
0.772046828897874
0.749205477447278
0.761370320784836
0.808459249848126
0.667678316693737
0.783992005923154
0.793310500848897
0.658044595140872
0.631288627301812
0.679823429293473
0.694867924670866
0.83117209495932
0.847658252055541
0.583476944696189
0.697288741127804
0.87491505903469
0.785504448313818
0.834964341251541
0.650706412836185
0.876652630345214
0.791115257617629
0.811722207844124
0.77698014866393
0.785570719202669
0.908480131874582
0.658960140355819
0.846332062231381
0.784435912583828
0.762686381901938
0.724671800503236
0.775376407481257
0.880537013899995
0.781646619314552
0.797760829093105
0.787033759994118
0.769670584633414
0.74978812976163
0.762658475552683
0.834666831761696
0.69368881109188
0.586763786215326
0.953520781151373
0.691433329552402
0.880132229524767
0.864911115580412
0.857237308816602
0.717012641277996
0.835570460743194
0.898269669782594
0.724362406150967
0.79422223711304
0.816597203393814
0.889759795339256
1.02623467002677
0.846714538819232
0.646165067227352
0.775178189454077
0.80189737185464
0.887579810812814
0.790581649632396
0.833867256514189
0.850608602750898
0.820050099564761
0.688290651589445
0.89162381795575
0.840258148449615
0.979534163012518
0.901989058049284
0.742207390804691
0.956868114893328
0.846435949803621
0.80078743947108
0.742542971581521
0.83646291453859
0.80547118944906
0.85899504159159
0.910681719684468
0.847441047758445
1.05346534236402
0.852477903805329
0.872594360882042
0.70849177472862
0.963206456445207
0.940828915643511
0.943970143845003
0.842747580886008
0.917020188822107
0.846970404542806
0.805317158593616
0.829288627937648
1.02454630017001
0.966112069926666
0.85391759973203
0.894405957549752
0.89127309571496
0.896722263777097
0.937454766765606
0.95002543000197
1.00697171752226
1.00385613801929
0.903734355844366
0.800140040561954
0.83621530518348
0.894369788223685
1.03354224059953
0.941275971314869
1.01456288092385
1.03689522326058
1.0009506260487
0.893769817419924
0.814936936746303
0.895037051118512
0.994170146507735
0.861616993233717
0.922118717073543
0.97010580739807
0.894904881442704
0.845585465342841
1.08524118089132
0.911398409680693
0.773461080446387
0.89491275376612
0.855983776295658
1.01101007324739
1.02625152216365
1.0338643801703
0.944734704491571
1.04626143173281
1.09397769279588
0.969475923594503
1.06163549457269
0.977737741161459
1.08334871457075
0.959171839021717
1.02780319139764
1.00861621553736
0.938089942343326
0.95196860168358
1.123655391652
