-0.940171008157125
-1.03077142058686
-1.13519485253674
-1.09568154920726
-1.05392297925149
-1.01066942389322
-0.931782947492519
-0.870154384885194
-1.05220825931038
-0.960528130120698
-0.935367961267409
-1.10118585401663
-0.909220330080339
-0.862682249334244
-0.79525091429196
-1.06099170724984
-1.06789294362765
-0.923562042755783
-0.995449546085318
-0.800500085991811
-0.850084515595411
-0.893757863156843
-0.973775933539044
-0.985276693171578
-0.842299668166129
-1.09936044539158
-0.969618317455694
-1.12470587349468
-0.948158151931285
-1.04189372776645
-0.934262508600713
-0.883566931724736
-0.957382476067915
-1.00601141186498
-0.87839778883767
-0.986635251062756
-0.882072046664708
-1.07022697635721
-0.867350020044216
-0.918511420903808
-0.957539715879382
-1.04381535550345
-0.94514112858473
-0.962279224367009
-0.903405828639998
-0.912308273692751
-0.910060680017898
-0.669949518967361
-0.899232270006618
-0.950515134458318
-0.990194414671614
-0.896484197967788
-0.819080670044433
-0.817807087665524
-0.913042859992258
-0.928245388318965
-0.802073710120581
-0.899193372895681
-0.888110719903369
-0.786937660953053
-0.846725035251601
-1.02143678265665
-0.885975811036448
-0.82392292090777
-0.899813071436019
-0.862854261267975
-0.814444754791525
-0.855458339625397
-0.836013869535914
-0.951180121935238
-0.710363193868491
-0.740939271835975
-0.988148138964136
-0.906873078410047
-0.801833507045221
-0.861793210516557
-0.950526451379845
-0.737375438307659
-0.886281859895721
-0.775277971124427
-0.821840102103351
-0.776318042480979
-0.969177396251571
-0.770654232847899
-1.02142171760151
-0.820862118897878
-1.01791161936687
-0.83448416322327
-0.742276843515331
-0.74780523518974
-0.78217012935696
-0.81549026666314
-0.81550951488711
-0.821074072432174
-0.791880033956085
-0.80215614842705
-0.751747667801478
-0.676812896313131
-0.915873947352336
-0.728300333016213
-0.73872105876689
-0.813161868815136
-0.596532729268769
-0.688967276796555
-0.769133893100581
-0.795436964362474
-0.72653957588057
-0.682180552192917
-0.821766737689378
-0.758972143828098
-0.593807165967788
-0.847184796599891
-0.81598492868718
-0.764802367938089
-0.835346467870311
-0.85624400730712
-0.763464394790935
-0.769987848504292
-0.595066430004045
-0.755583527108609
-0.632663249023212
-0.880996306040957
-0.821888964270732
-0.865082162013412
-0.857402406565818
-0.68877680639094
-0.868104507411733
-0.740642050225374
-0.798252107183491
-0.693150613269671
-0.702635326234576
-0.728245690155515
-0.66540490853148
-0.844184223506737
-0.744669093154439
-0.755996902010674
-0.660301953439405
-0.801866123635444
-0.656803018788446
-0.655160664917001
-0.645197496827421
-0.571907037262838
-0.893990281735671
-0.560983175612067
-0.648919225438556
-0.775261679324918
-0.766274705069551
-0.697152122995261
-0.658039326661204
-0.649983603257578
-0.581235522385946
-0.574362495717271
-0.654795124513536
-0.767457808900638
-0.742074507338941
-0.642652737015004
-0.700740689552779
-0.621497090085016
-0.670934165277483
-0.659396008089339
-0.79104547163218
-0.630807666749109
-0.66660310417154
-0.570689867195846
-0.601737996121538
-0.735927570190706
-0.735969591971004
-0.62982912917504
-0.740900114238998
-0.749666821147578
-0.611336818663349
-0.632353559062019
-0.537545885590592
-0.689142687142758
-0.70397916675231
-0.630602222869747
-0.719381370425083
-0.61621079915507
-0.827072452652572
-0.653742394156292
-0.712207154571347
-0.598880035247753
-0.65829297770514
-0.69114037494803
-0.681701283045716
-0.609576764985825
-0.62822785173903
-0.557125318203694
-0.637523053540974
-0.748503329710387
-0.638003041005998
-0.742047465240071
-0.513040212125891
-0.626454240598839
-0.659950035550211
-0.595843376225301
-0.67567431099355
-0.577787029818749
-0.625439551443834
-0.700458052444937
-0.680869263760974
-0.502743682958814
-0.565362820952863
-0.532691026551082
-0.681765842502576
-0.641688676922827
-0.382936097251423
-0.609299973612215
-0.476743364960454
-0.315381173242759
-0.48194031003228
-0.523434708170416
-0.648659586382991
-0.530489447195653
-0.62577855480637
-0.516634175042218
-0.351135465534491
-0.501606500766963
-0.725459751269298
-0.720562560168662
-0.591649860188747
-0.609202574379707
-0.394039408005985
-0.816944872544785
-0.695328081043198
-0.623701567011587
-0.43855372865528
-0.50656566403931
-0.379354195555397
-0.56944275192579
-0.652754815656089
-0.669889224715492
-0.615922322610789
-0.595125609797807
-0.544207800475986
-0.444594838353436
-0.709162574547489
-0.456545880140578
-0.515955380342468
-0.484786944419638
-0.526483390043531
-0.5884674127895
-0.50330067193787
-0.580965101568729
-0.589854135851611
-0.334938630915118
-0.509174589211086
-0.422863585291965
-0.426200936127643
-0.641055275370915
-0.392446748193215
-0.471718376471276
-0.423586516827534
-0.396260344021922
-0.623104715186729
-0.481681716431142
-0.500118816446163
-0.488171494697079
-0.461125923932676
-0.367500547622769
-0.590299930391837
-0.535419801230679
-0.248813990621625
-0.539121559151364
-0.633267719012812
-0.579964750981418
-0.426536236591073
-0.53734925699244
-0.552198547084311
-0.467730835558873
-0.477072642447765
-0.345811235651631
-0.421980112003822
-0.400538797732309
-0.438940259757968
-0.67460564716715
-0.445657004724038
-0.480716350536913
-0.466245178463495
-0.453752370882325
-0.420992030772833
-0.459388574381343
-0.488351601555731
-0.413323708716046
-0.464097115633399
-0.499794728202504
-0.365286816029297
-0.41922435619695
-0.34733665325877
-0.63544275485837
-0.466532521069179
-0.382673995746723
-0.618151456023394
-0.459554740802415
-0.373715209111513
-0.448806942235576
-0.413516467346892
-0.465364155478791
-0.319994053227033
-0.551224133935045
-0.463301667408203
-0.45676444997953
-0.350500443809683
-0.410261120340534
-0.230669541604444
-0.369415738555092
-0.556077352976048
-0.186074881128613
-0.345433011800614
-0.31168957901739
-0.341396944464995
-0.315676277215234
-0.390705159577139
-0.227260701072554
-0.405977026367635
-0.364015048511241
-0.347567573987313
-0.184161419371292
-0.463878203678701
-0.416383830490352
-0.315661380714248
-0.36077056553817
-0.302783178098076
-0.437290326169667
-0.422858502025166
-0.401077494170151
-0.209630888659743
-0.283075336874651
-0.361132674044151
-0.460719370371076
-0.189998279264628
-0.242109389358371
-0.281831799354149
-0.288924609367169
-0.29208388129313
-0.360666055557019
-0.279565778975006
-0.259233567728409
-0.344278838043785
-0.241747647718938
-0.29934063320045
-0.245604394098425
-0.345188614061585
-0.210912453789387
-0.345236752055607
-0.371318089429755
-0.281285763246112
-0.382493491892284
-0.275171809935238
-0.41532244651254
-0.236057413470699
-0.288721812117013
-0.308159258822553
-0.155907678022869
-0.420013743293496
-0.294583104645271
-0.273761049401993
-0.320739642160819
-0.248632476296908
-0.269165629616919
-0.250089091030537
-0.363498095776697
-0.276665355372202
-0.129465654743276
-0.178325960961413
-0.29119105992568
-0.325135745244161
-0.226262165891042
-0.212952973281073
-0.271777589615676
-0.21913084615548
-0.26234368805156
-0.148886213810699
-0.150379138171344
-0.291876779122367
-0.276602965152212
-0.177996193116512
-0.341306423088894
-0.175050712401905
-0.226678120209897
-0.237463090788008
-0.295088735743536
-0.155887930485146
-0.211688317099338
-0.191584599977216
-0.255140349831851
-0.290654695368092
-0.244868036478088
-0.252389426917526
-0.16723414489495
-0.2979692205404
-0.149329667897802
-0.22209045464311
-0.25663403194165
-0.265479968036263
-0.235323287207772
-0.0600625063431854
-0.318824598580881
-0.236310525353111
-0.00579431707261894
-0.150406996890022
-0.314956351650031
-0.0712794952672078
-0.161921353875791
-0.284445925095655
-0.282571430548165
0.0124805629758465
-0.333754907664852
-0.215708190705606
-0.0942658236863045
-0.192485315677956
-0.0960124183414713
-0.188541092919927
-0.177608873702483
-0.129340935881054
-0.144419677520118
0.107613594115164
-0.0411042787128776
-0.0653877860225931
-0.175062960017556
-0.156603672972835
-0.149515576465836
-0.143013156626745
-0.134934850631126
-0.129643493067389
-0.208182170380804
-0.00391645014469507
-0.0634399955549737
-0.0374991024508105
-0.212872301633719
-0.230288147583238
-0.176052744567988
-0.0979571534531369
-0.0825241797472372
-0.127448330613058
-0.104326641376033
0.0425847166942877
-0.0789071039477201
-0.120165213764364
-0.11690718730733
-0.104254184946512
-0.203354788473098
-0.246122047272075
-0.208282081641292
-0.174514038292258
-0.231172147693943
-0.151056175004712
-0.279903089070911
-0.200577946018015
-0.108778609592502
0.0625213970809455
-0.0809682423425031
-0.0254270399495849
-0.115346957036096
-0.0289765764641101
-0.131242178601679
0.00423193519613037
-0.130019453292578
-0.159928015072375
-0.159926379199518
-0.0790086264890598
-0.0158837635261441
-0.0834721439386455
-0.0566478827847587
-0.150996216242586
-0.198518326001911
-0.1279731410641
-0.018136833978377
-0.038299610501083
0.011806826400939
-0.067420906738955
-0.0965320264955044
-0.0248834318864804
-0.00203562041869296
-0.311348838842413
-0.129236932742919
-0.241222067041202
0.00478287227800736
-0.0610232352551865
-0.0604982939274349
-0.00941274229075892
-0.0946553778878829
0.064480235334727
0.00137009937404107
-0.0491413864389005
-0.00776768611507804
-0.174321966786459
-0.0493886276083224
-0.104476822562826
-0.178607326242804
0.0208258938904987
0.115282329893183
-0.0186026527085539
-0.133112351223885
0.0879810134213396
-0.127792097176551
-0.186261256844925
0.0540656188556051
0.0021649581650829
0.0286954261106636
-0.0275377410637872
-0.0352387714397896
0.0333285485051266
-0.0396093182463764
-0.0581484603833287
0.21674895938315
-0.161566669319493
-0.0478568835550741
-0.0455370787139566
0.0483292190844883
0.0394949709501842
-0.0664323986653707
0.020732411076617
-0.123361852609211
-0.0207306295029731
-0.0176801294353895
0.0685691913263566
-0.0124889240215486
0.0070897513745992
0.179407370587559
-0.0761921421271236
-0.0459395024407735
0.0321382286512291
-0.0804811391483718
-0.00208266758075126
-0.0419794673806066
0.192359931490858
0.0860827476180614
0.085453883462472
0.194765133872619
0.0377765978889603
0.0221599389187954
0.141150524211963
0.140677581670537
0.102034220793505
0.200022563861462
0.0965764219362201
0.0725455486761262
0.161907743937714
0.129092046286868
-0.0762475138827259
0.112071805663356
0.097885914563952
0.0386056052229989
0.0178596437567707
0.0967144230533436
0.084307869414822
0.111172417177427
-0.0171653786478692
0.0858122944644527
-0.00917722644738885
0.216238032435056
0.0991865211034188
0.133279154640691
0.188028739115875
0.054990466721695
0.12636636683537
0.15259428879123
0.12762609900914
0.213973524946878
0.00424690113496863
0.0304819195338088
0.0606730694506655
0.0440130407079381
0.378032404515351
0.237860990066895
0.241119267117119
0.0367688934583407
0.179174507349431
0.0150814739701734
0.15772983939112
0.261980468767526
0.00595464865330957
0.00896854700218867
0.113193897554365
0.19705136723303
0.156785639894763
0.134580924561575
0.213700374912728
0.245098081873365
0.177020349383704
0.216568067014685
0.0695469930223437
0.20993899802255
0.0884256193772865
-0.0230854774826074
0.149193447276768
0.107060566306042
0.169461035181749
0.274261587021774
0.213018792005269
0.190567601348623
0.264870799236683
0.173584587199608
0.168129652568239
0.202987694790504
0.230319790646957
0.209922884567672
0.145039779168066
0.103486552441228
0.215207983506359
0.221483417920691
0.197544963636002
0.358237228233194
0.259320116299359
0.0196477711592646
0.227215826121989
0.207752414721383
0.36224384192864
0.154311079296565
0.235378276040671
0.274492668991672
0.132478851704852
0.385630062249987
0.277805760532066
0.219976946372682
0.259844638016278
0.141255322796666
0.316293460518541
0.434078024301639
0.365198740965866
0.1476775336978
0.27579302039821
0.242449252624615
0.329594154224514
0.288108817862976
0.371330508351292
0.159054480635759
0.325759359793418
0.334113199612899
0.18659208788899
0.202826102383965
0.274781672871516
0.359109977933107
0.251429418030912
0.406677215235793
0.325829558210227
0.449178973754987
0.253531450800717
0.262125750964354
0.291623906724611
0.278907763666455
0.218918357269342
0.245325431838247
0.228957837180482
0.363652962185458
0.393973311322518
0.340099505825013
0.237249895382672
0.452701893690718
0.506410967663001
0.423731970994037
0.381259858129142
0.386373484385299
0.0793885423604988
0.361549345675277
0.387662316897871
0.186072006148956
0.43991181571792
0.335800909306054
0.358805217742742
0.382720362233597
0.314319074014306
0.411605999247628
0.295092067408242
0.351157269159791
0.293821103194757
0.308583002033657
0.395269427585928
0.315700570229308
0.372039693715262
0.357875774042133
0.269022769038885
0.427446908953498
0.330304504737087
0.290725723691031
0.336082015004037
0.349173990674574
0.388796123048408
0.477434179798876
0.305549286501775
0.38939152457734
0.36195397897439
0.497974441088293
0.436336954935982
0.371686979049113
0.376656869534729
0.429054039057496
0.365744529633694
0.365856051129647
0.502952763091564
0.28362413082287
0.477146119734321
0.388408486525519
0.388764618637142
0.366221487477197
0.361782238844636
0.477660399604563
0.44820083516159
0.482869095170536
0.335582870075105
0.261521552725571
0.375243576887286
0.611057408700377
0.360855870460404
0.573152472172411
0.356246397334099
0.288081260845674
0.326231273525701
0.438696510406612
0.41640049249246
0.39698682223603
0.351487276600174
0.458176173799006
0.443329534876044
0.64415367534522
0.487304257041002
0.488910328941894
0.481862734817873
0.386604844320712
0.510233865928884
0.440354661903756
0.358056165003199
0.55487857053121
0.61260580258152
0.274223634933418
0.508162210638911
0.459666509290466
0.59225934846445
0.322690856163527
0.415514664412504
0.536355529773427
0.451360358308757
0.499910092897293
0.503849457145919
0.388990578765249
0.551620418088542
0.529322238140022
0.531947116642756
0.262508620181298
0.442468776054254
0.411198398164174
0.338957366165709
0.570828896234252
0.421262727079581
0.492696795427973
0.545202138717008
0.421899750120486
0.360564620908101
0.585388106040005
0.464169344008734
0.394041915551433
0.561039249677288
0.473872608489916
0.492049649512908
0.331184347352993
0.459204411748879
0.559251685642055
0.49837644889116
0.548431957414228
0.530505057108541
0.459123434223118
0.446231628484821
0.583196932126188
0.42892746613897
0.53106644746494
0.562746633546095
0.578257792941444
0.493013247054077
0.476903184255209
0.477358385955764
0.403526763657588
0.541810264387506
0.553988284828696
0.663595652976441
0.643293086269443
0.594406267799261
0.371403684175571
0.561309640909116
0.521965578684141
0.597392098732155
0.471590947004733
0.469080432527344
0.61467662891078
0.580383690231688
0.432384517737163
0.592255169063076
0.510378674728892
0.618540724979692
0.525042118409476
0.460239799768255
0.716618349382366
0.620648147777175
0.613636201685816
0.573016187156955
0.644972941985602
0.526332137521791
0.591671372259728
0.452654895001287
0.670760720220357
0.548931363803672
0.558352266381847
0.657448403527665
0.783101909239466
0.60626944789345
0.72532244174756
0.570134684991275
0.570775021146859
0.669412036022233
0.646269322135278
0.750606014640078
0.730196588171938
0.57449462628191
0.6396615486947
0.709205050835739
0.512736347950748
0.646723418428056
0.540555120336501
0.598107497194163
0.54558907616314
0.539113224193161
0.607896286932613
0.5092012019632
0.645269880861202
0.785490970355687
0.571072400792198
0.739890167994106
0.764427778406294
0.682523461285312
0.672253306866264
0.626601406425047
0.610592384367304
0.680435972686223
0.823211542645783
0.618946669878804
0.571871564191328
0.696350808616282
0.583783212525453
0.5166073530848
0.633134485000187
0.619259185225684
0.769581891214509
0.704931837653848
0.609714449030134
0.546043575454488
0.60777666632517
0.727254069334386
0.683012389109621
0.757329442064174
0.679993216682427
0.710706096690281
0.871430394220652
0.840685474682127
0.552164304486946
0.791494540546747
0.71963291989381
0.792927729728126
0.65481410835619
0.715181669903215
0.790110584611015
0.715020217473479
0.766589054080754
0.732221331156849
0.682027922974663
0.71805878017423
0.77924968579273
0.690776259790814
0.689961333754573
0.7140984577637
0.637278589222628
0.740070288359082
0.751590613092092
0.695988277305097
0.687126830564832
0.649830203425569
0.845125615093247
0.692381618032769
0.657611594567521
0.729745924505027
0.601282485461633
0.663688306880631
0.748853474719646
0.726745279617563
0.779789367192755
0.631446142406674
0.671657120218317
0.643491432164086
0.78147006040291
0.720155186807487
0.87262451548386
0.799394699923812
0.748025082695914
0.88307354798629
0.698421900850309
0.74057355588397
0.782487530197375
0.790445734493816
0.790414218150097
0.877855821943341
0.764192622022245
0.821914900152077
0.760169016982
0.821306953905079
1.0025773841345
0.93305135758653
0.850214813133663
0.842682004580512
0.930896602833159
0.770850750784751
0.806864700758569
0.817224145171037
0.8132024877237
0.933743977842837
0.789336706103853
0.80200949708182
0.828833511292811
1.0227259082939
0.63478353910066
0.832214062956326
0.785644254708418
0.858992282651855
0.822559853962093
0.836442330838157
0.791591315309069
0.927396027412514
0.625183900005116
0.928500116599981
0.862429337818653
0.650951956479142
0.91203885081672
0.92092102836829
0.927837627528505
0.856875256868201
0.960817840461164
0.786922421492816
0.798852171089543
0.899340883658691
0.988928756920486
0.886520228636522
0.858986177622764
1.01960303178204
0.837020746524554
0.781696723456427
0.966459861894924
0.946792197069412
0.830656042754603
0.835434136765354
0.902073160167668
0.967980214633266
0.942556812375188
0.99153039326173
0.996699227931695
1.02645146927765
0.927348266398558
0.835495224122935
0.914584285383538
0.962198509447164
1.05997265183739
0.936509961333418
0.935390304874781
0.976766042615334
0.925095659347367
0.999159865865192
1.08642023776879
0.921778256919045
0.901838588463616
0.837935167745215
1.00556642343088
0.952874334267158
0.925189615610197
0.891575447776813
1.07458413310129
0.970223733510019
0.944499254996586
0.928478017795955
0.944074116787372
0.877795200936944
0.920526050184763
1.04840071962274
1.04117751548198
0.849532190074973
1.06385748712279
0.994064701813702
0.806344788369487
0.922384528468499
0.913830113692625
1.09360836269516
0.973779703680707
1.0819135538081
1.02380445227347
0.900361090827647
0.77092442649404
0.987452930592224
1.10734515436184
1.11039509013427
1.07155027828722
0.942653018496421
1.08628382075979
1.03313529643629
0.996827944936022
