-1.02587750326055
-0.915908363551289
-0.971474138019193
-0.940045352587833
-1.01687622940527
-1.07229770741243
-0.98300854692618
-0.805639611969761
-0.89135419533767
-0.946801765800454
-0.977767666170834
-1.01267310747593
-0.980252706535299
-1.06590951999637
-1.06660199946519
-0.96942347371326
-1.01103681407708
-1.17996941222428
-0.98391680782875
-0.979925576659574
-0.999773178343931
-0.968368001815376
-0.8401760582245
-0.945604968673778
-0.827007437038315
-0.946700359863984
-0.892581412432447
-1.04136807944414
-0.960807017165786
-0.766214848118317
-0.912998032615634
-0.858097390470487
-1.18063619203638
-0.874029915816636
-1.08136503441782
-1.04983625710123
-0.829346794766793
-1.06303818820487
-0.942082190015138
-0.779389125924077
-0.955602276925708
-0.876823478872798
-0.706430215051445
-0.754272970715031
-1.0447441189591
-0.848737193627221
-0.985919047435503
-0.990926599161031
-1.08433742399518
-0.77917018889685
-1.12076949353419
-0.971778774321407
-0.94748274248851
-0.723678879692013
-0.934295226796873
-0.787373146622592
-1.03107865978766
-1.0113154190444
-0.750820283036579
-0.941831280224463
-0.792456307311393
-0.975191280558636
-0.831980550041606
-0.856235182286504
-0.866168237201072
-0.801520256661159
-0.815189128680122
-0.963842664612746
-0.834995456855247
-0.805264126753626
-0.899879442885353
-0.835931076244318
-0.935648678840135
-0.684860538188403
-0.761320560083097
-0.724165518164279
-0.833305093505076
-0.743678621420408
-0.838786488786216
-0.814530180229688
-0.831733999844789
-0.758911687728605
-0.878085007609585
-0.764846946517722
-0.756685594636284
-0.681897056256276
-0.760621014293479
-1.00945055088221
-0.842888641027831
-1.02030225855433
-0.831507847117081
-0.796874867688291
-0.938621859666292
-0.78464001851198
-0.825275833390051
-0.665456137805425
-0.777503004065776
-0.901563317501737
-0.720748087461457
-0.803035786991521
-0.773227185217132
-0.852088973019307
-0.849593279696097
-0.823129121523973
-0.824220578242503
-0.833572230094607
-0.824454014105072
-0.970821133445332
-0.753837204912513
-0.750128571391925
-0.767891837107488
-0.818445535753048
-0.698850015317265
-0.811389473161806
-0.760997908771316
-0.664183274857025
-0.803079604468714
-0.639878471636723
-0.765284905790092
-0.684648568837865
-0.742491504329304
-0.836556452683327
-0.725056047989846
-0.854950342992575
-0.670404507730583
-0.652641366046936
-0.790890300917854
-0.740086760247423
-0.838356757320548
-0.681308757159446
-0.531661293390414
-0.759559295363621
-0.663385811875439
-0.877698502306734
-0.470980011526198
-0.747919091579924
-0.753500189799042
-0.79185955224909
-0.662922238405209
-0.656856716380772
-0.556034194403833
-0.582746921457651
-0.67410873563696
-0.671725390627783
-0.82371227708956
-0.803572156818851
-0.760703220361051
-0.721052385453793
-0.64956120258905
-0.83856337763115
-0.693902956802595
-0.741704632708509
-0.707566596055426
-0.790076611807146
-0.651490143556777
-0.600914560264062
-0.776888138702243
-0.596254678701875
-0.664199348094282
-0.691455942753203
-0.600925487674706
-0.683519127956765
-0.736716146657688
-0.712781270531918
-0.584933090190424
-0.587320237002954
-0.859531509501624
-0.538661244877175
-0.708788764424475
-0.638428277530424
-0.67929620580011
-0.681145434827724
-0.593511696713659
-0.639855702598
-0.570819945863244
-0.677902256748136
-0.678726823663438
-0.484985924969221
-0.77896445470425
-0.65697563502333
-0.690342516109056
-0.588505692648614
-0.673876361701366
-0.536947750999305
-0.610082030317824
-0.573202887880049
-0.655032754583167
-0.534923474770366
-0.628261103777983
-0.575405407316757
-0.4871123783655
-0.720362974956456
-0.672446453159004
-0.624856496084663
-0.589160125164323
-0.756454439193573
-0.549192908808991
-0.613850034879273
-0.660742255173718
-0.723837781821461
-0.464523622536482
-0.545252256240305
-0.730859147275241
-0.600868099432084
-0.693638021070953
-0.627244657246217
-0.759304988452786
-0.645878639560021
-0.571366723613547
-0.525305953490261
-0.64833395674067
-0.546970569978842
-0.56792027744899
-0.541439158023321
-0.570351702870191
-0.553830605965303
-0.58847352487867
-0.635675179467852
-0.600263556857682
-0.675892373187524
-0.530494209963765
-0.578012599250922
-0.582770595908216
-0.606448618751442
-0.470943898393606
-0.456212471421851
-0.644078710060917
-0.5474269770302
-0.587718978944811
-0.523848753148511
-0.36310110438946
-0.512582472024544
-0.402194344950876
-0.620655253858045
-0.426458110351939
-0.670894362575968
-0.514302102756775
-0.517303205646839
-0.518547587080559
-0.563678438555512
-0.479848356406063
-0.539801094378071
-0.608163012893021
-0.617168301316054
-0.420016564272044
-0.440715788928238
-0.423679367801876
-0.554929888162364
-0.408156748554883
-0.47379165273681
-0.511350890118832
-0.500256337295503
-0.407766434578027
-0.59181918606778
-0.604744179039016
-0.543498590571873
-0.459813662908216
-0.444630379471296
-0.449433228553646
-0.362240146104522
-0.43309590804362
-0.595389571342494
-0.359217122052745
-0.602846009001211
-0.578842258165222
-0.479585728235109
-0.411336264087139
-0.28701848101552
-0.333274158012494
-0.296604157454669
-0.40189699089454
-0.420325815293317
-0.49097260809776
-0.549753678986289
-0.364906402644287
-0.490187633780342
-0.52434466904791
-0.434791295789142
-0.442012693796465
-0.466050556603091
-0.496127669200145
-0.3832793913924
-0.534028019869515
-0.240421476411469
-0.362365144434866
-0.391237002975028
-0.46116680494722
-0.46664927031109
-0.488176240456124
-0.321469574378687
-0.422583728821143
-0.483859938449597
-0.46831094179734
-0.431174797237056
-0.499944586598105
-0.302318004331855
-0.445257973051512
-0.431579411216635
-0.605281459828378
-0.424919763695607
-0.441847257078699
-0.38982931327885
-0.258201072512049
-0.318812684999117
-0.353188851033409
-0.368802366390798
-0.302805344877054
-0.285628541866516
-0.34254974393182
-0.354515550085254
-0.521861215012473
-0.440789794600941
-0.162745869680987
-0.517446134202557
-0.33369783837171
-0.363233961142552
-0.392422112704277
-0.436189003906831
-0.426171159691375
-0.368662060136834
-0.362950224257137
-0.332933255136124
-0.244656318934336
-0.364730075089598
-0.347122242303962
-0.315919576873635
-0.111109288452652
-0.279676325370112
-0.33013762686058
-0.183337467091475
-0.503064226327857
-0.398593328865542
-0.303477914853772
-0.274269066334294
-0.282206371806859
-0.222615247360839
-0.434300630052226
-0.317000884441677
-0.326950230657848
-0.345039416505969
-0.2997747723236
-0.208654874058902
-0.272105250368726
-0.455088225846224
-0.237433590984289
-0.190430531603712
-0.219802184724888
-0.218152041613733
-0.35526941668658
-0.288507316042956
-0.207669102451373
-0.371644261233325
-0.206917795737709
-0.339070979855716
-0.307790484634771
-0.28607149474761
-0.239280179183171
-0.281564721331374
-0.25161777160701
-0.326635426548117
-0.380738469069186
-0.32962896064455
-0.323240325538632
-0.208781363260245
-0.171991956399787
-0.181957609049563
-0.318665959124886
-0.248145527955792
-0.221138737080359
-0.152611827681029
-0.309999404002115
-0.225202389645598
-0.464405406942164
-0.201907767890798
-0.304471401783357
-0.306940411768957
-0.195201832120068
-0.287335540565693
-0.217898125075352
-0.2544878983513
-0.373514456441361
-0.25517915651128
-0.233797522981806
-0.322531447580891
-0.283955716142405
-0.267349328051768
-0.370639053843436
-0.216180109320118
-0.0941029603449576
-0.234095714340017
-0.181368460458753
-0.28554989910147
-0.0953652285732739
-0.122870751455584
-0.285855700594803
-0.332110383323335
-0.134459842103565
-0.240071126057654
-0.369042627201376
-0.126063783239254
-0.21504552781248
-0.224130320812146
-0.241669017912912
-0.250449857945603
-0.297658287303689
-0.125814254683003
-0.0608402131666004
-0.320822224327707
-0.102768639795356
-0.156343521969529
-0.144051404487099
-0.214744916848797
-0.174770754913455
-0.24196284127999
-0.237870180237447
-0.0636121817801999
-0.228026074965634
-0.319951429251258
-0.2207210593873
-0.172733577862324
-0.031334093220052
-0.218720675681158
-0.198886681620992
-0.186489818723949
-0.248895420119288
-0.188967759272161
-0.209372541925833
-0.166907251558887
-0.125425465102936
-0.0698127170963818
-0.154882537204627
-0.143337640156375
-0.207155349112043
-0.103762023272968
-0.0469300755006219
-0.152817616104881
-0.130375067236461
-0.38086323995571
-0.0908942977436155
-0.181736124410752
-0.0407737414397994
-0.155871001949225
0.0183128703449726
-0.118733302639665
-0.057479409913017
-0.144888467627283
-0.116207162049643
-0.147075844481376
-0.0771467204146642
-0.0551107239785073
-0.256509357977808
-0.147580847965292
0.06600199374762
-0.0566314025628987
-0.0162438203875017
-0.102670487977952
-0.0997664252191319
-0.0666864033759114
0.0338344498068251
0.000663811150662833
-0.0519762979723384
-0.124624860856494
-0.0509239005400842
-0.00784181187216282
-0.0950249898686486
-0.119422825927941
0.0884187767385733
-0.173380456490238
-0.00458153776655871
-0.0169398165491951
-0.0887544262493899
-0.133062740960521
0.021296516450561
0.0463400926175893
-0.0403747670841906
-0.170255231256647
-0.297095486844107
-0.062891128087771
0.0723166812021097
-0.00350569546343032
-0.00791754605733213
0.0358107948423632
-0.131760017618777
-0.0867061819671324
0.0387464555758593
-0.141191108296555
-0.108452946800863
0.0902510108856031
-0.257364203239131
0.0614441039633193
0.0186570660714695
0.114523738504899
-0.11276495389972
-0.04930730585939
-0.069753773984359
0.0872869914378088
0.0297486245467702
0.04075427267067
-0.187136633153536
-0.121882754601168
-0.053786963267025
-0.0882394309623825
0.0291830938352599
0.0267313533010198
0.0496946354147432
0.0460294425274057
0.0206386985066369
0.095922333438384
-0.178225384990802
0.0184765748501788
-0.121199047067766
0.0710634657485569
-0.0660334999360482
0.0616186175931219
0.0319067816367723
-0.0482441775082023
-0.0811311582017544
0.109325429336777
0.0320521805578463
-0.0438493582195943
0.0299831816586362
0.15002791299138
-0.073470294115757
0.0757703978156972
-0.0052813749408087
0.0589450767881423
-0.0767943479317206
-0.113253557160389
0.0762265476557748
0.0953980916788647
-0.0451779069461266
-0.0463258769940427
0.177923885724199
-0.0191540399190327
0.0801869437921186
0.0285111469187041
0.24283634780448
0.0865592082648861
0.0281295436015151
0.0246086705347026
0.160728882999462
0.0437620440830268
0.057408685540464
-0.0306158608162087
0.00112369601380633
0.0564159347566109
0.105193329466625
0.0774562190520371
0.0971664184668101
0.175090491044333
0.083665210937943
0.0203005964315614
-0.079428324063126
0.0210273973341121
0.136479618546214
0.0701835473528842
-0.0394654298429756
0.172518286447832
0.182002770807902
0.0668737436559626
0.110987975728822
0.0669240422695802
0.184480430419057
0.272109322208616
-0.0213744847864958
0.253369191753702
0.181232783740406
-0.092855712919842
0.153929446712433
0.140389415138403
0.101858940885817
0.156173549743082
0.219012823554668
0.0791097938358084
0.0255733615871176
0.0595501731107361
0.325209339894103
0.254114016438222
0.145061170486493
0.170986069562598
-0.0352513371646569
0.252777623316502
0.232604061613493
0.074834096310606
0.0841956865600007
0.084303488510606
0.166377048102057
0.191748687668912
0.215305177727658
0.0751327568381111
0.122235994125082
0.287110000944135
0.128148874566761
0.228424281523905
0.0698785745082336
0.185254505096491
0.279400839667102
0.230948940582068
0.159466150208824
0.259613625428196
0.112376853835267
0.330649836338509
0.156561860673509
0.332086271888534
0.205705041669191
0.0331356722193369
0.169015193174779
0.29157143310175
0.277150863611149
0.361023991528399
0.195557022056346
0.190914869576666
0.373671520275254
0.317869012496758
0.293829262373447
0.155263140576497
0.0951197158832485
0.272895008537959
0.280422845184564
0.00735181749245019
0.24635930030979
0.260899609300154
0.183861596750608
0.295257078856956
0.210480247548382
0.278881571484931
0.109847040183722
0.263307872049666
0.187890683328367
0.385372816055469
0.409100937406809
0.233178862596624
0.122179128917948
0.258760939524293
0.263178236445653
0.333500079888484
0.141921409407611
0.418647230909707
0.296082866230184
0.249079370579531
0.14847676599075
0.310239625343836
0.258454791590375
0.268982499407742
0.149831350714051
0.25556844712319
0.279730612358789
0.366433118750819
0.224809625999474
0.328504796287136
0.397421985607851
0.25821489239867
0.403952563962233
0.444048220117754
0.306957276136508
0.370062013727826
0.317770580528554
0.34525265898883
0.411889431295326
0.232695807873139
0.298592547268968
0.279820972489334
0.371884369227538
0.38576614779392
0.543192681429899
0.430043677089622
0.351894933864988
0.329482541362881
0.295951693484873
0.485539828979278
0.305895782292159
0.424101259100827
0.337214978244007
0.459197596144592
0.250075172301197
0.408221638968907
0.214834150009321
0.25186185280053
0.257225290491663
0.289218914131699
0.427039633432463
0.22488849714664
0.351704599159258
0.311616401947553
0.359572511412327
0.473344264867124
0.430878535801594
0.339263474613406
0.386709643050126
0.418351581631814
0.295870676621102
0.361905870959739
0.326585776826583
0.297457934904865
0.426914592485916
0.419931012521405
0.362098485966768
0.500243598681661
0.482181760598076
0.276308555133489
0.441713589980078
0.526670451104837
0.463662681033487
0.419009690685244
0.352778397172241
0.376171000689518
0.378110629880042
0.404314614735815
0.247715699821128
0.435453043442966
0.553951957169459
0.364499317283307
0.460614043640776
0.577889720584177
0.508103008029581
0.471917125727016
0.358329372110226
0.560015285622435
0.335545159842123
0.412942880521663
0.478678412948557
0.335205367760639
0.471904457122234
0.346214539421923
0.436372751525474
0.363373073406106
0.557836721976377
0.511116135453513
0.360508969614091
0.423795984410916
0.502062683053652
0.47179388169966
0.480623523083217
0.563448595397281
0.382530019639297
0.457924208290294
0.468098966344282
0.575478815225435
0.287759490578284
0.489080936049884
0.425233649299976
0.619697756262327
0.647209689570886
0.387168319640173
0.70727968380144
0.488761751246606
0.554550954507118
0.589701749303357
0.422256059679438
0.467298949115819
0.448189616247394
0.502012147376663
0.489012475597039
0.45784432385097
0.514190693153884
0.405405926687522
0.520609744907509
0.554670730246442
0.397102865537912
0.52456571208245
0.542369015216285
0.509633411562426
0.537047798354384
0.489774907898585
0.495704808836197
0.490965458551702
0.612738883596394
0.558999247473794
0.652277603124895
0.486850985791697
0.426674128817632
0.541405677889959
0.524637581546888
0.530359779500994
0.506186459409888
0.545533458387384
0.493762526218315
0.536981298523077
0.59479355370443
0.558166720991352
0.558820051404366
0.484910945424767
0.56930556599106
0.457692357500316
0.563752568546311
0.489939694996101
0.562854217510048
0.71308412603186
0.521320874802416
0.623235208894275
0.521283856036906
0.548807020168041
0.58237089292238
0.686155053887799
0.507368704982119
0.500973086278879
0.576637482121661
0.626885824017185
0.510786006969006
0.598447590358337
0.527354886430472
0.680010527330503
0.582969862668206
0.595043524353183
0.589383028679025
0.743327746522682
0.578912240243614
0.536936809851885
0.455222279668559
0.730521669879395
0.655217125705322
0.565026774667205
0.675913584027021
0.778320926404057
0.664243939197372
0.61693135715875
0.668308194140521
0.668598116669655
0.506761338555805
0.579934475796183
0.636476743698807
0.726286997217992
0.586164756863901
0.708926737581946
0.639588896017018
0.509962808748054
0.740277516994721
0.721860808962094
0.726786314899843
0.704019652300604
0.574980928728071
0.601494840786739
0.611324134285078
0.782506887419332
0.579942346317927
0.620174016142103
0.670478271632737
0.858069162898136
0.653206499931843
0.69859322035385
0.739091685316603
0.734650551268516
0.628626356254492
0.786127060031299
0.655809330373001
0.844519214424444
0.6693870507616
0.818188238680344
0.694135180272803
0.618774461479903
0.731215198315046
0.645567582133396
0.822091459571265
0.687401611106682
0.768113329199769
0.960272141167976
0.804714589873529
0.574437639689596
0.671317480582169
0.77417764244152
0.659879499366704
0.62166186040804
0.671681784029006
0.890876649548779
0.737996522416279
0.696377282881385
0.633840155649139
0.831561477294
0.728087988753974
0.702251556541475
0.722787999018251
0.780265709960383
0.721938230056587
0.722660681598849
0.80358282910627
0.628491098506091
0.827031586283134
0.778419547733162
0.972908516942662
0.70356625260223
0.627244379789029
0.79647002684319
0.765361435230029
0.68702086329429
0.856587033568061
0.869389501851146
0.774228874698268
0.58488374442956
0.867795297422795
0.732289024716251
0.786137703450157
0.736432756611485
0.888488419088814
0.724252273224011
0.804214775441497
0.811141591027234
0.722197001322256
0.839358855752926
0.650415100784808
0.892852923797154
0.886835884111037
0.732055436948041
0.752012391032695
0.798799134266983
0.740131633147835
0.646601683223913
0.802654523529083
0.863862017642461
0.806868870468235
0.840930979692368
0.871980827314804
0.846110320938338
0.858151654371788
0.852735175634711
0.849490396548089
0.688346231442432
0.803819167962017
0.873042596693779
0.89648360555025
0.819973354191224
0.886899740330117
0.970500359303378
0.782064103541713
0.82961220815547
0.878520885561101
1.01161459792652
0.799263262072596
0.836273737728722
0.787524385646525
0.822246208576174
0.850461209607279
0.749190909994435
0.813913187485111
0.860023520386708
0.797018636241913
0.69548395482112
0.743812401006273
0.820596603801537
0.833372386927109
0.790883234919967
1.02654151873036
1.02818956104162
0.897772878941243
0.85271134288583
0.762053906075601
1.02482450756126
0.769589902337879
1.00227029442088
0.941241444315641
0.759187959017311
0.94583901066964
0.879668187389456
0.818933949114991
1.13097818012891
0.729572781521808
0.867696044762815
0.882978901673614
0.939295699323238
0.898001571566709
0.880849198481384
0.957161474018396
0.99876745553014
0.928786688804333
0.772506654294538
0.947008103927289
0.839267925897371
0.76785836500804
0.98651248046924
0.858575866774191
1.06580849610962
1.03730568164929
1.05226627668115
0.964198366872884
0.830963791606601
0.904980455169608
0.931514811724115
1.07378484531081
0.774964561861615
0.904865227790263
0.925144104864024
0.899375340684258
0.868647526883404
0.890939147718423
1.0742623882044
0.980188488136097
0.923515014671163
1.02262872933911
0.999558963896759
0.845720762096978
0.951699014616414
1.04143047331243
0.914946037068702
0.951080217638337
0.922146926346194
1.06192575422663
1.06998607979275
1.02467605569892
0.962726584478616
0.961909742893584
1.22898755349367
