-0.944429519881142
-1.02301380313126
-1.14558878832427
-1.10362197523881
-1.04001357812815
-1.01561310446882
-0.938268166562906
-0.907201725693592
-1.04652040736573
-0.963603996822465
-0.952272969490139
-1.09319065258231
-0.935369962014426
-0.849902427566759
-0.78901051773065
-1.05131099053946
-1.06239317728173
-0.923664840400501
-1.00415840377378
-0.8048390523896
-0.821529121326425
-0.884158741913394
-0.981702923969938
-0.962329956538407
-0.850976344300542
-1.11661492112029
-1.00292475862894
-1.11423017067718
-0.944419006260005
-1.03527599456821
-0.913861401626547
-0.877756271435564
-0.959857148557779
-0.99210246226142
-0.885541953286332
-1.01218737192756
-0.907410133058834
-1.0581772727724
-0.859009020402344
-0.917473377777109
-0.986615138681198
-1.04185161771909
-0.953595186195888
-0.974754605113952
-0.88685089961139
-0.937315250813479
-0.917845732034117
-0.68998532816396
-0.892495055620374
-0.939704627486175
-0.993776720393525
-0.898278561308739
-0.825487683824513
-0.833071099119159
-0.917163750474329
-0.923051303459379
-0.824666689993374
-0.86719481330607
-0.873049266183402
-0.79155974926419
-0.869374189719699
-1.03806707046841
-0.878466789313381
-0.842599208185623
-0.916104263629799
-0.877661674304375
-0.797082667856518
-0.874826318199283
-0.842406455788374
-0.955291029696069
-0.695803101747431
-0.759900271486064
-0.999415818636184
-0.904211777240077
-0.772060150022984
-0.853517393277572
-0.941787289190884
-0.721610566808821
-0.87266863061155
-0.782150634044802
-0.84552609092809
-0.774768708499243
-0.963905955413836
-0.757543551544805
-1.01404074209822
-0.805577886491485
-0.990823925562035
-0.827533814863412
-0.733193772005556
-0.733090190320737
-0.790421755947496
-0.818187701968847
-0.836031210245872
-0.809687229148084
-0.792320724036708
-0.795196197999051
-0.757836485189275
-0.677949588117667
-0.899591008782873
-0.715954288336629
-0.749845255205342
-0.822778138546665
-0.588568359131161
-0.688006353713718
-0.767421066597466
-0.794137629805616
-0.732255797356036
-0.696233121955289
-0.839877581345802
-0.736218205026793
-0.583437804179639
-0.83526508131585
-0.848822918214495
-0.755123019399179
-0.84789418340138
-0.850993310908017
-0.772827481441637
-0.753513865519465
-0.593113571028048
-0.760580348458451
-0.63598952596265
-0.890043528808706
-0.811767231773103
-0.860238037735226
-0.845126372799268
-0.690357601073831
-0.858798395164378
-0.742557138978152
-0.800020128502267
-0.680489201230855
-0.69583922611596
-0.723479861475042
-0.667274279252094
-0.837131441228956
-0.727259933181378
-0.762735717520983
-0.656188337424282
-0.796236959182707
-0.654715931048083
-0.651840580832248
-0.638144457758715
-0.560904386741587
-0.881328270758243
-0.545724730553471
-0.659436566410712
-0.765637295399484
-0.780353002956065
-0.704095002133264
-0.663070549941439
-0.621645036557164
-0.571503908788129
-0.5769264960624
-0.644993227002098
-0.759847443119458
-0.735831966256576
-0.640589793353549
-0.689413612896511
-0.618010209483999
-0.676331782244633
-0.654447032427492
-0.771838278743008
-0.64121033057946
-0.67053969556664
-0.584548967066415
-0.587126410894595
-0.738349728385701
-0.733128368936406
-0.630493650219259
-0.7496851721794
-0.722486210382304
-0.592595683331324
-0.630015036207305
-0.549420970491878
-0.680733839124733
-0.704013932350541
-0.632221187708137
-0.706685177704631
-0.625123633555968
-0.824644956991825
-0.637343856369201
-0.736130317108844
-0.590139754382774
-0.654828774137955
-0.689682944311094
-0.67543725256244
-0.598500330313272
-0.624458767861571
-0.58358413818962
-0.607282063336742
-0.72979390877482
-0.635657193845415
-0.748149484328327
-0.481289137467136
-0.622542844162749
-0.64653498285177
-0.593829963078049
-0.682670087908462
-0.576674413545769
-0.623099538503037
-0.679519115706915
-0.70226022841871
-0.517724805410069
-0.550656917086729
-0.52003307000596
-0.654718959767911
-0.643169794807317
-0.386181529359757
-0.590460353342847
-0.464544818706287
-0.30182558130549
-0.520106580874953
-0.521274023761182
-0.66290940233105
-0.540291028318563
-0.612060424173378
-0.540597299876918
-0.338541197616248
-0.53294714278742
-0.688135820955148
-0.726996361757848
-0.613612886246178
-0.597496731459661
-0.389405784060957
-0.814182700686182
-0.699528397588478
-0.627913653090091
-0.431747231673412
-0.52189150264744
-0.382673154058754
-0.56732378233176
-0.654185446433363
-0.666609471487469
-0.601297653572466
-0.5832773224112
-0.528350388544773
-0.429522496706615
-0.699359894086376
-0.46336660233325
-0.522812267410147
-0.48214020643258
-0.524340726441656
-0.581247930959359
-0.508526308136108
-0.593662661017962
-0.58966623957165
-0.356161661152026
-0.526901079527204
-0.410820410314959
-0.417324507698981
-0.633289615735109
-0.384341288495241
-0.476005255715355
-0.423612387497852
-0.393680666183124
-0.630389559969288
-0.465872482004372
-0.503298551493661
-0.496195795450246
-0.4567849491162
-0.399126927835693
-0.58686737896101
-0.524073596982717
-0.24507558212665
-0.530719238004247
-0.622395925916648
-0.568758024894904
-0.435620865373214
-0.560837786176631
-0.55310553711983
-0.474628535985539
-0.496335398730768
-0.347627285468923
-0.414694242151418
-0.398923871448886
-0.444437838513042
-0.658061222538974
-0.440744374329732
-0.475221193526829
-0.42614522524886
-0.447396581300004
-0.425093427731597
-0.437475981013424
-0.511478020654154
-0.405406919136841
-0.495101168112187
-0.473578119982538
-0.375817130604201
-0.424747451285243
-0.355173644182285
-0.627294476016427
-0.455988352721896
-0.39476114888189
-0.606138962258465
-0.446611999057561
-0.372839684138526
-0.456386592965802
-0.432057448668225
-0.45783696099653
-0.327451461355126
-0.537243646603078
-0.465051764656575
-0.447552169093419
-0.325666970875275
-0.39521039938179
-0.234564582463514
-0.395361649408445
-0.54917093295784
-0.171216419956338
-0.328875547947202
-0.309688337228492
-0.336174562034572
-0.333188596342109
-0.376950088489984
-0.220044833912352
-0.406472590172679
-0.358844821015537
-0.340660191390977
-0.175355816206829
-0.448807186340492
-0.41583724806452
-0.305887533558029
-0.389229898880161
-0.326834171931968
-0.410600456114784
-0.414322766671174
-0.419047763603826
-0.216185820752194
-0.289367862801302
-0.37127653892503
-0.473908378589332
-0.173495083408928
-0.219390578943932
-0.297735590637834
-0.295176653338715
-0.305594728811233
-0.367094620604393
-0.266960258939528
-0.278874993802584
-0.305799261294016
-0.244835308457
-0.297467300639358
-0.248265794934717
-0.364143947630461
-0.226870389573355
-0.346591039256642
-0.376211220359691
-0.311895164469478
-0.382325215048982
-0.27697134740848
-0.410926226215962
-0.208963770031966
-0.302697208338673
-0.294930315301171
-0.150201994204774
-0.421208181914201
-0.291266191526869
-0.265742086985196
-0.305775843829354
-0.261139349486132
-0.257143710202649
-0.251447150650591
-0.369509313375379
-0.272589558397733
-0.134767309122139
-0.189293866295752
-0.272616247520448
-0.30851736963808
-0.21767457886713
-0.216379810303235
-0.285071455850197
-0.22676681170777
-0.272753022438846
-0.141456775980805
-0.144458154859878
-0.280360136400495
-0.301646872541653
-0.171148256589419
-0.335029027297025
-0.170436459449505
-0.228721292625369
-0.249060024155243
-0.307193335185091
-0.170919832766035
-0.205829180135465
-0.19234071363356
-0.262625765987651
-0.297877583981799
-0.226909355540891
-0.268623337418813
-0.178431429366704
-0.282104137406369
-0.123972302200713
-0.227321216673151
-0.272294579260203
-0.272626089221642
-0.250760112232596
-0.0421089537749023
-0.325062865191812
-0.243429765788619
-0.022301858790665
-0.132341371603307
-0.325903334152373
-0.0602463051952036
-0.160144315008861
-0.283560809204955
-0.276318535991371
0.0252434160371508
-0.305868259800091
-0.245346079707228
-0.0944280534352797
-0.199046170039611
-0.106250296714917
-0.174874073045683
-0.17164044846936
-0.139473292946872
-0.116853657288559
0.119703018666475
-0.0371770085011528
-0.0923198952501888
-0.181599866997546
-0.14172161729946
-0.153409832887289
-0.14790783894269
-0.126090042776871
-0.130148566822722
-0.206959486695597
-0.00735316162619851
-0.0367623785259462
-0.0509561283411233
-0.171405833434897
-0.226583386023899
-0.16902037110775
-0.104228803238953
-0.0907302141356458
-0.105533668913903
-0.102217816819332
0.0451416757013442
-0.067103065806907
-0.131648240838609
-0.116298828754641
-0.113857812671174
-0.213559446083404
-0.253612608677168
-0.219782106921277
-0.178877728840409
-0.199849073177475
-0.160125897570072
-0.275472931319874
-0.184215732210847
-0.133477656340853
0.0645377710344436
-0.0694687175728327
-0.0308447392186541
-0.130257423655057
-0.00672541013802916
-0.12830424112599
-0.0148219037384257
-0.102562685433069
-0.137955425834003
-0.158746539873494
-0.0835292174045538
-0.0258343201316963
-0.0678507312893828
-0.0667396022539886
-0.156854275258801
-0.190553473213162
-0.127747227513364
-0.0230307866262728
-0.0209813363501111
-0.00872637614944244
-0.0520121149802117
-0.120449228233939
-0.0158798071949364
-0.00764887373202976
-0.312532635899716
-0.12787367701969
-0.261479845692457
0.0273525039034191
-0.0713763844234626
-0.0255645968436298
-0.0134499128135991
-0.0860319952165794
0.0526169661507245
0.00288928282793665
-0.0407297940742643
0.000675885389643437
-0.175870037958445
-0.0161820516295004
-0.0641958447650787
-0.188246698767821
0.0235355752784678
0.126362765092584
-0.0163058527438195
-0.145480556086871
0.0735772766976333
-0.133239333156505
-0.181135106300383
0.0425045310071015
0.0083045265387065
0.0215239788368989
-0.04470161950682
-0.0179977650470156
0.0490554925623926
-0.0624927302406526
-0.0586346227718731
0.235264381936118
-0.157262141569861
-0.0255786958747781
-0.0220160895699056
0.0564004171743587
0.0587815492093937
-0.0762286340139731
0.0265979839939239
-0.134119218390563
-0.0316477093752623
-0.0297029592989194
0.0743764714309855
-0.0229631762821597
-0.0134868282741269
0.181723958745924
-0.0797514316157071
-0.0257282040263135
0.0350621388622706
-0.0864454511618079
0.0301928211483434
-0.0249984950532891
0.195106024418203
0.103787743604999
0.068861641624401
0.198643484121147
0.0475590849112563
0.0264654531857009
0.14276150838573
0.136819237631347
0.113334158791745
0.214073634966416
0.092478308045228
0.0488988540648636
0.192907217197874
0.122068580028596
-0.0570919906909683
0.111546717737389
0.0891367215512689
0.04540709932933
-0.00851919874383213
0.124646143842769
0.0728600351397411
0.130138490830245
-0.0144611448132028
0.0719869428424927
0.00678940188702574
0.196581376969144
0.106516598985207
0.112471570759254
0.174220869018145
0.0386355320639708
0.123679815774468
0.164700154732799
0.125917050185679
0.215629219467203
-0.00544359009538325
0.0125432712993931
0.064000894545397
0.063988669110273
0.371134366137484
0.265843227335911
0.239450367981054
0.0256745181986906
0.197370095655267
0.0153657694042073
0.138257075420863
0.248271990252396
-0.014707444718795
-9.17116126709378e-05
0.106895041123985
0.186014305589572
0.138453267504672
0.131992254012727
0.182619854462343
0.262337987458204
0.173551073025691
0.223682992280301
0.0874893127891828
0.18272646645908
0.0869254605248277
-0.0209278753010423
0.132154489461968
0.0894692420125471
0.19179550692571
0.27597129502948
0.199821319588183
0.191350187865887
0.260571860708968
0.183592467295408
0.182009954342876
0.207519686050038
0.241592614720901
0.214627967109064
0.147023934230587
0.112907230215543
0.226934105797801
0.227134762845954
0.210529014112376
0.373692258939551
0.231236652545479
0.0080574572081302
0.229603109680053
0.202580851981146
0.367358162320147
0.13778433267982
0.254964437833507
0.272940860999058
0.142705571740994
0.408332809427177
0.291820104489337
0.225910517983033
0.274031307163241
0.144057529205136
0.294135427950055
0.461060022095062
0.357278470783353
0.171105898974508
0.257385972435263
0.22774687897228
0.323382627124377
0.299197894979389
0.38200394853858
0.171236941763732
0.319283491357684
0.33972353081126
0.196130063279809
0.19174227367992
0.283887584447403
0.325254106946951
0.263633241468692
0.40841416464185
0.288294328257961
0.44319916557623
0.262438891205287
0.266710977984205
0.288650643023342
0.277868578430915
0.229471912811768
0.254490037724492
0.214051495278176
0.377619972719674
0.419149001650785
0.379006763508152
0.230333693420259
0.443724327426707
0.541223670387414
0.404030123651211
0.376098443845723
0.360191310796415
0.0802226608417642
0.339982196061247
0.386972562880858
0.167341581538468
0.456955930115652
0.325193594324546
0.354500774343498
0.387254708281669
0.294869824899736
0.425986113579646
0.295789231816899
0.346510103365192
0.299722379781699
0.296902341981383
0.395593444039992
0.3096451607698
0.386007522763757
0.369997641530379
0.265397060416813
0.428372083828579
0.326464180734964
0.267065336231176
0.327899290761329
0.348383889733278
0.377759907223572
0.468172877092617
0.314055576739275
0.389340022457274
0.382805664422552
0.490829087197109
0.426860285159818
0.401789246336986
0.36455971774832
0.40866994510267
0.367550791790047
0.386394229701826
0.495522191054949
0.280829564221163
0.502506743206941
0.380700159882144
0.378767614655018
0.352916363887996
0.3821956620157
0.467753229993521
0.425988894350636
0.494609798732658
0.33369187226295
0.275187898034719
0.371956991617239
0.59703177374853
0.385844053834973
0.571931737791339
0.343806030987563
0.288487330743437
0.35843401531932
0.422978849584497
0.429392497427915
0.391177558375348
0.349275576289144
0.470509036613837
0.452252988193758
0.636926436793006
0.484849643790517
0.496877651583053
0.465616184671254
0.387100418158031
0.521230797089019
0.430175908326469
0.375781949154379
0.542052726959042
0.609249075693998
0.258064968264906
0.521773029285415
0.449220994703601
0.618863299047032
0.303345879814236
0.420404848758813
0.537900235676187
0.447321471880806
0.522896648693607
0.511095686712629
0.381323407467225
0.564147203382289
0.503099961903243
0.531543969176342
0.268323395241299
0.469045999820151
0.418714505275303
0.333187047196523
0.571836282067508
0.404267747015057
0.493806104980435
0.542475846788108
0.424552705337222
0.355787166569686
0.575246067558722
0.451117832550679
0.398705879410787
0.562107939262469
0.478622433224231
0.47299467910979
0.355280690272186
0.475467423011973
0.561207342251809
0.49818663286948
0.562739299848315
0.540710064179989
0.45183421720603
0.457667249008425
0.566445000713198
0.457777881995835
0.551705281283867
0.527680284061638
0.560557162471301
0.489910365438344
0.492528187917336
0.483553319398159
0.420188739563258
0.540226885247728
0.56782282995171
0.633892485486444
0.649315686564366
0.575950723363308
0.360801373472132
0.555936164018288
0.50398486412752
0.612933092912904
0.480236689557323
0.490810504842913
0.589653330094941
0.576777207663695
0.420549499134394
0.58553861161813
0.514106805020572
0.632112418142547
0.562535508148687
0.457179336762091
0.736110813726301
0.63468603890568
0.605091881250073
0.563053488976695
0.617815833507423
0.513452149891367
0.594279777828129
0.460067657011615
0.674793869228195
0.547201917753086
0.546581028619983
0.642901532395484
0.792493166066347
0.617956267467883
0.707690649389905
0.577973260153193
0.566723450489378
0.682446588593781
0.666012005737165
0.777928883858238
0.722275888957165
0.591815758899631
0.662842801879973
0.696078462659598
0.512702573867986
0.643233502232229
0.55009516990262
0.579421640272915
0.530257681804419
0.534269292974532
0.619825818954111
0.513463754813982
0.647267406040648
0.781298749233697
0.580295991268212
0.731176173735144
0.764370181534085
0.676502625158046
0.674479880766996
0.602218293446997
0.610666611180051
0.654949442052093
0.807775120697518
0.651008098140079
0.541616950197603
0.693697540551339
0.614863425837795
0.536805015133444
0.625590422867217
0.605122811828981
0.750241156479146
0.697351315659227
0.59787164139234
0.545719486451175
0.619631782110278
0.720451541380715
0.667601746954931
0.73948542514164
0.682319373683635
0.735854916743617
0.879355253032002
0.826038616930626
0.561426131615955
0.790755417043743
0.714917622478671
0.793294450036013
0.646355087599362
0.711496188532037
0.776074677095839
0.755728812811601
0.73574448863276
0.727260895621297
0.690539731467756
0.70787747687821
0.766425606301525
0.708307722444982
0.684524457496535
0.731163460647791
0.635025272902383
0.729984526625584
0.767907018126892
0.685232952599623
0.708522840862407
0.669234397790391
0.83442848014637
0.694341723775765
0.665051001619982
0.7149319290096
0.617517569311939
0.649036418264208
0.748818730878843
0.719739904716637
0.769511939745014
0.625603236597069
0.659381108890834
0.630993241681946
0.796868863146239
0.720610919387788
0.880281052540282
0.775414500197198
0.760377598737142
0.874037321132325
0.678521676934838
0.749409035451781
0.778413026627555
0.775228123224317
0.784589355704956
0.895727137594362
0.760264836908887
0.826771639389652
0.763776726596708
0.81191158186012
0.994608715564353
0.91870150387172
0.824033376532924
0.823433127012716
0.920760903654844
0.789340166003512
0.807212666499952
0.80889316351834
0.834207245433172
0.923059475702288
0.783942986093115
0.781511516784978
0.819173489522616
1.00880816873762
0.642811695299882
0.835366287709635
0.793857388984814
0.873317309390309
0.8302839877493
0.836353405919898
0.791769940262342
0.939189011749466
0.636461170992157
0.939176526044755
0.864471493301507
0.678503078640078
0.8920916653383
0.951773721547284
0.959541865969877
0.88206537988417
0.96826989899787
0.766178528090135
0.810548229586089
0.878604793585015
0.987562866968725
0.922887272043882
0.858113855588938
0.999210226938807
0.842980929520079
0.781707335218396
0.967573400192389
0.938792801543417
0.80994234616938
0.841635253073811
0.886676290449017
0.953478293043581
0.955266441643939
0.992991482438561
1.01239460603106
0.983387757555204
0.928293462590941
0.822564419709914
0.909923666711118
0.965112227736419
1.05760286181785
0.915606220149224
0.932673674693327
0.970147992358448
0.939902422155659
1.00623594023979
1.07989391628857
0.90847712751917
0.910057181046684
0.83722888543482
1.00123167830219
0.951138158768651
0.937118024020334
0.905937186033338
1.08130720573937
0.966532452387426
0.957200125704875
0.920376311380322
0.942845969832186
0.879060635829843
0.937117926630609
1.05256067531251
1.03355016393938
0.859560522018411
1.07036883865456
0.995318855604085
0.833918364917344
0.919803045477726
0.9342707767574
1.09744510563881
0.961342681889635
1.08696052887628
1.02617551758928
0.910160717317985
0.772176216728342
0.997466167056767
1.13163726140485
1.12545935214155
1.08558899156477
0.930496712681758
1.08254474275107
1.04282928338651
1.00114222195353
