-1.06273651298217
-1.11845593266117
-1.02511214754418
-0.942863321700855
-1.02382614285737
-0.980601237247205
-1.07452543247913
-0.977508532816499
-1.15953523592479
-1.02888181024482
-0.97323419951964
-1.0047588755736
-1.00704382440304
-1.13522435929738
-1.11719923571473
-0.984833927797873
-1.05104825529902
-1.11293950463166
-0.853200417109912
-1.03102614327347
-1.00709424260961
-0.895957896374261
-0.930051347685617
-0.975033550124676
-0.899244192254351
-0.857272291225424
-0.991403714984545
-0.856819411802455
-0.929310208460435
-0.871662587391948
-0.927934630874404
-0.924600970816279
-1.01710238368358
-0.83367756877441
-0.883715484650734
-1.04157481022019
-1.05186868181017
-0.956215938217423
-0.865217756319574
-0.968284054400067
-1.0444180124518
-0.796780656318714
-0.97005520366393
-0.972582883816053
-0.945120007361936
-0.9332639179586
-0.988009113843301
-0.954518162946438
-0.873841557975912
-0.954114634403939
-0.930984169339424
-0.937094837511929
-0.891583788017215
-1.06959173548651
-0.889375843519176
-1.02412205566443
-0.939079160652104
-0.728741069907326
-0.768025502194389
-0.876938599157231
-0.885945387700645
-0.893378627244509
-0.697763521293395
-0.861787904244199
-0.951514880701364
-0.864276310375678
-0.936744622911531
-0.981492524267193
-0.986400542292625
-0.818907873829998
-0.786072373609932
-0.880780991836753
-0.811480960438398
-0.825502040411406
-0.960030560775104
-0.864844694550615
-0.900099739560437
-0.633859126071358
-0.855484681060381
-0.734136416090537
-0.700904578575119
-0.76999058581813
-0.866629431723839
-0.877423631171616
-1.00085507984457
-0.823101180764004
-0.807690240314817
-0.894731752520795
-0.774873479097575
-0.87938957674738
-0.762538642212822
-0.866242346873298
-0.910427871008504
-0.792165575538255
-0.775884477238992
-0.732863718934079
-0.729945964276353
-0.717008677410298
-0.735025470788245
-0.705475702265642
-0.868638537403415
-0.72072858263821
-0.605899012681683
-0.864538121532621
-0.799358462745208
-0.784454536703164
-0.87662207342672
-0.788330482519744
-0.765881359990046
-0.707741210107098
-0.692759509625953
-0.801532040363364
-0.716381095416929
-0.872958220069575
-0.70596080572538
-0.905013186054337
-0.736625309728879
-0.909138650347589
-0.66881885177197
-0.892892915124329
-0.73751159299257
-0.818031741548169
-0.825759638472528
-0.970429792740558
-0.768860464691894
-0.85317887281195
-0.74677995682759
-0.629490477538272
-0.703366065292013
-0.68766730264953
-0.722205329084425
-0.792016440695412
-0.810765435234411
-0.894845364978501
-0.893384098686981
-0.796201525070144
-0.640510976646734
-0.605103387816841
-0.752554674750204
-0.685002073100365
-0.783180257692098
-0.467456470093712
-0.693090804830248
-0.760945531082362
-0.641279143818294
-0.503034097020983
-0.857788374496757
-0.542235192176522
-0.683249346535068
-0.608500407078415
-0.802155776441368
-0.681022975255716
-0.795829589006867
-0.724752181524312
-0.615187786250313
-0.634014184191238
-0.609291634755047
-0.62815066438836
-0.629520871860625
-0.705109792660281
-0.623510313894043
-0.711220561851033
-0.606930869262869
-0.535511275551375
-0.650258216634413
-0.627870206804848
-0.698078808091145
-0.604511539109866
-0.566956669155606
-0.698420312049044
-0.767758212404084
-0.60722517334154
-0.645965473202482
-0.645638907608381
-0.587920263718707
-0.51163186943699
-0.59238465707196
-0.607817714159119
-0.637549782790093
-0.669786051265125
-0.729847580866687
-0.681076395640977
-0.422261801104882
-0.603778014464379
-0.637368638269806
-0.682810342711511
-0.583104406241188
-0.591671128368412
-0.733850601544743
-0.60663466552288
-0.706219328093203
-0.616256845406133
-0.74682531198505
-0.687032496408068
-0.494518294242982
-0.658663024693028
-0.647709826809389
-0.668840745973418
-0.726027004540034
-0.511415079879711
-0.649751043602791
-0.629079385198898
-0.642677959665539
-0.585791155934922
-0.610508354522192
-0.528442825741686
-0.653400209746627
-0.597650368494062
-0.639963031693573
-0.487850109669501
-0.490403342039897
-0.478017188499108
-0.568797816051893
-0.4876039329424
-0.511057246244679
-0.527970399902719
-0.477098030288027
-0.504452426959416
-0.586578337622481
-0.584458762805828
-0.54426457307988
-0.592637758751853
-0.62302680257662
-0.522154983095703
-0.412409153781373
-0.585853601474474
-0.476621582504834
-0.611193850971187
-0.518347889932423
-0.466820261301387
-0.432234657751768
-0.58139208191641
-0.500967293299399
-0.521168447373524
-0.544880144677541
-0.46827047104437
-0.554925243571195
-0.523321495693494
-0.581990064262317
-0.531918764813072
-0.566153877528256
-0.574779204972003
-0.478519461047458
-0.616943713791688
-0.522536479102189
-0.533926211329784
-0.505354816518468
-0.564476904477769
-0.474793876551403
-0.542928325881277
-0.536607745918387
-0.617802933978221
-0.391890514831611
-0.648424559904836
-0.469616995656681
-0.582048839796037
-0.492911689766798
-0.515864689711011
-0.46149982126832
-0.494224087286372
-0.612849146402356
-0.63152966138399
-0.351372292203716
-0.553914621716235
-0.422148522958194
-0.48530142080641
-0.429397995086287
-0.525878223292342
-0.39653146037563
-0.394393222697355
-0.321977032672313
-0.45719251491849
-0.581630172726281
-0.462853958804934
-0.414570694484149
-0.336874594560135
-0.456310240633938
-0.467361293071384
-0.536528229464051
-0.437502257873643
-0.469727268640897
-0.5307408225265
-0.323103385156086
-0.407739258560822
-0.445663896865896
-0.356054359455125
-0.383442901868137
-0.323349221758989
-0.32581971357161
-0.325761329523602
-0.432370434567777
-0.247137763749313
-0.313234444738414
-0.521564238047533
-0.361744236916306
-0.391930699698645
-0.450860243848055
-0.212102098842734
-0.434444019370557
-0.408184839223227
-0.429838309574625
-0.386136684367238
-0.373917905029578
-0.489241223205327
-0.306489975757804
-0.404518729108059
-0.39456012010544
-0.47774801147749
-0.473535317561117
-0.349520885416337
-0.433776769909014
-0.312635911256073
-0.298323406993477
-0.418190769626339
-0.340917503996778
-0.312307070822161
-0.432034716117455
-0.17864286253989
-0.420930263098635
-0.240415268343267
-0.371786445713108
-0.411817943611263
-0.414712789807016
-0.405707292763345
-0.379424876873418
-0.468327471681283
-0.134044929476383
-0.333884960948544
-0.373360161555548
-0.165200081284098
-0.332751687575817
-0.259379359914307
-0.373326235543898
-0.31019995981919
-0.342556596313306
-0.442142949999368
-0.350396863582402
-0.39443217378057
-0.398899005504946
-0.232941559272539
-0.355727600679548
-0.367316130107726
-0.242465671060563
-0.444858770966809
-0.387464635893846
-0.238687880786039
-0.380907499865826
-0.464394451948636
-0.436522847904567
-0.200297998110917
-0.312273652544158
-0.302688714590758
-0.199105061172491
-0.272145280953789
-0.203625167410044
-0.266018926461682
-0.323485329218771
-0.29214081920849
-0.418688670790662
-0.225493503595137
-0.393584725202973
-0.36840539307453
-0.307466177018126
-0.277167473782332
-0.176531955269898
-0.412449107826368
-0.278270389874557
-0.338637138064293
-0.183061997359433
-0.203205767515101
-0.238200065774325
-0.298440990537763
-0.284763511545516
-0.405350536050934
-0.257046145349778
-0.217268019518428
-0.294036816054384
-0.265282604067051
-0.327733717851476
-0.371266052827444
-0.277419600329442
-0.237708810067928
-0.379930190413787
-0.236105607894976
-0.34839591290551
-0.330886564349914
-0.37463590908659
-0.209436078252838
-0.225454764922405
-0.216879360231226
-0.176922515457848
-0.149388628044763
-0.285339089170471
-0.0567635957774668
-0.35107617575416
-0.229978583898273
-0.204519722903044
-0.165494905721938
-0.306693158553096
-0.308215980557481
-0.254463154300308
-0.106808268887997
-0.207162179857775
-0.297845216528445
-0.330395757680274
-0.0397019770608222
-0.0525393227491376
-0.362513202930765
-0.220633064292122
-0.231592262125012
-0.278689651100085
-0.0321252349574268
-0.154639038120852
-0.240101567009714
-0.224275604023048
-0.173435987123572
-0.239168227012234
-0.177547654157134
-0.0884930538261817
-0.170791864880424
-0.114358324435734
-0.203111404561441
-0.134674343114729
-0.186282726145672
-0.198500443236335
-0.0818874591291056
-0.0673144650473487
-0.163223326893922
-0.0801457825276746
-0.0214365819519423
-0.0936280141457667
-0.0780297183276824
-0.229362308705364
-0.16452202088189
-0.0661070058192581
-0.0360164925190882
-0.0866651904485149
-0.0691839902016623
0.080476457804991
-0.00200199917983814
-0.234514424888198
-0.144310656811124
-0.0443287313563078
0.0862127844676542
-0.153514948696644
-0.064670034935485
-0.168379048977623
-0.0379903242754801
-0.0773169058805672
-0.268954458305677
-0.109145053039844
-0.133466454295278
-0.138495125386261
-0.212636652326376
-0.0331479650791447
-0.119423942269824
-0.0246399881133616
-0.0431448782581444
-0.036625617703757
-0.123446314770071
-0.0780222496163072
-0.000310027958711127
-0.0288722616555882
-0.0540114074232585
-0.191652094211494
-0.101456280838401
-0.0373551310063229
-0.132769021223315
-0.141957485294452
-0.126774650680361
-0.0831732891505095
0.172741636354292
0.0989967255028495
-0.116449420666008
-0.00797997798448942
-0.0351474857397236
0.0361646665579141
0.110211806443287
-0.0201181403301128
-0.0503133450063191
0.0219606829306157
0.0840496965844185
-0.00183143180008974
0.00842918898415398
-0.0234055990410851
0.0181085646182513
0.0488437016453113
-0.102251728244305
-0.0422791405931198
-0.0242918013147383
-0.0134088360888924
0.00638065050731921
-0.138621329166324
0.120440880606672
-0.0143840627061004
0.0613988747125624
-0.0107441268046198
0.0442235348318069
-0.0870818745750594
-0.0242269779223608
-0.00089817692136101
0.114315612345812
0.0308106897974266
-0.0271124234039922
-0.142065138617403
0.214781413067157
-0.0265412480807796
-0.0177444503585327
0.0920525227381519
0.141131275575512
-0.0310268445987948
-0.0299780516024025
-0.0910580881308912
-0.00557374989641117
0.1559431246479
0.0343213721036145
0.151598833668116
0.0634875052870867
-0.0262300122470125
0.226085655237225
0.121830971264792
-0.0595077215868331
-0.0963639572742082
-0.0536353360011263
-0.0689219014939139
0.0334711258564246
0.0926613224156573
0.176707723131489
0.115398252686509
0.0368707852372906
0.0607317010846168
0.0544468070754742
0.0214328637073363
0.132573388064282
0.340536158183273
0.0839094137976696
0.0756980222830146
-0.0345283839575926
0.066612755848464
0.0827662758459218
0.124229311130471
0.177760896562816
-0.026738185356841
0.0619255061467778
0.229133108931762
0.0785357350956702
0.00553689734720974
0.125261595782441
0.0254447099070905
0.113731682337754
0.0989801643295994
0.11429784488962
0.170590563241334
0.0921425032954024
0.0480868272340248
0.0974632324085389
0.0283531491148181
0.119143589390186
0.14331336783422
0.127163706811241
0.18931729844989
-0.0672201369145754
0.0851819668403933
0.141864839715022
0.235473630716052
0.0296216191830179
0.0381017291555775
0.169804541821547
-0.00139407191163815
0.203035296412781
0.0143716532536411
0.245973680311099
0.158784268803227
0.140980858197362
0.115065462105135
0.0895057835010637
0.254742427984764
0.0736645961858561
0.234353418218543
0.0233752776088498
0.242105360959698
0.22384432260344
0.121535916201307
0.093863990931072
0.34754566453386
0.241607754111682
0.226597351080184
0.189369759810545
0.0899962839145441
0.0463311933332
0.134749369626731
0.0203806152213439
0.258925494231622
0.288450544342979
-0.0342199585404619
0.260779342184404
0.300720022310107
0.252629799971203
0.248559294954537
0.192211256328671
0.141189098477649
0.167246545962751
0.286430666144366
0.0770312138292438
0.312732022606971
0.295233627786257
0.149558374556919
0.242557026274396
0.241393670458991
0.271624259500306
0.278412254254799
0.0954066052097161
0.202715378302621
0.260022445650609
0.258373482792428
0.383893790685264
0.257083303748545
0.224798071686458
0.266278793354046
0.222255281646496
0.129540841392516
0.261837300139579
0.304819898628611
0.0465433074917687
0.201473698187755
0.22046617680029
0.384382818955515
0.158047957689509
0.386302210453329
0.367624912793633
0.2709423682436
0.152754241761732
0.29537945816011
0.278346479529885
0.332976423640565
0.181961543287267
0.379003955356861
0.42425991521285
0.265072478289582
0.245872611596975
0.27882467492035
0.230943027060108
0.396156021528323
0.475182459382305
0.334730202468702
0.198624928855745
0.146904660176568
0.448070900259794
0.296722754362152
0.221041189120274
0.328281063157697
0.234127227775879
0.381330589231117
0.251919109901487
0.271219442340177
0.24580869340968
0.246321159101597
0.395767961721406
0.280875924130735
0.480349720499238
0.282808929032269
0.395121723853889
0.370887969339753
0.380176382328087
0.312741007719353
0.263202593595683
0.4043142611877
0.32370677202532
0.448139196503202
0.320896154396442
0.4518737098027
0.326980284907139
0.295191405491256
0.36859878083872
0.47236995869584
0.458998880456032
0.419260395799969
0.365205678497018
0.352936288522812
0.304795798393414
0.177359071767669
0.447603310986223
0.198208252215528
0.206543665763113
0.407659897496497
0.434620235184221
0.410834492908892
0.361000928343131
0.322626799386252
0.340415676271871
0.377339138217991
0.356093043500424
0.334704893976821
0.350725655188625
0.371082867950083
0.321198539043619
0.279332575697802
0.368003696567082
0.456471372957903
0.36369110191108
0.41984464500499
0.319696511083437
0.341391890250756
0.290951747121528
0.230444694976311
0.54877794559731
0.455011706943723
0.341521680800706
0.427985353639433
0.506099312974602
0.419964708910027
0.476875992060031
0.336166299882466
0.341046859844344
0.411756591008756
0.344892171009866
0.306000885641706
0.407297815440565
0.2909737667382
0.434507149646256
0.507153683469879
0.488449789965259
0.464561845159126
0.467563585100968
0.542020912069703
0.459676414608217
0.496576369631415
0.419336653562875
0.646030416862962
0.38839867467151
0.530724848263362
0.437302515807721
0.417294673253973
0.516555889930598
0.419645027760269
0.533069185944148
0.493039480775011
0.319547425774582
0.380709304706023
0.411373039272546
0.382967073170594
0.580177473454934
0.615131554699861
0.690518591985063
0.466607390176403
0.485189769432467
0.60354184979843
0.504709089376516
0.42497515538511
0.479296129310364
0.464109280216472
0.54296107762168
0.477445559205361
0.634292410555252
0.35515227916355
0.609513347129851
0.567668275443911
0.448497453799227
0.629488436535076
0.566320706331509
0.586224742278885
0.644341954476737
0.532679459585412
0.445189254102175
0.448734201820263
0.597137787930876
0.493641085179646
0.488948682429867
0.612083938448711
0.578084676787448
0.516875971717285
0.581889848053203
0.482180509140031
0.721870828012644
0.714146886044927
0.381191493578975
0.46509098991819
0.567591881588247
0.577757594200995
0.467850884364697
0.374883279067191
0.457704168023348
0.547505868143531
0.583485322554652
0.581691167728583
0.435180589132701
0.703840554301038
0.643333410093399
0.588293008448765
0.578184385674626
0.681139957777723
0.44539032462531
0.355637954284327
0.518558465560514
0.554279251745211
0.558643727453505
0.47846545561761
0.426277244348184
0.572475169936159
0.582451833064323
0.844394499004872
0.681974513080587
0.569708233679124
0.617750804288676
0.702888911296885
0.622366721812305
0.663943270017369
0.654341810528222
0.57785056701275
0.580037172348648
0.554037370498122
0.696820959548831
0.52111028623014
0.682410930675645
0.688493657649778
0.688237850093703
0.739342649142928
0.58252682059848
0.692344714207084
0.629065626864177
0.672914074468162
0.586509291714452
0.716602885831306
0.827753231497621
0.815053278753696
0.645409328431996
0.62219789751152
0.676067534113448
0.80944592907329
0.650558401998861
0.72487137095275
0.707458104721895
0.648954029918762
0.560852864223335
0.595815755986026
0.623784022013647
0.571356344486468
0.795760707036991
0.574095816333782
0.631398509347525
0.488076391645187
0.606751033207425
0.643737760623676
0.534758962413203
0.683038909796959
0.659338915721762
0.728439428802107
0.608655744233503
0.735798866761186
0.648613541960825
0.557557479153452
0.603995371711859
0.736747511724692
0.792493835264201
0.827538736515885
0.717285380741876
0.7321961469987
0.793847212730186
0.634430886987366
0.601244667801018
0.777920763840781
0.73474676091171
0.727846868676609
0.766263154777912
0.800675027763578
0.680140707124324
0.799778607088686
0.802421592403282
0.673802113325039
0.638569351883395
0.662848438127559
0.704426414723455
0.860347898309355
0.832123933958426
0.596341308731756
0.707367737275099
0.890369107803462
0.788855208932578
0.797969338464721
0.640477806156773
0.870590446840565
0.783576482812682
0.827816022604512
0.762905032424674
0.789611392591648
0.915284866816353
0.651630573548882
0.842552679889783
0.810463039212991
0.769020413184164
0.746316800649055
0.768041039221641
0.870959023439057
0.782876504230146
0.788309531095149
0.79725941822445
0.77617091506416
0.750825714035569
0.781467303637623
0.842918445833056
0.691275166834217
0.59283437833933
0.960453226405395
0.678731978649667
0.880516671277328
0.876564645358886
0.877479635578998
0.702994307609106
0.847277128260881
0.906261749529367
0.751836834424722
0.817773526310327
0.836725769936548
0.906279172385424
1.0020127362695
0.859855987498265
0.657786409292438
0.762481321011405
0.806361441725915
0.903794838317652
0.785502968954283
0.832898362455363
0.85461919235993
0.82112818449694
0.708709934809086
0.862326306429596
0.819766277185237
0.946523978240935
0.892809998715367
0.725567827463079
0.957059485450021
0.843538238861498
0.81180046939122
0.738112839677215
0.837010999998461
0.80494779134039
0.860688846599702
0.9443331890191
0.863450663092251
1.07529286941612
0.868753505094876
0.877366499760518
0.678727431276334
0.957993710279318
0.98247118246436
0.945776505532009
0.844716005340739
0.928586282470397
0.840270141477985
0.810135707636522
0.810151886190836
1.01643833924599
0.938108727429875
0.860387882910864
0.922135090198704
0.877510073289628
0.905455378704705
0.969753933492572
0.943372737265581
1.01489111609442
0.983387862782203
0.907647461828537
0.812548013028347
0.8558457908358
0.915865124317501
1.02583088244055
0.922619373325849
1.03150098293841
1.02767794689935
0.98931018187885
0.897075249758718
0.827752156181576
0.87855481689059
1.00163047036081
0.858545497965296
0.914108036859741
0.975951582936735
0.923385784352482
0.83873223862776
1.07988096965468
0.917202990946914
0.781570019934036
0.889792235487593
0.86853370635828
1.01274955648061
1.01945458347412
1.04855932297823
0.944757777947383
1.06220241640117
1.06568647765808
0.967432907830135
1.05546740990905
0.975356265384841
1.09315067241123
0.997081927170125
1.01539118751881
0.994321096438198
0.936037619597806
0.949145753769243
1.11856621039148
