-0.999906864983052
-0.887978383725329
-0.97689754304663
-0.938243517873969
-1.02925182757023
-1.07856479665482
-0.964735539909875
-0.807426720423996
-0.917357172926952
-0.966980208512629
-0.996877239838234
-1.03187759149537
-0.983570346894156
-1.0719417240784
-1.05116428621966
-0.989098848185869
-0.993728257480679
-1.16453205699567
-0.991265172346492
-0.981264167631062
-0.997978090802861
-0.949784532369687
-0.868290981142637
-0.957097321948779
-0.826997996344282
-0.95029001402387
-0.901743781205996
-1.05698203584993
-0.954519300636925
-0.760736246563015
-0.895661995056069
-0.85409205034102
-1.15534689123454
-0.857322778848283
-1.09196910906987
-1.05495641302388
-0.834214887622632
-1.07006904837766
-0.957845228837295
-0.798013170697856
-0.980235671306468
-0.885011132454455
-0.712518486767362
-0.750111220102103
-1.04610239880384
-0.870059036828109
-0.970345189565742
-0.982642933692805
-1.06765862273067
-0.776936695855167
-1.11525846691544
-0.973164903897816
-0.966723907464542
-0.713935835794905
-0.934375265502521
-0.794221233543791
-1.06190140837355
-1.00520795285582
-0.75993518063411
-0.92872603282799
-0.790905524476972
-0.984317836699212
-0.829387114911505
-0.859706725000021
-0.858579779978563
-0.819886777823125
-0.802806088733644
-0.960680792957288
-0.833967118053797
-0.803876849550283
-0.926656764094073
-0.820084148526987
-0.939237218527201
-0.674889860653368
-0.757397276666627
-0.724263074953574
-0.84810717849031
-0.7476265319953
-0.844441043128584
-0.827536244406099
-0.81434230016741
-0.766654049354777
-0.899944825735288
-0.768122125539721
-0.767411355069978
-0.666575537095677
-0.753899386483884
-0.992970592335299
-0.868773041647579
-1.01513108730391
-0.844748770877283
-0.784935862193493
-0.92166779227013
-0.775207035911042
-0.80940503319863
-0.660236550180268
-0.770848405608908
-0.915691072810594
-0.739944307124251
-0.797098582572864
-0.773719158854491
-0.847936463831874
-0.838783331747271
-0.806031856559575
-0.820429988548539
-0.844466759285799
-0.791660272053169
-0.993996584883063
-0.762783563570888
-0.750762098256653
-0.788034806293927
-0.834613653056886
-0.705478317368241
-0.826603622982807
-0.764578661374715
-0.67616189933617
-0.785129253074457
-0.629260666908122
-0.763153977675318
-0.684878260588058
-0.766496860497841
-0.833752448211596
-0.730723949507319
-0.865013559781146
-0.648699822300324
-0.638028524261584
-0.800363653238283
-0.763057920200279
-0.849938020127737
-0.660970510429833
-0.556776299863712
-0.750467621206299
-0.660434653841229
-0.882054622066533
-0.479797020359631
-0.753753942320904
-0.751748711025496
-0.77588087587155
-0.657469931724548
-0.651446085103627
-0.571259750067237
-0.566920248415932
-0.678221937064814
-0.660290979091193
-0.797032132279456
-0.783123493468482
-0.739399211963785
-0.717052814014535
-0.656720738132733
-0.846478532321622
-0.686139821646739
-0.748096241622078
-0.721692015564949
-0.796991200204416
-0.654697994455555
-0.64143978045814
-0.75804209457931
-0.59671832505111
-0.657567918558773
-0.697211197556023
-0.645302918844238
-0.682534178601094
-0.744302676501879
-0.711347820425041
-0.593265203187202
-0.59626233276078
-0.847463846086095
-0.542595205625266
-0.720590997679791
-0.631304214337319
-0.693873107300989
-0.698459945904841
-0.589853170414071
-0.652285294910144
-0.56917727089616
-0.672974524077705
-0.665850959348511
-0.498414222640958
-0.791969680329737
-0.629719251421578
-0.682229702621157
-0.578713266455761
-0.661254185696123
-0.548967181488378
-0.613327936459274
-0.570963409075262
-0.651816710986614
-0.543620514937104
-0.659014965620254
-0.583116938634431
-0.499718007652593
-0.713177310765303
-0.673353290906823
-0.618477962765694
-0.601727643182443
-0.729377520555631
-0.577495842039145
-0.62013660334329
-0.665002816073189
-0.708745991594324
-0.461599579145071
-0.549676659558819
-0.719490548450143
-0.615764314669878
-0.707609378318751
-0.623450638330327
-0.75352910615474
-0.641214892888715
-0.570709829020754
-0.506738698840539
-0.635781288096438
-0.559835357964768
-0.58187086349043
-0.532820103180316
-0.577248824548651
-0.550095910938317
-0.596757818457095
-0.63295194488363
-0.621366965064243
-0.695327351066231
-0.526005118405313
-0.570908629073334
-0.588665235138642
-0.600343460292051
-0.447037684608717
-0.458937415485577
-0.662601268106515
-0.528108338059558
-0.596180373320044
-0.52991862377003
-0.349700320341225
-0.500420558536953
-0.391736032694463
-0.599862199311754
-0.464710091510478
-0.652182659070297
-0.506796821193194
-0.508102961660031
-0.515530751461579
-0.585936201366934
-0.485696305790239
-0.534690864330948
-0.627082846810337
-0.615963419759507
-0.415072598397955
-0.444867928393519
-0.421192531592955
-0.540086021414828
-0.412025309175107
-0.471573229061901
-0.523497521687306
-0.512675062354741
-0.418938278277689
-0.563389453579895
-0.606025131013083
-0.516970882885153
-0.452271215238162
-0.42743921004503
-0.456145292549621
-0.390239051451651
-0.439053157413481
-0.590313925942737
-0.359549170569989
-0.589542103209123
-0.58666378850452
-0.486919464339897
-0.411383084945591
-0.275249662774377
-0.351424666133814
-0.292656976779439
-0.386536760448969
-0.429814434894741
-0.498189120637979
-0.530362627067946
-0.373851484890114
-0.468507992354699
-0.542260970148838
-0.463853613209649
-0.434465166740962
-0.453840173448187
-0.484183635418546
-0.371109785433077
-0.52149157609697
-0.24913099522231
-0.368756197159808
-0.378345089474311
-0.431607424227584
-0.453980854527013
-0.483015887258382
-0.316698623335757
-0.394509836725977
-0.47906357783017
-0.466458236171573
-0.416092792221525
-0.504204726703033
-0.278827444470265
-0.456928510096453
-0.462466272500072
-0.595354688430225
-0.416502315261186
-0.447295934457777
-0.396670879318226
-0.279921186302996
-0.323127586185923
-0.367257814151745
-0.378039833335192
-0.326574689632341
-0.277914976765532
-0.354399990101461
-0.344935435695058
-0.507249382951063
-0.43148892948949
-0.139353315265865
-0.507895367474313
-0.336492849571786
-0.360694644537344
-0.393703243712608
-0.445207326710827
-0.445064704996144
-0.358483369664412
-0.359727347184642
-0.335039255828273
-0.264637410621481
-0.371112610792666
-0.334314812286687
-0.293308124961451
-0.116791307210218
-0.295310109124206
-0.342035854206068
-0.165662044401845
-0.508395763275677
-0.392986572928315
-0.321076338562526
-0.277734576771318
-0.287857749000927
-0.221243959326975
-0.420396415831381
-0.297853189886993
-0.332728406769337
-0.356388783389833
-0.297480509716021
-0.222532953525571
-0.283110616579784
-0.439240199269923
-0.200829784430775
-0.181218971431033
-0.213809560032226
-0.216037160413331
-0.351699711252092
-0.281374484556052
-0.194744340873927
-0.382516773683721
-0.223781152898609
-0.339411402235145
-0.318117652284693
-0.286086719903797
-0.236683711324572
-0.310694692971113
-0.239535305539334
-0.320803375164084
-0.382619179454843
-0.317046465563757
-0.333507149249657
-0.20404334301552
-0.191047587513278
-0.199286739677276
-0.331024161759052
-0.265468332398691
-0.233558914323883
-0.152790841366306
-0.315009453639479
-0.231894921538286
-0.449729117091231
-0.184615140770473
-0.313509713730011
-0.30457371989926
-0.196594926867343
-0.299523603822605
-0.210590258200239
-0.255789963679402
-0.347056802997655
-0.261570843132775
-0.248629787861328
-0.337647107111977
-0.282483657868995
-0.262725275208215
-0.385241018313865
-0.1954862786056
-0.10333748182454
-0.235598601328267
-0.166247105690766
-0.309343349042449
-0.0757681218047719
-0.118919057536557
-0.277581102297886
-0.314970223838393
-0.125067546264598
-0.215843565900281
-0.370159671571409
-0.147723840907958
-0.200890351919161
-0.218408043262008
-0.217469929936348
-0.266395130414864
-0.31327135611508
-0.116049861059043
-0.0852962408435989
-0.327384202974173
-0.115375961974754
-0.13289338130791
-0.13938860557572
-0.221414263703272
-0.161899188812197
-0.23772967764689
-0.239318055034436
-0.0601014712447014
-0.236201716777084
-0.315609638838402
-0.208552674180111
-0.160449369976154
-0.0290425145614529
-0.240674615991428
-0.193998970544393
-0.197827318851097
-0.251769111102854
-0.180773838037559
-0.207298376499979
-0.189901895386125
-0.122779599596039
-0.0704209201035079
-0.138152178847218
-0.14095404924217
-0.217671231572028
-0.107385264710488
-0.0652162344794041
-0.157168852939638
-0.140594123831196
-0.398546328643256
-0.111571336506516
-0.192144329123382
-0.0481844217579673
-0.149839825194904
0.0286750369567605
-0.0943111499445835
-0.0406009676843315
-0.152342107437941
-0.115862753693709
-0.149795676050233
-0.0842975280766873
-0.0504161793805086
-0.250685703622976
-0.154762731147167
0.0722317528338301
-0.0541627031890473
-0.0404946121909412
-0.111396367116998
-0.0896777459896675
-0.0577352947770221
0.0278323700832826
-0.00514863067908479
-0.0632263305021292
-0.129228637493122
-0.049732726699663
-0.0133054036125619
-0.0663866180962386
-0.109626637440815
0.07397312782881
-0.161771519839712
-0.0147458676400752
-0.0117798758133501
-0.0897841616447278
-0.11994010442941
0.0176993816873506
0.0570801794474537
-0.0566725045801014
-0.166392151402517
-0.285034431132954
-0.0490698660951436
0.0545767869903585
0.0211749163426281
-0.00591934794496154
0.0243160217253248
-0.104835173170169
-0.0820252821898275
0.0562381954329881
-0.151591892490094
-0.117356812871245
0.088772642952882
-0.260502283343504
0.0477390961411935
0.0355977802865522
0.137661504117527
-0.109009921023637
-0.0663784938976321
-0.0623564620372611
0.101343100436634
0.0108348746540013
0.0456353478317783
-0.192242956819177
-0.115125750575558
-0.0545867692178179
-0.106564036804356
0.0311118461295593
0.0237309058595208
0.0563318174454664
0.0730069787840665
0.0136925871272547
0.0975874363355276
-0.179159546963489
0.0391379015176112
-0.106360487325038
0.0522656744352423
-0.0588102276401789
0.094069155922927
0.0511765643877086
-0.0314871483091515
-0.0619994203907293
0.0967663313232522
0.0224941107711328
-0.0448292138630938
0.0517873529303939
0.158425249772946
-0.0804940492559992
0.0684790144387348
0.0138589258359098
0.0794907579404033
-0.0714737717150207
-0.13192715407372
0.0735467827826867
0.117337561690167
-0.040012460470662
-0.0824169858477785
0.166130662710628
-0.00991485648884594
0.0723935800423744
0.0342926111724414
0.260465564326561
0.0910758180721245
0.0247240774859817
0.0397332041825327
0.154118254296911
0.0401073955860167
0.0518373457187798
-0.0417246907723783
0.0114978406166594
0.0650666910446616
0.0926889250439366
0.0843306924704305
0.0858196546098311
0.203193833858024
0.0898824273565673
-0.000278053849484959
-0.0948420905255334
0.0231222506258486
0.149301959396298
0.0719106944091901
-0.0368375843142323
0.163211314013722
0.179182609501023
0.0555870779699076
0.0981517969706374
0.0681535613551712
0.18272925206918
0.261009288606175
-0.021460574128256
0.224867518688375
0.176867984336256
-0.11621728610009
0.145459046236458
0.132145888839865
0.0860260252762009
0.153616105606696
0.220209614426533
0.075535328170783
0.061936100067008
0.0900044953043481
0.334981313858159
0.26273492241184
0.187608015806344
0.198141133765674
-0.0272251616617177
0.251229914820954
0.249074672556234
0.063706931091147
0.0763812578157306
0.0858788793041229
0.158032533001409
0.205145304914875
0.223815237498918
0.0796901326701036
0.114831534682952
0.287736852733618
0.140730913750306
0.240171623651447
0.0681614837177769
0.1849196240479
0.268977212232405
0.244601892793164
0.167366703794486
0.275897222990154
0.106778980041152
0.331549709310281
0.157855945039736
0.320963668258911
0.209224683735078
0.0049094238604169
0.17192318943446
0.2861984973842
0.265800834584316
0.340021116110179
0.175148003646975
0.204917684081251
0.370171698073678
0.316048852229505
0.309305821909457
0.151517027333435
0.0902852703673485
0.267406849431632
0.279004570509982
0.0280157845527902
0.251898969326344
0.260485680113476
0.182820505748712
0.288855937276009
0.194862700513572
0.285691712859634
0.137003244334621
0.249001314985253
0.207946269621645
0.380418908464553
0.415250028888433
0.235331482309597
0.0982944678259542
0.273923018703743
0.234573121079595
0.343684371452382
0.142693038912306
0.413952790436715
0.278350029928527
0.223499125632424
0.176846688761396
0.289885773241251
0.266584559313323
0.269814094923081
0.154060999337603
0.244988681711853
0.290624822351404
0.368824733102497
0.235067591760678
0.314534820349498
0.394920988237243
0.259398046576437
0.418202778185141
0.437710436100829
0.330146436043015
0.379458652271925
0.307283353106918
0.341398743068849
0.412231440046423
0.248695052469513
0.30891022163924
0.30608929127685
0.360441444672719
0.376570683702595
0.549832143455695
0.416895968879419
0.338709863740546
0.33829038491766
0.292607447019046
0.490700722705324
0.300747037815574
0.402400964185571
0.344698175650325
0.454948812799654
0.237541547074867
0.398112864009529
0.229442511572894
0.255391018089855
0.252960098148037
0.284942050230845
0.459780411257886
0.223971800723717
0.356131179823635
0.311733440819141
0.361793473583667
0.459586880537555
0.436817327673225
0.324325922625591
0.386672500421003
0.433679822927243
0.296979214751349
0.371754834053027
0.332752081813012
0.311964428346513
0.402183447891495
0.422446077111401
0.350929057395528
0.49188043835187
0.477458739265324
0.24517502311978
0.440621925734386
0.52684190434035
0.463891440538152
0.411813416709354
0.34050423267475
0.387557416341683
0.377863712507399
0.395450142364343
0.275024066223849
0.444749295403445
0.551219282231168
0.340499815563773
0.444433169042412
0.57101443358552
0.496973577403281
0.443425401747096
0.353277197822731
0.544568781305233
0.328491613891902
0.426607786438826
0.477716019978019
0.327017023249146
0.481165434003671
0.35962836036389
0.457017081689691
0.367236713792882
0.544599656617956
0.523273641988734
0.3635980021824
0.421286027863851
0.504637680527455
0.459592892421367
0.483014094025014
0.54675435881399
0.371841946379427
0.450311473156978
0.457778034716233
0.597533081595526
0.293463849702872
0.476629379285478
0.406466129423264
0.638780808362229
0.625889341721257
0.413143334968321
0.688131599771567
0.502011498005107
0.533022397592418
0.557343341414107
0.404309245088235
0.464897949346118
0.472525912596865
0.491641877776352
0.497714845556994
0.454838276400526
0.512762773592278
0.439761586582214
0.529207274803378
0.539604195803323
0.395270803055285
0.544908063498531
0.551444809176215
0.51488912865916
0.555099701762247
0.474443871713688
0.490302817610848
0.495478442009177
0.620320631567724
0.544490575938604
0.62070198613897
0.478205507464894
0.431971263339241
0.538899123483124
0.525596839610847
0.534484891055162
0.502214188359336
0.53404702848538
0.515706859097906
0.531809250645894
0.591886256781546
0.563583567563662
0.537467859040879
0.49745633187546
0.556072893133628
0.460182942091691
0.570082433039709
0.497372169791674
0.562307291332238
0.701655217152771
0.519681185892208
0.622170173830545
0.535563108695218
0.500816770219704
0.592868017356998
0.682852573395759
0.514852938422281
0.509977016542549
0.576242845131868
0.615972816962784
0.48693775937207
0.593874864197811
0.536170097993541
0.678769036113339
0.56890246100183
0.614516460465346
0.589642163991666
0.711342656386512
0.590575660745981
0.563704493146212
0.468677333994933
0.688750778969369
0.633370226136231
0.577703393059274
0.656873547045878
0.785381800061595
0.658464098074965
0.628109414943341
0.64675159061427
0.662689896701912
0.512337861573103
0.582812350173933
0.61408407204433
0.726221435256978
0.59017142443492
0.720907345669037
0.63746405819245
0.508923426290855
0.758089701188641
0.702425252015825
0.740852297214902
0.711615882750388
0.575782239886751
0.587619377029341
0.657895071760447
0.783769503428004
0.591843380137482
0.649969296017676
0.680111192312862
0.838862326647301
0.651456487519689
0.690050513493646
0.7233260992536
0.755471690090608
0.602238690734294
0.786335448228921
0.663973864270369
0.863969826761935
0.655281175283676
0.830405214066019
0.694195394856154
0.589818785733645
0.727839147738085
0.66238058218189
0.8020102763122
0.666422939575426
0.74945257705266
0.979333240105657
0.811881282265127
0.568802096586612
0.692392686260781
0.771460780957948
0.656052905731059
0.597188401656884
0.646196653456033
0.914499333511117
0.751114263183666
0.696175131430921
0.637722094091878
0.834491795932436
0.750469435206976
0.674873688061443
0.716942241620359
0.77501563197357
0.710821127170985
0.715347910745861
0.794299451198244
0.643029604347122
0.806640541232211
0.783333880194407
0.982372323259919
0.698149584055364
0.622638695459458
0.80989470287743
0.748900526201075
0.700485070197827
0.820833137279462
0.879155242443673
0.771105300996437
0.578511745634582
0.869131604468868
0.716708680706722
0.756222257687667
0.73420941043978
0.89402014220168
0.708877470986485
0.811719801084093
0.813591427442584
0.728777141338601
0.843176914354218
0.655346361947864
0.892651227747303
0.877081987110643
0.736103236636622
0.720580780027362
0.809358786314896
0.759782759571032
0.630413847515031
0.806473678091085
0.861861255029957
0.799755842496799
0.845980008914854
0.87511335041631
0.852642263449537
0.856660683361221
0.867784780591718
0.837453903873432
0.679212506761086
0.796989809411935
0.870427613054019
0.894052326998508
0.829389957085475
0.923667623121814
0.958372931541062
0.806700506867926
0.830605984810103
0.863340556403039
1.01788132820419
0.778331938572877
0.8355242997969
0.812985299510529
0.816594336829401
0.867594274738224
0.729117672097084
0.806637878603324
0.850172525722722
0.796025813221571
0.689770268517234
0.75579949261342
0.822211338990232
0.809172184209521
0.782897308828056
1.02266392333451
1.03057661083892
0.939453463545102
0.839036059583697
0.778236037188208
1.0133976404296
0.806570420608266
1.0116381007267
0.940862933178436
0.749058243095424
0.961068357476463
0.863717548401706
0.825811455214384
1.11227099618533
0.728342729790728
0.88038735597098
0.882095934722363
0.937821986399464
0.931731829686717
0.886322108009208
0.965673745992618
1.00983978805139
0.916386655331532
0.776661296513761
0.937292860589206
0.841389469987562
0.758757437334717
0.978554631982035
0.860171352339778
1.04825919704611
1.0307592148219
1.05962741233512
0.963637984474505
0.816152613914472
0.916880023192284
0.932180909608807
1.05613634755367
0.77299091985864
0.92517615000545
0.918448901932171
0.893822187188195
0.842583067801121
0.903366893525311
1.06485351317807
1.00189218591515
0.937924282379682
1.02696541532932
0.98239276967829
0.861079028811225
0.935084960946982
1.038454898484
0.91101983082702
0.963142198368554
0.932525823501821
1.0399255767793
1.06916153038176
1.0454138325126
0.985264762912966
0.955595973626854
1.1959355757285
