-1.18844336256636
-1.08613022163796
-1.10339744620869
-0.891214916532623
-0.919668291234881
-0.954173657317864
-0.982944985276101
-0.919255770505456
-1.1497226896501
-1.02492491622179
-0.991480624037791
-0.975441315266944
-0.911582288282136
-0.837838156512106
-0.936639370718535
-0.972894260324595
-1.01254725483372
-0.958214766019894
-0.954036838812472
-0.895306245787115
-0.916263082904474
-0.988133723523901
-0.838939174621233
-0.89020819284195
-0.983592172676108
-0.824412034969455
-0.9245537642446
-0.875089409249983
-0.937879103118947
-0.959837123622374
-1.00522091671698
-1.03435246651075
-0.90658887204625
-0.923425763886358
-1.03292475859572
-0.940018795226852
-0.897053437439199
-0.908425327830266
-0.821428221637274
-0.842748855116466
-0.891994269023025
-0.781310873219969
-0.793478103187404
-0.798295441123962
-1.00264776241066
-0.899543293102259
-0.898139669425366
-0.951999801542812
-0.89480859241171
-0.864135119159137
-0.792976995255625
-0.980128739487518
-0.852900961664111
-0.865450712360778
-0.89024307070284
-1.05189829527101
-0.940142348104638
-0.909988880650153
-0.953737967508584
-0.92133125287314
-0.712706764048427
-0.947432790749392
-0.890016209034641
-0.761439733965026
-0.806491633934725
-0.700354353672089
-0.908425105656382
-0.839005438012906
-0.83428831534987
-0.834198018058919
-0.861147221834644
-0.839141721695965
-1.06037514729107
-0.963450984893461
-0.942986767951453
-0.933414575520383
-0.857809886347293
-0.718277845156927
-0.753388353506121
-0.830788295703715
-0.837720422408874
-0.835340937317265
-0.876715552056931
-0.83304463979054
-0.816942892488097
-0.721833185786091
-0.811623229211956
-0.892075389151409
-0.875466573422518
-0.795000510277744
-0.718764348814257
-0.724140552270556
-0.754294154021918
-0.633710606305503
-0.811333072041696
-0.89473975785726
-0.825511283374786
-0.740194021331266
-0.80436058883519
-0.726101039433739
-0.889203665850887
-0.79211753379826
-0.829676958924437
-0.877984110767326
-0.81894527950095
-0.857807320760141
-0.745064702104579
-0.811482384199772
-0.813458552711195
-0.781969346673433
-0.79720110415751
-0.804490385703043
-0.778100410447557
-0.619571352021853
-0.781859556218214
-0.887619611166126
-0.645678102354002
-0.705859416956582
-0.636935682541374
-0.662650940251182
-0.659161683795766
-0.788162520312133
-0.713716364064985
-0.791141543187149
-0.690257986722603
-0.685596737425666
-0.724648474355399
-0.586789494027999
-0.675315040333548
-0.783189950506377
-0.672861889540694
-0.883255842056262
-0.611690446741984
-0.625051992447539
-0.73282522578849
-0.792694985686323
-0.760214864463376
-0.704799256886565
-0.646938461592438
-0.764641136935626
-0.687271881377384
-0.775478228599042
-0.783555199972495
-0.849503131331812
-0.637343672007975
-0.772382926311183
-0.642858344885389
-0.765133827752238
-0.743248043799274
-0.745353206135807
-0.551878436574923
-0.655970738302104
-0.780914842315435
-0.580547227274847
-0.765325251784778
-0.707176301725363
-0.587320184071655
-0.733766101535091
-0.764224175840413
-0.754824628664342
-0.693461125442979
-0.770592722019929
-0.600021952879302
-0.602760135924049
-0.679408693979834
-0.567323363941697
-0.568288442882707
-0.712457024938315
-0.535994355921258
-0.752898537847008
-0.728031447312902
-0.665811561262602
-0.735053735702126
-0.564580199775468
-0.717770474981021
-0.675327566876735
-0.67598062752775
-0.602412701583453
-0.674727329323322
-0.670211912841563
-0.709852240880993
-0.628515355992991
-0.604738160205456
-0.571236846330887
-0.671662153765505
-0.638445018994512
-0.577974469281903
-0.654394809881322
-0.67932384509327
-0.844305517942364
-0.527802069627685
-0.656307644194611
-0.643712455488734
-0.632477934028275
-0.634395615852421
-0.652975874255943
-0.541760155750577
-0.742927205253648
-0.535195706778291
-0.567599311794246
-0.587015639767748
-0.684918944521359
-0.636793821534139
-0.639499988837143
-0.614648180949443
-0.641553028713446
-0.425301960909998
-0.506730293063458
-0.750196670610475
-0.649013861768389
-0.576221560417591
-0.466404162040271
-0.532701142737796
-0.510326562974429
-0.707585090485203
-0.417075361569445
-0.417948390830344
-0.716313693568684
-0.5989145976564
-0.542781126362212
-0.531223099852844
-0.499935864230625
-0.642558617203601
-0.410125211168616
-0.501266810568532
-0.646777862530315
-0.700764294006915
-0.465366042674475
-0.423342274167532
-0.436097985819499
-0.60848766548031
-0.56032799295123
-0.367436315805105
-0.561262170650369
-0.512678130584059
-0.565661688771952
-0.58010725726184
-0.403876835702733
-0.582517215680538
-0.51839827841133
-0.560046597889153
-0.398581402661
-0.580111164787692
-0.471498346686528
-0.377265531839631
-0.521398145357224
-0.569294675544922
-0.566519435023904
-0.436469721839316
-0.470502438392032
-0.550946289076777
-0.523035707985383
-0.517831517158602
-0.553469544079668
-0.676185622002692
-0.466283604225142
-0.433108362661236
-0.369216136715115
-0.458587317559797
-0.539341270915572
-0.471557687413918
-0.443532598465543
-0.548887914929438
-0.383750698133974
-0.490436636656237
-0.42418879995075
-0.448459235608785
-0.473252483032005
-0.359020356231325
-0.338872633571545
-0.499382849143239
-0.55605876565254
-0.474697273482829
-0.312706074861374
-0.468302180870017
-0.440828886046844
-0.376234300474174
-0.518725391946806
-0.557357678192048
-0.455071182115241
-0.302317379918273
-0.386830654267884
-0.53386891472805
-0.416603253726082
-0.388668995512916
-0.361311826076148
-0.460083042949109
-0.464948917442535
-0.313839705683296
-0.357213875265929
-0.403965282435764
-0.570198354371419
-0.381879132625392
-0.42055191779517
-0.433069331351704
-0.296013564534782
-0.559186562419283
-0.365850484653858
-0.474758538627714
-0.501352540792856
-0.342525963712655
-0.396292067710779
-0.365532596701561
-0.381559837612916
-0.21295254598693
-0.208542003499894
-0.382817614491027
-0.442835373738329
-0.303149206592689
-0.496952503906488
-0.292612186456556
-0.579300664286758
-0.46336983562267
-0.259563473270912
-0.413079097990694
-0.292301355977721
-0.378513738424641
-0.540860559922894
-0.247088364195439
-0.28282985576168
-0.299566377246158
-0.349348734892217
-0.229393631691643
-0.233002314031858
-0.326557444688891
-0.315592104875523
-0.371465732748818
-0.296685962369387
-0.468059788993013
-0.356711825021638
-0.339911390037559
-0.322048615588108
-0.164891123797455
-0.406815726286015
-0.437932631004821
-0.446852604160915
-0.332077452559187
-0.393495900257738
-0.309250352255098
-0.394252299531639
-0.299319294181946
-0.399197903823503
-0.321419008571804
-0.253465487196905
-0.335544941457493
-0.275432560120538
-0.431804807793673
-0.294654549203317
-0.266973657264585
-0.273763227386491
-0.480520716595943
-0.364174461794001
-0.256639116850687
-0.21800374587834
-0.305922455511113
-0.348308772195394
-0.308849076620922
-0.362757185573539
-0.200840779981989
-0.328573157523255
-0.244222715316507
-0.380647461864059
-0.356208281222653
-0.344814091719723
-0.26109293787635
-0.393446118314904
-0.271416586115974
-0.256514515976169
-0.145293568042543
-0.129189452026864
-0.162600037130328
-0.294655964467274
-0.31535447654311
-0.211125013581685
-0.301393643843132
-0.162846363980293
-0.264304296394405
-0.0503235647955847
-0.294992545625621
-0.453245874089916
-0.335599015326887
-0.211876593281582
-0.178018757967346
-0.3776081383377
-0.364758632934529
-0.260349059078736
-0.165051411946555
-0.152877697334182
-0.24049249046402
-0.186823710782388
-0.276857341076817
-0.140882791008064
-0.119152723077452
-0.357952948305802
-0.179455227961126
-0.306989577716375
-0.194119024809147
-0.16514916039602
-0.187548781112695
-0.220079953019405
-0.101998315602517
-0.189517851758828
-0.333528261333925
-0.216954380199816
-0.0738526808966486
-0.342958277620929
-0.184167418794687
-0.194564682562974
-0.00662388066997177
-0.167147189181429
-0.155314795291547
-0.0825834850869928
-0.252580522213701
-0.202385712582772
-0.147487231364396
-0.364379122173943
-0.104103421306882
-0.30978015739168
-0.144741431986633
-0.0766488579085101
-0.238922718338049
-0.142026317643152
-0.215417284661124
-0.262841654768586
-0.274208860219428
-0.111345253229514
-0.139791461767957
0.00160433157388871
-0.171159219086184
-0.067450109815608
-0.23068284579893
-0.279724640631005
-0.216553490622101
-0.196066937699691
-0.235151607896564
-0.0685184687274753
-0.167230976236865
-0.0314537297251342
-0.0880421675668576
0.0385753952628664
-0.0123121891977447
-0.107787082204442
0.0192582204748458
-0.176340752732378
-0.189283212243946
-0.12864894920365
-0.114978458383848
-0.0157551353690959
-0.162964519656144
-0.0934168464351069
-0.121115393414318
-0.0154144792248101
-0.202807289481779
-0.181315786039256
-0.162578851466264
-0.0704381045600065
-0.0722468888300962
-0.0230312042426655
-0.176675154553493
-0.189215257753403
-0.096432999139111
-0.0265319264217259
-0.168435845563551
-0.179632061990101
-0.152162991227394
0.0233660489740285
-0.0900690461549559
-0.0469023437997157
-0.142339839405077
-0.165941549525735
-0.166587014102021
-0.136699884759784
-0.216914812183581
-0.140687204674243
-0.0852796801675538
-0.105007761422525
0.100681188645013
0.0279946867402013
-0.134329010180332
-0.113181693010404
-0.137694916850954
-0.0250645088368624
-0.108364037335114
-0.197597824412675
0.0806406666331148
0.125059128688652
0.0720060845055731
0.0236367860340647
-0.160747380360741
-0.0491795976356223
-0.0580400299099295
-0.0145464900332909
-0.0258614657520197
0.0459142688061007
0.0517934820917579
-0.156137358785142
-0.188012807361915
0.114670795103806
-0.0743085284613238
-0.0113875173367897
0.063624646668348
-0.0964391102462256
0.0479620678034558
0.0471541130270746
0.0358826806181897
0.0345770775819775
-0.107007487742459
-0.176050207518843
0.111243887324601
-0.102963473949822
-0.0393570898773222
0.000774044620913657
0.0600352801248967
-0.105126855879705
0.0377734870553586
0.182126871320641
-0.0266212486326588
0.0395146611365506
0.121146376328922
0.0825303736971446
-0.0113614961512074
0.0872500466979925
-0.0166706233565721
0.0287737788879322
-0.0149702263116173
0.200195013498562
0.149517128063071
0.132509657227386
0.0692882447254806
0.0831125482534692
0.107164443843474
0.055627601834952
0.0467239760945646
0.131031289354905
0.0695260213845833
0.115589776198422
0.0299683748837859
0.0277721014719706
0.108425331269608
-0.0131973177911446
-0.0180222585266242
0.150991723978057
0.0873010256819243
0.0250303667829886
-0.0459625218410124
-0.015407179385114
0.191867597661794
-0.0263598728801367
0.140873242944804
0.0117000349459426
0.020984576364276
0.0951524501341407
0.0211383425724217
0.173036788339709
0.092790026789907
0.23434269293698
0.0387417045524613
0.178269670857362
0.0237707178829793
0.140507925225579
0.0379857058455566
-0.109728072008448
0.108600449051135
0.0950089404083262
0.225539827646497
0.246791966781343
0.251088998596022
0.0399656930807793
0.121485974210125
0.229949863748115
0.134293989569276
0.122361203210438
0.123386478595854
0.0867334679425902
0.148985196903857
0.137881717475954
0.0472274332797745
0.12473685935797
0.20359570195124
0.0763977379592739
0.331244164729423
0.0279450264526871
0.215368808942386
0.201674824525391
0.182882093890389
0.116547300911111
0.233295409520127
0.122743899780794
0.166544463602511
0.310089867565944
0.328637465800646
0.263007406412758
0.12476469245704
0.0847088966592172
0.128972074249238
0.182459542739307
0.119563093676162
0.212595236527503
0.149080832159312
0.322040743442274
0.0994642103186517
0.0927440470366123
0.199780914322072
0.162124776091254
0.380295717106072
0.319402029531984
0.187526458523538
0.340861319705755
0.227235519879547
0.24639975419901
0.258225115424102
0.228486627154297
0.18794572091742
0.14985771690475
0.248667089260951
0.310189054386978
0.298528291704056
0.232776258561216
0.347075965672557
0.258656120469139
0.354043201929747
0.200221646210954
0.134970051938765
0.22041729564133
0.278987529758116
0.28442187225251
0.174104309313031
0.351446440431024
0.219216170818381
0.281443201528544
0.282813355120604
0.120342637892726
0.0716024864944699
0.184817776443293
0.390735190701767
0.282072726340985
0.252675368564607
0.313405237196662
0.343790956426736
0.20452878219716
0.0884222173445
0.370654431132277
0.306636534760984
0.22581957066846
0.373939964817171
0.0564247431034622
0.337363086254809
0.203950592978927
0.238486490081393
0.28820129697073
0.269920132913138
0.266789416310532
0.401054031618407
0.316825559235689
0.4200675785116
0.393997423932957
0.440331195863378
0.208099142994833
0.398732953078279
0.275359728839107
0.318537572925095
0.214839445320107
0.381099513270224
0.204460232664061
0.519657993886349
0.462741752499389
0.284523254260097
0.339560939173448
0.368785295287469
0.370436485088513
0.247984450495802
0.250837482862058
0.308421509046808
0.371951484480644
0.400381895350128
0.387108785869874
0.282557386511376
0.453420416797498
0.453285112164811
0.393241964999674
0.506765141743672
0.488842439904695
0.344553163361162
0.397724019778574
0.553558794434143
0.154995702767093
0.342904256380635
0.428004992729918
0.260523668878127
0.289888310841274
0.232278160133858
0.529422823430919
0.404489179077892
0.314186960836095
0.478918680021911
0.405209621933956
0.383188736190387
0.380112890806128
0.441142745567158
0.372255868801569
0.478658382276014
0.403502636485485
0.452150766857839
0.393563892781397
0.444943904566886
0.367061573841543
0.379960748162365
0.435353034640925
0.373195744283578
0.415785841219302
0.422485780980746
0.277914463080493
0.399398505782928
0.392030287746157
0.499770006671929
0.391141673043034
0.478484587351492
0.373191908043027
0.44574254626961
0.439710784623086
0.29294893934034
0.385693638358035
0.565884370029499
0.484972781479135
0.557686044065256
0.600762323821057
0.433414385897214
0.471365611157177
0.318824455213636
0.540790921715017
0.47581404664429
0.364402464463974
0.560843923603375
0.495445214064703
0.493033575587186
0.596814478053751
0.43049509366892
0.53316291859741
0.530971554929365
0.56183483428907
0.44030852463477
0.564131671021511
0.421067826440036
0.524154911464933
0.406426415159529
0.395697838488906
0.438953995290053
0.742816732146725
0.512405474015599
0.506712988775376
0.435932095338452
0.497009185625441
0.564991523290733
0.533453920006057
0.390823050185001
0.573576723237753
0.673628190844393
0.458184442456266
0.459020532601264
0.445548445953169
0.387191340016192
0.524475681624638
0.56311618807624
0.4901018483232
0.533500576435782
0.499163783522637
0.446675592579957
0.442568510316806
0.526086856758371
0.52843283396888
0.586603740511897
0.650265836088937
0.619606503034019
0.369042000374021
0.526906118250516
0.57104057821304
0.612483577056429
0.572793335766052
0.454891161851715
0.55501627771456
0.621895979590895
0.617764379328904
0.541897450308837
0.644176382288854
0.559699541496048
0.531231490477235
0.626694241751205
0.560246711628208
0.653149754271334
0.557463637313515
0.595794494080301
0.367392763558795
0.456280610039096
0.590518051497688
0.574440267805778
0.601402427561486
0.533269056669448
0.570528521947314
0.541659560906668
0.549652189051381
0.614712837884296
0.571082256290007
0.453510025124794
0.828975272363742
0.670056637406583
0.58056942749662
0.597479331369485
0.714275596130827
0.517420948900246
0.713519708545507
0.605412797867022
0.580664508610419
0.593839579350268
0.644437380963727
0.628336647308893
0.636137299180353
0.721865807619872
0.578511670061534
0.734519910895042
0.552279374091903
0.592062209564732
0.681352448580204
0.594210153058425
0.57801441592333
0.77028286022329
0.744273466614655
0.60559235340519
0.666703290929082
0.676764570369267
0.716631358853197
0.723274721138162
0.667924430416428
0.7444376915397
0.778959419182024
0.724466040535537
0.56734773335853
0.592023934571198
0.709014568040277
0.748626215700894
0.723503044531196
0.668908625067453
0.528961967700706
0.629305307131337
0.780505611185144
0.627771995066198
0.713483992294097
0.719206320443551
0.822076690208517
0.659248331401871
0.623226674910032
0.588776204391388
0.762638431656878
0.752787118354376
0.622684526273754
0.688414326951841
0.686386079704779
0.72011952597735
0.712116098125948
0.658346557255976
0.727500281312034
0.597733503655093
0.877492398171732
0.613133899664137
0.532076958085505
0.776097169982622
0.752766241656468
0.776866826301535
0.676912341266807
0.833372457063911
0.700108690982026
0.747746165463266
0.686778627045879
0.71681339669946
0.690989506154481
0.822413150843203
0.862155586025288
0.878422398501654
0.742332020817694
0.69111957196605
0.548311096592888
0.712314318326393
0.740500655335235
0.810051874323436
0.755247457521467
0.681605130790837
0.882066662305951
0.691499710293593
0.876418827544533
0.763076269311881
0.670770055447394
0.833256197667129
0.721483259632115
0.938606070773625
0.735844590515365
0.663532500981458
0.821949612199837
0.824469520476062
0.697728584296993
0.765667243666297
0.738505283134598
0.86422251571835
0.757044797505458
0.818575316289178
0.687596210742928
0.654100978798578
0.863598634419457
0.826083135660815
0.811911531223967
0.838948801595322
0.862012604167862
0.926790020675809
0.835476267114935
0.784220072689657
0.894169055311858
0.95785778067945
0.773906595634106
0.88131803362789
0.698386996744023
0.74922297165164
0.838402121971225
1.02427260259228
0.736441405936864
0.872408857728791
0.829993786837612
0.68315821923602
0.856001578262095
0.920952011664806
0.783024236097783
0.76168395908303
0.897202042528045
0.865993289093128
1.02643044380057
0.885103389406845
0.902204402554046
0.889926641773349
0.997982617488768
0.814204139089881
0.859326444377884
0.932433840466129
0.770518630861109
0.971195855176828
0.945499454043902
0.702683800865579
0.890907746595426
1.0359661912052
0.922287820772837
0.746274221887061
0.933469871724381
0.799960771894024
0.910744924924582
0.875628223603228
0.737397015070766
0.88064698174894
1.06060740139818
0.83861398856815
0.837285572168909
0.988072580654942
0.955073729828336
0.875573729038763
0.948319657294644
0.881697033287516
0.882305127059946
0.903437756764537
1.04694862563086
1.04885670135402
0.845807240812987
0.904562061484784
1.06354231430865
1.07434400656856
1.01743957641358
0.990385548939798
0.951432345954292
0.824733401144423
1.03123529115212
0.9724299299348
0.893836901964585
0.817290715464016
1.00757678971309
0.988776026500063
0.794876437608456
0.767459946807447
0.850100227224883
0.969682790880157
0.857576268791597
0.965362760790969
0.831545104136798
0.98482419200516
1.01024602479552
1.07393829515006
0.996783040490437
0.989618705716305
0.990807375971061
0.968890686195896
1.02039758984843
1.03961650976316
0.967974168894921
1.06408223349028
1.27523211708377
1.14266153253331
1.02052381168382
