-1.19858534864465
-1.08820414955893
-1.11811986222326
-0.885535058192329
-0.945021841376763
-0.945102410374039
-0.992040032730026
-0.914888102122458
-1.13750470510195
-1.01915328337374
-1.00816048607837
-0.981143298454505
-0.91401207546299
-0.851367821366784
-0.918337546256974
-0.969119234589923
-1.00983148491665
-0.947568896747047
-0.95103816877777
-0.893454792327748
-0.926070924937588
-0.972661724430307
-0.851302107828786
-0.902177450459846
-0.995130261058358
-0.80160537238758
-0.935962817333384
-0.865145419539964
-0.933905070479034
-0.96836299365637
-0.982157890913288
-1.0213474739581
-0.905464060958255
-0.936089183231633
-1.02699557739308
-0.947625797653153
-0.908458742413886
-0.92235199675676
-0.821578467836178
-0.824723096245316
-0.889819751137206
-0.800126932916247
-0.791545279550114
-0.800905595836854
-1.01808534904197
-0.901449839825532
-0.892450293774957
-0.94140506432851
-0.885493698450795
-0.877213862307449
-0.820118108921365
-0.978120443301911
-0.858557577169297
-0.875796538093718
-0.909031103088354
-1.04565825180706
-0.947866997792457
-0.914780376423814
-0.952516891620515
-0.92060095249142
-0.714178041646608
-0.937373922726874
-0.901557838448276
-0.760213990573483
-0.804824303333898
-0.696084248630122
-0.872586636507412
-0.825298415373772
-0.835560601998746
-0.825807512350315
-0.859488858530292
-0.83772886497687
-1.08305911227958
-0.965436822973775
-0.955661926123146
-0.933121402586312
-0.849861919394066
-0.727671797806871
-0.751414878421999
-0.825386168897822
-0.849108475536891
-0.828982387375739
-0.875021289865495
-0.82745292489221
-0.790098410574808
-0.726306783055491
-0.811204572210682
-0.876061677020139
-0.852349272873606
-0.800331149082571
-0.728079240880999
-0.717300169708143
-0.7678115018879
-0.643190328786694
-0.796596766925522
-0.913693250003196
-0.862445123894218
-0.716207320658075
-0.7703224623035
-0.747954888870603
-0.879597496715398
-0.7817754019866
-0.807632046232209
-0.857999808235782
-0.836191553539663
-0.849874284305045
-0.781417092332299
-0.781545164107132
-0.822073636235357
-0.778710894919163
-0.803976689616913
-0.800820002603267
-0.783519236786851
-0.606238817874757
-0.813350308584013
-0.877272341840847
-0.658842879449815
-0.708930818203978
-0.653904781920309
-0.663869215824581
-0.655628112945932
-0.783751030552149
-0.712581992386443
-0.79121646307117
-0.70483939909278
-0.6933002412051
-0.724817634212029
-0.576139118507039
-0.665835621433963
-0.792978337300775
-0.663951579799867
-0.885844522631068
-0.616446903497787
-0.644025772298655
-0.723722677554339
-0.787871558079154
-0.741200028945951
-0.733497598899632
-0.6520991663054
-0.756179167228805
-0.680850651925534
-0.77009062729251
-0.79424053925354
-0.846365351254021
-0.636669958678965
-0.765337460505273
-0.630858373175403
-0.759716186779265
-0.746496473148136
-0.73896208480712
-0.534448620457243
-0.641291051888854
-0.770901838015378
-0.567989966932462
-0.76685154519761
-0.720460136101116
-0.588352701240996
-0.725519757342696
-0.773262723915501
-0.762193405692412
-0.699481773753909
-0.7790399326341
-0.586422026918834
-0.607962927023865
-0.686651757428522
-0.596536968094445
-0.557976373092043
-0.703393212828518
-0.549698554687493
-0.766215296277619
-0.727405277561144
-0.664737598499798
-0.72289898646976
-0.542904302949343
-0.718013543316029
-0.634238163844043
-0.687947465909963
-0.610613621214478
-0.679263783732417
-0.676509075722638
-0.713667958713164
-0.610612371291813
-0.591022675320373
-0.574611056452167
-0.673405972041884
-0.61748020359098
-0.61949467979133
-0.667061429752933
-0.663375157308617
-0.836449278492008
-0.53840982105375
-0.689530224245006
-0.647198650363818
-0.639662295806135
-0.635361470258434
-0.680281860253668
-0.540164009488725
-0.732909187254351
-0.549441035456408
-0.565939327200384
-0.608504390610315
-0.678676439706691
-0.634554035772398
-0.651398485679037
-0.616773936698372
-0.659210196402665
-0.433434292476289
-0.49521717010294
-0.747803320164897
-0.651354326346913
-0.541625823850569
-0.480566916494993
-0.525722317052506
-0.512190550578056
-0.70597078422851
-0.449957556499079
-0.414532122389924
-0.714078980853937
-0.617285485706043
-0.542060099221965
-0.546900387755125
-0.514634344124966
-0.654039878523656
-0.435206381830831
-0.503739627984832
-0.638024807518889
-0.682856093686667
-0.459704834311475
-0.39001429310212
-0.42602895765614
-0.608223594509115
-0.562605229626967
-0.377132384927891
-0.58431394889773
-0.525283079324605
-0.564156928441074
-0.588675152484326
-0.437489051413672
-0.575521234143811
-0.510987109099367
-0.577874547844546
-0.430906166938968
-0.584221950265409
-0.495746503006047
-0.360239879464775
-0.527539625846388
-0.590632442691132
-0.563575520872477
-0.433802214506171
-0.477569280502239
-0.576465304479603
-0.524661603731015
-0.527082367783987
-0.541691319495016
-0.649850157789396
-0.475942358622908
-0.40864929610017
-0.365523391507738
-0.476709309658524
-0.547236299112928
-0.479845477352521
-0.426837486596487
-0.542465448817865
-0.384889324157067
-0.490838872061633
-0.440939490212633
-0.484496194097016
-0.487520850997942
-0.363105563565428
-0.343813797843528
-0.479765484852146
-0.544414261585894
-0.474506025395363
-0.30990132718097
-0.450762509596299
-0.414154560008582
-0.372238883513662
-0.494509400329247
-0.548748846262128
-0.462871460607757
-0.323954846247338
-0.378736026034135
-0.527918910621107
-0.426052795377259
-0.382019038076763
-0.362375042813007
-0.461359808446202
-0.441104074458561
-0.304758107218886
-0.385598144563845
-0.414333014291685
-0.564375693188845
-0.393091016707961
-0.430785571946086
-0.418913556425064
-0.328797155564274
-0.551591068735662
-0.345602736620799
-0.470684341285065
-0.480384445528448
-0.340510234944089
-0.40949619615839
-0.359756395600019
-0.39160162511324
-0.212474417492021
-0.229506612572804
-0.376864210774699
-0.422209533216683
-0.299317958413151
-0.497637780860025
-0.314418198775896
-0.588231398119629
-0.469308285336921
-0.261157564952507
-0.407954923934868
-0.318882155428489
-0.385805945441131
-0.556201239153926
-0.266482546888644
-0.307212384260693
-0.318056480769802
-0.340241367292142
-0.231863742791121
-0.210784002684265
-0.348867792129446
-0.348416855903733
-0.348655212817739
-0.283165164826525
-0.478314340260284
-0.339812458851856
-0.361662745254393
-0.314992505002986
-0.143898389512606
-0.400760732500054
-0.42404530733584
-0.434714048400851
-0.342063786530346
-0.372892170876668
-0.292665829241594
-0.40783748451363
-0.303600304232808
-0.40473454814332
-0.309594667320576
-0.271599496308331
-0.344535814188818
-0.261359683276474
-0.428890610301137
-0.284259614111749
-0.264298053088006
-0.271635144720893
-0.467765781978751
-0.355416089197031
-0.27145035301756
-0.242628350677777
-0.285122799235404
-0.347595550709136
-0.298392706740188
-0.34335402502501
-0.199231323708077
-0.304615369891235
-0.243297784383396
-0.389252958733195
-0.349776969381296
-0.333266874529375
-0.245740605700421
-0.393567931626245
-0.291180620384848
-0.252358907499504
-0.123068569189299
-0.128373511613499
-0.148131189171584
-0.302935659992272
-0.30717200252794
-0.214077027021723
-0.291088955097743
-0.165324802719549
-0.287996660993803
-0.0583982860729428
-0.276302067821941
-0.44205090839797
-0.348502140400325
-0.211646755162068
-0.164681453055712
-0.405696419851604
-0.358905538487928
-0.269244466463164
-0.170598044064473
-0.142940835251421
-0.23828728840037
-0.15388783468243
-0.275916846893717
-0.150689663737234
-0.135916822375869
-0.360995214705257
-0.183893201861257
-0.301037069942682
-0.20295080289619
-0.162203923781013
-0.191806684351043
-0.218473389334533
-0.12900480294728
-0.197788611388327
-0.347096105373733
-0.219406426345822
-0.0641620843605782
-0.322921560250911
-0.173004622176487
-0.202067950834341
-0.003440114254786
-0.182176595115991
-0.146151897400171
-0.0872511132326734
-0.23635890871645
-0.199377744803131
-0.164559286037871
-0.349469117736959
-0.105002684443351
-0.313764949613051
-0.150091674201222
-0.0871876762573364
-0.245964643889155
-0.140056513706214
-0.212974043736026
-0.262174393511485
-0.252386226980286
-0.114505569281566
-0.141391708115369
-0.0235841622301451
-0.184606924112707
-0.0553884415731975
-0.236971974036688
-0.277853721647812
-0.227623402017231
-0.189966340580665
-0.238262115966357
-0.0793402391979938
-0.191193519566988
-0.0346627784315016
-0.0686540444631264
0.0258781549502345
-0.00601021490978259
-0.112452370544808
0.0176550621876431
-0.18620595279718
-0.182146232778672
-0.125325663750693
-0.0943390197514252
-0.0287315482420606
-0.17758023962164
-0.08687190258162
-0.110366444760887
-0.00444690139663196
-0.1932978092088
-0.1830753688565
-0.145976184416906
-0.0650043565653963
-0.0659511282301735
-0.0197679695964784
-0.183134278157101
-0.203439006918376
-0.109188227845595
-0.0398721196268233
-0.158571853540283
-0.187950174477999
-0.170933459697778
0.0409820326051038
-0.0800823615788799
-0.0575947920939035
-0.147994738407576
-0.167920463437082
-0.161094974034089
-0.136475340689023
-0.214910356737565
-0.12760970140985
-0.0710469245173659
-0.111423736050387
0.0842813615704624
0.018316755457075
-0.145871015076531
-0.103879397839236
-0.122196973287145
0.000220231955954458
-0.11508868488552
-0.198645018008339
0.0912170680988469
0.121365820510101
0.0747124747607505
0.0310163272580503
-0.150476730326183
-0.0488893878570725
-0.0438521906797744
-0.0397608262224593
-0.01356796021986
0.0501647917351148
0.0293369951358723
-0.137854615515313
-0.178766950094129
0.103491412078054
-0.0871120668606696
-0.00966585182334194
0.0467260984516516
-0.101214357364094
0.052587979467295
0.0442482157639781
0.0223642062222112
0.0313126835914188
-0.0826296715264365
-0.176142649005353
0.0954278289602029
-0.100646369562729
-0.0324873980374425
-0.000746875178240586
0.0795268728690284
-0.105313176708853
0.0402137543936228
0.191698206766348
-0.0377410211260862
0.0483070386404515
0.10830218854257
0.0760496221393055
-0.017090398066527
0.118688823204702
-0.00638734004346153
0.0527184741857048
-0.0128778043278837
0.213122664823662
0.121607000160852
0.121303217170208
0.0380666452323062
0.0781863742880261
0.100154502280444
0.0538314106367083
0.0586834108419881
0.146030511895448
0.0418984870987179
0.113066851475297
0.0272846254771847
0.0389621024957663
0.113276632418704
-0.0153873843979918
-0.0095296895875186
0.157168099454518
0.107681024362007
0.0161278843856126
-0.0642954771652295
-0.0339025049663535
0.212951717694526
-0.0305807508537352
0.162164552959956
0.0202038746495157
0.0490907349849118
0.0886653726991022
0.0206554247459618
0.156877152274368
0.103687068534374
0.241531248577349
0.0389790692009498
0.19289324185539
0.0502591406159539
0.158656122329422
0.0337045157556486
-0.105714266952576
0.131402793415684
0.0974290173293177
0.212774834728694
0.260177343924363
0.22527145964429
0.0169914414383981
0.11649349127761
0.246057910502861
0.14292381508214
0.113465854587737
0.11848040553004
0.10873842767728
0.146160472806872
0.146341759565002
0.0182172987404906
0.122662396497145
0.191672168432676
0.0786341984848422
0.347703484677741
0.0320168576947039
0.214052914362725
0.192353160375528
0.180951793019433
0.104584189834515
0.219075663920752
0.114697741272045
0.158009251369588
0.320619602193805
0.312313960147851
0.266093023521464
0.116333109270601
0.0687906288037186
0.142639118669099
0.182466433962015
0.117213066333472
0.221758822156234
0.141754113861165
0.295341983123614
0.0978531379717145
0.0699881278994646
0.190379497766687
0.17160562089535
0.374653198317905
0.32536083133143
0.207157779581864
0.331484029271123
0.234009765815415
0.236873422820532
0.269541538481049
0.224468262053216
0.204769078186852
0.134194036940782
0.260755830102552
0.310859629885485
0.27535334897275
0.233029985522308
0.371259650925362
0.234352810622726
0.355443053449201
0.217050274220959
0.165408069020145
0.234470098274772
0.290776016278655
0.282700052561925
0.164371381417724
0.351012274060583
0.250841662357307
0.290830434224069
0.282703827323977
0.14838323571306
0.0876595089204359
0.192531200948037
0.396094700660677
0.272314196081578
0.250288887151433
0.298433235044018
0.354799407406719
0.210051214812677
0.0855622152626719
0.380488964045811
0.311101992356103
0.227221226378031
0.363285970727327
0.0524741406559867
0.330831391068299
0.186648046143497
0.221900165802145
0.266939342663481
0.260663319850969
0.251064568867588
0.395635260402522
0.324854091218214
0.411503232076289
0.393028082218587
0.446983770888131
0.240238834750151
0.396492931460217
0.273523613976907
0.359768677273335
0.20744669140744
0.36570205640955
0.230962290261979
0.5265585044092
0.456902807408581
0.27224636953212
0.323255386805103
0.378407151986419
0.372555076952131
0.252479733140534
0.273720915121045
0.311035338859663
0.334634583617006
0.39571254587667
0.363347445803677
0.289744354453491
0.460670544346732
0.449510909279015
0.416441884869992
0.486067427684205
0.487195945809122
0.344552319646164
0.402180972396361
0.526960645283611
0.17015205504783
0.337014349902002
0.416201153906574
0.259244078685838
0.295141645766044
0.227261316104454
0.531871320093625
0.398613992553317
0.31352154652217
0.501678876483656
0.421915131456921
0.397920655229725
0.396911680732852
0.428621883948573
0.363975975113149
0.490352790899388
0.417039003155353
0.453261590498718
0.413097807871249
0.442230356969443
0.365667445901067
0.397377886837178
0.44763508109073
0.383697898423984
0.407870925208169
0.431568198731646
0.287065134316874
0.383751745895474
0.402308476597986
0.500073037017956
0.378418360031884
0.464569677560243
0.382010761675328
0.434596668432776
0.452255984560033
0.267318020783098
0.397641537938991
0.553326167167548
0.475497747085467
0.545310673924985
0.601206930169567
0.432722251971086
0.467396164633496
0.341678442009084
0.543416984243408
0.475098108838916
0.358926250776518
0.572547138258015
0.486844861817685
0.46702985284189
0.574767717963028
0.4273135494447
0.524505206648424
0.520351703684168
0.576931788322759
0.44818364111006
0.561867112967194
0.437693294808278
0.549497732131233
0.41912876217942
0.366062079624612
0.447869469476239
0.723563009572855
0.512588760921493
0.516072285167703
0.424237684269634
0.504971043912655
0.58192919688485
0.538545799960029
0.402764854693239
0.587769209069018
0.687532676659026
0.451589319037304
0.445561421909862
0.445089621672202
0.356603375922511
0.521770292675124
0.554231394828337
0.484423141274013
0.543623321686246
0.507103353050022
0.427460617710989
0.447562520883128
0.522288372984138
0.536449116375194
0.604044450907117
0.639791580010322
0.630217683760743
0.373469610097355
0.531695604843445
0.56199216072123
0.619652767620827
0.597662413108002
0.410580648856728
0.56506021293455
0.607700758702954
0.61222263150312
0.57875569940504
0.654273903278132
0.569632556565609
0.537048352522639
0.633120781736926
0.544112052795671
0.672229754588346
0.561388764097712
0.602758764423225
0.368323605961327
0.469138684337015
0.599075610524039
0.550471249036312
0.618352547746256
0.531703321024694
0.543032228749657
0.526859644342147
0.55769570836158
0.623133188206752
0.569695770428876
0.436668682274178
0.834906216087418
0.679559403430561
0.570566898976123
0.593065082766026
0.697519376141994
0.520049674082093
0.710307018379084
0.587879686072828
0.575598535023362
0.60350308671927
0.627775311442078
0.613172714360169
0.640412805607362
0.712802216767429
0.550787197507806
0.724195678885205
0.554279043328318
0.60404208603444
0.68677730650352
0.598784207669365
0.590576113965758
0.776219528488673
0.747919397925859
0.616069931233754
0.652118818074944
0.652509301244557
0.717701263744647
0.712670228691852
0.654638548537354
0.758819810200474
0.772091670684435
0.729934245705422
0.596337176100001
0.605260606193682
0.704836238354645
0.747592820155046
0.73753852027292
0.663537327960922
0.521415021612728
0.646417416720546
0.759106563838663
0.623157421477901
0.713746204640303
0.701224605484667
0.814536899604615
0.661100952412708
0.624064568780077
0.595383185498555
0.756588962268019
0.736857626709579
0.602060863077088
0.668010180439787
0.691555633995105
0.705900156872535
0.721958866156879
0.665594119744958
0.739628235159993
0.582351825084559
0.875951798018786
0.623757797170307
0.549248488389553
0.765679661789528
0.730278562739873
0.766389506261623
0.692485817219632
0.845801360032795
0.712919414938842
0.743345266527659
0.711607927686625
0.725880098262652
0.7180626364167
0.827236770562147
0.873252508189428
0.86270433802545
0.731136543138737
0.6761899375483
0.548274896103214
0.727991668410248
0.713023107598693
0.831397723892063
0.757673859320264
0.684029714289431
0.8905586469637
0.697618088951652
0.852796011257758
0.767583351231121
0.659172228788687
0.826621332688345
0.714862944155869
0.945612110617558
0.758096449319149
0.662025196862297
0.83190948795998
0.837190181984295
0.691432665649318
0.778746426963556
0.754247395143743
0.849049418450166
0.760846791843009
0.832143414931618
0.675208693264184
0.641379359183937
0.870719882744006
0.832204458605001
0.806655048555757
0.843778790606385
0.862863128312838
0.909437065506803
0.818906674476753
0.796673404083106
0.901448318120324
0.959706583308075
0.774305181879355
0.919752621487332
0.674485368674283
0.74861908142763
0.848929447205218
1.03294924980399
0.752279427810709
0.870877215968096
0.837314232355987
0.682979012075739
0.835142058271466
0.925968180597474
0.783923993905538
0.781549432928917
0.887252987688806
0.892963129370147
1.01216477914889
0.870823151463318
0.903192886393364
0.890395062085782
1.00179415198769
0.833385809829236
0.876153377346472
0.947825916999444
0.741120702061695
0.93289646431255
0.943808504859112
0.691881742551561
0.888021061855464
1.01929982970844
0.90507834672689
0.747798409250337
0.950939254803317
0.793590727478327
0.914033454295855
0.865458362216842
0.754665395884298
0.860227919688967
1.07544613057997
0.823138930138902
0.816841522512805
0.994157104483602
0.934766343695467
0.882295372665863
0.971639807732274
0.875987969707859
0.901260495040376
0.927042239382911
1.05476106429408
1.03051871899315
0.843162021345836
0.927720822716499
1.07386305633866
1.08006936670143
1.02809377900048
0.972320028516578
0.944763024676042
0.82552451595753
1.03335611812181
0.989791732506625
0.892119544662061
0.827223517809963
1.02923478714358
0.995884828449249
0.783971476907509
0.75569783261051
0.846932243321643
0.968961762541737
0.84553356531852
0.959948953821518
0.850392133618831
0.969718259906185
1.02938507836123
1.07781405390432
1.00698320009082
0.982445629234045
0.9954167720882
0.977007274723421
1.02174575432043
1.04143953322788
0.97123622704154
1.05615347870691
1.27675557792661
1.13972102291436
1.009698221488
