-0.938758857556019
-1.03860811027645
-1.13071200964659
-1.09284731098877
-1.04478534713593
-1.01834084107168
-0.938623154457764
-0.887832222615574
-1.05390092687412
-0.947568122874133
-0.93009585014185
-1.09947825469106
-0.954818932032639
-0.864235673204033
-0.815761777329999
-1.04832252165985
-1.08300226503306
-0.912813620417731
-0.999968567416258
-0.810114308692796
-0.827924753767955
-0.872416965621358
-0.966861944204376
-0.98347470319637
-0.836671947915689
-1.08657916026291
-0.977146398355311
-1.10241834451605
-0.950146628648857
-1.02021304482605
-0.922716628532123
-0.881626222089147
-0.958813759208527
-1.0145364433273
-0.876802940044738
-1.00342383496262
-0.881960903305968
-1.08882543538218
-0.848723961525544
-0.909579454061803
-0.96766654678527
-1.07037253389146
-0.96239180797407
-0.965509306355159
-0.898084452968572
-0.938252917772683
-0.921668608961814
-0.673641174051782
-0.881367314262009
-0.967378145325004
-0.993143897517423
-0.893007185524872
-0.820150633267109
-0.810740819693043
-0.908715809735772
-0.906571442152472
-0.816015931421155
-0.891827890439783
-0.881808827181462
-0.793762297429622
-0.86286186917175
-1.02563727402274
-0.885018240617658
-0.833930365288419
-0.900636854138779
-0.841967835345407
-0.799362708630757
-0.875294070872269
-0.85347184147229
-0.97132908464569
-0.681389855621548
-0.734129473377599
-1.0168781188046
-0.90909705766484
-0.773250032428327
-0.870253880065175
-0.958940038589509
-0.727374627149899
-0.892151270279863
-0.75785443679241
-0.812929254597402
-0.767713945281868
-0.968501293247197
-0.761099007216521
-1.02339329892402
-0.812815575473624
-0.985645354205894
-0.827031347322227
-0.780654759084894
-0.737411664928938
-0.77775510263201
-0.820138545355564
-0.829935336887093
-0.817903644685106
-0.784215395692877
-0.783299337988405
-0.758313142143721
-0.687693847681395
-0.901319488107757
-0.717550981883994
-0.751456617675331
-0.821232823636842
-0.605774281552857
-0.680020993710755
-0.775059028056101
-0.789143589887835
-0.724150398528716
-0.678978119844878
-0.842510209732113
-0.744323174078752
-0.594237409730875
-0.832547190776448
-0.846933297027257
-0.753941318874023
-0.859379795475202
-0.829079751862034
-0.751794879220802
-0.778088616371976
-0.614461832437768
-0.775881651862504
-0.634100498048469
-0.891908487319586
-0.800486980691697
-0.844464166667325
-0.851031766427636
-0.693718994446696
-0.874806087718323
-0.729672144565998
-0.805935932464082
-0.692713326788984
-0.683491065680905
-0.74095605182938
-0.684521648109853
-0.852084466615665
-0.723694958792842
-0.743709038954616
-0.664133490613533
-0.790374163716957
-0.648237861842384
-0.648165999512617
-0.637060477443185
-0.575897715408361
-0.87137972803804
-0.558549471557623
-0.666112677327651
-0.754641232554552
-0.786524750764322
-0.671045199921065
-0.665694731426028
-0.653998398848702
-0.593896475327107
-0.574876655457104
-0.660776977887313
-0.764351817982395
-0.729250638988565
-0.641218222904559
-0.694898462903335
-0.600100365912474
-0.677168686447135
-0.635915817543145
-0.776516788494008
-0.606089538012251
-0.681338487276171
-0.561457739461311
-0.603089802627359
-0.75578200075849
-0.737219813260147
-0.638388959309185
-0.729510936828096
-0.717912910302895
-0.586792706305756
-0.642446410730832
-0.538031405325544
-0.685399242597452
-0.706127793884592
-0.643746417010307
-0.709048419138381
-0.638263287247716
-0.817269741750992
-0.63512284857691
-0.726626184715636
-0.612998716333904
-0.640232724373738
-0.680112450947628
-0.667475706985404
-0.626513146927021
-0.616156567796006
-0.584919863234663
-0.629177144640768
-0.734861992448206
-0.63919614999113
-0.727050428131434
-0.495647897845682
-0.639970258378616
-0.656060455257811
-0.600359771352048
-0.680952910073286
-0.586372127180067
-0.623393009861077
-0.692102756521056
-0.719479628577858
-0.513989356523035
-0.548989235984708
-0.530827173312253
-0.674880899374687
-0.638471783207297
-0.40791812306464
-0.606994397045684
-0.441675628865132
-0.316124160128344
-0.516398805932133
-0.529394807932034
-0.650904133634838
-0.510691250393618
-0.636157356620731
-0.537804491274339
-0.323658706977101
-0.523991734271565
-0.716740910165909
-0.725945552478107
-0.638404801272985
-0.600221899227794
-0.374353512618817
-0.810998580645159
-0.710101859441661
-0.611851660444746
-0.437961992704858
-0.500715328085535
-0.40289062055161
-0.556251003864692
-0.646469345477165
-0.675721598432348
-0.591912891233834
-0.585976526356178
-0.559518225331921
-0.45069464523722
-0.727731882532824
-0.455594410099747
-0.562638637432519
-0.490358669707667
-0.531891184203651
-0.564973391405541
-0.49199532854308
-0.602934319420799
-0.576827721806812
-0.371708075542874
-0.522800461724939
-0.430625594940155
-0.442604148571971
-0.651194243485997
-0.393683404302977
-0.482960997738494
-0.427330998536416
-0.37698625288026
-0.629068741360602
-0.479437518708404
-0.486560104802433
-0.48421451417428
-0.451586151059724
-0.372839847757302
-0.585959433394264
-0.518874344075268
-0.259136920515608
-0.525508550723694
-0.626688040088436
-0.55230555647655
-0.425464025939541
-0.544393640796719
-0.529231477161106
-0.454918518610989
-0.469512674266027
-0.345195700605178
-0.414963554661165
-0.401147916030768
-0.443578846707807
-0.667381051600752
-0.450263179278898
-0.470498423591986
-0.43475510070015
-0.455724503138052
-0.427762610892065
-0.437961878041457
-0.483957579891069
-0.417808604022394
-0.461196501648696
-0.491294773807728
-0.365692345213678
-0.418384294736447
-0.347646240071703
-0.629527216698958
-0.462966551600281
-0.413500878811683
-0.592764471656812
-0.453881334269344
-0.372023919320492
-0.454312351155614
-0.479072324616562
-0.470750396170652
-0.316835739369675
-0.537685307293048
-0.459677772399507
-0.451435244198177
-0.34009340029623
-0.396649508190747
-0.243299456380042
-0.37364270539636
-0.537995658333796
-0.181818790949721
-0.331114681911315
-0.314101934635476
-0.340703183582701
-0.324523155695331
-0.399810436225955
-0.226627487357707
-0.390717225712818
-0.371491637884711
-0.332514763128936
-0.176766149099007
-0.468717974111366
-0.413959811221826
-0.29735528746735
-0.359289491324476
-0.333316801273655
-0.412829243178067
-0.419995971189825
-0.410919280521006
-0.193328257918732
-0.28808377291021
-0.378416464543755
-0.482666661110935
-0.195640597035394
-0.22144640964915
-0.289334120085369
-0.317360181219989
-0.292785211588176
-0.362061314892886
-0.287121793577276
-0.273960374891374
-0.309565171823489
-0.245290454005288
-0.290662835026783
-0.254871709426193
-0.359817739253867
-0.21258427977375
-0.342541079338128
-0.357055883617636
-0.28841345413481
-0.369827835787853
-0.272844398762487
-0.413757942063989
-0.21405409155634
-0.309686504743359
-0.297565739763519
-0.166666505395871
-0.420923233052752
-0.300824120988106
-0.248345095951078
-0.329400039570307
-0.248858224951385
-0.257293657294668
-0.276840281614485
-0.339734315181844
-0.277994323472617
-0.129904243324947
-0.190288375912183
-0.269136183423344
-0.310978363537904
-0.212714307848835
-0.203522531567653
-0.292287651390637
-0.214256492093326
-0.282890705391531
-0.152603359608369
-0.168002346751916
-0.291678128169422
-0.295759619425898
-0.157545956475319
-0.330016679377677
-0.170271105538183
-0.233844496422738
-0.247241751970113
-0.315678731567955
-0.160797333077994
-0.183870060986714
-0.186024157798716
-0.262051063170976
-0.294915866858176
-0.243191740609723
-0.267874969683637
-0.166752356898292
-0.287266459543489
-0.154777841863538
-0.219885662420719
-0.272429783346138
-0.269210590877152
-0.23262834265842
-0.0400777235026488
-0.308034817258738
-0.235701443692196
-0.0223477395869642
-0.14475537185288
-0.322489653809092
-0.07256255794141
-0.154807622821335
-0.282938023293874
-0.284798138994713
0.0133259349764475
-0.309796121615325
-0.206271863522374
-0.0951154987506303
-0.182400093919615
-0.107553264018237
-0.162139339019157
-0.185150131913599
-0.124992089511989
-0.113445186912666
0.118395020682224
-0.0576824059709908
-0.0854233099614119
-0.188121474110129
-0.128838430325069
-0.146428477758802
-0.15412553118417
-0.116416571840037
-0.13530591009384
-0.210725812159738
-0.00400429961046835
-0.0363869956456792
-0.0488779094596775
-0.181659874715507
-0.254979661910886
-0.169455080473032
-0.0914836404093062
-0.0751870692649169
-0.113730865192349
-0.118380198506473
0.0397644794098303
-0.0795527241154255
-0.119543777551769
-0.111127897210967
-0.102906725244752
-0.186927114651623
-0.262585215518763
-0.208572967815942
-0.189933917953824
-0.213953617418047
-0.15836868123914
-0.26301448805832
-0.196370377719939
-0.143929192103342
0.0535644876728195
-0.0779250078768458
-0.0295524977710125
-0.128660692260411
-0.0373760456154755
-0.12413314086036
0.00523717252855441
-0.114013102934893
-0.147588084594851
-0.148818602277025
-0.0832106026869279
-0.0271097299679898
-0.0933121828851366
-0.0553014594211024
-0.169223961778585
-0.179304808976931
-0.153087022640778
-0.0110978184796059
-0.0240189496612934
0.020034770384175
-0.0732485737909391
-0.119925082386315
-0.00927573536572458
0.0249920111415321
-0.318503360773016
-0.13832429722186
-0.245187610204108
0.00813689546876807
-0.0560366005289108
-0.0345709661908433
-0.0178709905297232
-0.0852250816049031
0.0539158652580825
0.0267592476444443
-0.05674925097473
-0.00742411750837329
-0.178571123943764
-0.0234739641596048
-0.0754880430030672
-0.174141847656587
-0.00124070805685815
0.106767876028784
-0.0185007996695128
-0.128873158231001
0.0572507745367383
-0.137397898879396
-0.162338513874656
0.0449336502297657
0.0114686266717852
0.0311095671847866
-0.0564808419809206
-0.0270532936946647
0.0363220822208863
-0.0384834275846198
-0.0545128200288568
0.215672113006371
-0.160571449897539
-0.0192456778628876
-0.0387743125926323
0.0538054836743196
0.0442422916866293
-0.0641898865659721
0.00936543443936297
-0.128465602620132
-0.0233131808696907
-0.0135260497480683
0.0560209300548713
-0.0115318241088944
-0.00347907454551215
0.191129031903565
-0.0975735279254711
-0.0211177705772169
0.0389912189582983
-0.06631747903925
-0.002838739813637
-0.0328762612081043
0.193585979571348
0.0736767325571649
0.0803389038214972
0.200722891739703
0.0358735333956005
0.0271951478500795
0.12880463073774
0.147901601381849
0.109081592248517
0.19786025120077
0.11035427377547
0.057545664893656
0.173956337212285
0.135344816221913
-0.0630419174205589
0.120970357733419
0.0777148925669829
0.034327500668373
0.00807030936937726
0.103548353174281
0.0802005984378582
0.139196019920843
-0.0103269750676675
0.0853464587342001
-0.0216759271054706
0.205105235589123
0.0966229589137042
0.113033002719781
0.207385234685958
0.0543751354684934
0.139991956926971
0.155649498667053
0.14323480426672
0.212245081001354
-0.0115443418429814
0.0171419891137206
0.0679839689461188
0.0596489947225392
0.377179047617535
0.243052267574047
0.232024355911195
0.0301239376629162
0.194756484644409
8.32397539648806e-05
0.150046290595989
0.248633733528681
-0.0040167312990361
-0.011134971239519
0.132043529437692
0.194951027051859
0.148248522383527
0.131273826606814
0.194242993272771
0.243093932802841
0.189461513497428
0.212670240937113
0.0867336276163749
0.190501020305584
0.083621953579423
-0.000689296279216482
0.124588948755683
0.0971205496562221
0.200828460445234
0.278589339869401
0.199922339296224
0.203380124974168
0.252140624518234
0.196285455494801
0.159603276439526
0.211871661277262
0.21479655449896
0.205592740183929
0.142002922177403
0.120881243577591
0.204963675400842
0.221352942003967
0.220078173522856
0.364030168329801
0.243157994970085
0.00348082263184133
0.223869790577768
0.214541462498902
0.382495911969608
0.139081466981381
0.248025763194738
0.265689776427385
0.144221909178865
0.39799015943548
0.287949832186924
0.211048817341212
0.241225500500707
0.163441255490887
0.284807544644755
0.438331525690089
0.351923341572865
0.157772029741474
0.287399754668451
0.242595530247403
0.32922485005924
0.257335901091743
0.349822494988225
0.170135677099565
0.30679240571491
0.358170484527915
0.214976222305361
0.195245565937926
0.27085685570819
0.332589649214133
0.224425631645402
0.40884416126005
0.290811581040866
0.452523134918441
0.255600750541953
0.285503990028822
0.285306738552461
0.28313006792023
0.217422056007183
0.241889809108411
0.205099927439247
0.356101609543934
0.403043918822267
0.360147463603272
0.230545690185618
0.437417798292988
0.535716572090537
0.40906962580186
0.366984737723614
0.345009350988456
0.0855890800557869
0.369848606992597
0.404040397515532
0.159836556638853
0.43089894596161
0.327336959138682
0.36232498831473
0.397936385159511
0.3348716080504
0.413113540613288
0.284799777626131
0.341081506435604
0.285134792261447
0.298524524040544
0.407502298987676
0.324969768793166
0.382780918016973
0.349301484917091
0.254895593465677
0.438714176334468
0.328611437444473
0.284848420671133
0.32460291864189
0.363603288271176
0.386218381021604
0.455218589336292
0.316959674560393
0.365826759525124
0.399039912662461
0.500898415299963
0.441409546602535
0.397422387099637
0.380127069721909
0.422865888968561
0.352396500100272
0.378381292700131
0.473665025515842
0.304009604837467
0.475881783265293
0.386214956087646
0.376685271952779
0.362496244886591
0.379718663099823
0.452867067379345
0.415879800501926
0.51622981467473
0.347473458456386
0.268316553787262
0.373682102629843
0.6047370390189
0.390210991779113
0.555999243524697
0.342482253017489
0.303147943174264
0.354891462755161
0.451139451812574
0.414087097019569
0.39045175004997
0.354658599643699
0.456201591485558
0.4540554818812
0.655904524197117
0.472242687089821
0.48395352732262
0.465927211492064
0.402617429325637
0.502946853909199
0.440604458890442
0.356862033254126
0.541765106955024
0.611801285158594
0.240395411099502
0.518118707515912
0.455867551221584
0.613308262837154
0.323806712819319
0.415015567971834
0.531242201646458
0.455005858311103
0.52001552019816
0.519113876581459
0.390724880912795
0.558802716000796
0.523855129175354
0.549210273890386
0.279574793175871
0.44348063854584
0.423634559538416
0.364991281886843
0.57699370756196
0.430202014622024
0.495499688030581
0.536709406016527
0.410775359380928
0.352209206556929
0.582579509553731
0.451604625381875
0.398082178595097
0.551799047400818
0.469260763706007
0.470391483928978
0.341183852459744
0.478103945450945
0.577318129045012
0.475889831673912
0.558168455075933
0.524816752627542
0.444403659976613
0.459611853454207
0.584198096035167
0.429161188660667
0.544405537595795
0.534434400483943
0.591602685515835
0.510209094328499
0.485243182893769
0.465074536335546
0.3959690828695
0.543682703282479
0.544327733914305
0.652488801786761
0.641437091643496
0.598240704900232
0.363525473182093
0.556785984102875
0.507627971894498
0.590975313483053
0.490680336953228
0.470534314560153
0.599937718529443
0.596798247233905
0.443064464333809
0.555786244487093
0.515272083722365
0.611508079506959
0.579312390404569
0.458980129036775
0.729326984012119
0.624899395377709
0.628195183255188
0.570975993699076
0.638021930674578
0.52262793081033
0.612345942429289
0.439775639951386
0.666356671944567
0.547798769943611
0.574104223344235
0.650058753712077
0.782050355102184
0.619484544720186
0.717981472712038
0.572022667259287
0.546898988567426
0.682546847673574
0.656184564011473
0.759284273031456
0.723192509979762
0.59867677443633
0.629652518826631
0.69490701160182
0.509077793294049
0.660271423968372
0.54415816357542
0.600370788574358
0.53525759714394
0.5314033849809
0.628701679442443
0.51196335842717
0.635482461165211
0.780489272414092
0.592241362695662
0.736286798726772
0.783410652260049
0.683185417888841
0.662019724527004
0.615319957230506
0.591369289765823
0.669102182479949
0.821023033870436
0.665917407390167
0.538391361645376
0.710068055011863
0.58344705718116
0.520832779711828
0.628092610907325
0.59555823439424
0.762149827444589
0.701036450866054
0.601337253271893
0.538762049475696
0.628693070833086
0.704091042146759
0.667177137250489
0.748845525691591
0.704459793261271
0.727122101358333
0.862191921425761
0.829955029002107
0.566962732688482
0.78964220977657
0.725633502563712
0.789608841988558
0.657372212036424
0.734315817636176
0.784960969774409
0.74608241754068
0.769065989529454
0.722213648441883
0.692683317494769
0.724936847831231
0.790636297170871
0.696153422453044
0.69153800788496
0.719994029017473
0.640243514200668
0.722695458817816
0.760758983816109
0.671423000107724
0.687033199236625
0.642731122090652
0.837457561792143
0.693334708984827
0.675671913613654
0.751423229412249
0.608229195825967
0.671885901202905
0.756930785714925
0.712850504698901
0.779544913581035
0.608902392387027
0.650519287813207
0.62536897500926
0.775251001386944
0.732062201175459
0.880298443926255
0.785404482707441
0.765671868470961
0.879304572562644
0.688420341408643
0.750459914329753
0.79519550907625
0.790657239804177
0.760469595564771
0.883406359525867
0.775315358133735
0.83483259798557
0.74436406812644
0.803896524814405
0.988343238211053
0.932754583843268
0.851742768244071
0.830694554085352
0.918066577298746
0.777059714769516
0.807390665736376
0.799861339544794
0.829008626304637
0.950709797451585
0.772333457819439
0.816433352067928
0.818581490556487
1.01631085615543
0.622850583803989
0.844239696401868
0.777624491209383
0.869106500410002
0.827384586700065
0.827833818982798
0.793108919577649
0.917917104348911
0.626771260626074
0.932547897683071
0.861896885510857
0.676028479587301
0.909458904893168
0.914047779116345
0.946781703422271
0.866379157766796
0.949362372138489
0.775626037149132
0.789065632128985
0.877734485472555
0.981826164605438
0.909333243016967
0.85580309462862
0.984402650568934
0.834825781800915
0.763999724832966
0.945252763865731
0.943937871918656
0.820081569031282
0.845684021469017
0.893336975410766
0.972390025130339
0.915158204206273
0.997446091435175
1.01357641452585
1.01824102346041
0.927758704857508
0.807084119664252
0.916405711570164
0.97792860236611
1.06056368756804
0.914971588733364
0.941877672412284
0.960543644744974
0.949571043430941
0.989495522221372
1.09908947318888
0.908093702391686
0.896383575926373
0.839980651557881
1.00479925054209
0.959486712891794
0.931291660503647
0.883966546442128
1.07998232801575
0.950956765993456
0.954390108238616
0.932925729115809
0.932149598404835
0.869397781030924
0.936985235540585
1.05905296516298
1.0390932237206
0.866600663482419
1.0746544765603
0.99309184668982
0.818203538099918
0.917922560683394
0.926937277489503
1.10584250716801
0.931550169307303
1.09944558194161
1.01176409254868
0.912082418531536
0.797615914086441
0.993903184879652
1.10902409924902
1.12208637173883
1.07221155157595
0.948520960303945
1.08613920591417
1.04238298426755
1.00437926408758
