-1.01328975661832
-0.887579450459315
-0.969911036640004
-0.934209618543623
-1.00291420174743
-1.08401579248205
-0.989212180486342
-0.795859757215296
-0.930432837290481
-0.956221849025372
-0.985602449495906
-1.05002823570579
-0.969665778631868
-1.0585750161296
-1.07643160097968
-0.96696815338346
-1.01762208158954
-1.16375853525188
-0.983200779319677
-1.00974056118255
-0.99168372136545
-0.950205568924268
-0.857410784897644
-0.953710711810235
-0.837792696724552
-0.930152825081149
-0.896671557464816
-1.04306349744951
-0.964259903160595
-0.759534729453037
-0.910427655652937
-0.885639130673256
-1.15962898132816
-0.83660212102078
-1.08735319778511
-1.04229693692969
-0.845152981645467
-1.08436247323758
-0.947594129144504
-0.817291532009713
-0.950284984600124
-0.88979172008061
-0.708017315137208
-0.737107620403976
-1.05362605681707
-0.845808156770517
-0.963986676074971
-0.99851540752069
-1.09246722362585
-0.761181572924124
-1.11846406966564
-0.972975204341194
-0.947311255777119
-0.702908805265895
-0.933844879678884
-0.788288456185309
-1.03214366643089
-1.00785399426029
-0.758135329739988
-0.933658236626998
-0.788901928403751
-0.972294599862348
-0.835369652592371
-0.845740709884068
-0.840522064686282
-0.812724953671214
-0.799234208941533
-0.974107411293351
-0.8286790052863
-0.809605429907419
-0.90915660557747
-0.815448930433768
-0.94675098681385
-0.680994989691543
-0.756518358311891
-0.735322041137466
-0.844531992811074
-0.747944188765095
-0.837368777871006
-0.817392330360402
-0.828923284432762
-0.761233739308528
-0.89779606109255
-0.755738218818051
-0.778292098789724
-0.672419429718896
-0.753397134800558
-0.998946523185209
-0.85539673541698
-1.01468998088917
-0.831435757471957
-0.795169235568956
-0.932162000131046
-0.793954286380119
-0.809918843909944
-0.678069074686994
-0.806192458916669
-0.8876710625803
-0.731516565696574
-0.807995864127705
-0.780131764523198
-0.845358322530754
-0.851118817181058
-0.830747095023044
-0.814147128014301
-0.827934725564603
-0.817441041499067
-0.971102786583466
-0.754889842480172
-0.762766185568709
-0.783697549800171
-0.828892238988436
-0.713021455140551
-0.840135146701713
-0.732773098147041
-0.658469069200634
-0.808553556091191
-0.613249535744885
-0.758641694220802
-0.680489757622653
-0.771128086730683
-0.827319164311009
-0.737230621299219
-0.867830541186929
-0.652317084595746
-0.651527197584505
-0.811688324942314
-0.776058955987649
-0.857657910682977
-0.678670050834673
-0.558935395985192
-0.757719752096546
-0.677246395784498
-0.875306644990931
-0.49178741332085
-0.753621104908663
-0.761816647267401
-0.796827051707164
-0.671725513668217
-0.669978883993183
-0.570687081169053
-0.578533132856973
-0.671584903510253
-0.654207939630483
-0.822913044366375
-0.812524585174163
-0.768518759169554
-0.703591992718222
-0.651090870940702
-0.832561615736386
-0.709786324389982
-0.728624887854559
-0.686487289452278
-0.782646834445072
-0.663486302450369
-0.62199200079607
-0.779758754372314
-0.601652077367534
-0.657740031186831
-0.701822945036647
-0.649366106853634
-0.669185193430892
-0.778515947726034
-0.704074592756505
-0.601537992544049
-0.599075541147541
-0.838493312547778
-0.521743100329033
-0.733829610506069
-0.630227049847674
-0.677262760986583
-0.673673888090481
-0.58140609185793
-0.654402081747315
-0.586578306645372
-0.665903447014371
-0.641734386843163
-0.479592177199969
-0.778097790535181
-0.633883147318338
-0.699973823731211
-0.594677241502857
-0.637322688235115
-0.535179776298601
-0.576847108112306
-0.567061186344862
-0.65589719786342
-0.519966231040288
-0.662936399418302
-0.576226459931921
-0.50723396994941
-0.701513835159346
-0.672041991725407
-0.637266219644832
-0.608874525598608
-0.741226336107678
-0.582814912467524
-0.629547279333496
-0.659825104768703
-0.703113571246489
-0.468233555645461
-0.560741571242241
-0.726689494975655
-0.608439447722273
-0.691408007963154
-0.63934214281268
-0.769791766121081
-0.653784366033837
-0.582303020161523
-0.514859992007582
-0.642632948804955
-0.547372999047437
-0.583374649057566
-0.527860517790055
-0.579582544256266
-0.527061707635363
-0.565694022628099
-0.61936506570579
-0.603488479088037
-0.702807748164786
-0.535743511340743
-0.582759724049482
-0.582518279218729
-0.589404161033405
-0.466661206071543
-0.447611978315149
-0.642576892448671
-0.559181579245455
-0.591430512373992
-0.518871595934397
-0.345975735344454
-0.52093581939963
-0.400777047443798
-0.597845198099892
-0.458503893770942
-0.635996692033696
-0.519395852773433
-0.501099411141097
-0.531603562386223
-0.603921512055201
-0.477715454012656
-0.545321200397718
-0.650566132335037
-0.629962480462058
-0.412149429030726
-0.437763347615409
-0.442019145743193
-0.566011565255429
-0.419215544323263
-0.457060254274287
-0.518081476830668
-0.498157002529877
-0.408887014825217
-0.56189737358609
-0.608505560888657
-0.510930403339287
-0.443424034432074
-0.43597891112766
-0.461076475928814
-0.355735519242605
-0.413792983217863
-0.612133516756852
-0.367620958423148
-0.567890066854169
-0.578954773884487
-0.47669771112752
-0.423724229193991
-0.286201255559709
-0.353532564176896
-0.288588849265151
-0.392435487238371
-0.408790278925857
-0.494925893590197
-0.529491481481185
-0.363057557352023
-0.475641658549308
-0.547775077325809
-0.44745010408728
-0.410317360775211
-0.453497269475044
-0.486114286897625
-0.379434039090258
-0.518475048276066
-0.256821185936471
-0.373715869034805
-0.401206053900767
-0.43979264779911
-0.455066921810903
-0.503290528755635
-0.325438626005797
-0.416683280668413
-0.482472665597188
-0.466341119437013
-0.412608931226894
-0.519631269113371
-0.309923259566246
-0.429808861216668
-0.44858646682829
-0.588726893160043
-0.402019798908273
-0.454505201602573
-0.404998084930299
-0.275002615461613
-0.310123797327184
-0.355848898310508
-0.374378730158037
-0.319319972252224
-0.272969348098966
-0.33866036012436
-0.324194571285982
-0.507214286375706
-0.439477476738362
-0.149469781123486
-0.525097988358596
-0.319878463542629
-0.370190282295775
-0.418062123070657
-0.416176809830792
-0.434362807076586
-0.382582477725773
-0.365543764791958
-0.346372267294897
-0.250917223682086
-0.363276093490234
-0.339787182899803
-0.283209111571621
-0.0934013141037234
-0.285505786411773
-0.357116736979453
-0.155077198531673
-0.506592597173718
-0.411227751109994
-0.305424529977517
-0.282071373325047
-0.285032971961474
-0.224684420943019
-0.425429569016912
-0.308674325416611
-0.338772114183002
-0.35945161217461
-0.317103988435557
-0.219223141830803
-0.260834118273964
-0.449518886268231
-0.239793549909995
-0.178336569741119
-0.250657406333785
-0.221231468868557
-0.343925129014538
-0.274860512302183
-0.19424390409037
-0.366948655505816
-0.219979825758591
-0.333696347766966
-0.305907670176948
-0.263602012918035
-0.242178730921763
-0.292915820370467
-0.232847507515397
-0.323583142307852
-0.404208852569814
-0.338495078103561
-0.32389527685717
-0.187788243772051
-0.181498717305506
-0.194379148344638
-0.342142342372905
-0.255193585264215
-0.241247627426923
-0.15677893180511
-0.304145731116677
-0.227081946746255
-0.459844239809367
-0.208545424286375
-0.326654798099227
-0.310377196303598
-0.197886096599561
-0.297299198196105
-0.222667708662662
-0.265563357376694
-0.350228602266561
-0.247565305997612
-0.242428506552952
-0.343636122243924
-0.286601984504984
-0.266612695524968
-0.372572584716104
-0.195270228422573
-0.086810098100462
-0.213343370183653
-0.173997940385703
-0.305865312635924
-0.0768785899263799
-0.1339228479626
-0.303575164741974
-0.308091353837202
-0.130068949239829
-0.243851461587186
-0.378888095218342
-0.144666107792849
-0.221838556944657
-0.224128068562176
-0.223037656857163
-0.250992179944485
-0.307366636106268
-0.127107554223257
-0.0724361281772793
-0.342863721444303
-0.102825677900559
-0.134812763837706
-0.128279620119993
-0.238472177462734
-0.15829483747582
-0.244135093321868
-0.238016462565917
-0.0731805148999731
-0.222529805057432
-0.331283233925608
-0.194717945034762
-0.145366474767085
-0.0696594532133504
-0.232468090202704
-0.192959890995466
-0.191914991165091
-0.243496834087744
-0.194859726376131
-0.210552152943691
-0.175439876389165
-0.12600032237664
-0.0816027518189914
-0.130178041022836
-0.131066968267948
-0.230779107852345
-0.126813221495998
-0.0529550132009648
-0.140630508159221
-0.129433321468859
-0.368435024283308
-0.0898155993954643
-0.196863433014531
-0.0622351418894735
-0.16868466902319
0.0100439296979411
-0.099447099407095
-0.0806896596026268
-0.138087803450875
-0.119692551754696
-0.182767282691863
-0.078730140498567
-0.0533173773666894
-0.275448825632343
-0.147440326688737
0.0642870582318631
-0.0474066843334376
-0.0271838887679537
-0.103428670563174
-0.080122361823128
-0.0437159125192741
0.0322858284588755
-0.0141915419864668
-0.0482943843555443
-0.12266715191016
-0.0554374661866468
0.00171726988115499
-0.0882677109062455
-0.105959057816024
0.0821442477468991
-0.173905550379738
-0.0234569232451495
-0.0242631678018326
-0.0871397947542963
-0.145983521403173
0.0220152749957706
0.0591254812466034
-0.0700080866953951
-0.15056799433646
-0.28239990321776
-0.0664556512778427
0.0811150650796021
0.0210351882406492
0.00180073491770231
0.0289079496703221
-0.117284153758796
-0.0687088368264068
0.0571372004746717
-0.144874978978775
-0.108801861784682
0.0761884723529912
-0.253428649594338
0.0440895174052497
0.0315093100901186
0.117168080683498
-0.111193565884449
-0.0573321046148222
-0.0686175156710563
0.0858743196411678
0.0177039155792339
0.0304558121534164
-0.183338576426842
-0.137952847120085
-0.0431679627106209
-0.0784610406370158
0.0236198421992738
0.0188567426421638
0.0497775057191127
0.0472432086674579
0.0104000791535766
0.0900273961797945
-0.173619087872854
0.0238722064165256
-0.120354360253802
0.0716221286166056
-0.0528642515252322
0.0656941277354341
0.0585514157149217
-0.00838181233883016
-0.0805440217995223
0.116131343461742
0.0393813085617902
-0.0223819109390435
0.0462663920622947
0.160782980106749
-0.0491888923927959
0.0726177647542232
-0.00446308947017058
0.0846080366224851
-0.0581827940813282
-0.0984927212945979
0.0693881453023573
0.114115954578332
-0.0278074346254958
-0.0604697826409232
0.144413765327763
-0.0121825429181831
0.0811442368686974
0.0151142737288821
0.269217100490129
0.0722683236202148
0.0374634276866255
0.0343492830369661
0.155119605828408
0.0262754918319468
0.0641572275294474
-0.025658919023384
0.0302632958658117
0.0634779488365795
0.0973594098064
0.0645254891584496
0.0682718715704158
0.191324904137841
0.0689133372257153
-0.0167826177608393
-0.0903373581548292
0.0174665439262235
0.124855604484555
0.0660708364838876
-0.0287306464111169
0.169640424018913
0.183118448275265
0.075097632085474
0.0982466250632954
0.0617548214856503
0.189620384417696
0.274018208682897
-0.0230091985378844
0.227768520119952
0.18856980291492
-0.106444548294661
0.157698403607484
0.146955733692919
0.0815555597006783
0.155228279617739
0.234061661299687
0.0789547855189502
0.0285223875741111
0.073477558188856
0.322598695069222
0.250447762300533
0.164913355897151
0.181596565225133
-0.0264151648358999
0.261421546691874
0.224928726781508
0.0780842044510431
0.0893583896784714
0.0851021201358139
0.176615490202711
0.190902871973062
0.228212910807581
0.0716887558607397
0.115300407554924
0.285901023751765
0.1444282102886
0.228549337027409
0.0663680049518663
0.184808461639904
0.29418374565399
0.259981730513384
0.149050658438836
0.292972035766513
0.119897275029507
0.333802254591699
0.158616362733447
0.310783143788766
0.190975067274118
0.031823775856392
0.167277507403503
0.277375882944803
0.27431456057924
0.357291628655439
0.18147655149935
0.189585361163917
0.362346924338772
0.315853101459661
0.295152730703409
0.155628726697322
0.0901029720102811
0.286016374666628
0.279105350569291
0.0283979779453302
0.248701737053712
0.261402786680218
0.204360538511515
0.281323644069286
0.183027505452289
0.285983083017675
0.131817520806555
0.273628632057828
0.217062643497267
0.373467549864399
0.414403057942259
0.266778350399699
0.120902594652169
0.248245567405578
0.237731871512856
0.329969064360601
0.134505272047892
0.420838405276515
0.286831210962525
0.221182393729603
0.14119259853097
0.299786229607189
0.246358834541248
0.266747032155595
0.152541024607655
0.225547370489325
0.255677378473683
0.369477944301066
0.234841512283874
0.300975785651351
0.407851366062158
0.262849816143804
0.415852429942152
0.443892512395357
0.307312494903339
0.338792144968433
0.305069058743649
0.348161814504532
0.402105328623433
0.238032182153352
0.288433641956841
0.28983341898474
0.351275731625682
0.381055218332432
0.527680666625809
0.414816740536356
0.335070191646916
0.316727829668344
0.28416049800148
0.470196005170842
0.301067355910915
0.401897023760245
0.339501534200326
0.448297789820291
0.242898866035077
0.401675354308576
0.220449613351819
0.244730604897377
0.272611751823035
0.284994735243941
0.433806823590643
0.22448026989958
0.364355035666159
0.299401833286644
0.358749416006461
0.469074351429039
0.428338357738958
0.321367681018201
0.399381354244823
0.411106652087237
0.297090838075878
0.392079372110154
0.324727620669451
0.305582136180771
0.414061483381395
0.434258918629402
0.365059504650406
0.500953376973115
0.505915471496593
0.254991638073432
0.42381499306994
0.54133781036332
0.452017120168134
0.412405062855975
0.341320653259641
0.39642061830999
0.372906148590246
0.404192929633551
0.237999889664125
0.427481876453974
0.562036272315362
0.340843094635654
0.440533169548958
0.58548382033085
0.510069230588643
0.460228954846179
0.372669889316236
0.54996719649232
0.346075292582395
0.413702179241898
0.466847090573793
0.315369515375637
0.461460219792709
0.358816980694418
0.457638288116491
0.336856251579955
0.558493984032045
0.531414396164126
0.357019162330773
0.433974045740501
0.48917205846654
0.461850684423712
0.470027949335254
0.53150362935291
0.382310511002106
0.442526148688312
0.451596046199921
0.573869146154355
0.289225938075979
0.506141737215054
0.400939003359149
0.622545108960651
0.606309879822995
0.402464147209567
0.714403641432792
0.475131829750988
0.538593296534597
0.565935651276054
0.409198228486017
0.467604674580638
0.473042885215931
0.488976034873917
0.473069773925452
0.447024410838399
0.520264059999532
0.429299530460848
0.524670173610311
0.543134813559977
0.383876841793455
0.535607391587236
0.566241468585006
0.504874058962006
0.552816814852891
0.491204955550778
0.497649205401201
0.498686711946739
0.626155949592761
0.547315010354141
0.635549573275714
0.461316507701212
0.425718185569585
0.55009344585011
0.513948160462568
0.528521899247979
0.528673994257193
0.542471157881777
0.536099726841458
0.508853523337043
0.578667676541314
0.559288511522968
0.532177118237464
0.495480191738127
0.567224380631506
0.44543444871913
0.559659533394025
0.496194478954613
0.534270719510554
0.691135044902342
0.518028091887492
0.622169713709606
0.528224462231529
0.515506977632448
0.577124513835109
0.702639155928314
0.485008942063561
0.507820703388831
0.578738703573422
0.616858823961469
0.477577840856645
0.612688377212488
0.52232068896884
0.663628259160167
0.580915533113473
0.610154978466656
0.57800800088562
0.708948364688898
0.583539685036368
0.560784908680972
0.485020115784709
0.69803375992024
0.650795283663616
0.56868310146524
0.687511182510029
0.771902925726625
0.669014681366089
0.624229465465821
0.651884925670262
0.663253708755383
0.52093019359706
0.583848111573054
0.628909366501023
0.732994196381364
0.56363899128681
0.703973883779507
0.624804191658773
0.521799016744022
0.754082670052778
0.70390140295182
0.746800494682737
0.700542215606559
0.567455263027276
0.584300627163583
0.632214200447009
0.798190787423393
0.59549957719941
0.626627002982943
0.692172712486795
0.859890204240783
0.657286134822187
0.691966422262191
0.713538782313955
0.757733105956322
0.634366324367959
0.786612454713073
0.645461074744002
0.837331459616978
0.663951558272519
0.824972926471669
0.71014090069899
0.595068250821599
0.726979241456015
0.678183177062016
0.824579465088786
0.676088362281017
0.7744437761688
0.962390529119721
0.805900990787408
0.586789984033367
0.696245075368623
0.775543712019265
0.631398182961616
0.620260130045557
0.662276616631626
0.895653025822662
0.748368769933041
0.705332892075395
0.64220971574363
0.846782435398093
0.736677717222493
0.680521963155473
0.68905082254096
0.791443938569714
0.73353860738233
0.734616264640553
0.802083165102817
0.646442849362149
0.82115177326604
0.746826136929658
0.957547910680074
0.716116044968787
0.62580712450641
0.798187872239642
0.761715103096411
0.690158785131215
0.851942607611775
0.869333881497921
0.769376629658689
0.587737253255702
0.867455874627308
0.723460177399908
0.778320238637695
0.730784083677468
0.880752741250131
0.714313114426257
0.823958656180577
0.817909958339811
0.739339911748323
0.829876292501748
0.620951028975112
0.888284099538949
0.883882372394416
0.735704233105183
0.720171780580334
0.794110960329169
0.747367910078712
0.673837212482746
0.793229663491995
0.87131140937089
0.810953791652178
0.84359592813733
0.85134737255505
0.869755725913938
0.859357534146692
0.854925490274754
0.824050028712186
0.69275317403285
0.803633968100199
0.875335017515827
0.889766293510938
0.817670391024381
0.899422887531625
0.961081685055643
0.796935672666991
0.846835534301571
0.883710570896695
1.00989036333876
0.782176338268782
0.842302128734929
0.795819126263513
0.845318623285738
0.857166842211931
0.748463771198018
0.820351815335795
0.870048162597061
0.82550058557484
0.702947156874967
0.743251683500378
0.811881955678915
0.806827605536399
0.793782979453029
1.03047311388813
1.03581716810793
0.915840965156575
0.871262115572556
0.766196035013857
1.01346329899386
0.80656871255669
1.00629285641638
0.965108151852522
0.746420941614228
0.970875579799752
0.873404346739889
0.808905080819572
1.13197736548697
0.725963698667269
0.873790166032709
0.860490197938397
0.911572428027568
0.909631742771013
0.870804968889482
0.979734859879456
1.01336312483886
0.924082480990133
0.781000247088894
0.938946360668561
0.821435827443255
0.769699296949487
0.973487506048235
0.865902240075096
1.0684572160803
1.03786653209755
1.05228558824942
0.977828514904246
0.835495439547927
0.922820725491622
0.935187284445016
1.07238696100091
0.791928018606042
0.916530344334876
0.914719290782216
0.894946690712674
0.863609072160357
0.899375609697297
1.06291911088602
0.964169401865735
0.938796452106356
1.02970399600273
1.00013608481647
0.861368175383953
0.921175046597917
1.03928637093908
0.901146825325001
0.952666280787561
0.918133071626394
1.03622593030104
1.07453341091374
1.03489596059185
0.964343495884171
0.934118733163335
1.21274293960062
