-1.05028734760156
-1.13450606302474
-1.01613576254704
-0.92848394800859
-1.04509106505236
-0.998589419485591
-1.08237717164391
-0.953396128602727
-1.13936700397243
-1.0309520186042
-0.933649752014504
-1.00531252127118
-1.02362442587106
-1.14665569464661
-1.12924520742988
-0.970621174251488
-1.0309059667002
-1.10618038398496
-0.83956020041183
-1.02685647074997
-0.988287196604445
-0.882958189351879
-0.914964293316869
-0.984508994403557
-0.890853993229804
-0.885096555732565
-1.0002482374737
-0.851733840684643
-0.928392714403832
-0.865881517725842
-0.920300356282896
-0.932679670802067
-0.994668586132969
-0.84178358070997
-0.881073890904332
-1.04930519753537
-1.04540480756854
-0.948895186154485
-0.876265112945221
-0.943532681264138
-1.03976189537579
-0.790681839052084
-0.973845180712871
-0.973533376654319
-0.932816863232688
-0.922594228496852
-0.988680324807745
-0.94282014969234
-0.863476839808448
-0.96663212390833
-0.906174814998536
-0.970879016740841
-0.890434048844753
-1.05970808974477
-0.875880256629496
-1.01624550971766
-0.926079774809291
-0.72444371051687
-0.77992935193539
-0.883461708115406
-0.854044306173781
-0.889398069001198
-0.721728772533694
-0.875200586950316
-0.953272299986774
-0.847841908882248
-0.932242667768232
-0.985577320903839
-0.969034236941208
-0.830837125368505
-0.794824487471296
-0.863233195003984
-0.823158264527014
-0.815496294506257
-0.958201090917281
-0.8616712181867
-0.884508889707768
-0.655872067254187
-0.838605961324564
-0.726449172888133
-0.714269733403957
-0.743959926890087
-0.857948895968309
-0.898988380047066
-0.986514325601035
-0.822184586738895
-0.798449085034928
-0.88990065353154
-0.798030684064608
-0.875732785371646
-0.756774977844461
-0.86140699234793
-0.929469954338131
-0.790273587522707
-0.770567251023622
-0.739825994474187
-0.729164427989499
-0.732232595812172
-0.719115864563633
-0.70662821795092
-0.849918725426086
-0.736885240789046
-0.641919551804405
-0.87168527648716
-0.805625622657502
-0.800637162869425
-0.864558965076093
-0.801472486596191
-0.764094564300417
-0.722377896228759
-0.715362040814008
-0.800397426674309
-0.709717242072201
-0.865106635016976
-0.700659953818192
-0.899871365927586
-0.727648421837701
-0.905925443032815
-0.677500668980202
-0.900149265667339
-0.729106182636886
-0.810508975219741
-0.823481408062293
-0.958468681042802
-0.741652297089531
-0.837814410007136
-0.723943032940598
-0.614065001858679
-0.710478775900022
-0.700397205749671
-0.721370840749437
-0.786288421195508
-0.800083290749289
-0.883743112520255
-0.893723740043083
-0.794154689275175
-0.632809945579542
-0.625650012749656
-0.759604828667758
-0.684035599651977
-0.783284468272209
-0.463173763389952
-0.704541460041165
-0.760712226753859
-0.653562350607855
-0.524424092899483
-0.880775010727984
-0.545479251391154
-0.691105031416875
-0.614431479763571
-0.791870760114232
-0.685370943153343
-0.825342409377675
-0.706948766116063
-0.612989221278283
-0.636577829570324
-0.578832011103299
-0.649576497729703
-0.622629792464451
-0.677104140609431
-0.60436699066449
-0.725329757535556
-0.607655255159865
-0.532453445531639
-0.651217791348953
-0.621688979608419
-0.709308698453798
-0.591697335752626
-0.576936065024811
-0.682776562905885
-0.766100478391283
-0.604661675462037
-0.644294387133697
-0.621098578886938
-0.592542612583399
-0.512133323084496
-0.585129605629342
-0.586179006909348
-0.670385392886411
-0.678094648037282
-0.754546142140824
-0.698775061828835
-0.446241892985422
-0.591210698716674
-0.615959295418016
-0.702050320958911
-0.569532430561247
-0.585645554505887
-0.752052525888724
-0.588431539817554
-0.703722589280556
-0.616108004859244
-0.742352574947229
-0.704900010960354
-0.500173370895269
-0.647676953918774
-0.650017655334202
-0.673785644935119
-0.716793762095655
-0.495376184924433
-0.662332635474235
-0.608957822464828
-0.643997669702883
-0.584419677473664
-0.591904774079777
-0.520539781252234
-0.640469052933605
-0.56233061166325
-0.627082027292634
-0.491028927970129
-0.491021323192995
-0.490550795915642
-0.576996809174743
-0.512925191902269
-0.513409778625551
-0.554504468374253
-0.480464317730513
-0.484888519730855
-0.585824339828025
-0.581153578733003
-0.570318922581736
-0.591661298618934
-0.621541611190412
-0.521129808260005
-0.433034694511211
-0.565482752989871
-0.475827548472594
-0.5882359024795
-0.530050490671534
-0.459672980050861
-0.425922172854278
-0.605207821679685
-0.510491429015587
-0.524413937194685
-0.553790356041994
-0.488994747214499
-0.51168687116364
-0.547082403761144
-0.586547374285596
-0.524110733821113
-0.591106555431361
-0.579113688084409
-0.479134009859664
-0.618132927279301
-0.513980079007298
-0.537423648879347
-0.501896532007185
-0.567129614585434
-0.487160036135922
-0.546505622727817
-0.514442657262552
-0.594971740219227
-0.392625991936487
-0.639805325401893
-0.488786530279942
-0.561720933781998
-0.511333445525877
-0.539883287820665
-0.479221250236905
-0.493058894128651
-0.614929977459227
-0.621814804004755
-0.352821262321329
-0.557811798549652
-0.411577395257586
-0.488121213782925
-0.427868309189741
-0.525923094924395
-0.418117501821122
-0.406919131979212
-0.335316539544387
-0.435768946660155
-0.559385456779853
-0.437107275038722
-0.419922279394384
-0.337309904794119
-0.485214822000001
-0.500012801834429
-0.51513378861987
-0.423066146622916
-0.473184058273404
-0.538353599600579
-0.320633964757787
-0.427753012028649
-0.438032541314717
-0.353168516977851
-0.374956047490612
-0.319050086244515
-0.317640104385017
-0.346412107375764
-0.461796774683551
-0.277568899907191
-0.309324932957876
-0.545051171782586
-0.375764854100594
-0.409974935785842
-0.458690892022957
-0.237653039085252
-0.42151301644175
-0.421693780343356
-0.420427530158709
-0.372441819840551
-0.356599450495554
-0.485413344493485
-0.323192802215351
-0.381431527647244
-0.383633457347668
-0.47211321033639
-0.46652198444676
-0.342805894011457
-0.42188804313458
-0.30179803132316
-0.295975469134487
-0.415275600268425
-0.34373503180039
-0.334021449650403
-0.420940973008331
-0.182300437576472
-0.448550203187501
-0.255492919498082
-0.372441794133684
-0.407924066574489
-0.381160107141886
-0.403682863340991
-0.373839995604971
-0.458198132669558
-0.141966089840967
-0.32858278741807
-0.344045285509439
-0.162057427195249
-0.33783598314487
-0.270118463540374
-0.359183455294176
-0.326675723958333
-0.348520637844681
-0.439286067935291
-0.320832124817013
-0.398545767843823
-0.403903999718976
-0.230515853306985
-0.321547133651756
-0.36032208078082
-0.260688937060898
-0.421743146962071
-0.365487363708129
-0.227173099726058
-0.358617894199979
-0.479937183115455
-0.425352028597141
-0.216447109420265
-0.309461247780208
-0.29293887237468
-0.191906682863788
-0.284490691159236
-0.1960375816891
-0.265835442474885
-0.315963790578429
-0.297616397123325
-0.418203420826683
-0.228960653501482
-0.395435585839612
-0.39089387773604
-0.28786450866954
-0.273205601165883
-0.188360519988643
-0.406996481431412
-0.286704571593113
-0.321953204526929
-0.142549876693166
-0.215270354750302
-0.224366421616847
-0.311322339668991
-0.294015504749949
-0.37424628709693
-0.246165283843656
-0.207674466501867
-0.30331111676127
-0.278720577518656
-0.311060594539831
-0.379791211911668
-0.276985985871531
-0.234645057340829
-0.371649566098951
-0.233339796863632
-0.354060634878784
-0.334455404999479
-0.385951336928367
-0.183063232423892
-0.215297943954589
-0.210503784942795
-0.181129681308184
-0.169931736709592
-0.287154235641485
-0.0446997299186827
-0.36408947958456
-0.22764564385687
-0.225547781624903
-0.132032272711864
-0.31529735042244
-0.32319086438626
-0.235878112335352
-0.124087282818569
-0.191498650894526
-0.292779339304111
-0.340773531649232
-0.0362475179886504
-0.0821195370902626
-0.354324570443925
-0.218465318524125
-0.233400962737483
-0.269946162000081
-0.0523854850883323
-0.16098586299827
-0.257214228246786
-0.187489402824763
-0.155644231428438
-0.21437803261017
-0.164658187784159
-0.0819827097149775
-0.157273802674243
-0.0858353462509419
-0.199419781637034
-0.129820157086029
-0.190495009512538
-0.205668302109065
-0.0624687018288004
-0.0903365268472231
-0.176805772558101
-0.0867462610940688
-0.0166131338853732
-0.105508560139899
-0.0968087479685758
-0.243731937779768
-0.15621459780971
-0.0874055402148077
-0.046511920933024
-0.0815108848670835
-0.0623290202332488
0.0501138261021808
0.0147191182287388
-0.232219949947792
-0.138471747380155
-0.0616444728762361
0.0818917198402059
-0.128380911748778
-0.0699000634166692
-0.158376771245186
-0.0579591125994312
-0.0771253259896544
-0.269358644237139
-0.123879852018574
-0.133224866595206
-0.138804147048992
-0.199522240033382
-0.0287651203580089
-0.115600692485203
-0.0329999674146184
-0.0491594365121746
-0.0434535921469248
-0.11101180852675
-0.0845770113172333
-0.00491568169176474
-0.0667885892443279
-0.0380038707255959
-0.185140871187608
-0.0950227863503805
-0.0423463677449648
-0.145497405587898
-0.139517936456639
-0.142419542311631
-0.0972778900547869
0.156127882043457
0.080633610369152
-0.10318483862134
-0.0155455268554505
-0.02414989484313
0.049199716692711
0.0943315977765512
-0.0126775572412533
-0.0698127526762238
0.0255216437325854
0.091819066743446
-0.00160996305423356
-0.0141222048532386
-0.0111678204850608
0.0295943277250298
0.0596693793648056
-0.0947266743630896
-0.0576129662715378
0.00317870563503373
-0.000950680738393141
0.0220112973681449
-0.134177098292033
0.105835178764944
-0.0456017713963572
0.0509710576531555
-0.00176362123515051
0.0354472810604122
-0.0828094397596305
-0.0343475813593475
0.0170454016655597
0.132648577587554
0.0534855892545866
-0.0334189223280399
-0.116779091316537
0.218418585707918
-0.0161765177538315
-0.0227143759935042
0.0809966143341787
0.128191005556056
-0.0199021650454376
-0.0176162545080605
-0.0826988615347486
-0.0163011158714233
0.145476692976968
0.0579749570105417
0.152388144256856
0.051708992908454
-0.0512542770017091
0.225463717095395
0.133666560490074
-0.0705890724500165
-0.0849771209941988
-0.0530214870460816
-0.0750659937632285
0.0470337299106973
0.103551353241594
0.176637983469361
0.14638028382021
0.0416876953111824
0.0693593941885998
0.0476349957648713
0.0472469224934885
0.12304845664612
0.363286165770291
0.139151345150181
0.0705973272817493
-0.0340519384053651
0.0882337343107162
0.0702695866562924
0.121820584312418
0.17410156662529
-0.0105355511552708
0.0752892390515311
0.201736882476798
0.087309035497186
-0.0175713943026546
0.112718088992831
0.00897468047530452
0.10236597399608
0.0919529965874438
0.0922008129926517
0.160589554551378
0.0595114889494377
0.0635751408968516
0.0831838274878917
0.0208593431830254
0.133142367984563
0.1257161673087
0.132302405949625
0.204733677899508
-0.0519247486121292
0.0874614982980574
0.157807649798717
0.253390828701744
0.0355401557021256
0.0330800058072496
0.197621198303633
-0.00317912331164321
0.188885975765336
0.0175500346344275
0.253290337365425
0.20526893712236
0.133309540765228
0.125187844593192
0.0866695294621405
0.27188890463173
0.0562873438132838
0.229286685429211
0.0234789275075829
0.263506985579009
0.204557649415182
0.121629047613785
0.0784518758822339
0.342590090821757
0.214065951461453
0.229956889404012
0.186595023552398
0.0844246713795346
0.0659069415551146
0.124214680812083
0.0196099112108869
0.2602266618266
0.291507933358599
-0.0424855560483739
0.265971663240531
0.323843855109045
0.230392928284107
0.240613652863412
0.186841149053236
0.147438545522278
0.162547277872333
0.2876817943272
0.113806144365933
0.332496086318977
0.283696210714666
0.160811397132618
0.224145685964923
0.233857955257046
0.274923766633141
0.303464628838294
0.0870596295527953
0.214932349732056
0.286763423525666
0.262408744342207
0.408582106671965
0.267337678343332
0.225776488980881
0.280459953197711
0.218513098021026
0.134874055485534
0.261239895917581
0.31712070445659
0.0608357575868981
0.190459372295427
0.251597768312114
0.37097632421819
0.146116030629806
0.366948301667849
0.365013008377199
0.259435333952972
0.155421662068645
0.28598313408978
0.279460216576578
0.335602351997091
0.199095099366663
0.393635097306304
0.425719116363608
0.290392232672621
0.256252041185328
0.257480898910916
0.220656188228262
0.389998787056243
0.452972449430693
0.308656021515801
0.188852352708889
0.132763769941285
0.450819285155544
0.284756045865824
0.221681720892632
0.325928442022923
0.234011418661065
0.410475136626731
0.256801178399755
0.268408939759704
0.260763618908534
0.235782060204873
0.378248460788441
0.28129486027108
0.469321252944325
0.311682234301671
0.37074997108456
0.353540512316142
0.374371986312853
0.305456013302339
0.246708793931798
0.401004981608708
0.345969935854769
0.444287648104283
0.313821708859102
0.457094173525745
0.341801370062638
0.287445001837057
0.341224658211302
0.487244181022213
0.452593216362862
0.399587705413529
0.368895310206617
0.340317413742522
0.3220745428512
0.172990580460588
0.433389096051184
0.187751371397798
0.217937251387353
0.444807605321523
0.457965479009023
0.405109984192854
0.340111621513391
0.341444347915719
0.343120552033088
0.372442963363558
0.371714844082806
0.375482370845953
0.335843654492139
0.394382946684313
0.329613706192395
0.281193735490055
0.367121248567867
0.43225373514313
0.36825319542435
0.423910097390512
0.300870631488657
0.351488995707731
0.309850084882652
0.232204476152908
0.569603813868356
0.465561781818125
0.347031358694409
0.418134379077452
0.520341210839909
0.441720845919012
0.453726180125204
0.333002287686074
0.372085974581516
0.404901694303508
0.358683993997764
0.312458329743879
0.410522253567985
0.319407501355076
0.434234243379756
0.489638219517384
0.47310407952237
0.463418149518415
0.483082522206448
0.551781742105234
0.441052031328068
0.504538650134778
0.405387279641526
0.655860399829493
0.378528851538324
0.534063590524908
0.429369921132445
0.429290749422857
0.542095070692694
0.428880073836274
0.555789515824914
0.507093205607213
0.318057665894964
0.373133095462314
0.437300299018767
0.377192427826012
0.594317682592029
0.633756740569508
0.680403717079963
0.452293672286607
0.49247056920536
0.590240567885656
0.500485674612877
0.412401507157898
0.487182309036561
0.470156051562816
0.566409372229064
0.491197171217352
0.627659957096953
0.34902567241209
0.609217763802134
0.587308460555888
0.461548036382815
0.635906948745653
0.563052115097608
0.573007428044548
0.650101027845287
0.511343502367409
0.437465930808043
0.471525949474492
0.605226446055472
0.463919721330315
0.478712348288938
0.600200148543762
0.563486258923269
0.519045962860715
0.574336360483509
0.498359344696065
0.735953018216849
0.687053998363399
0.398619764568026
0.450571828164984
0.563584013132717
0.563404302458153
0.47744220785091
0.337766541708246
0.479254764959362
0.530265374288467
0.573264727972161
0.607713067806525
0.446366842879906
0.691606993176979
0.648689595996489
0.571594417379292
0.574567129086875
0.682140938121038
0.445528466110464
0.363349125018756
0.523244078996926
0.523247544184363
0.553793072224018
0.484567369493209
0.435117141057097
0.582324815586713
0.565536650123271
0.839740240637728
0.669515841104725
0.575071456480902
0.64249075658977
0.702280093943361
0.611514252645301
0.671460870818737
0.632602394901515
0.581443755759965
0.578210799215075
0.572499967454421
0.662103626506399
0.528127934128587
0.665435779966335
0.692810152899664
0.690526783639571
0.74554318580807
0.575326706632384
0.700570979180415
0.64966302754969
0.681330916217565
0.583048605492483
0.740500531745175
0.829317599041164
0.804888554524996
0.659492776934828
0.62830728747826
0.687866257904765
0.793902757770756
0.660060320437026
0.722016408754033
0.670085696637794
0.66644422966188
0.555690308853291
0.616266072119998
0.642195373650007
0.585707590124214
0.814232462341619
0.577056379297514
0.628259038436124
0.48256527381399
0.604400439857064
0.635131723921606
0.525062392049233
0.667114775506999
0.650549717601998
0.722717576903761
0.621600912618169
0.737269307001189
0.656279565915666
0.540442185929422
0.600889787094852
0.71738342782465
0.819495820975715
0.80547046194864
0.723180610974251
0.725831716223283
0.760215844050146
0.650511173758277
0.600906612583537
0.76182233188761
0.751828449856505
0.719735543677744
0.747980974362736
0.794717849506887
0.669206449377196
0.788319899649765
0.807089016002187
0.673070154765268
0.664358547453829
0.6674462470836
0.709546894142939
0.84108648349144
0.843489871491945
0.597023016918912
0.705055691463334
0.875725596988065
0.793013761262873
0.819722529889582
0.651565344074273
0.871975170961345
0.791520420316118
0.803087401946143
0.754890595116898
0.787196294488294
0.920009655367313
0.639837428073826
0.849519015535603
0.795589848718242
0.791890801547798
0.739682348847383
0.767952003687439
0.873365193297231
0.763858739474973
0.800917677153447
0.798192354391226
0.800764120204608
0.751026845602138
0.798240294062252
0.848708959753635
0.70567823677152
0.590874572800044
0.954413509168804
0.698144381962365
0.883063607803853
0.86471147941714
0.879535567361236
0.70204354145482
0.856936663377874
0.889784205469686
0.74029399687331
0.812097387941232
0.827638567963933
0.895903530203423
0.999389645010141
0.861248495001212
0.668125743821471
0.775848186984779
0.801396376643715
0.886218119079913
0.79044300004987
0.819794865305215
0.863473883785569
0.820697272522957
0.688312489548458
0.883157819159916
0.839734581869323
0.956158066201411
0.886202575395006
0.737055506041807
0.950109906485013
0.846315131168546
0.823538500521446
0.742788144080714
0.829245335179757
0.803494309755489
0.86218500950057
0.939666853838936
0.852889139555679
1.04497256563018
0.860415268391025
0.880843565045612
0.686652379003199
0.975874647516033
0.954242138997599
0.956974127412729
0.833818850443786
0.926164657986843
0.860895578427194
0.803736970049892
0.834722745881936
1.02572083882428
0.947199955548489
0.862786805644157
0.906075239022837
0.867438453552288
0.915914043370872
0.929506767283613
0.935440688379294
1.01377686277116
1.00333439693528
0.89714325036794
0.812508729672364
0.842092299873082
0.896176815191606
1.01764269420685
0.900908705842779
1.01225136239253
1.03628842556431
1.01191854905606
0.890200520789213
0.825509608814185
0.899639513737558
1.01840084396507
0.845715364534547
0.924526837417074
0.978023629243114
0.90931819015425
0.856658419263629
1.07502896957663
0.899466269038438
0.769775625749324
0.869473928668774
0.873894811713671
1.02509571160027
1.01459273524724
1.06041992158854
0.951431667602651
1.05695446832069
1.0861703806446
0.974310538947299
1.04666639779207
0.981581575744793
1.07650605086807
0.985644567798126
1.01312882685546
1.02198647837787
0.90880712431732
0.961528568529432
1.1438386585172
