-1.02575880690151
-0.917279570856066
-0.983481309822562
-0.944866091337511
-1.01727968041487
-1.08508970155228
-0.962846301434747
-0.822863175819528
-0.916349778629245
-0.952475335503243
-0.977590364662088
-1.03882035976569
-0.973365541652829
-1.06209632723337
-1.06421448427424
-0.955244067490873
-0.979494005872284
-1.17292038831776
-1.00213214372501
-0.992810159872714
-0.981258863972077
-0.943894081282018
-0.862693674504857
-0.946017563929457
-0.830719201177797
-0.945729219036535
-0.894077601738433
-1.03549763161916
-0.934271179772207
-0.76485323878258
-0.885248032909847
-0.865209790101138
-1.17390998242931
-0.873553420690171
-1.07729165737943
-1.04482213660336
-0.813413121871399
-1.06958253113821
-0.950096333788955
-0.796404721932669
-0.96408557970694
-0.877705366580799
-0.683259585172983
-0.735246325832491
-1.0444325537592
-0.855937001139617
-0.970094847609858
-1.00238229198681
-1.0657788268271
-0.782784342044458
-1.122157520554
-0.964017982037445
-0.939162275348966
-0.724850623344032
-0.925652666924926
-0.77837134485554
-1.01462952005758
-1.00968800487446
-0.744942088018109
-0.934540799991678
-0.796574529885326
-0.981013875647583
-0.840833686469926
-0.847939846278505
-0.837048120101702
-0.807734716908058
-0.81281590505738
-0.944846663299722
-0.830558764547773
-0.81098908852297
-0.915248707822683
-0.809698464150506
-0.934119751457913
-0.694417702779384
-0.762812143444375
-0.732867764828639
-0.832466074504664
-0.733383855774519
-0.834458309702981
-0.809857665747587
-0.849394376795534
-0.7623609550423
-0.893358427023812
-0.765060166754233
-0.764307279490328
-0.674676530066219
-0.75507663044512
-0.999388114736767
-0.863180088813888
-1.00593342642264
-0.813695901293904
-0.792402502251488
-0.917838126092631
-0.78834030467136
-0.805478928410899
-0.662668836215028
-0.778814786748458
-0.909202465288608
-0.725828794856298
-0.815632650011645
-0.789911358918347
-0.851278843013445
-0.850376327309424
-0.816442451162397
-0.804311540463038
-0.847422099228826
-0.786211151428244
-0.98337818590837
-0.76144219086194
-0.752348136664045
-0.775077421326435
-0.827976488769466
-0.698322407956091
-0.812498233227753
-0.755977146792876
-0.646124031957055
-0.802918614878994
-0.620708047136654
-0.750823886655291
-0.682502269064375
-0.758210522063222
-0.832106155725619
-0.740388440295128
-0.864272203638467
-0.673058059436263
-0.649120849887214
-0.814044549309822
-0.774550885659611
-0.851281959520801
-0.663127087777322
-0.559241678921263
-0.771211322836212
-0.666053452774594
-0.878538339670062
-0.498679224127378
-0.747738041457666
-0.738565017970962
-0.780399237710516
-0.65389070191474
-0.654802736265355
-0.56310277571071
-0.575373868124981
-0.665590791439264
-0.658260721913056
-0.793237891198666
-0.799310199915841
-0.740439728785055
-0.722847138329029
-0.64427983538468
-0.827442913238685
-0.694226622846378
-0.737737572845954
-0.70843794403776
-0.785694688899306
-0.661844513109113
-0.628532882187793
-0.775152944317663
-0.613302267435095
-0.652741188730848
-0.706016908395014
-0.629424682227938
-0.668225848500177
-0.764253015466915
-0.708446225993641
-0.578709898837143
-0.602948798164894
-0.843944187614104
-0.52931835113914
-0.722158221157622
-0.639753100523469
-0.691304328120337
-0.672435499598542
-0.591878810551912
-0.647816994915732
-0.589826291533864
-0.673947637960158
-0.662746583821123
-0.489726859735006
-0.795387091346662
-0.65828540947925
-0.69009867133692
-0.573518688677297
-0.634081243472853
-0.53136229756919
-0.589984249073084
-0.563571379756893
-0.651577682749009
-0.512720654555936
-0.664222630317772
-0.568657312494301
-0.487688258508278
-0.704614226304336
-0.667002737685827
-0.606605956579878
-0.591624311826334
-0.742704242538538
-0.562528278590951
-0.618461397003536
-0.657706513575896
-0.69980099443675
-0.466792731815218
-0.542165220870557
-0.705729347666998
-0.612147023282433
-0.698593792545321
-0.618123343668897
-0.734432488394428
-0.651254509892081
-0.565965031610144
-0.511587750064273
-0.631892741351163
-0.532911607606934
-0.589939613103377
-0.538149205288042
-0.570654694463632
-0.5492422021291
-0.5835693089754
-0.634612608924461
-0.612365208508529
-0.67003772527998
-0.530544924627126
-0.552814526249145
-0.586322649728844
-0.576085190556527
-0.47787750905674
-0.452888728364089
-0.644201097170833
-0.543421947889791
-0.576197518517916
-0.535016018730227
-0.33938908551536
-0.519326078814719
-0.393525285577318
-0.616497791492468
-0.449477240558851
-0.652849226980867
-0.511929878832235
-0.509053931556225
-0.517635433182885
-0.594441067109599
-0.481303485301141
-0.527461844309028
-0.634451918192223
-0.60730118072796
-0.419386810187166
-0.437029490011103
-0.440827377225357
-0.553969361419488
-0.41303776051419
-0.445156712397426
-0.51379462635363
-0.503107091226363
-0.414649634826051
-0.576144531597802
-0.603760486732206
-0.545755703952694
-0.469986178300925
-0.435281598219804
-0.471494118090716
-0.367530221020052
-0.428233539930073
-0.588905576777852
-0.379911963819198
-0.608732529728589
-0.561622057615638
-0.471447321499037
-0.435524207282211
-0.264801997880676
-0.336943653360848
-0.294800999636075
-0.39187944789212
-0.414466131940023
-0.501880203884596
-0.546822289607221
-0.385300380062525
-0.4844947526566
-0.542768733782885
-0.435238733992757
-0.420428883472819
-0.451966288731547
-0.487659298210688
-0.394949931927398
-0.527378881861695
-0.26528481210699
-0.388990892842403
-0.375819072531699
-0.44704315658182
-0.463818723622065
-0.476385577768555
-0.322993185945471
-0.42056279537306
-0.46548716497243
-0.477768979861559
-0.408973033477834
-0.510519480979661
-0.291511998796053
-0.433231429115664
-0.461570456342281
-0.584838422499835
-0.401656024601395
-0.434035255888775
-0.401029579374719
-0.252484098617197
-0.308744666548938
-0.383403437308888
-0.347709943401425
-0.318079810706869
-0.279434721253969
-0.338550422327824
-0.322825942969816
-0.509305356731138
-0.446389897942401
-0.133565796603004
-0.503349084647704
-0.362238780854588
-0.351853724044828
-0.396275744464505
-0.437471790561602
-0.430395210068617
-0.381029738457316
-0.355038698966403
-0.326038095376467
-0.261687672674924
-0.35046517505137
-0.336811910433954
-0.311827428938078
-0.106218380699164
-0.285217957470967
-0.354332943670065
-0.172488518975555
-0.495953840898289
-0.389598869696014
-0.29414475951749
-0.288353296210329
-0.307099161661809
-0.224332876211349
-0.413651543373382
-0.310440972652384
-0.340513155622252
-0.370335401732764
-0.298543039284578
-0.22057033758551
-0.258505276832117
-0.456304308265216
-0.210196045227858
-0.190593304288961
-0.194265932029297
-0.216745690438496
-0.32716331485895
-0.291633230747923
-0.184487091255555
-0.386012668469285
-0.217585018640119
-0.32276678131411
-0.301372806754169
-0.278506877425447
-0.243831652539567
-0.29228321555348
-0.25849431555216
-0.332640013546813
-0.391632036066818
-0.32981234776799
-0.337833593505293
-0.197051194742924
-0.180239908547617
-0.185631746471957
-0.322579002294223
-0.260180447907501
-0.236536427406526
-0.163552912890175
-0.318202744219387
-0.232155178955464
-0.446929675832666
-0.189231100592035
-0.324840657399926
-0.303703925918568
-0.2021831114891
-0.285557666372232
-0.223196360779926
-0.260322626103867
-0.369371542147322
-0.27012405903199
-0.266898532050261
-0.344023678676801
-0.258675577106005
-0.271215000046986
-0.347955315447188
-0.197543048516646
-0.0856711806943494
-0.235389070574605
-0.190735234214959
-0.303545381841264
-0.0869893776148946
-0.12729739356081
-0.296394476621387
-0.307918143002301
-0.14850897102162
-0.224927103678702
-0.370352793921259
-0.151001197282255
-0.200894558195815
-0.199393971877441
-0.241869845722861
-0.246357173555966
-0.301851813319661
-0.135535944685305
-0.0734117333807946
-0.323490137073454
-0.116237542018358
-0.162437747521459
-0.152276243794723
-0.215805386692555
-0.167822741204405
-0.239927154289871
-0.238921070569489
-0.0719759094478121
-0.237433685408281
-0.312981185854838
-0.214075634628377
-0.157132680717473
-0.0434691336596591
-0.225028283741933
-0.183327987311645
-0.18023818698576
-0.247519935441101
-0.170015421256822
-0.221722680625875
-0.178452578868177
-0.119904021536268
-0.0625273379699022
-0.135476676895081
-0.11782215547902
-0.224018324470005
-0.121752812607344
-0.0472852214601443
-0.13518789452834
-0.125802379849112
-0.36729178303789
-0.117056613756541
-0.181034134301416
-0.0455476512859032
-0.158881635988507
0.0103211805505857
-0.104220605430673
-0.0473940829088074
-0.139293429172396
-0.1153278987888
-0.163465866145155
-0.0974981745955042
-0.0535951848050804
-0.277014382975964
-0.150912950268024
0.0648677559526099
-0.0591773428570633
-0.040765227801284
-0.110593691497958
-0.0781371780510305
-0.0593150331440481
0.039838040194753
-0.00801546284825397
-0.0660139282312693
-0.121017707671954
-0.0438167414343049
0.000509396654510167
-0.0864386208973573
-0.119123384343612
0.0661793969781981
-0.181852309275764
-0.00838644371208447
-0.00400539981920953
-0.0759770551255304
-0.128867487664417
0.0180562224987919
0.0594847084605489
-0.0605661802131154
-0.158453225025974
-0.283344841427136
-0.0617870231492045
0.0562139669612136
0.0104128173857646
0.00757842653789851
0.0361726544117247
-0.132597907871101
-0.094068975450845
0.0503737398398639
-0.14841047690795
-0.108034269552585
0.0953165000804764
-0.235746600271366
0.0651708449760177
0.0117840446198124
0.126663254255825
-0.132931844709888
-0.0553982092999625
-0.0720350532660908
0.0836344473309485
0.0238308498029558
0.0532623993476148
-0.203211663250604
-0.1310585198963
-0.0484133183988593
-0.111494596143834
0.0246658304490457
0.00656975377833793
0.0652589561838627
0.0691753449031375
0.0292455292523008
0.0975336432070531
-0.176172551218339
0.0239500712076198
-0.126181376707063
0.0387844336683899
-0.0603595643985898
0.0740227747328137
0.066632852002596
-0.0232464344854917
-0.0735535896572743
0.107255013403306
0.0346697948755881
-0.0170025384313771
0.0331121015572986
0.158594501803232
-0.0714064989229357
0.0598454208086784
-0.00392219343201221
0.0602804415429767
-0.0844918575071714
-0.10162245650332
0.0594611314317836
0.0799416076231791
-0.0186354320656488
-0.0816261139701179
0.168415056351579
-0.0113980863633927
0.0765100546537522
0.0163250913714687
0.265359682281395
0.071422594892591
0.0297316529492189
0.0225171717329742
0.169474899656221
0.0260686414329784
0.0580942151484621
-0.0296966352517574
0.0108868882562518
0.0650948250901332
0.0942780972207862
0.0914262842574354
0.0932773103298947
0.186859455585562
0.084321095148929
0.00549348474936768
-0.0883299452700767
0.00721608657620799
0.150701765328709
0.0835011390194207
-0.0326569784975913
0.163580980215127
0.188016230888945
0.067222769791013
0.122593635235585
0.0639090436226414
0.187944366716491
0.250019773698077
-0.0317758957493801
0.238058901958816
0.174497104059076
-0.0961256068547821
0.152614898328584
0.12661425419884
0.0929589890664115
0.149997153957503
0.21749318012548
0.0666774288817775
0.0363946581346094
0.0686365587904481
0.335160577222472
0.250161681273106
0.143232457602837
0.156928186611045
-0.0419630459850085
0.2586632161007
0.232898948397449
0.0549952087684583
0.0766860017770315
0.0704782442701533
0.168730852459983
0.202694899961796
0.223641289950389
0.0700283082841262
0.125285962048251
0.295292505056383
0.139521309795159
0.230805888857738
0.0653745570272785
0.193024281376287
0.281445787118835
0.258126362854239
0.170862576681756
0.272183340218858
0.138711436885818
0.319403476359969
0.156025289892001
0.325848464284843
0.212255921110183
0.0228393320484193
0.168173101991884
0.288275292080821
0.269593092594718
0.363361603200312
0.185815865969762
0.182401497832789
0.354519418128688
0.30516072921878
0.277678944734043
0.180271511145342
0.0767232231950369
0.296919849586803
0.262882751937694
0.0317015547495977
0.218919564095168
0.253536004132145
0.202712554561218
0.293302752213697
0.190578073126212
0.276575844677852
0.120787709931573
0.27925387957585
0.231436940279553
0.376840326156671
0.404919494338054
0.258700281596907
0.103264603043864
0.267157485832621
0.247896311517638
0.333833311298437
0.138580289495236
0.404572940706124
0.266621190747605
0.221519966848298
0.161240952607412
0.314171994424164
0.251252369278735
0.288767042657098
0.161383359738772
0.260293844064065
0.301961627423971
0.368713279486021
0.238469901017782
0.31802624504195
0.384254524690122
0.26487537527341
0.41514547747155
0.439325822872211
0.31477904056994
0.356837010279619
0.289813283242258
0.351347826899699
0.414286717249348
0.237896575269472
0.315157970429335
0.28165749931785
0.349679438303809
0.39494391491566
0.547546586197135
0.451569324666785
0.341754202194951
0.320892488090294
0.279430774085112
0.477143197012544
0.321736045183219
0.392980049355738
0.323470422475125
0.431687092115855
0.23378823106392
0.40652814601623
0.229383059273082
0.243932195739064
0.253721293961047
0.289932413787194
0.44350012714469
0.219336963275426
0.351925507353816
0.295382120106247
0.348215268475979
0.469733640293023
0.454048221380384
0.333403091802153
0.40596754174683
0.425491236228905
0.298829400262323
0.387350269698073
0.327125800579944
0.318775610024151
0.440092300130776
0.415539243733263
0.356863406935897
0.498076129835426
0.482686254613268
0.255120046182272
0.429801993770791
0.50705778511864
0.467498181395296
0.407258126260633
0.344319093077855
0.39637041397419
0.378142521742419
0.406481678138175
0.252053342922709
0.436847115855842
0.574378261888486
0.345197530538393
0.447075162617332
0.584078218879827
0.504242964878324
0.459950440490597
0.384524757924519
0.540544442723816
0.355566086429778
0.408944203867288
0.469169264297739
0.323466692739406
0.473830212265371
0.362927007652877
0.467249246382703
0.359137099789659
0.545662839640155
0.528158960671663
0.360326449186176
0.438774653100073
0.493249095243268
0.459048790780291
0.474418148165201
0.538262708486074
0.383062719813153
0.446557857870273
0.471277110758787
0.607996601329476
0.289852205707668
0.495235537409936
0.416440908568363
0.624264111409057
0.638162181798244
0.413280546197104
0.682808626079547
0.491177569703026
0.553872394546143
0.577928430338605
0.397950954265047
0.478178247657524
0.445118867932442
0.47001800602976
0.494395129014693
0.451080629204475
0.540754974792173
0.42149312259553
0.505550665219921
0.562511111405257
0.391960448335228
0.526703927248031
0.548762114051027
0.499074454408945
0.534111982138002
0.495678801419667
0.501553094958983
0.498553278545715
0.639012941635528
0.535309866698936
0.61580192823013
0.460171422597072
0.423268492422587
0.531019082112102
0.524582802319857
0.51850836425518
0.540068330638777
0.538606741807512
0.524620809783029
0.519545872712308
0.589487106423617
0.566591351821965
0.549457418190662
0.476155266950365
0.574155996942955
0.457292467388215
0.566208021511887
0.498581053839015
0.565391605306769
0.70561981792716
0.520703417456029
0.628444728993214
0.536654567465449
0.533409452872273
0.595546077913147
0.687659603395994
0.506107319145642
0.51279353883794
0.566309676791622
0.614799115912507
0.485305438807527
0.606051859567768
0.514716563648644
0.655578144037873
0.584373575640518
0.609571561310016
0.57976209648026
0.717827241167356
0.577417406591243
0.550549052231405
0.482749670992775
0.703465009431343
0.662145910993795
0.575834393535686
0.687770345355462
0.786552200450529
0.662698529587251
0.618302814218059
0.660009423493983
0.668082626816546
0.510768212162945
0.595384004479928
0.612675079244356
0.721439244344868
0.596713880489877
0.710063932509841
0.635358106830019
0.530029276010234
0.746789703122194
0.708323282252928
0.724168230189663
0.693930738137678
0.530106708544123
0.59043091874886
0.618030612994268
0.77479970048917
0.58720735205021
0.614358083241743
0.695206744287827
0.877348041849462
0.661580400429831
0.680313223939506
0.720014411020088
0.755752894207657
0.616731521950979
0.796134703447175
0.669135592635893
0.844318721031391
0.65637791927929
0.823833964086535
0.692574747732811
0.618913948441584
0.718901992590325
0.655749678556645
0.816399121180098
0.704812794095064
0.746599731510768
0.977582333129631
0.815533444323112
0.592026019838886
0.700812717295273
0.777965854691909
0.637329419438792
0.643033730257308
0.640014912534212
0.912764109578459
0.756645873488364
0.70378679269296
0.637870653838704
0.845672480094023
0.733763559754039
0.682780511469393
0.716521867922102
0.77805366116851
0.708406612363199
0.702238070777426
0.802259872023685
0.639070640139887
0.824142157740643
0.761771077042739
0.964306610080901
0.717866698570134
0.611874288150099
0.807733380559287
0.761037851946155
0.691011518636298
0.848078806148069
0.888626177523031
0.77487066153548
0.56768092389778
0.86327788820883
0.738265169536307
0.778776230162659
0.752439622695603
0.881054419332597
0.727095971703422
0.83962131426314
0.821939239602739
0.722999804412611
0.834996556815504
0.633583016492189
0.902098795335853
0.869643443117273
0.723543953080119
0.727626191823719
0.782810414291221
0.758817590766666
0.672963378490938
0.78970383619325
0.863069053885957
0.817727027503451
0.834657788763173
0.861611141933738
0.872371401978757
0.852696116143391
0.872680508962137
0.826117535167906
0.69207198440522
0.796372312443909
0.895754616016212
0.880428434040439
0.830146920107177
0.902390228472998
0.951486999837137
0.793005295646206
0.851395741822513
0.886190048432227
0.998858804964631
0.810129859086869
0.824545065603253
0.796640192814429
0.831252209085767
0.859600538482605
0.741878073486256
0.823012006334909
0.864375640418375
0.802407616632552
0.704870262440495
0.762425536510054
0.813666180789468
0.827033096370562
0.803245582505338
1.02211755375408
1.02068305513408
0.923288989494573
0.839742606451248
0.74277592000486
1.02295688740165
0.786110298543326
0.987021878529066
0.943088506311399
0.772184750116378
0.962948989800577
0.881041979496023
0.80429476086544
1.11400112839437
0.731900658222354
0.868797719131656
0.891476830846159
0.913678198842098
0.923697578902235
0.877151269050989
0.96067653458659
1.01400976490984
0.9213704968354
0.779345712401955
0.928735506620242
0.82527968809487
0.76383464861683
0.959242814171118
0.883977920644913
1.06771939422418
1.02440338518455
1.05416311695709
0.968097729638579
0.812142552012638
0.915943573285028
0.932727889213333
1.07999732240892
0.794315323772456
0.90278380973396
0.918023879025441
0.911123287230817
0.864916907527049
0.886581844269444
1.07558473043029
0.990436213757936
0.932307002560912
1.04381894025711
1.01149928003309
0.851506523369959
0.952240172386835
1.03521589047873
0.917772048477336
0.948593627318974
0.929775188967796
1.03762663339554
1.07329617482433
1.03164100027113
0.961177809611622
0.968333989233026
1.23270204632204
