-0.959637948947571
-1.02992854305269
-1.11505330031703
-1.09277005704401
-1.04859883717031
-1.03248778737219
-0.93232362509344
-0.891647748832682
-1.07305182451384
-0.955571048303898
-0.947298493628105
-1.07772894299318
-0.936204844981435
-0.838703194426676
-0.807257713328247
-1.01799044116395
-1.09102290311681
-0.919609793217089
-1.00231963746679
-0.814154198070577
-0.846003403608986
-0.892018932967814
-0.965853709501269
-0.96661515800338
-0.861899254894659
-1.08519569346384
-0.976486293036761
-1.12896235325419
-0.938756776572752
-1.04368873436516
-0.916598983177338
-0.901479609847794
-0.953301759178489
-1.00517960644866
-0.886465775885195
-1.01977108016341
-0.901973782707024
-1.09321180390764
-0.857371806934772
-0.911694318759492
-0.945963673713589
-1.06334387867359
-0.964522903678502
-0.958567199516904
-0.889686516613455
-0.962024051576309
-0.90443061894373
-0.686490245592871
-0.894675581692703
-0.955151208186884
-0.98583642231185
-0.904019760199656
-0.819593056770833
-0.831532636767302
-0.91734831724143
-0.90745368106448
-0.843379145569231
-0.882202356368379
-0.886235212961458
-0.79831802038574
-0.871539789134078
-1.02843766488421
-0.886551356220363
-0.823286488242039
-0.879807167359851
-0.871977531974086
-0.800833387509246
-0.878066036637217
-0.835498087094386
-0.973960216545326
-0.701337310610751
-0.738274170664908
-1.00239884766531
-0.90870984120624
-0.78179557683167
-0.858730791537653
-0.94289208232131
-0.735115518184919
-0.92252758429367
-0.801493725532517
-0.81625314188713
-0.765724595558918
-0.9752095237796
-0.746786187095474
-1.01169642003789
-0.817042322221921
-0.991982559884925
-0.847831176452198
-0.748839463525505
-0.729595726700754
-0.790220165274266
-0.819835639839932
-0.826573886286815
-0.799170570344443
-0.775468662561697
-0.795218358699897
-0.762999141285753
-0.668248339499128
-0.905057274057361
-0.726544801271401
-0.770221171396293
-0.80819091390412
-0.600509739268244
-0.692558757110986
-0.767317177160663
-0.764822589095568
-0.735137497601192
-0.684002059496774
-0.818734162801615
-0.750117069629997
-0.58943487873858
-0.825424078272563
-0.841063069385818
-0.776575243228085
-0.860913584848236
-0.856304261858962
-0.763235125107628
-0.772509882411992
-0.603642719083563
-0.76312685345467
-0.65659496028025
-0.888114062307639
-0.827190925642608
-0.843921445362633
-0.851945315056355
-0.687300648819296
-0.854254503318411
-0.738918514656421
-0.807623732432791
-0.686179056005808
-0.697975202458597
-0.726812814218678
-0.678212218382538
-0.847235783065739
-0.723051526224223
-0.747713924981436
-0.664584343106835
-0.803555351333439
-0.674642466433092
-0.657398353556702
-0.633454610115049
-0.569182517258301
-0.890283774180838
-0.559756969189641
-0.660916865220395
-0.778273624324749
-0.764425653250627
-0.687613331629511
-0.67534633509612
-0.637449269961512
-0.58019158812192
-0.578611376207176
-0.654436144246208
-0.772613039683658
-0.72290740828564
-0.63904853182814
-0.679321266041242
-0.618836181720208
-0.692195855631252
-0.647261147998931
-0.769264420308653
-0.621591554777475
-0.664693738000314
-0.55619498961195
-0.588338322339004
-0.737401935991917
-0.754239002115973
-0.624315990403822
-0.739285394900846
-0.721391532725152
-0.584988260466955
-0.623833209772824
-0.528440085620073
-0.695880846052434
-0.7187187025271
-0.640303903374364
-0.727491077987996
-0.634423550201503
-0.798660827188002
-0.658008729969536
-0.725482156672268
-0.608054841075159
-0.641982710761112
-0.6706383200784
-0.664488546658037
-0.60665488376125
-0.617512596125838
-0.583207228172629
-0.604529536503797
-0.736171706378298
-0.636280317086855
-0.736523680485648
-0.510460643130009
-0.616769017431874
-0.652027427817689
-0.595178473905605
-0.659861233396819
-0.568625334791072
-0.633355092169985
-0.680850737626558
-0.697394058757219
-0.506386230076616
-0.577482814641577
-0.519840087182853
-0.678372457333849
-0.641160079601759
-0.394660328362594
-0.587995424545932
-0.488242338996514
-0.30196103980718
-0.51080983350212
-0.536750184281295
-0.660026225394058
-0.519184578088649
-0.63822702042052
-0.54153514508493
-0.367191928454511
-0.51172942647917
-0.694533212399871
-0.719676659960193
-0.60383234586138
-0.588921397555806
-0.397841108970451
-0.787706495913114
-0.682503689026259
-0.605540822049383
-0.444007719885508
-0.525773376279285
-0.387557481870024
-0.557289136051588
-0.669936673393333
-0.650880478342771
-0.597993846789668
-0.586205832124917
-0.54165511188254
-0.467057308977236
-0.716681187100284
-0.457239746056066
-0.545906130247271
-0.477768345469537
-0.516563013930555
-0.57929168525893
-0.496542281570573
-0.58623204242334
-0.593637981558891
-0.365664508538549
-0.539868299650573
-0.416636478983294
-0.431739736714825
-0.654054452693118
-0.374757837708097
-0.494568834963375
-0.443844907847071
-0.411070362487712
-0.625640894331527
-0.460792739193881
-0.509692797370065
-0.484672181125706
-0.471545402166174
-0.392187809648123
-0.573641894780763
-0.528292413059864
-0.252703305624142
-0.530186521447475
-0.628428938631433
-0.560292523097443
-0.438771246472821
-0.554366308738305
-0.538057518114367
-0.472640508325173
-0.482358750153068
-0.350526036640838
-0.417551615721861
-0.397448180601064
-0.428787135263302
-0.658535823344595
-0.441900490804554
-0.472932680265671
-0.442291217005718
-0.448213828856632
-0.425816606196566
-0.45148397177159
-0.481516656350272
-0.423807350200592
-0.486468393996307
-0.499712526205989
-0.37182237106718
-0.419879475442467
-0.363550653190532
-0.627889070853265
-0.461145023636199
-0.381571695353853
-0.588783374623415
-0.462527947031617
-0.367457660284014
-0.435817923098186
-0.444817114262554
-0.457002400531654
-0.338921953175307
-0.54772861267617
-0.472765264425143
-0.448336917896264
-0.332894330058696
-0.419645917621797
-0.234332527285143
-0.389365118905166
-0.548384346875838
-0.200451405667465
-0.323956288194398
-0.303186804284007
-0.346146077320178
-0.31020042569739
-0.39740901826884
-0.222390979566124
-0.400830891305392
-0.342477539316847
-0.321468286327011
-0.173334199221017
-0.440832008632565
-0.433518642019349
-0.30480289162978
-0.360640376279018
-0.334853543200497
-0.421258151555802
-0.405992056546575
-0.398311550954002
-0.198758558269927
-0.297498587604644
-0.390661180966675
-0.45966242066722
-0.187791503464179
-0.224532235365502
-0.287768497312071
-0.297437475797276
-0.292939732708691
-0.356975962489335
-0.279135225921207
-0.254204602514965
-0.320229621923429
-0.238281826115214
-0.299303255538893
-0.264363206312793
-0.3349362407541
-0.205399009375757
-0.354707474366732
-0.348443327223725
-0.272151508232031
-0.377482597295188
-0.264346542282069
-0.418889655650374
-0.189972926777033
-0.279223705288102
-0.296974622030061
-0.152354991805095
-0.406704715300163
-0.302096682127264
-0.25912725855071
-0.338093994274589
-0.255469550130682
-0.267623727297571
-0.251677015387924
-0.371489681002125
-0.294766012602985
-0.144543394789146
-0.179032443442642
-0.295701089372824
-0.296519207848107
-0.222641731037936
-0.215209390397928
-0.270684380892594
-0.242100951741626
-0.289072678725067
-0.149442883045847
-0.143425938304437
-0.285875394504486
-0.262472122158673
-0.194207440536408
-0.332422879643696
-0.161963792585909
-0.23534878281814
-0.22988709726837
-0.3073971290834
-0.16353109122921
-0.200466396864732
-0.176653654659556
-0.250378038319371
-0.301639695938129
-0.252275705236377
-0.260348263129904
-0.16509195822522
-0.282959518338603
-0.159937593327256
-0.238357373002236
-0.26525988236333
-0.275819341944579
-0.225523524220578
-0.0418351876842912
-0.314932373448878
-0.228357649589473
-0.0256404067356075
-0.14892506531793
-0.330644586806553
-0.0573678460198551
-0.158248390123882
-0.285838567832307
-0.258523570647788
0.0224320980172625
-0.298338989210199
-0.229684635466509
-0.0829131803891296
-0.206782128769455
-0.0946152984727143
-0.175722366195069
-0.201713711833836
-0.123493918356258
-0.129190437886663
0.105777581212993
-0.0459895878491578
-0.0874321825784227
-0.196154663649151
-0.137523798845414
-0.150991814350285
-0.147927409710847
-0.115602252094559
-0.139979310402072
-0.203789665974538
-0.0034107743487253
-0.0414534744652464
-0.0544915749842738
-0.20141873870212
-0.237060646788956
-0.172545024931911
-0.103407829962017
-0.0814390947738313
-0.125481197271331
-0.119734914796417
0.0444697124551119
-0.061022567911058
-0.126167067855414
-0.132093623705716
-0.114071212334134
-0.211441163254332
-0.258093360002344
-0.196906880695806
-0.176614979058621
-0.219400055222451
-0.154127251687395
-0.255413870461905
-0.213856365320843
-0.12345307084618
0.081605960554918
-0.0553600759592609
-0.0378778775648766
-0.135771045814899
-0.0307914430709926
-0.133980198887073
0.00631598706986818
-0.115797587935091
-0.140454892894689
-0.164172828188619
-0.0798377306309993
-0.0162797804067107
-0.101589258564883
-0.0825675793297813
-0.165305558274336
-0.182722085312107
-0.139157345452787
-0.00163178044028466
-0.0370341571082742
0.0227331538047254
-0.0804265688364585
-0.118975682667527
-0.00814509545811838
-0.00919247003907889
-0.338500733664164
-0.131150716253328
-0.251513562467595
0.0119413161194622
-0.0691307956870215
-0.0309739610529416
0.000525874465019686
-0.0936462680639763
0.0495395590300281
0.0278897722330221
-0.0582748725880382
-0.0026645899836199
-0.183013733761187
-0.0254240936190099
-0.0837108580556356
-0.183242833693816
-0.000126101493361655
0.0952037478633586
-0.0122088359285352
-0.135807154263826
0.0581778106900134
-0.13663868176386
-0.169466928484428
0.0332135552496139
0.0243989800113154
0.0416935304653086
-0.0342868496030522
-0.0229760286032441
0.0327173854213728
-0.0206600200738535
-0.0618988053328013
0.237119977496268
-0.166965167289517
-0.0365448075902519
-0.0423063072386348
0.0504945640149787
0.0224433412461661
-0.0610198048238513
0.00586263822134381
-0.113693457877013
-0.0240209785953955
-0.0318287485628913
0.0640227991173101
-0.0113676430789011
-0.0372250989685537
0.189123348420827
-0.100021233660711
-0.0149285848303827
0.0161694930202993
-0.0818521617899919
0.00508578200892585
-0.0344945248876067
0.194064776711592
0.0713810030883788
0.0913922353948124
0.214959226786752
0.0536541711173077
0.0100680363029137
0.126761569628921
0.138664161622282
0.116262512706827
0.196013052750847
0.0924816473248037
0.064897562929726
0.188482831234861
0.10657548976781
-0.058466953811138
0.122780303271138
0.0712568826321032
0.0378285048388078
0.00155547462283844
0.0920287677905458
0.0721877626683906
0.113542004804258
-0.00546152614748091
0.0735546768460595
-0.00958298906974438
0.21023835976041
0.0942183076813369
0.131396281383134
0.201054139329596
0.0585679715888672
0.127000676585672
0.16123373531026
0.12039837169963
0.191708824021302
-0.00833789813161824
0.037551847309005
0.0725318576418341
0.0429062095994327
0.358540615177909
0.235458411159151
0.241301676850636
0.0350114715971387
0.178451361511068
0.0115298096199167
0.156063016045574
0.246712161517426
-0.0262840989164496
0.00389050166399684
0.122274967836126
0.196677561440585
0.139080655224198
0.143785736020826
0.212416818083509
0.246182905289444
0.172216814836244
0.22444130704056
0.0801777528305165
0.179343476073396
0.0942940353694739
-0.00419894719099067
0.1195528671307
0.100749337215521
0.176324460082573
0.262629587540565
0.209793684026799
0.194916882326278
0.291000995901871
0.191992307061818
0.177182228763508
0.182318911859604
0.255815825165802
0.208101546203132
0.138846380167066
0.110837909762242
0.20805937926685
0.23319041126541
0.23037475855501
0.341345224946573
0.255454908567252
0.0102750784102269
0.211808399389667
0.221452422631547
0.392165198370398
0.154307639877998
0.23489707447431
0.252362155837282
0.153214701500447
0.377056054946115
0.3003208818258
0.221676991677432
0.260630480202474
0.14350420569746
0.296095019520136
0.446131510433558
0.352013354344978
0.16536080174435
0.279186476969752
0.236213990662888
0.311401613345965
0.270058664156752
0.380721702139299
0.164629399430766
0.330345379489738
0.343424992866356
0.197712850694568
0.199966915433951
0.261584008189456
0.344871202238136
0.230957269070961
0.401867908285626
0.291983697900706
0.440716931967081
0.248080184474488
0.270003425921455
0.302149782754395
0.267599927360166
0.23576222698309
0.247027459634855
0.204260904559382
0.379120981603544
0.407463077989664
0.34200687849113
0.242216098058944
0.44964330032735
0.517454633065558
0.40882599723773
0.373297111505771
0.344797490987133
0.072661195664714
0.337577198551548
0.376055147338558
0.1919097701765
0.428231821708299
0.342424265449736
0.36498300506111
0.371772878976065
0.29855904736167
0.425694186125072
0.299997476891475
0.341076808385793
0.300155084713614
0.318430315595688
0.400597736245361
0.321849108752291
0.363469571315834
0.375145362664582
0.257814044836411
0.438076706213806
0.309783652366597
0.267605253504953
0.338059996470654
0.344382435841726
0.387119130977661
0.469340395433561
0.321187877496944
0.367872674191414
0.382681709757658
0.482222167670857
0.404255452399924
0.385977682631335
0.364618476353112
0.410230877390508
0.359080242614855
0.389882577866812
0.467190261802852
0.284489286580729
0.477691684247757
0.393482011662301
0.409609854777679
0.371863919711
0.381460939098455
0.469518380525866
0.451144769053429
0.478356950725545
0.30948453514693
0.285860780346182
0.373444417384507
0.606897389788495
0.396276161807694
0.575130519082593
0.333665229440355
0.297041824389564
0.336085573030132
0.436214294600362
0.420461377544789
0.416031015938642
0.371306362138308
0.452064320729872
0.457042057848295
0.669369177977544
0.482343554703881
0.501653472667207
0.463755529612939
0.386976105059016
0.502707659086572
0.437301918501406
0.366914678295324
0.542782014061677
0.624733443867951
0.267672923847656
0.505412415564007
0.462188240521334
0.597521149942059
0.348888616652595
0.418436448258903
0.533621754282668
0.430965136233374
0.512126387350568
0.512033906751502
0.396156638127104
0.551046520592187
0.534339347783769
0.532035590624752
0.262132357851041
0.432085367671154
0.410312965289049
0.349852674704967
0.577181772517281
0.402266528500717
0.48236254545007
0.556559938831363
0.420412004962765
0.35097466912228
0.562860764649939
0.451492947806582
0.398650961503046
0.550871864678953
0.458527771869397
0.491342144705383
0.331602629567345
0.474416069415303
0.568840311718263
0.488123077673933
0.547683785290858
0.523548481765768
0.442971179368358
0.46835187095928
0.581940119934101
0.424837555432348
0.524294960584885
0.556784986141239
0.574202743678086
0.520190003446297
0.485135580840606
0.487970629722297
0.417959508001497
0.546577044836796
0.545743959274218
0.668656696299145
0.647730797189193
0.582611218615832
0.355721279817074
0.565996155738078
0.514744396832766
0.603407731114782
0.485159488430362
0.48779780570382
0.598813203723005
0.58468482914762
0.464334391731548
0.579952843784985
0.513336960513631
0.628491934860162
0.580950870923672
0.472840960725172
0.726295800551549
0.612054394548249
0.612527651201599
0.56091335566069
0.621721328784808
0.523425701958934
0.604822618833453
0.441655649463108
0.66938152521941
0.558482892705311
0.564824031037486
0.640093930360016
0.789718232061017
0.621447621529524
0.695445824830987
0.56897161446006
0.546070903750469
0.67496216228524
0.671872188530279
0.777517580817346
0.729990426160146
0.587543693922412
0.649425487813466
0.711862718262553
0.51673149641951
0.652030284420977
0.555607876778701
0.584874528925061
0.552063751074136
0.527547471753525
0.618759781099513
0.524791618191026
0.627641572086936
0.782715202599836
0.562282279073615
0.738194071630092
0.774566213365507
0.696483110210986
0.672723907968382
0.610635952169164
0.595321769402092
0.65465784754648
0.786518693958806
0.649527082083562
0.553738579798155
0.70969289158609
0.580671557178071
0.523688846303367
0.631899178876981
0.583444246011952
0.762088675256931
0.687029750156432
0.618487913693218
0.569103679977298
0.623587090168929
0.712994338543154
0.674211989302311
0.76255826536598
0.689253898029702
0.721835542560334
0.863304722618055
0.82605597630034
0.563928009857961
0.782197482923451
0.721346139163437
0.787232617492173
0.656152871268786
0.709355765956861
0.776929334379031
0.748237283023244
0.745911388666676
0.73815515904983
0.695152647265321
0.703667222526214
0.784740155403805
0.7069745021058
0.696680453708762
0.730361760236266
0.646821751695566
0.712974805704707
0.767734312726597
0.695917610423184
0.684278044835542
0.662709955180586
0.846665723839015
0.690680140852318
0.66095815332585
0.746351494115516
0.588688746075316
0.665747120449368
0.749648292726357
0.729964583158513
0.758051297046948
0.616569751267651
0.658296200471416
0.637420637732717
0.781904838623606
0.73026366031378
0.873055866159481
0.772170488091161
0.748390234481002
0.870987390292765
0.685408620611821
0.724413939326403
0.78391551192944
0.78221200802916
0.795784316643372
0.871503748057527
0.759774104662795
0.813851768256664
0.750991674503173
0.81463889471485
1.0033401350723
0.914921733559524
0.839674343759429
0.817887926286514
0.931941822212211
0.779700582089397
0.795474883420104
0.823330679075234
0.804362835217427
0.948357728862403
0.790306716767939
0.816930367307561
0.819577226514323
1.01406953236955
0.621517122078821
0.845261334958441
0.78467314437573
0.891070597272976
0.821967437326433
0.833387720639172
0.780438252171083
0.924034647929407
0.619405640779784
0.93330532222649
0.867367138823192
0.656208166529369
0.916476272011228
0.916927704566747
0.96250398286787
0.862168328613263
0.948413873366192
0.777735313391638
0.797950020786369
0.878865997516658
0.981314409466559
0.900327456352073
0.857001191978144
0.996828148036321
0.840449235864334
0.793672667847992
0.945573243179043
0.936741475776522
0.807602017962305
0.845982660951422
0.900611909773287
0.958875174584946
0.940751709780256
0.994290061065599
0.995501096421467
0.996059115705526
0.926157862845521
0.817324980216081
0.910023695704003
0.962475256501405
1.05837286720778
0.931070341878349
0.928740958499765
0.975614081807265
0.943880985325079
1.00486085186314
1.089992506294
0.918100564427209
0.907765134236687
0.826711080605276
0.995299197166948
0.950949588844854
0.923819650739215
0.888815092478356
1.09138461057423
0.943575565238859
0.93401093718251
0.933680844767401
0.93867343414041
0.874011041101767
0.933208867489067
1.05562036090692
1.03458346814704
0.839898669099322
1.06742815909596
1.00127825221294
0.836703523341744
0.922386035573743
0.927230208254308
1.10175432082522
0.957284545106234
1.10983033642609
1.02585842906086
0.905710517237607
0.779714464243499
0.99585586200261
1.10849267618114
1.13431250320097
1.09330910288215
0.930586140933788
1.07875763562727
1.03050607289952
1.00290805673362
