-0.938910642912472
-1.0347702137805
-1.14431547973
-1.09705261568713
-1.05069009788881
-1.00754478701855
-0.925440087433707
-0.897824369653667
-1.05797966713591
-0.959227625774695
-0.973218425063334
-1.10044446894917
-0.934514174951261
-0.854741927369077
-0.805306233593334
-1.03916958566643
-1.07887752777676
-0.91114558879532
-0.999889376578782
-0.826805454041661
-0.827675731037591
-0.889624758402526
-0.9716372536106
-0.974552960279294
-0.838062460651523
-1.09513934999159
-0.983243363740973
-1.11168755220312
-0.954240243706316
-1.04819275901802
-0.940747320830298
-0.872357362582654
-0.972830242221026
-0.989488602345865
-0.881600930904604
-1.0088764248217
-0.889884500142341
-1.06662716093697
-0.867304794448203
-0.928484621171159
-0.959919781556306
-1.04491880990029
-0.9629667511439
-0.960951822351425
-0.880763852588712
-0.935530649677134
-0.887308020018403
-0.694498551820596
-0.904217587227147
-0.958404354469207
-1.0028700148574
-0.882724323069646
-0.827384815609634
-0.834395648981775
-0.91362028168378
-0.921713219345866
-0.843910455750231
-0.87350146380263
-0.901821420738542
-0.782409871124524
-0.877693102830311
-1.01612141173397
-0.889001359031607
-0.836869076281433
-0.892595346581974
-0.878038235652208
-0.797805831338204
-0.871390805003027
-0.844899916283855
-0.94327558919107
-0.716512799163418
-0.737317612714829
-1.00731709064296
-0.893521335335563
-0.780195424687274
-0.853678141977403
-0.950342213704458
-0.757099951453001
-0.900695685156029
-0.785853267587031
-0.801784556824427
-0.762576518093913
-0.965400839659696
-0.758732323353607
-1.02481766567015
-0.806528832560013
-0.996945129829207
-0.830063778813518
-0.719893232575472
-0.75584590324529
-0.778978160905085
-0.825552330112079
-0.819485753057951
-0.823928337826081
-0.79982266580623
-0.779348029975587
-0.746027827179983
-0.688976358777076
-0.914985655203284
-0.723805139164435
-0.736384804638233
-0.796349103149286
-0.606538033060453
-0.681660837967058
-0.765826544246521
-0.777459982136476
-0.742189708556579
-0.694066467488167
-0.843902775581083
-0.73727212860398
-0.59105416849018
-0.817833192213223
-0.850613833674554
-0.755857674249185
-0.876117367434517
-0.851199856953956
-0.770224579538855
-0.758162570291802
-0.607326619171183
-0.779357308015057
-0.636866756829991
-0.899304274991805
-0.799429649832395
-0.837740600642339
-0.856483553657316
-0.699504432060856
-0.884659920327125
-0.739334618877657
-0.811949321662583
-0.683279400900349
-0.699985747353169
-0.73094265130238
-0.677028787010952
-0.839218723363466
-0.730299514851251
-0.741317035915634
-0.68033250712427
-0.783752064609292
-0.644390536274933
-0.66464114125932
-0.604751239562046
-0.572791412553385
-0.873087386705161
-0.549021512845176
-0.661678554205231
-0.76434029895439
-0.766532898968725
-0.698139761100032
-0.676567779429765
-0.636410109015516
-0.56559499516974
-0.563737869690251
-0.64944769249823
-0.767364987043184
-0.723632847969673
-0.626648115726492
-0.69442782552417
-0.611023879851158
-0.673741390181831
-0.660990078319554
-0.781128743059511
-0.622118014059884
-0.661218035048181
-0.56428885325196
-0.592478868697576
-0.705800445818215
-0.752270024635179
-0.627069591479472
-0.742278735933748
-0.730696077750707
-0.578447071916317
-0.62253125727716
-0.530596147294287
-0.688469124318465
-0.696266042796585
-0.629060128070992
-0.720185493828386
-0.634704702962307
-0.805271532137203
-0.650023729559745
-0.734230987488638
-0.592979363046297
-0.645395875158044
-0.690933601303881
-0.678506047437407
-0.608207921708472
-0.632354516766608
-0.584809355024638
-0.620464616300008
-0.751761058066999
-0.644736677423823
-0.736068253854185
-0.503256776386532
-0.616933519210823
-0.653048909562879
-0.587501660981276
-0.678494165786278
-0.575597099473415
-0.639138469286442
-0.69380039941359
-0.715984388695324
-0.505777363872683
-0.55725682463686
-0.507270168456581
-0.679681758891375
-0.644071746648609
-0.401442550196968
-0.618811003128816
-0.468339699459401
-0.302702529827655
-0.531647694832767
-0.523613304198807
-0.665023421528762
-0.504101477949716
-0.633863971643699
-0.526685967706742
-0.34023713019431
-0.51489160669681
-0.702250551080168
-0.711633698555309
-0.600464433858443
-0.603684525282409
-0.393275653009885
-0.817317772676635
-0.684400225783051
-0.619162849940817
-0.436017224904472
-0.50405815607132
-0.379768257116372
-0.593671392612122
-0.659687418867782
-0.660377699549249
-0.600073622432941
-0.604128355889582
-0.53640553097504
-0.442672015767495
-0.702236717586932
-0.455255188869552
-0.541204179416235
-0.484372289847453
-0.542488701606976
-0.585075556624187
-0.506193251103101
-0.584556449731729
-0.593231890783768
-0.361475957084237
-0.543713198827358
-0.400557667585721
-0.441407064113891
-0.654317347070672
-0.393825403901299
-0.484193487977499
-0.413128009479463
-0.39286580578752
-0.62284943626469
-0.480436997933238
-0.515328020654256
-0.507919378509299
-0.450152952140878
-0.375735611938905
-0.561545624792886
-0.522387847539055
-0.25288619597219
-0.537312853078751
-0.62588725345868
-0.550266018833664
-0.431528303525122
-0.526410158317567
-0.567017756952458
-0.457644049644209
-0.473489504336555
-0.347979932943935
-0.411974976101736
-0.410394075580337
-0.420527949789982
-0.658939807071981
-0.448540850449991
-0.476238463954799
-0.437788951944488
-0.439402800983382
-0.424650743629173
-0.443040465469119
-0.510696538219272
-0.429305006570743
-0.479163467495543
-0.464976447847222
-0.371629078075163
-0.414913174068649
-0.364180053915958
-0.647764590282803
-0.46874978261314
-0.395667399603189
-0.597284354080422
-0.444832669796111
-0.387126658729198
-0.439034011900174
-0.44811698566224
-0.481798825222016
-0.287979153876976
-0.537298801233692
-0.461631154826645
-0.444948719649046
-0.32995312623627
-0.410121858953293
-0.250685975022635
-0.375388515936908
-0.561162372840246
-0.186773694563572
-0.322830770484324
-0.299316960888616
-0.337208258765983
-0.345284508976402
-0.397630508617969
-0.239366259908117
-0.418209916338341
-0.329970949863968
-0.333757718380032
-0.178851080853847
-0.467648014526459
-0.415688072929404
-0.293759688546252
-0.357628082070262
-0.31699105017157
-0.434843302615374
-0.432810383255032
-0.431947393062867
-0.179825676317139
-0.28235506875755
-0.37184300891876
-0.480560159501075
-0.19323551215588
-0.208232275526633
-0.298323974564989
-0.2825981875304
-0.293827892768905
-0.357566460189293
-0.295148988262414
-0.277229158869812
-0.314476962286922
-0.230133114741756
-0.308228682128169
-0.264093691847246
-0.356509913013119
-0.229595119882289
-0.349874147224037
-0.362395068120949
-0.295355210921735
-0.374951366870535
-0.277558313241311
-0.410678516165649
-0.202221051087729
-0.304751242881875
-0.311812613794971
-0.140690708094834
-0.420248484490264
-0.292062811902364
-0.277124901741068
-0.308480025560895
-0.256000598726573
-0.246778923645544
-0.267500285404028
-0.359356410760024
-0.281808193044993
-0.112949955352268
-0.173543842722388
-0.286438574448292
-0.298976465124116
-0.212407867199689
-0.21714381048411
-0.282527275371055
-0.229751632768236
-0.290448839710741
-0.148830824005176
-0.137553135507685
-0.26986098411188
-0.288807865007638
-0.182656180789096
-0.32054341184521
-0.171942365949573
-0.231816297028276
-0.244236620780891
-0.303563946044259
-0.166740296844037
-0.198581893749762
-0.19403220221709
-0.265414095462658
-0.299414080685824
-0.226174973621781
-0.275021761212636
-0.1723851102056
-0.282775074847166
-0.160929776085362
-0.211808657658516
-0.261022316471181
-0.273257261297841
-0.245696419912599
-0.0298081158446153
-0.314069064342891
-0.266560457155015
-0.00802730281586881
-0.144426858287799
-0.308061049152115
-0.0723286156059512
-0.152339215709311
-0.272111594768221
-0.253166811727231
-0.0039183603872308
-0.332665186288426
-0.223661905358758
-0.100216459590968
-0.205761001138696
-0.105253947242038
-0.201280113594531
-0.197966315886468
-0.122467944535726
-0.135781521297611
0.124184749338792
-0.0229391867434604
-0.0829855350378645
-0.186955687030664
-0.160869889668881
-0.151185452241417
-0.140597368370647
-0.121476980101092
-0.126122965530745
-0.201143150520334
0.00426068438995119
-0.0308738813258651
-0.0449415767297577
-0.193601478386718
-0.244911814112281
-0.164763766280702
-0.114334640589635
-0.0666251816155064
-0.112143629034907
-0.122392559693351
0.0580248178574931
-0.0613133750469807
-0.136315183779234
-0.12673679497416
-0.108549872560285
-0.199760197954687
-0.248726448879226
-0.184961617869872
-0.151552713180401
-0.223245782482073
-0.149614476895172
-0.293414376028666
-0.194416201999036
-0.128518853093714
0.0927651762398126
-0.0753249306647665
-0.0202610026311825
-0.123936104860192
-0.0386526934346613
-0.107938205063801
0.00377635527758289
-0.128179570634574
-0.125639833967091
-0.158988243128136
-0.100453883695057
-0.0167633202434667
-0.0897731238373742
-0.0685653564838248
-0.146501824314409
-0.194344869854936
-0.127753491350532
-0.0148242406438891
-0.0513610718533587
0.00934169209536875
-0.0768354055906927
-0.125915877730575
-0.0290544804502273
-0.0251930317656047
-0.320617530057803
-0.120892463427412
-0.250975949189387
0.0124786878257449
-0.0613971163131131
-0.02410488887533
-0.00273975267991109
-0.0946121540823731
0.0580395049818554
0.0300628997377335
-0.0575822012159896
-0.0192959470810938
-0.171778627338675
-0.0574764843159062
-0.0899791224404662
-0.177725036167818
-0.00419929045566573
0.114102478401741
-0.0273211047378293
-0.142300799009321
0.0714721949977941
-0.130669556533732
-0.148865664515382
0.0290008581644401
-0.00812365750486095
0.0182833717579621
-0.02969650742128
-0.0328423495437401
0.0207883176812615
-0.0411282595314249
-0.082259190459617
0.232734454378067
-0.156792830002275
-0.059196596902373
-0.0337125800275118
0.0734767433133741
0.0365164278778845
-0.0754037741023511
-0.00790252243768807
-0.129242969531516
-0.0272404209169998
-0.0306436759995206
0.0718912298907578
-0.0381870365051834
-0.00313355189887896
0.171353047050451
-0.0996830966559007
-0.0329179464804728
0.01211003728761
-0.076769440654516
0.0149430162797088
-0.0360363140226121
0.191772436536029
0.0876623723360479
0.0964354998573636
0.187420605072212
0.0273772902901204
0.0203951706079577
0.147117519563078
0.122441322325943
0.113627766470148
0.202085513933004
0.10490635478411
0.0627068731479215
0.190372911894603
0.124183959297706
-0.062544609832801
0.133313873563055
0.0809272341506991
0.0265490180495426
0.00126284775542599
0.111220006882999
0.0881957408390753
0.133550536102599
0.00165313231286995
0.0836451345457485
-0.0206646152453386
0.191791134931343
0.132997153276827
0.107825569144309
0.17353697369218
0.0425973539439576
0.141030736363096
0.15602341760539
0.136015630591202
0.232664180460773
-0.0157041346057718
0.0155561433829877
0.0473351357695974
0.0531692837653461
0.356330747045908
0.250721555621793
0.210027201966203
0.0261454952978406
0.178950844828189
0.0160422513151453
0.139131846819951
0.267563055560522
-0.00655203712905726
0.0297493725307276
0.131934446124916
0.200763623910105
0.14648825153794
0.143079662368434
0.189228620887929
0.238659885034717
0.189618786263985
0.219524406711674
0.0795114444807815
0.190302951408961
0.0815769044278601
-0.0132915974590734
0.136667428676825
0.0957043337503297
0.174143776968253
0.300032350797672
0.21224796553589
0.198986872975947
0.263234510855277
0.181263416233419
0.173213281138022
0.204134032209218
0.209647204587334
0.212565576888823
0.156259389545659
0.0934271867145626
0.194686379589197
0.228691634724177
0.215024446910656
0.379650246596703
0.254390611620515
0.00439244936946565
0.237495379381244
0.220788767080884
0.382661753095442
0.141419675505116
0.237574168384982
0.276343257759605
0.156956515529383
0.381266154469167
0.270816280776734
0.22564362779264
0.269095544402924
0.154294970658657
0.303405998287284
0.441161454019538
0.350643655579374
0.158100128946902
0.266343189316997
0.236453456816852
0.322803622407068
0.294628613907005
0.390961857808465
0.155681631280306
0.320211086894433
0.330435893040707
0.18844463533711
0.194294997207683
0.271118001053858
0.356568444029236
0.259155885020382
0.421623015339848
0.311196613455926
0.445368286374124
0.260561436837611
0.276867923276527
0.293745767962923
0.283528188757811
0.224077068651447
0.242632375061201
0.203455896711869
0.356801151701497
0.410756771651002
0.354463134676677
0.241396400716504
0.455382224709034
0.524867546666133
0.390367722109187
0.365750610775671
0.348620095980133
0.065279936645083
0.343354521144735
0.384097023968066
0.185994933324342
0.434065747657214
0.339977225127409
0.344756231198996
0.383449003492112
0.327466282350369
0.441879379764359
0.292988710600241
0.345072946387902
0.305771090198802
0.299391755285733
0.398801226488344
0.323323587611439
0.366570696392454
0.368715218805679
0.269440011554012
0.429561890654525
0.326302401232223
0.256220580745592
0.333414206743548
0.36326137429153
0.377860020385735
0.458623129914398
0.314997933251564
0.36219070442064
0.394974398680459
0.500414886209272
0.42227598354406
0.388015932046516
0.380888986271881
0.409478020900308
0.348890149853756
0.377151918635863
0.494977890137884
0.298279571374743
0.493808358298499
0.375301691623088
0.381150030192426
0.354170028738451
0.368488332700882
0.472502582077362
0.436621817057321
0.484704050997149
0.342739059280969
0.288387039081296
0.383287811044381
0.608732599347214
0.373080635974112
0.556262146026179
0.363451411537084
0.287753977748766
0.343567049740029
0.444868048537122
0.419182005208401
0.381005924023192
0.368914007049423
0.486165495592284
0.456547948355321
0.648622671296093
0.469705164597883
0.48756483908079
0.461840197444541
0.373148914277623
0.520794694876632
0.441153184129045
0.36564347346598
0.540037197260967
0.617172710310887
0.255311656477178
0.522278670617718
0.456847660391882
0.600895213416358
0.315158965928136
0.416547779865088
0.52029283641034
0.451578583381793
0.512911676091515
0.520917746661072
0.390530151890762
0.557765750852864
0.526680684064092
0.524433805239501
0.255452438128348
0.448755967873946
0.420384854309329
0.326986776025281
0.591996436273985
0.411092956088913
0.468464191321157
0.539880926643972
0.442015831542978
0.347618555221535
0.581132520220055
0.467319808092124
0.408566750628333
0.560592636843466
0.486428238934293
0.491001779429267
0.336776074276498
0.470115365566436
0.568563885075136
0.48792600813594
0.558417094596418
0.531145288335803
0.453214784920341
0.429262604405129
0.568501031229434
0.432011589047147
0.537517828675479
0.550456433131113
0.567088300423993
0.489819872978406
0.498291481752643
0.479736307180898
0.402264731068946
0.550451848515111
0.559346668668642
0.652562555612774
0.656516456982525
0.570246840694741
0.362074809030833
0.561153814277611
0.510632435316801
0.606763496969828
0.493088959623209
0.493770821523183
0.605915728993135
0.572009792612053
0.439227929025052
0.583705540325388
0.509094979153335
0.648115380876122
0.524897983122972
0.437416094101561
0.736395979740172
0.607765921142006
0.615626548660348
0.578656263707041
0.637075069109879
0.510275003699787
0.601962759380961
0.427588041086172
0.661522711475756
0.558223633050483
0.555811609404602
0.652382839952141
0.799862591547835
0.616536680155673
0.73302332213842
0.560168025626185
0.558935760594422
0.65820071105145
0.66061661514399
0.756146633129396
0.723901138595875
0.589103163228563
0.63991777848102
0.704412040072302
0.502556520947055
0.656423612055951
0.542945490246948
0.602557059404776
0.553204559195405
0.533530951445628
0.618607195513421
0.497106972762293
0.626456744763695
0.779441269713832
0.563006086841527
0.735645726166519
0.761864132210554
0.679196671889498
0.649558342898953
0.626763533255195
0.634699249052024
0.655425052238533
0.813238606364571
0.652333928464295
0.563730562253003
0.694982065606294
0.572176487702561
0.509459816589993
0.618657138904787
0.594395322262996
0.772302709415622
0.693206089010539
0.615879116941912
0.561598159381373
0.627250292737698
0.709151524121183
0.680154303242977
0.741343188415567
0.696520334446547
0.738155285270621
0.843998251315302
0.825546959410275
0.572944783321237
0.795398397419319
0.725490889701431
0.771716012976836
0.63205065346834
0.729976210960323
0.774418514034725
0.734557858041502
0.752795677734952
0.736986220231035
0.684418002338477
0.720858424163724
0.776281218870971
0.686527495196719
0.702095651436863
0.71168237816649
0.652263317539247
0.70831958920981
0.746792535230133
0.691602919209047
0.689727414913122
0.672330988198085
0.823420615769372
0.671275337349726
0.666803614342766
0.724289969865722
0.597982098480328
0.673625509239941
0.761529166919665
0.736646114697808
0.783704900236822
0.619868162165177
0.654462343370032
0.607388903683288
0.792359606722037
0.73236397523794
0.878494919044215
0.782665320176626
0.737958351493798
0.880998882214624
0.696014814039435
0.736687054572734
0.79579816601658
0.794352619981724
0.785246972645567
0.878107679862982
0.774186454710848
0.827973877902806
0.764373446186169
0.826024143753674
0.988508656031639
0.924677576597563
0.827263792580305
0.829615455290286
0.922142768606284
0.77105338001664
0.809228524554327
0.811195988781858
0.808807351156549
0.935780893370407
0.79404480359472
0.813878045159433
0.822304883949734
1.02367393404373
0.645208878451159
0.816230031812154
0.792712388311887
0.864390085371861
0.825607053030842
0.839021902423647
0.79053247630347
0.929429777902984
0.626179146633048
0.928665449171998
0.846262751743867
0.664168552100479
0.907788987770192
0.92097936057527
0.956264448138644
0.859335057442786
0.944962801491405
0.77687943750187
0.800730770377466
0.88860781664534
1.00199765947462
0.900532333025921
0.866501871178429
1.02217364011099
0.824969597407048
0.788336965275774
0.958770294193392
0.957238352964307
0.808985030834809
0.832202973300277
0.882319611922536
0.961528170501205
0.94777504365764
1.02845913167809
1.01212828141455
1.0240131435464
0.935492158652494
0.827999759578248
0.911496622242876
0.961957816547107
1.04804489374787
0.940557495409736
0.932976152226953
0.981532876706634
0.934145714356397
0.970854253799249
1.07437488407037
0.911180088320641
0.896605978730214
0.847819278456627
1.0069461378841
0.976552026892047
0.93813243257247
0.903164848800187
1.08755867498149
0.943989855000839
0.946381895861653
0.948129024845258
0.938859263014995
0.863155417819892
0.929172725472867
1.06437252489844
1.04514224808981
0.838882451409242
1.05925750357254
0.978272066017389
0.805737411279797
0.92558329690388
0.922222514979969
1.10730786792574
0.965680168071544
1.0751554145289
1.01944454688019
0.911290624450797
0.776576770272161
1.00899968157009
1.12428222917172
1.12191653372045
1.07222951370281
0.929225356234307
1.07686942437457
1.03863420643569
1.01170814150554
