-1.07160887532414
-1.14046024689477
-1.01941229963748
-0.943032441271485
-1.03619434779479
-0.977988881342432
-1.07895876130547
-0.962656813932355
-1.15120577508733
-1.04331097696734
-0.970561226027699
-1.0244077438313
-1.0189798765332
-1.13230891991477
-1.12440710819378
-1.00324598150469
-1.04825677020819
-1.10879571696135
-0.859197111096138
-1.03288633717747
-0.991558298542351
-0.90183184938499
-0.91713000937859
-0.960968873407792
-0.89855165505463
-0.86590887846855
-1.00504447147007
-0.85569562951764
-0.930328011757673
-0.908331904731403
-0.909249547514268
-0.931983627291102
-0.991890087995945
-0.840506673258611
-0.866308286830685
-1.05817205075506
-1.03809269718075
-0.963269785746966
-0.879574425009945
-0.965423360858359
-1.05111252762397
-0.782656695264773
-0.982641215692506
-0.971485452061205
-0.942872715187756
-0.953723511013811
-0.970689153399191
-0.923062382208339
-0.865907959919262
-0.990700716273182
-0.907040818521422
-0.950470753254015
-0.87545930157708
-1.05820860719481
-0.87479128495598
-1.03412207642922
-0.921202716144088
-0.719481286556884
-0.779815558188409
-0.911504404092148
-0.870758876647989
-0.880692131583702
-0.698737163153537
-0.88216536550655
-0.940818842965393
-0.858402757600949
-0.943215924773823
-0.969932383803125
-0.995628732945943
-0.826280260246227
-0.759102085676096
-0.874671119017661
-0.81884817539305
-0.837536785721216
-0.9511485866164
-0.86053819131055
-0.883779858338844
-0.65132367556559
-0.856143268483294
-0.752320256664649
-0.721071941832852
-0.751926746044081
-0.872724238282947
-0.881448029581631
-0.991369967744632
-0.798620242497544
-0.803127056970329
-0.885926917345298
-0.794093417991062
-0.887873087501042
-0.764582633289739
-0.862411152647434
-0.922408990108187
-0.805328643124654
-0.790688882170984
-0.708163040166677
-0.726815026274298
-0.709762424929644
-0.70599044732964
-0.733365127276617
-0.851067084036745
-0.729052332504538
-0.622739267203949
-0.849934871629796
-0.819823922673264
-0.796623812155725
-0.850880461982856
-0.807230873043768
-0.758422005863537
-0.70401088070685
-0.70826045073035
-0.796848613829692
-0.715591342634995
-0.871132722199968
-0.705892737420036
-0.912977498669852
-0.739911006913641
-0.874425860763082
-0.674214669407176
-0.856360905307
-0.721154480189307
-0.80829758058669
-0.805400185895027
-0.943295016487608
-0.7603287316226
-0.838305593062968
-0.732770711876174
-0.631278733347054
-0.706907592764205
-0.68363165948434
-0.694375805707576
-0.792862949356691
-0.79720041821964
-0.875711489580022
-0.924189269041636
-0.803692106394075
-0.631613263162991
-0.629002010630504
-0.748151111759527
-0.694275069607736
-0.807427484713585
-0.472596392372058
-0.68074722272843
-0.766567708476523
-0.649102790875474
-0.513263960075817
-0.870389451075088
-0.56856542778163
-0.706571494023734
-0.618488538177165
-0.790480546096899
-0.676913987747838
-0.795409351547029
-0.716813263451914
-0.597196935939256
-0.63873274931733
-0.589865836414116
-0.632437052489018
-0.624356590303938
-0.694793187159734
-0.5903739644767
-0.716252833244942
-0.610737727433318
-0.539736137983821
-0.649509362238309
-0.622787746793469
-0.694727308228389
-0.599472616171784
-0.58417896650756
-0.669128067906487
-0.75507695548991
-0.598210932312383
-0.677282604986675
-0.640829590370029
-0.593209853394622
-0.506155956476812
-0.566852921599915
-0.580231110820131
-0.659162218328111
-0.663900456720507
-0.741661137634419
-0.676949314617001
-0.446668467129098
-0.561433602407527
-0.618158015546747
-0.703954250998285
-0.61001208737596
-0.592956950954114
-0.735130476154684
-0.617289625705387
-0.703753364077356
-0.59650272698908
-0.734546560668588
-0.690192239194284
-0.501166911319921
-0.64603924736811
-0.657914684885381
-0.704255811907863
-0.733803667491841
-0.50046251825579
-0.663860619549693
-0.621690250971373
-0.640593404614736
-0.615548726472175
-0.598480609822007
-0.509882823051471
-0.652208160141919
-0.599555331548184
-0.637672624787394
-0.486901592229198
-0.49347833930535
-0.498665128562556
-0.562193697806036
-0.490872696807541
-0.513396569107403
-0.514008706387044
-0.494932509501435
-0.522927337738432
-0.586333998346779
-0.573773271219116
-0.567865003837156
-0.579121885074797
-0.629938457644206
-0.53268187122734
-0.411692439472975
-0.573697837673362
-0.493126470873462
-0.596410737140515
-0.528499713486232
-0.478215553261762
-0.422150499816219
-0.610651686729669
-0.516171390449444
-0.525333724647898
-0.523916059108668
-0.47215598758047
-0.542138684198701
-0.523082561920693
-0.569537309020644
-0.529642660187762
-0.576730576212066
-0.573605619733722
-0.4713565255553
-0.621515730771827
-0.539881106939259
-0.53623509052435
-0.497923023303735
-0.576798627700401
-0.477059384512175
-0.53620133192675
-0.522354054326748
-0.598328556452407
-0.3922169586154
-0.639483893550974
-0.480296693185369
-0.555471061015075
-0.5112480251866
-0.538891216661625
-0.484197373763421
-0.480623395901705
-0.621187965582678
-0.622924635004316
-0.350750847593014
-0.564217448901527
-0.397439664414234
-0.485047831612768
-0.419081134991267
-0.527228342391745
-0.409789921263727
-0.390121843344925
-0.322070181743947
-0.435673614898693
-0.570683025832974
-0.464047035126699
-0.424338981668087
-0.334211234180929
-0.458375011608825
-0.485223709448886
-0.526312888765871
-0.4444420283095
-0.463684202044633
-0.534958538628049
-0.333746580571579
-0.421464500136693
-0.430704320031748
-0.369452706253985
-0.386613149153845
-0.347870232389766
-0.330296716061971
-0.355911095029804
-0.455777318014204
-0.282777279854948
-0.304026447037484
-0.52830300749331
-0.354601897680986
-0.408178467647975
-0.470818893040834
-0.232573640271063
-0.431878689558106
-0.427990167657
-0.446703564955
-0.354920899794174
-0.37572990994241
-0.481473510055691
-0.323671346104021
-0.382608435557548
-0.372801007846824
-0.456155451621431
-0.453175355644926
-0.3532877173856
-0.425269908381263
-0.313086339793954
-0.31307981010118
-0.418944094839779
-0.34249688013907
-0.319973414907329
-0.423352537258344
-0.188541115329227
-0.4500788867881
-0.248917012090146
-0.360476363061682
-0.407301901128607
-0.378829717691477
-0.402406441787517
-0.355740310311293
-0.475876522678608
-0.157874694049939
-0.339024184583804
-0.348459681547544
-0.16998231100088
-0.34824967954529
-0.259191556006066
-0.362095588925615
-0.321709648507099
-0.35315702469715
-0.424030324978775
-0.346402390756874
-0.396279675998432
-0.394674858976287
-0.224172033077353
-0.321421447823693
-0.363031438279675
-0.243149935685557
-0.441022452397222
-0.37304205425899
-0.253253106710812
-0.360640679384768
-0.474220372611939
-0.431424991704411
-0.218695797279468
-0.307461411096495
-0.29050827338363
-0.210964769695658
-0.286441039070623
-0.215907437528742
-0.257763980657485
-0.326562244225544
-0.287398326658263
-0.435127168219066
-0.215556198941936
-0.394830366127032
-0.39570295464395
-0.277323405350628
-0.280776942389292
-0.188838549579781
-0.393541587058446
-0.296693500783312
-0.325775765576145
-0.164059594799473
-0.201360063518699
-0.243771319549497
-0.292711816619543
-0.294603232978007
-0.41701328125386
-0.247251538387315
-0.218321779990238
-0.312770592542748
-0.267394283111021
-0.317387467899877
-0.384234596484353
-0.291631810771725
-0.249481263250736
-0.389216032386936
-0.233540100026461
-0.363472753661254
-0.325117590862352
-0.383617624495095
-0.176985215825059
-0.209689315327774
-0.234427958084392
-0.165837522792646
-0.149482432446481
-0.273889665478361
-0.0734026001911145
-0.342137876282517
-0.214381141811243
-0.22403492805614
-0.146615422661879
-0.279277715358443
-0.295154644946723
-0.249608453762502
-0.105743830459664
-0.203033545950211
-0.296420535114109
-0.335044578842438
-0.0295134264933023
-0.0843493602473632
-0.375770088180893
-0.22259877810097
-0.22100986483864
-0.283547301802816
-0.0209593302774014
-0.173850912784169
-0.234379674427832
-0.198343327195177
-0.164857572574134
-0.220883822159122
-0.176553369313959
-0.0852354172158429
-0.169777639948006
-0.0767017282564497
-0.173370161288798
-0.158142510963854
-0.201987408406641
-0.202768703391389
-0.0539093246402831
-0.0741973628862612
-0.161038169653177
-0.0730750200105499
-0.0118309163182818
-0.111389861281862
-0.0878997163182171
-0.24535779314127
-0.160500302288821
-0.0651557684028129
-0.039111766418042
-0.0896693810531355
-0.0490867815376166
0.0556951063746855
-0.00571267049599366
-0.23459750879969
-0.13255312966435
-0.0579675014007668
0.0808659626941833
-0.134105462658983
-0.0454018319887933
-0.175851906146106
-0.0680900563583566
-0.0720763821640104
-0.281227103884457
-0.126896658544895
-0.114017329405687
-0.154144646218753
-0.221705793809184
-0.0154518701514206
-0.0774996676295202
-0.0392225420447871
-0.043705832103895
-0.0359822784504652
-0.107986229575666
-0.0918376793480647
-0.0236344606530044
-0.0289948577872717
-0.0596907088754468
-0.175997257639743
-0.113021033749457
-0.028296661800687
-0.127741633294761
-0.143800372450893
-0.164238606888813
-0.0825932897726021
0.160824568684869
0.0852479243053657
-0.108491304482074
-0.0144981293780131
-0.0449398204746883
0.0484285251492292
0.112710334065341
-0.0236660537303716
-0.0613248920471142
0.0293718669400079
0.0850557647130787
-0.0166767706728753
-0.0223746884730093
-0.0232049201682132
0.0123370048118936
0.0275320374377104
-0.0925325485133386
-0.0652313207490553
-0.0163943188525496
-0.0142219740307562
0.0103360658535448
-0.13069700026908
0.121053313746309
-0.0237578950032488
0.0765177335379201
-0.0124562088312895
0.0374018715828452
-0.0784288173585533
-0.0309949447880955
0.00656372923558694
0.139114212482697
0.0543746494137563
-0.0437030399513584
-0.121787297836229
0.204034433623955
-0.0308644201663725
-0.0190758172192175
0.0842765296022345
0.151480136726059
-0.0108827960159585
-0.0144512763199575
-0.0684852842698633
-0.00547398467885211
0.135135188432658
0.0489829748275594
0.136575517340139
0.0424163214962272
-0.0272946040530378
0.231242711832247
0.115899552768848
-0.0372191158695333
-0.0981527566040131
-0.0518434199395247
-0.0683642506210407
0.0556680013030883
0.0978596867646267
0.188668188798187
0.134109408742437
0.0577132316690103
0.0615108720551473
0.0514449243623437
0.0565514846176631
0.127181926320653
0.351267886156991
0.119917245063575
0.0614947526889402
-0.0360517803717727
0.0877445481345212
0.0834524369007515
0.119308900132013
0.157525809636038
0.00242456128184746
0.0720312656544102
0.20048481668279
0.0731276545148244
-0.00251198775951246
0.130381069705333
0.0276724419357453
0.0880705432183543
0.0883794210961586
0.114827184924742
0.156202613581992
0.0820158967535366
0.0651799389208994
0.100582534173388
0.0448035743923308
0.128384120217838
0.130183820210172
0.119950418316673
0.192464434265471
-0.0741388560120089
0.0556651711243523
0.188193800453915
0.241497980660874
0.0458230290816001
0.0290745944235334
0.173053616873688
-0.0076908165279299
0.189073499810619
0.0163810377877506
0.259308476267768
0.194941684364194
0.148453504399476
0.132116571123858
0.0905719762192293
0.242750770219907
0.0531137486856149
0.230736709119322
0.0181841551273687
0.282598906046817
0.215165161360939
0.128581824758293
0.0931066836707216
0.364413585713896
0.247124051268292
0.231805971617693
0.195575565458318
0.0973727645339593
0.038933244199059
0.105877625445264
0.0139765631553497
0.272492637201381
0.291029287213012
-0.0393660369006572
0.254757026301368
0.292936780803315
0.234498656438619
0.240277901328613
0.194488949194992
0.158189929373195
0.17306252724055
0.26971694954772
0.0789339918880877
0.331646197094417
0.286167926341043
0.166433941646522
0.238072428082767
0.244451522382413
0.258424752481563
0.291309190613337
0.088647621392015
0.206024831591662
0.267307973596672
0.24890199009488
0.396879627507615
0.278986557855046
0.23048947461463
0.24234959097293
0.232682445574358
0.151756563116712
0.259060642839083
0.294625579520487
0.0510310485811599
0.208823001552648
0.23895018283571
0.380405692092883
0.157058634726314
0.384899467158344
0.367067122588441
0.265143399936478
0.158109977083873
0.301619812002104
0.260849146161822
0.331692501875305
0.173210895733891
0.386802159197388
0.440579253707484
0.28802529143184
0.248412794120655
0.25706665335257
0.226312893202741
0.404156059476366
0.461629311976456
0.326410107297392
0.191225135544837
0.126008849288749
0.438215222013934
0.301647286133323
0.218310214863754
0.331377667724455
0.245870103322262
0.403924864407386
0.280289750892478
0.301338497519249
0.261180665555453
0.253950651538487
0.382961445721805
0.300152124862057
0.474835249656853
0.314716358337155
0.365166885323169
0.355057222304197
0.380875242834343
0.308408612486139
0.260742662248751
0.405326207429419
0.319245720903601
0.460583860538641
0.322862865758988
0.445871236037395
0.35181989260424
0.287782211676272
0.388330089526745
0.472095844221148
0.448081799837871
0.391516355283863
0.372210016246755
0.362144769529056
0.310081802604562
0.183077879509584
0.429470834738338
0.191716040518742
0.204999313191543
0.422233883139373
0.445350573043292
0.418457412294753
0.345425703199987
0.3369861069718
0.35332891292468
0.359024801799784
0.358548779634155
0.340890858340246
0.358546027793109
0.395730533801489
0.329873741873549
0.293296789841657
0.352340647528376
0.444192722759632
0.365530479855845
0.41149652973896
0.33820347520796
0.334710646018662
0.293865650722881
0.237505138304443
0.564168764392081
0.469260965713782
0.330934291611723
0.432459069464956
0.516685014589216
0.448258723637179
0.456507716165234
0.341898263534424
0.345009583123695
0.386443630467008
0.36259427564144
0.299329952040519
0.414321456870646
0.302317057490771
0.425199655339476
0.511331235926486
0.46890663536992
0.479050126395597
0.485480032160863
0.551922766488336
0.449401532184905
0.501211228930261
0.403520265862295
0.629776519886899
0.364829948222308
0.536967124345782
0.423094044002266
0.416298887094575
0.505567901418884
0.422211518405601
0.540370922517513
0.514227611565403
0.319984458227645
0.384640721091979
0.406203587223099
0.399245149620287
0.588502829049148
0.622154381408386
0.680180600364051
0.455867295537028
0.485726495773239
0.581545004829209
0.504359210681317
0.435952230998682
0.483426587369322
0.454870955516275
0.546836366092004
0.502695758904446
0.628726635037938
0.35668664655492
0.610406891661184
0.590658725005196
0.455312727980653
0.634355205884492
0.550372388566322
0.588495392637571
0.652729425453279
0.522809810905896
0.43748192625794
0.473480712789299
0.59347145667487
0.489509461214368
0.46993443657201
0.59022876779864
0.569877835546086
0.537662682467691
0.573213164332386
0.484345005477243
0.733733546989013
0.693791642763473
0.391715405444302
0.456927430789256
0.573054792932853
0.586513066124467
0.472001962568832
0.351802904755829
0.457845541166911
0.541308800845804
0.582258819628597
0.576854118641371
0.419122403032866
0.679637354474448
0.639157293088927
0.576444537170828
0.572793033204136
0.695100025548983
0.435155006006575
0.352954222615374
0.537879273640814
0.545258354996893
0.538329273779945
0.49952824236552
0.442857509474962
0.594311921596651
0.582734218610638
0.858324099560077
0.677147749837566
0.580594709249147
0.617187562227134
0.715705478834087
0.612354411682268
0.655374975210213
0.651648488861397
0.552039568123299
0.612064348192694
0.571133104677497
0.658547710801039
0.502316168386663
0.681092589740213
0.703677182619669
0.676680731102347
0.75812526072572
0.582918305152421
0.690957376560063
0.631085437565814
0.671806126105832
0.594408591001496
0.742767926832763
0.84365745665554
0.823506241785747
0.629316091322534
0.597604736253218
0.688604347304972
0.802996825169729
0.651535060513462
0.710041714588962
0.710299232729968
0.648935666117281
0.565755464141376
0.607946597552428
0.640757461268961
0.556491396773483
0.799551283203696
0.586371726387457
0.628267311792715
0.478007891027409
0.610277221009754
0.652019248647101
0.518660378655844
0.680652655614098
0.640968320302801
0.726357050574148
0.609017231395793
0.714653710550195
0.640981322658609
0.522242362787041
0.617493906703023
0.741208132098513
0.80431633275
0.817467610124967
0.714359386587544
0.721287271241127
0.788592259676244
0.65290816457089
0.591816396297183
0.771485196705345
0.725446183220642
0.715030083473156
0.758832080936484
0.812304626827007
0.672175150701853
0.7915621529309
0.805268428271523
0.662459055384564
0.654552052724577
0.650121726563427
0.710456833670413
0.853133225008094
0.85020123970083
0.582010818180882
0.703207959758745
0.886388616658296
0.818724970467797
0.821945460526172
0.658512256223468
0.850445432851077
0.7736535954751
0.817930443139397
0.752147061790608
0.798768179742918
0.921918616376795
0.662948959533368
0.856311041406948
0.807669138400812
0.763714016974188
0.720209683264244
0.772810307845798
0.883577054664356
0.806776726537442
0.808658692114537
0.791873885650279
0.764074885684549
0.754943632521662
0.755747366807536
0.839936999974866
0.693625851227007
0.604628356372786
0.954424814847615
0.679983133370948
0.894537981598363
0.873398571152546
0.866452460738277
0.691059331878896
0.825168284127992
0.892265277540827
0.71762919912699
0.811083860617712
0.811312475070921
0.891170872919895
1.00396374629729
0.875985212949824
0.64161302103182
0.76844758972646
0.775616109680679
0.90312420086175
0.801078414729562
0.840694524237801
0.838635738605338
0.81461544114751
0.709581711729957
0.896392572506014
0.831498454838919
0.95587585146762
0.881690758715099
0.73426274231015
0.974160850555746
0.83964439210258
0.809887675986008
0.721115466647363
0.852280374201429
0.796519916104207
0.855858021598077
0.931446744266167
0.858660903805565
1.04345237374843
0.891615626964379
0.864100490384245
0.699903597320853
0.969404769759052
0.9616936046893
0.955789448669821
0.840415114917694
0.925119026468768
0.862041240241334
0.811414675351752
0.818943865618435
1.02661220507723
0.945126081714941
0.873204566164771
0.892434730723107
0.877548283068583
0.897121214970366
0.942314934043195
0.93475090137409
1.01220788829658
0.99947286003265
0.908201228668161
0.810658937172623
0.827413587834058
0.890181232951821
1.03053268110094
0.926893225802537
1.0352498333292
1.03414980134959
0.99751078097746
0.896702541445276
0.853897083098983
0.905964012810923
1.00753373412913
0.865364708092914
0.912453363620208
0.965245106388691
0.919471665480258
0.851044988807616
1.06822985569408
0.914625793023007
0.762457492329206
0.891811515918627
0.878522287675809
0.99705176370396
1.02653995004674
1.04343754128974
0.956374957469755
1.06536625525052
1.10052158210313
0.981939694929723
1.0567832236769
0.970000062749366
1.07677679324579
0.987448373259888
1.00494053824521
1.01465415346499
0.931442740782826
0.93976364685841
1.11455221518251
