-1.12001642392743
-1.02599508018269
-1.06263062622521
-1.02893020191641
-0.92696121059125
-1.01609331848417
-0.893336497639285
-0.971561207885426
-1.09409210590973
-1.07774618898629
-0.99227460349059
-0.980357442681111
-0.916996411944429
-1.05627241887696
-0.90725162828353
-0.988277505610613
-0.913695516349896
-1.00741147113588
-1.02274846490644
-0.913994470068352
-1.10117061552148
-0.978611371379399
-0.892860632424576
-0.859815638866637
-1.03959441112514
-0.915926125557897
-0.909138120173298
-1.03086511959791
-0.976600702323686
-0.936761857735328
-1.07568003987997
-0.877037300208295
-0.888378964534102
-0.801871522021109
-0.848882040839683
-0.89612155913441
-0.776454819153339
-0.901313860705079
-0.871306505000878
-0.960368671517234
-0.875589656974304
-1.0718715784426
-1.06364736600324
-0.951605283638047
-0.840852694035631
-0.964669224028739
-1.01420754453727
-0.838207561096796
-0.780316949233231
-0.898989405105311
-0.875987856140883
-0.858108593205767
-0.825160463452598
-0.854616243448239
-0.857590964466324
-0.811026646686247
-0.897438507799295
-0.8169657555326
-0.985076127488688
-0.943305768791487
-0.829417857121101
-0.86167549040591
-0.903684844046869
-0.847028445047504
-0.882261741515806
-0.942310732800998
-0.904815017159917
-0.802008688847089
-0.898442928781492
-1.03919070415417
-0.966802562195473
-0.888415492709584
-0.990459436587278
-0.790618350637508
-0.810110269048841
-0.86731322764778
-0.906998624760752
-0.89223778812126
-0.871263763377175
-0.678118375828069
-0.890725670086831
-0.841629143061985
-0.827354269498912
-0.853907152559747
-0.898208937451878
-0.833552610445037
-0.789922678394219
-0.856395694193013
-0.792892341934654
-0.921053489710586
-0.794973033611349
-0.740616930514862
-0.853079409817947
-0.835944729388093
-0.773336205998421
-0.839832544996574
-0.837174240735889
-0.728327930372154
-0.779401443959788
-0.700695258655869
-0.852126005720496
-0.751530626890667
-0.755153463224128
-0.693237205014159
-0.738212079892945
-0.920906711014675
-0.632629696511012
-0.723028628367107
-0.747268674925701
-0.798455167508842
-0.843559949125328
-0.851269417611012
-0.799852232191508
-0.802598906274342
-0.861256002310731
-0.831689207368898
-0.900360040088306
-0.61108386526689
-0.752658570213217
-0.741709352932426
-0.765444331340843
-0.849634528259613
-0.821639758067628
-0.590338227124423
-0.487944399165403
-0.675170834282983
-0.690324742400589
-0.761049715519106
-0.765133276386454
-0.807274438520868
-0.740417269833095
-0.738035461017014
-0.743518675535755
-0.690302591165114
-0.651482630292305
-0.798409100139172
-0.790701439491449
-0.817757629588543
-0.557099591015646
-0.680627332300331
-0.65769429969609
-0.725105159173669
-0.704161891700698
-0.701349589976657
-0.616163867147009
-0.743123811912193
-0.817309427931495
-0.782239376797916
-0.65209126163178
-0.59917274010649
-0.561357871818324
-0.653589471995174
-0.676812889536151
-0.598882039823087
-0.72133775715791
-0.686523882758611
-0.821720094096851
-0.768808935960463
-0.554741946202442
-0.658402833237354
-0.691711952555332
-0.686301298510691
-0.801603856481875
-0.783465447688201
-0.699605918938537
-0.795579488764697
-0.602564589689466
-0.548558930472274
-0.668780818619073
-0.529278165516733
-0.62765595431417
-0.637292789095449
-0.646288650799502
-0.616586204680496
-0.650267494432829
-0.65665573851087
-0.534737500577561
-0.578121407621766
-0.548584058665608
-0.753903152646886
-0.696331307005143
-0.6785409505035
-0.62858420980598
-0.599697413800141
-0.579310540665851
-0.601570430939645
-0.628292291825741
-0.677345505105768
-0.559144680265029
-0.707869915101795
-0.612747857256775
-0.620922306511137
-0.601015967673797
-0.4724038646458
-0.576599703637202
-0.639035451100758
-0.61937978776085
-0.631243630324347
-0.668588506873876
-0.541377920098825
-0.586358377139615
-0.574781359417259
-0.645316868590985
-0.61403567919091
-0.478056323863071
-0.655154483261876
-0.549254487259736
-0.564984050308131
-0.440227864021104
-0.559948771872586
-0.610205695736649
-0.538090033440728
-0.448843269068563
-0.496418965662446
-0.552499350670254
-0.478545191483451
-0.36587890666342
-0.545827974474991
-0.556773117750007
-0.503676046178618
-0.586409853778978
-0.545286316813722
-0.708717972331342
-0.562248740356206
-0.580913931829315
-0.419514282545838
-0.472069851398331
-0.669645841507946
-0.47389781461937
-0.552779436525831
-0.536494586464348
-0.581806577129574
-0.436293780821658
-0.564300751604449
-0.543096544459242
-0.541267545616838
-0.379651435356581
-0.437957466448518
-0.523540508815198
-0.511371765357502
-0.490277989022715
-0.53696159219219
-0.673642515053956
-0.561816929721715
-0.434295037604237
-0.698195010632111
-0.32286165452533
-0.599840209956673
-0.507290372857769
-0.532645069149145
-0.389299766565537
-0.658634521423981
-0.338372286171988
-0.698511743375479
-0.597164469521659
-0.460767587790065
-0.472812415207838
-0.5095972487771
-0.46816287511456
-0.492405172493605
-0.415401211653304
-0.478657460595923
-0.474269789255263
-0.316042670843841
-0.505068145966604
-0.611852065184112
-0.438692905861128
-0.425431535589594
-0.482705765776415
-0.478713429326532
-0.327896991309119
-0.368464576616296
-0.553065726201783
-0.5914074236071
-0.361509787794276
-0.355310152235782
-0.360895352008232
-0.420277210337869
-0.590930652975061
-0.492686090760372
-0.553131736302479
-0.289511922502126
-0.541002884098743
-0.386685226876862
-0.355098421943356
-0.321411657306644
-0.325060296978716
-0.630743630476386
-0.37339596101113
-0.536399660946099
-0.658164090073002
-0.346414614050865
-0.539573721311776
-0.471981208111224
-0.427214739190699
-0.389154803900253
-0.405528885460547
-0.442245780629027
-0.417251689667825
-0.29115522597936
-0.339490918256302
-0.516672268587465
-0.424440452710762
-0.512021703071351
-0.494704973202914
-0.40577612517676
-0.363527684889736
-0.286336309141066
-0.437163426409109
-0.29885345797918
-0.449044584287244
-0.393593764799493
-0.358383041106671
-0.4028555846064
-0.315871262070129
-0.451516309284979
-0.224991063027726
-0.234558512603443
-0.312682787021657
-0.480556980241189
-0.321934118855268
-0.445561658093286
-0.418787622412973
-0.358122105178866
-0.464076393600228
-0.31118114792946
-0.235464692565552
-0.298972965753709
-0.413046523608118
-0.30356975584785
-0.363873348077708
-0.358228271859529
-0.319228015096882
-0.131010594497579
-0.419911687407278
-0.28958257346088
-0.32735342549256
-0.402176540732036
-0.540456307664946
-0.341474704911477
-0.422739904807968
-0.172937020342468
-0.300061144128999
-0.334294040095005
-0.199444155160629
-0.156852308023008
-0.330388073550245
-0.160938541909222
-0.400173727686224
-0.293549089803158
-0.280241995945712
-0.411538863396086
-0.0945214169533242
-0.183050775141523
-0.32840062708254
-0.332276425544796
-0.313234317387346
-0.364264051415354
-0.313604734086696
-0.307532340626483
-0.27244582898969
-0.42941496341135
0.0177822974761985
-0.416430303384729
-0.189553897720518
-0.311142105193357
-0.319607225621395
-0.0948827513454052
-0.358773719121043
-0.297637095059325
-0.285790727269225
-0.133401795560635
-0.197381261970634
-0.153583647773404
-0.194960538737726
-0.180586677913346
-0.189140259993588
-0.240766068090515
-0.251066920403017
-0.438657457819169
-0.216161214801998
-0.291227002264651
-0.198315972935999
-0.0632011492398657
-0.326039136441177
-0.182454473933158
-0.336392284416111
-0.25452453588315
-0.293997059928992
-0.290217219546731
-0.256535622900017
-0.0902266369281147
-0.0943130427480632
-0.181738608417497
-0.254328321492467
-0.187217723373163
-0.268206780029398
-0.318777558503028
-0.196255117018506
-0.266783826566356
-0.185290831961915
-0.286674241642006
-0.142290933279304
-0.3768709895089
-0.186862481609929
-0.220335164866544
-0.260725542972746
-0.153029090111776
-0.209230226178656
-0.13846058968769
-0.174145124949023
-0.0774251641094914
-0.025254742572755
-0.161474829077422
-0.123195617286375
-0.0375553547128549
-0.224477107841634
-0.224808311161359
-0.189629568803519
-0.183746140393596
-0.0736049310514258
-0.248983523750701
-0.16688238056083
-0.0733807208803757
-0.260570793179625
-0.198953517684425
-0.0899933183800751
-0.0237254262889329
-0.124949802142418
-0.150929040411095
-0.135722887685409
-0.169262157550894
-0.274413763801893
-0.0955829557102065
-0.0813599992667181
-0.180833105546043
-0.21609051430102
0.00439008754438754
-0.172790268783936
-0.185839730389721
-0.108632199804645
-0.0897437684718903
-0.0190754633752184
-0.0124428846277717
-0.151076507328231
-0.163748564696325
0.181445671018908
-0.00824160266927554
-0.0508713084416775
-0.280439230503796
-0.182297842437279
-0.23132522028258
-0.137770761761882
-0.170473950935334
-0.0838530374677487
-0.165368036088256
-0.0537532296399754
-0.112682964032271
-0.139035059625792
-0.116461552157042
-0.0518409903412443
-0.0309054699492237
-0.133511390493698
-0.148502608843938
-0.133051466406603
-0.026747100599411
-0.0255071693373796
-0.0965619054832212
0.0097285056546999
-0.102015149885482
-0.0151464007639748
-0.061953112090032
-0.139718939217033
0.0523416782331523
-0.0540065004773188
-0.11024896525031
-0.0309513002915244
-0.046292225657753
0.0463368772604009
-0.118806756402093
0.06655422891417
0.141720334302452
-0.119350882600927
0.101928106017069
-0.0611430525369434
0.004870384001469
-0.0607332872628023
-0.00618115857762877
-0.0504828363444676
-0.140639373946562
-0.00375275671319072
-0.0735497099060832
-0.047217130982525
-0.00152417637161505
0.119015597277515
0.066211727021276
0.0228477132961131
-0.0909621828873495
-0.0251003291612422
-0.102509134404582
0.0288631005466651
0.123261764065758
0.00859408444607065
-0.0115445676992465
-0.127054977338205
0.194972734310914
-0.11484465744599
-0.196534473362461
0.106810439044844
0.00979250366626799
0.0390564586281287
0.092650979396166
0.0678900916797407
-0.0116306589821165
0.0369349742660181
0.0370871913139452
0.103251936375682
0.119547320512741
0.0739091423480127
0.0217566273527166
0.0702282300781016
0.0690912342052237
-0.127757611982763
0.175890154734835
0.0669382601530042
0.040668146296443
0.141056267019608
0.102590673521173
0.0392631493705544
0.0072228500560437
0.107037690889768
0.130842514402834
0.103949547289187
0.0751517538091112
0.185711323577227
0.00834360851189804
0.0561447017478862
0.0217397917473143
0.121296682280074
0.153127597120753
0.113191286347033
0.245267926549305
0.121676913469815
0.0362373693938315
0.0727228627285798
0.150073058408459
0.0817776760777162
0.0496332157662103
0.0148379546239308
0.0516393144755443
0.135085653311281
-0.0246653989840064
0.0836219119602056
-0.00240387545955902
0.190323308512827
-0.0426693160035397
0.157365551600256
0.153591484884832
0.119601126555281
0.26126373092524
0.292650545060375
0.214467269018674
0.135177236957585
0.134271056779633
0.0517281771336482
0.189330412532285
0.0640997993200404
0.0388434812951093
0.189252918894544
0.0125833189964186
0.190740240335397
0.13857303565056
0.0670482202736209
0.136377528561323
0.185748629369402
0.0682121567075845
0.248150241186414
0.265036022174568
0.140357734328111
0.103527163237221
0.0994480216930238
0.105335379538505
0.224143183109999
0.17033332856778
0.142168133120078
0.251382951705436
0.0395149552858286
0.346902062316734
0.228726725581464
0.152391631354991
0.2105288931515
0.116234068188586
0.186677252192475
0.288920115837185
0.0503464104139099
0.253003980517815
0.1893620236497
0.0342463639472512
0.165463499104946
0.139776748513035
0.231887417795403
0.138017973723943
0.288609234195454
0.258881819290097
0.134497523510876
0.406842981580836
0.288356205088836
0.0621312344042735
0.177626824665657
0.108160052548509
0.247380341262061
0.264624655466029
0.242862879000884
0.335406119337145
0.29332061419564
0.258731739296828
0.290896708063373
0.32025201516042
0.250758042709612
0.149226364369383
0.159902567252943
0.250249566666997
0.194002841518779
0.316576724726819
0.290513791393416
0.326364353656321
0.270580275038077
0.277000483441913
0.254326427022901
0.331739409585814
0.283421707647254
0.334380324458909
0.289936727256321
0.326042596865713
0.296072801693058
0.229220483820578
0.3331009373875
0.326799524219849
0.255548736774836
0.22127990611634
0.280103194820224
0.332833894393957
0.395063919833317
0.452857842095276
0.279437451861115
0.269856220242059
0.308501052134505
0.374068386971243
0.310095552176526
0.14699864328496
0.357594264405419
0.196107843254194
0.281427977399588
0.263137096123801
0.250670175251511
0.377803666995358
0.383181021650261
0.429528524406558
0.221884092604309
0.342897708772213
0.291552258244146
0.285668709323582
0.259671864662267
0.262807145120005
0.22088519754294
0.402873590272742
0.425618121861251
0.20957802111576
0.32928889005599
0.217753239971155
0.236283247414435
0.194935534262878
0.283409240101633
0.41701588698353
0.377087777408627
0.34127893952126
0.309328438469987
0.259894146684429
0.488723853219044
0.43740399167949
0.554255366096413
0.516631610097109
0.294360757577938
0.38915863237503
0.465559581376445
0.358850316718163
0.426538599767995
0.510667623878469
0.302850834721977
0.337567450725737
0.450839599891672
0.348380090514504
0.333204324364415
0.529326841570807
0.384486651158447
0.266370885929819
0.238373921453624
0.448476052826636
0.304732561532453
0.308497448967926
0.373877733481209
0.335008334586135
0.452793835156634
0.414396289785689
0.331847981735083
0.418106922573614
0.236757943749467
0.39144945223277
0.340104068175497
0.517785199132969
0.438765648203095
0.512171664071158
0.402941055688
0.405481183556948
0.272974389707747
0.432517446202711
0.517050802222776
0.39146154374379
0.364093035265693
0.469955386946287
0.491539697254676
0.447397825398844
0.355953300362493
0.469338633655311
0.495932193407955
0.481466265475017
0.269392271247582
0.447174051049222
0.42019220155383
0.561032056312547
0.543663369654486
0.394821120487179
0.39920904506554
0.447288209419277
0.437065587584897
0.481007305820558
0.388025435816007
0.440350699670018
0.475809675414914
0.596198549046099
0.52653359888861
0.591900621244862
0.411093391247489
0.570732786627848
0.526569710558225
0.512981592928678
0.490809665203662
0.609015439630191
0.544484500564558
0.514201055580853
0.361780142271515
0.350449572791188
0.470110640385698
0.41563033003859
0.562589150532299
0.438804532729613
0.606785614966274
0.519711313776681
0.471076048148574
0.713961102461655
0.631562719388582
0.645444201654425
0.469941408518053
0.528554920158645
0.410249177124225
0.589977051142185
0.53261963665868
0.503847792957844
0.616897700176874
0.57579521851138
0.553197193454456
0.485441307518256
0.664495969568505
0.615629980752136
0.510207302391653
0.48146804632931
0.621879599649263
0.58920876779826
0.64097807503916
0.379956689102937
0.517750828151064
0.703291829988945
0.526964960963069
0.636624438155695
0.581721375117391
0.622167956196084
0.61392180759897
0.702585742591153
0.608730697913572
0.63420579589448
0.703529677882914
0.54564174148361
0.5414378241776
0.580179066187343
0.504517468442063
0.533067242591613
0.527534244473289
0.634288636652568
0.631185564529863
0.499992107728605
0.59575800862184
0.472325553652183
0.689583060767093
0.654955083441386
0.522769617267089
0.578961638822816
0.491088826108176
0.532285283689035
0.63141928375616
0.635954765589099
0.557706096694652
0.64358343979556
0.550018072026541
0.669988803206343
0.751594425430232
0.414845480627502
0.501253735714605
0.545092672217974
0.643098611270379
0.641086634637004
0.572110070493728
0.588809186164815
0.602775459344252
0.64428149736315
0.667433450202495
0.769940848619261
0.618228630168371
0.74948192237773
0.480856209214332
0.605520577387449
0.716861240288396
0.7186437655697
0.625169023264642
0.554902500922925
0.744048641294278
0.818399829826673
0.591056227775422
0.838107685065853
0.765815239836961
0.62014993106383
0.703245336425545
0.848426262946399
0.756173764682079
0.606080600296816
0.645888573064052
0.666610757336528
0.645578343678212
0.634408047111297
0.607188090900482
0.719545887739556
0.522592886538159
0.790589134077077
0.826319407176775
0.674328781131449
0.58917126335295
0.670357605523728
0.692402822813794
0.661459028624804
0.653544709993354
0.645095401071563
0.684447507058265
0.602053734456588
0.799094955914534
0.70962943249501
0.679066422767858
0.710822422767044
0.606513874934818
0.576916827894863
0.723200586099688
0.847373571861894
0.794382462880105
0.751414960478257
0.637102884383673
0.812047332237628
0.535103452209976
0.871499753728983
0.754412795121995
0.775484427008541
0.628116611964346
0.641093833916657
0.601841625042759
0.861809114131628
0.661321485007376
0.853663448405266
0.76879301964258
0.71049433500185
0.774859644958852
0.648524049408794
0.761845633944678
0.803836955697091
0.71919977446944
0.691426970469526
0.785845220729244
0.746424781763171
0.752411516610392
0.816573318870413
0.803562291627555
0.792830773921075
0.891623331156025
0.800927480915651
0.854012950980749
0.863874277065776
0.836485938277552
0.797936752019359
0.767154276510454
0.599490245531817
0.920775892105738
0.873907776808366
0.896932453730979
1.05899012126112
0.89540585062596
0.83110739675312
0.785539176649609
0.819888581155151
0.946686869436599
0.760883162793664
0.789066378686175
0.877641124640662
0.981483815108586
0.843783154035028
0.844387817799677
0.751591961530434
0.830922821897113
0.903957251701479
0.850609959612995
0.906254224608061
0.748015832710972
0.715786815360187
0.887781139261438
0.890916450334865
0.945156212610629
0.819886572948791
0.914089762567523
0.877869441087506
0.902865440238678
0.809509238860676
1.01132860429485
0.842573526673188
1.05952172297239
0.745706986999367
0.833437081451623
1.03612896136681
0.847726445570835
0.995978669035637
0.916493919482059
0.833342099118229
0.802937414391459
0.966186486074463
1.0617222919663
0.792335632481353
0.938300944173588
0.882818107520234
0.840023222060803
0.978200706600462
0.980472954923276
0.913205350581326
0.865887107442012
0.899977166610239
0.990991138885101
0.842390897949412
0.840455076522717
0.931182267349877
0.952636262300964
0.824762809913986
0.930558139613594
1.00990415292845
0.950940657400404
1.01684456381114
0.861249999421585
0.843787010888266
0.828597082431117
1.01373850241703
0.987266365685945
0.836621673339236
0.925471635600973
0.910591204077581
0.903199341818841
0.887011478565933
0.920921719055104
0.909019636002095
1.07033899630943
1.07638026982254
0.878314845105141
0.989519843622521
1.03640010208639
0.902470846300193
1.08539018510331
1.00883731203796
1.08116990073835
0.992886327620562
1.08017022725118
1.02924758101789
0.911391351344653
0.962223518630255
1.03437265198917
1.02743123883629
0.944518429525411
1.06295736183461
0.959435072220243
0.895943898629639
