-1.05476563708157
-1.14189753776322
-1.01839445291735
-0.938074223048897
-1.06665899773403
-1.00149063275696
-1.0842829207015
-0.972951985393427
-1.14502951997067
-1.02787868908746
-0.946762350052449
-1.01518250564213
-1.00384239959819
-1.12762316569749
-1.12052818839371
-0.975511773683136
-1.05032313655203
-1.11601528669289
-0.83474103172727
-1.01670695793305
-0.997862888531231
-0.903467529479323
-0.937841329521216
-0.959408775443706
-0.885360653637087
-0.862355913577994
-1.0053758141337
-0.857602030002613
-0.945553649174146
-0.866920858797946
-0.89340776226946
-0.937670275252004
-1.01076796822375
-0.827285939636391
-0.88534016885925
-1.059544274441
-1.04775112576469
-0.951696399519131
-0.880340852265367
-0.977914008598716
-1.05463264198824
-0.780258704449109
-0.974346256802016
-0.978158538820479
-0.926066091269395
-0.93075353036783
-0.982709366039326
-0.956959437934385
-0.875866568150858
-0.960717705922325
-0.907071411427112
-0.961923070506484
-0.873712144888515
-1.07338693380585
-0.893091284674894
-1.01957119867987
-0.925612416812323
-0.723373733464687
-0.772120035554453
-0.888035475035052
-0.88606011617886
-0.871919979767855
-0.722062350998265
-0.871900265744308
-0.941776762275572
-0.864543104741812
-0.909836884204982
-0.95961083674766
-0.973171195827415
-0.836674784330801
-0.765901829331955
-0.863190867185313
-0.818745474282227
-0.827090268565134
-0.969355230888711
-0.862459264457543
-0.877807722400271
-0.645053050733648
-0.861567917369957
-0.74787914472441
-0.712276777685737
-0.762682558838516
-0.870002250004279
-0.900591297814483
-1.0038926965361
-0.810933650150088
-0.795085523613827
-0.907018441564584
-0.788436956423493
-0.89172242172515
-0.77241148160032
-0.85413827892699
-0.940030970027586
-0.788230835684644
-0.799734068508313
-0.725553848154932
-0.713642052409119
-0.708918791647574
-0.705018069470901
-0.726615529246014
-0.864557952357673
-0.742471168442122
-0.609922627451347
-0.882390039295432
-0.815645795604614
-0.787829852336463
-0.867325978402889
-0.798662464539964
-0.744488465184174
-0.709961741709708
-0.726345225081568
-0.813976556232078
-0.711611229137119
-0.865824883531809
-0.729949278340951
-0.923780890409364
-0.715453938208753
-0.897830050245144
-0.659913242566
-0.880588183160894
-0.729397524537337
-0.829807756050335
-0.812655713705057
-0.971845966275528
-0.756518361744713
-0.839085818130857
-0.734501908612148
-0.63980574879599
-0.706460444703306
-0.676418856448489
-0.714870517802313
-0.789696589181897
-0.805783480902781
-0.889445747314276
-0.902268545430083
-0.805269789361434
-0.623086535070403
-0.623599382807123
-0.743568040644218
-0.673395497494866
-0.786961087400746
-0.457174378684892
-0.685583937547744
-0.753144507534818
-0.659752668797932
-0.518019391967724
-0.87955785209586
-0.542279088232191
-0.684661499037237
-0.614271456897153
-0.805867908215465
-0.675372581296091
-0.794031224681269
-0.726410835610033
-0.598200557922358
-0.640266968822321
-0.598452596570666
-0.625175633107936
-0.601693520615813
-0.700821020200232
-0.61194840651306
-0.728355346326664
-0.620652819291337
-0.527988076752136
-0.654391612957217
-0.643450720186053
-0.699653689126254
-0.607468593240266
-0.59168077565654
-0.701195210937324
-0.757130665242477
-0.598680782235267
-0.639857147247436
-0.64916445006352
-0.599987817498919
-0.498454085641736
-0.576276912323598
-0.568369998957497
-0.634115490227072
-0.66675658635958
-0.743348714317748
-0.689894982093599
-0.441756207222045
-0.597403773709321
-0.623936448201223
-0.676959569584122
-0.586649394767695
-0.587252579556712
-0.730934585578184
-0.603257389124539
-0.694980861571457
-0.614298360028395
-0.72276891565099
-0.709552402146125
-0.503902116466932
-0.64111994428715
-0.636505707065495
-0.668771668617179
-0.720889262326427
-0.508505228945914
-0.676215058207071
-0.612658936233293
-0.651149380177026
-0.607279321639404
-0.588673359010293
-0.518548983524193
-0.636410110291357
-0.590842286234986
-0.655778087055129
-0.497115182903758
-0.496597459313925
-0.478672605844366
-0.556870614644018
-0.482606972480968
-0.517785307856254
-0.524159205122173
-0.479636875146999
-0.5120028900579
-0.580567509453494
-0.563599461355151
-0.539920584096601
-0.599685271885159
-0.605865826298314
-0.53912141937552
-0.431037030875027
-0.574971652647215
-0.500337203792074
-0.579318616248649
-0.536482039640479
-0.468559535509574
-0.408477027332235
-0.603045943880814
-0.500246081731611
-0.513097722588798
-0.519718774632865
-0.458553222121514
-0.535540143783907
-0.54403147589202
-0.578476638088758
-0.539011757993312
-0.575216483781076
-0.557002695594155
-0.482336782243415
-0.623885724337185
-0.539801062737416
-0.539782984286809
-0.522312983005005
-0.569701257771818
-0.47288711149671
-0.523154918374927
-0.513096806223202
-0.610793118079714
-0.395127664288933
-0.637928922014992
-0.471425715927906
-0.575270616349969
-0.513197192943684
-0.517687609439369
-0.458650910600416
-0.487518752481168
-0.634431240411145
-0.612529671137449
-0.338106332297552
-0.566822648614335
-0.408422307162436
-0.489262435259235
-0.417046096433095
-0.539883150415125
-0.413736451287999
-0.380726791741324
-0.325363608164886
-0.446382667908807
-0.576348510318904
-0.438255448164031
-0.420271708118103
-0.343471895710936
-0.455895458280482
-0.493402885998074
-0.511891323272963
-0.440044826506349
-0.457364485196729
-0.526417730917288
-0.310962293457288
-0.416626628744797
-0.441913650835629
-0.361422923536703
-0.36921091618249
-0.351983390640038
-0.343607296050465
-0.328019323725087
-0.432730918872279
-0.288510520958723
-0.305059363040014
-0.529764741983433
-0.359602750750888
-0.407130296701374
-0.452066744726128
-0.23555084067186
-0.445118420349683
-0.436833548290402
-0.437039572395083
-0.358740477776854
-0.370744579072729
-0.503822769238719
-0.327155323842493
-0.379655982030246
-0.394220751695921
-0.456175982260888
-0.476451484451785
-0.33733216358177
-0.424948056602991
-0.304651863340355
-0.300272901720479
-0.401960950220858
-0.328046960766941
-0.327534989251839
-0.435126184978913
-0.184492993254156
-0.444338703924792
-0.263171131163351
-0.37446420155684
-0.424488520132882
-0.402387485559212
-0.378255235790834
-0.376454373648665
-0.445161760205258
-0.147506465122976
-0.3379432466765
-0.335549974526772
-0.170119935053197
-0.347089476397191
-0.260528715845032
-0.379187686593643
-0.317482276179534
-0.335275016968492
-0.442337187422819
-0.323455486278194
-0.40993870648664
-0.391193024383678
-0.235444229275583
-0.339025593240256
-0.363153648831947
-0.242522840217545
-0.43771186360547
-0.361883322067675
-0.240486230340547
-0.366513373214512
-0.474948350117578
-0.428687214519083
-0.210183503926155
-0.31930959798399
-0.299450125405913
-0.204677613249192
-0.263544772149021
-0.201824512826539
-0.265624859792107
-0.32701529985547
-0.269219541671825
-0.423695936134936
-0.253538937483479
-0.39028711193042
-0.374849297270965
-0.291267184902701
-0.280413679482386
-0.178419514596663
-0.402565139953679
-0.304375694325264
-0.326792476158333
-0.156550784398618
-0.200515538184066
-0.232105233485827
-0.301068535193694
-0.281427523996367
-0.412414151183938
-0.251014094178834
-0.202476832289703
-0.292451452327946
-0.266892257875423
-0.309729037349207
-0.376596028439306
-0.285925074416955
-0.246023678868736
-0.37519186241829
-0.226453568645493
-0.346186235401966
-0.324817280332515
-0.366392412488143
-0.187350519742103
-0.216295514364367
-0.227854075737796
-0.191682020179582
-0.143601631921922
-0.261123387905912
-0.0650102121741641
-0.357030689835138
-0.21821678165306
-0.221397239199149
-0.14112276293011
-0.26545487153328
-0.31433002999092
-0.24093559553486
-0.115829072254783
-0.212037920747299
-0.296612673563311
-0.353072903291161
-0.0184135499294698
-0.0638882570446362
-0.361748179481355
-0.231497023137018
-0.223916276819695
-0.297722596719092
-0.0403103821056653
-0.175712085141448
-0.236938985835972
-0.220132264311287
-0.172303466558713
-0.218205254799684
-0.177798193527143
-0.0701094512738101
-0.154733766628041
-0.080580409551869
-0.194518840362745
-0.160334531523498
-0.19835264102718
-0.208613690501929
-0.0707357528776507
-0.0814280035463138
-0.188311501944792
-0.0648878426285037
-0.0186616651451062
-0.0912954970574615
-0.0674206497070552
-0.248183313085476
-0.149115787343838
-0.0695613245082519
-0.0522679120401102
-0.0818129714157926
-0.0595419109900179
0.0620251968454479
0.0118874260276188
-0.218377054858757
-0.123824571131391
-0.0703938133947877
0.0925750388350934
-0.148418650977719
-0.0650153295514574
-0.159017599956565
-0.0693540477723032
-0.062686164349332
-0.276365816006409
-0.132655574949081
-0.095021978880574
-0.135090236543309
-0.21298771020863
-0.029275924037918
-0.0913079392679334
-0.0332321005795844
-0.0424921186466839
-0.0375266833692022
-0.112683686326267
-0.0934578873841445
0.00155453875421798
-0.0381818543644027
-0.0481786963976656
-0.173608069372598
-0.0879985544996253
-0.0380097613101389
-0.130176714309578
-0.134314441780386
-0.135907071945108
-0.0836465933627208
0.15953973269528
0.0914827726631213
-0.113997315072308
-0.00269385118807412
-0.0345306427605626
0.0332114776862215
0.113044139227359
-0.000286964196362467
-0.0631441073207378
0.0190305073075098
0.0906344405457232
-0.00574912806852582
0.00416374985697486
-0.0277184561446253
0.0199921465127762
0.0341215819370159
-0.0748356403099914
-0.0761305213279315
-0.0101524157514279
-0.0018894736197954
0.0224754117250164
-0.139347322501622
0.111915711560954
-0.0469289788291401
0.0680317559780884
-0.00879509491391855
0.0326737497456018
-0.0960395705513918
-0.0312632728921248
6.22277695102469e-05
0.143678953495251
0.0532046567874335
-0.053687720167566
-0.11738235403397
0.202951702530945
-0.0218799483900352
-0.0411164507717653
0.059886395727578
0.143010658215671
-0.0214164796532637
-0.0377537248875714
-0.0913183195856539
0.000194792992154926
0.148973996777473
0.0424509872965116
0.152997861481071
0.053030432774868
-0.0330823604127632
0.217234644073302
0.104139042549968
-0.0630580731743934
-0.0895639080539631
-0.0485926214919463
-0.0636232663360689
0.0443249915343526
0.110134638183019
0.178922344130845
0.13797450163166
0.0366807625755554
0.0658305909723101
0.0536008084545044
0.0427399446542355
0.117699115918809
0.353638828954927
0.108917344164292
0.0823072110272619
-0.0187815284672157
0.093151863014938
0.0863802407948528
0.102768219926137
0.148289444704206
-0.0289823419343558
0.0983960726393018
0.210298453893609
0.0890652922455672
-0.00509990810223585
0.111165829019493
0.0275416547179543
0.0913207503897343
0.111770200991381
0.108913618259743
0.16941818108659
0.0429410224476189
0.0861693507309129
0.104457508911123
0.0471807605523724
0.102381767214903
0.134249475899179
0.129006683271217
0.202932113679589
-0.0446968824506016
0.0937162387301184
0.172239214757663
0.24061226525732
0.0487294102374562
0.0379065022551968
0.1654297486425
-0.000690134910749595
0.218644047161079
0.0289166129297352
0.259475800824443
0.180933110072377
0.146634401628728
0.12550673503072
0.0983325440111784
0.264152405585143
0.0637911055991401
0.236858484878626
0.010564713970019
0.273054628449254
0.212102579116356
0.117114978435145
0.0948814584234654
0.357346847246491
0.242015303264774
0.232274618616947
0.174889535416034
0.071236181649094
0.0531027599334602
0.114449553772106
0.0203953369825265
0.255932977565517
0.288883287261668
-0.0363825685118489
0.255192922799487
0.295979012297412
0.239468940624928
0.235621464779159
0.17563841461276
0.146155125494138
0.166550256467089
0.267213345412372
0.0951250400268236
0.325686284235036
0.303002862057495
0.151798813189366
0.216247280134518
0.233900981477427
0.273019716441484
0.318453956801261
0.100090043722168
0.197371490057551
0.278971437781249
0.263404419294012
0.390418219657001
0.254378506559547
0.21858196139063
0.288301807825184
0.244992084758384
0.134321265172631
0.245988028589594
0.298500882890761
0.0631593081917061
0.192063237133844
0.227104170927814
0.381661052622527
0.158537697158219
0.374238488763097
0.354945666244383
0.26345258284727
0.15087850687323
0.292061074555069
0.262495725894457
0.33290777873589
0.194153069395957
0.369658073244585
0.426545854538712
0.285387364835822
0.262439368380472
0.261247541149483
0.220865556738483
0.395802535618459
0.467604717575429
0.330440002544257
0.181826506137057
0.124730560072511
0.465130255648004
0.30934687617664
0.236777612534142
0.316671242278228
0.251983705126973
0.40675555845253
0.278457872868214
0.289021705138086
0.263487431341553
0.255687863729008
0.382242147612915
0.304224581606029
0.489886781896192
0.307968408491749
0.354467128274246
0.352513984193447
0.396161827974652
0.317304648598739
0.243615152708538
0.401594004977808
0.318193729191326
0.430233089948755
0.299775162981209
0.448550701976519
0.350319225246498
0.284886860262845
0.367213597692227
0.465279975518053
0.450505637825045
0.40098502057696
0.377513819073784
0.342263756559523
0.319848704677027
0.173375876601737
0.422798949091942
0.178216851433135
0.202563065265353
0.420346314483835
0.434523879722393
0.421417701044865
0.345460726046386
0.343853354578425
0.33136431081571
0.361301167580938
0.361290166096936
0.339878615587624
0.344063123996934
0.386594841222508
0.33500473022852
0.27248888248721
0.364651214829837
0.453908894966551
0.3587918113412
0.408257390630433
0.318673685833997
0.354851816839617
0.301232109918902
0.248299292789164
0.555931600621283
0.469004222550541
0.333851859626582
0.427785514956066
0.521356291777638
0.408662249991455
0.452985181893128
0.32980936141101
0.334137415890595
0.412473382463143
0.341905504835946
0.303806156537392
0.398449909941415
0.3034509049169
0.402979782747577
0.512442510573582
0.478422096485982
0.463469317573893
0.476338796962663
0.539054418836189
0.465731000497655
0.501397036500288
0.416457506345634
0.618971908768764
0.338490481682271
0.53972585008148
0.429853155348679
0.420362751502216
0.525401129636017
0.414181327159631
0.552896982128649
0.498588904016002
0.325959522932348
0.382650392520569
0.426007140336873
0.390792353165902
0.591384221734355
0.625842085658242
0.662546718628133
0.44377605287829
0.487223077560988
0.605795064650123
0.51284422276663
0.434035823196679
0.482934077474679
0.448998350767365
0.529595454397016
0.504507945045451
0.642904659124332
0.364647008239637
0.607080081563931
0.575037008846988
0.474505781340029
0.622513780065881
0.551944148283225
0.57193799542518
0.652257194283075
0.514308869095974
0.437468597363934
0.469291799627231
0.584875823623057
0.47218282077436
0.477831991458321
0.624860515692491
0.565205383832901
0.527004311744653
0.557308435631769
0.481474414664093
0.730027085378215
0.701687848391015
0.39331078855154
0.455381401620342
0.588144885542178
0.538954714379409
0.489568310591601
0.350685838882532
0.473447919948308
0.550180602142294
0.59156180564312
0.582581285600391
0.43473311452856
0.683869915782596
0.645713503506258
0.577852660827928
0.586911608964795
0.692463289980083
0.43809956229199
0.364633183656217
0.527997625362228
0.529850016790221
0.550809568802364
0.460055120973841
0.439012425819795
0.570665483592184
0.565935844497382
0.847244705274922
0.674285206051981
0.59128892364987
0.63437608956957
0.71291868304216
0.629407559930639
0.68039379969895
0.644849385002909
0.570396153018906
0.601283775518606
0.546636498225235
0.660285078144344
0.513753873171637
0.688374003284299
0.678765490900095
0.691361981681006
0.758311698532663
0.590853876846826
0.687067378772508
0.643408067032876
0.687271456672676
0.602548008363303
0.728506690628298
0.83960140627774
0.825288130219523
0.660892169943962
0.618721021101848
0.676835456002242
0.808520215559583
0.65173167164284
0.728194036716443
0.716344458259974
0.665950821539538
0.563505102130506
0.606158233169521
0.659694518128437
0.590551405746611
0.78074917386507
0.594344757296036
0.61806928084172
0.478622513163312
0.613765645544365
0.649087501479797
0.500592411367841
0.673699426319997
0.648935072648105
0.745936747770121
0.621123133904154
0.729176147969741
0.659749564550706
0.534382968005888
0.614264536820514
0.75370731134003
0.792386960338525
0.831667398329177
0.72726615697534
0.72933056005145
0.784028592040237
0.641490710657103
0.594602274434545
0.761113461741753
0.74134656562272
0.737115943343312
0.782089196209263
0.804731945325528
0.677743267419947
0.815739682843396
0.808509994298502
0.677893241089309
0.639609816447961
0.684531427291253
0.686206105547325
0.843353737763978
0.857755176374096
0.585262141387941
0.694012646724974
0.882273408550075
0.783013460362013
0.81432183083858
0.658361122173002
0.849980009399475
0.791925381207399
0.813752365577689
0.772207497461813
0.782562824675743
0.911096683333852
0.65094238871771
0.829096150333965
0.813358538043059
0.78673264618677
0.731484956336994
0.777605924308657
0.87458967799339
0.797197531274059
0.797707719191237
0.779644875192127
0.769468177046221
0.756048847499386
0.758589200274388
0.851794806292292
0.725850418883684
0.608266259771433
0.966159480431833
0.687355106492178
0.897854052166488
0.865413084619908
0.874727684547338
0.707400333333287
0.850584615096201
0.892896992044338
0.72080448324165
0.809146585647944
0.818523024101067
0.89266330328281
1.00285320740769
0.869066990950573
0.627953857988107
0.779120890218959
0.792064588762223
0.883329043288902
0.783559488369984
0.847729588608909
0.845148598535798
0.829931443944218
0.685949098813399
0.876790704275538
0.812637404463293
0.97010848981297
0.891401610916967
0.727891818269338
0.968480556016067
0.843758246077672
0.814206785806345
0.723470056119866
0.834547955100991
0.796000234185532
0.843569862996614
0.935953790187152
0.86003618288917
1.05896926216489
0.860882836135911
0.877658572134204
0.677779823718905
0.980294678653784
0.959492911952863
0.928389037202277
0.844598034250736
0.933783812322631
0.853591224146125
0.826801634686264
0.808785726863253
1.03883286869365
0.957453719254902
0.853953719787941
0.905638940660924
0.891113824330697
0.909048957597082
0.946630296317652
0.94138133374453
1.02015093171756
1.0040732830212
0.90860948211862
0.796011903038559
0.833385776305994
0.90943513214265
1.02175876356888
0.912537446729727
1.02276004317931
1.01361290371501
0.993396335473786
0.901646784558626
0.810791372766894
0.875999356169979
1.00775268723339
0.857041021556173
0.929554408352269
0.964160656578959
0.917139925920386
0.84786201252916
1.06923725261875
0.895685556513259
0.756021822915688
0.869376139396634
0.879538611866349
0.996254398982877
1.02387585994839
1.03954291033861
0.946452122220138
1.06041147655714
1.08573983573746
0.954352901628457
1.05073324367894
0.983115683726676
1.08916255180924
0.992457331143276
1.02282351912102
1.01773106716834
0.929533134517844
0.940344128043706
1.13829839491466
