-1.0543425116792
-1.11948970613691
-1.03249562999159
-0.944327827934406
-1.03181245120606
-0.991661774744667
-1.09575413698251
-0.982974127752132
-1.14992531856835
-1.02380857920328
-0.955233377112828
-1.00512232422211
-1.01400809662586
-1.14100645180783
-1.11841619505216
-0.979004656641017
-1.04136803506519
-1.12484475792153
-0.831676902117876
-1.03402352310027
-0.999792468219083
-0.902440834785809
-0.919201614805034
-0.958453121849351
-0.903077468687447
-0.850129833558242
-0.989402281549799
-0.854764524819577
-0.926497235459062
-0.884586098135934
-0.934327805676271
-0.91385385866951
-1.00301790753243
-0.831176572763141
-0.865938595905216
-1.05716256688965
-1.05190517535888
-0.955779716740895
-0.871076352526779
-0.985301195346976
-1.0330115385297
-0.792371548963994
-0.974796793396195
-0.964603002241747
-0.94263715527674
-0.937842096321295
-0.98512149789977
-0.942869653896096
-0.850571318981891
-0.978905293852218
-0.898186351995229
-0.943438941537242
-0.891910780273908
-1.04532650035688
-0.872923671638401
-1.01268936971481
-0.920061275982661
-0.738609285262706
-0.78195057140183
-0.874448721354834
-0.872603307726616
-0.873714154649589
-0.700433511470141
-0.868540655934477
-0.956598519499192
-0.859744897188297
-0.920201073514967
-0.97752676788397
-0.981373978955927
-0.831949256791449
-0.767917808545672
-0.856605949264016
-0.800214634502575
-0.838529831983551
-0.967326515243711
-0.857440477788706
-0.872476757889495
-0.648597423140918
-0.840163659610973
-0.74841613432909
-0.716348392737066
-0.754464904423308
-0.855407177519015
-0.886104700528701
-0.972570758587958
-0.795037678304078
-0.803395334185262
-0.892832393184409
-0.785035491971338
-0.86817236690051
-0.77251349576149
-0.843906939606702
-0.92874001238941
-0.804529729597516
-0.790964626675098
-0.725860394976048
-0.712016142662782
-0.736704264632382
-0.70963759003784
-0.710810797202297
-0.861310572541462
-0.748271519094675
-0.608228415950734
-0.875568765667036
-0.803326605915905
-0.805443093416587
-0.870170672895228
-0.808110196936495
-0.765762945727809
-0.693758402942312
-0.711545567330566
-0.796191291650034
-0.717965473603302
-0.874571797645237
-0.707377378058829
-0.898233833592691
-0.717530409010348
-0.899842387184898
-0.670666723323684
-0.866666616995524
-0.708125441380035
-0.800037178782401
-0.843371254606781
-0.964852474884312
-0.736713513180537
-0.84719685242592
-0.733999237841271
-0.623843032999986
-0.709983300374977
-0.660566346536613
-0.700242100482286
-0.80153496230939
-0.825945898148185
-0.893500998634092
-0.904204739384016
-0.791410012520963
-0.632360977209332
-0.621500172279846
-0.754961419315162
-0.689799447234086
-0.799190520447817
-0.460722560057177
-0.679178107377219
-0.757912749285691
-0.653962267190077
-0.529224835774378
-0.8807930972246
-0.548306112744648
-0.684212823147912
-0.631209801786852
-0.797416136233323
-0.678604258389812
-0.799722775768439
-0.727510036738772
-0.603812597580017
-0.649821842058013
-0.576529197995289
-0.645641881366858
-0.604157483277856
-0.685982125424919
-0.606548381939888
-0.715455635808522
-0.602950725127815
-0.530670803861592
-0.661865986933982
-0.623983127846007
-0.723471104393342
-0.602452873666276
-0.577563581489814
-0.684037353296272
-0.75295260987282
-0.588832167976534
-0.669411965088457
-0.656087701664915
-0.584656594816005
-0.519895763621789
-0.564415212678324
-0.582226483717264
-0.647249114989399
-0.669802352105461
-0.73376723145657
-0.689621702336709
-0.445128539911269
-0.597217120335555
-0.626065149755587
-0.686287519894801
-0.571657231387411
-0.584548070556713
-0.753628207583303
-0.60024042684886
-0.689342081635063
-0.608865528273045
-0.733760552557596
-0.688580706286641
-0.496295105678837
-0.653434112519623
-0.657073386607644
-0.688519534276873
-0.72088406807413
-0.508157532859316
-0.665575248866174
-0.64165663565274
-0.650837495590681
-0.610583650779052
-0.606674368407219
-0.522478546984622
-0.662000258894761
-0.580451297602284
-0.631910112746857
-0.50692843369195
-0.492184044772717
-0.489158706710496
-0.581304874607259
-0.498339288013105
-0.50805386892943
-0.537360162990895
-0.467981332921977
-0.509478124556106
-0.594931140594582
-0.570230533938955
-0.560760494367534
-0.592199373018277
-0.622662538087941
-0.52229795773627
-0.405999053228644
-0.599506206042622
-0.482622189257525
-0.598583256280485
-0.530885935055693
-0.485471940413659
-0.419373600341485
-0.615440095130498
-0.504574153536383
-0.525859765795909
-0.537338539882582
-0.467327291919733
-0.538591982098869
-0.52568974489558
-0.57933419458741
-0.514922020293424
-0.578926232260338
-0.564498127764851
-0.470576882888468
-0.619398607565806
-0.523809923461629
-0.536500737226238
-0.52055889195675
-0.55167427405633
-0.458664158790833
-0.540000737636941
-0.52714006106855
-0.586857007751569
-0.376914065189282
-0.641265451712982
-0.469452364686344
-0.578794778215276
-0.515577880728108
-0.515487867253203
-0.466138178952314
-0.478283622670155
-0.612835027746834
-0.633209928506782
-0.351899182870071
-0.555538231722213
-0.431074703181259
-0.50099607921151
-0.410816918157525
-0.529733129542552
-0.411447333206538
-0.391308836873422
-0.319885870049224
-0.429957385080119
-0.570775953026063
-0.459664162448283
-0.415755854878223
-0.340128569003594
-0.443348497626133
-0.486474402072043
-0.536782766632004
-0.440433532655974
-0.465937921868961
-0.515949203278421
-0.321309200047183
-0.410250773448373
-0.42889838935003
-0.354948281112598
-0.366997352031802
-0.326640457368503
-0.333453956821004
-0.354216980261558
-0.476524619230398
-0.263645817006539
-0.290254846817867
-0.528455755364037
-0.348855959260126
-0.38346675340892
-0.457779999754043
-0.238685511117124
-0.437375303844376
-0.426684244522842
-0.439035537512867
-0.372030391487541
-0.364609866165818
-0.506513031130313
-0.326398787267753
-0.409352202037077
-0.392252058795139
-0.475122672533087
-0.467407241964884
-0.364726663788232
-0.426315702006859
-0.311751675112241
-0.305017184805361
-0.409555580331259
-0.329611216617608
-0.315743870988961
-0.432809290406474
-0.178949018967364
-0.454910929988017
-0.252571330222694
-0.366770104643086
-0.412543724289463
-0.399997124483234
-0.387590214346353
-0.35810346892875
-0.473333904834379
-0.150524039419383
-0.346236676266898
-0.332696837831892
-0.176971922005197
-0.342835795355224
-0.26613984017544
-0.366933386785458
-0.327592965567615
-0.351796779428847
-0.421877862360124
-0.357897077201451
-0.394487123996574
-0.404121475902246
-0.239923340523978
-0.333208476883361
-0.36854294293737
-0.26012073872357
-0.432113938696565
-0.384468434990484
-0.259558318420949
-0.355271912138808
-0.462184696375108
-0.410307351284125
-0.203636055572633
-0.309486106314235
-0.31424020946001
-0.211210225774476
-0.274087769272306
-0.21222737255011
-0.251784308142099
-0.305501783380081
-0.297044557045414
-0.426068242148846
-0.222806838011144
-0.378737189973909
-0.390037172784171
-0.285383274358415
-0.271074109720844
-0.18996954122171
-0.395157553000158
-0.285760996542721
-0.32904739153543
-0.173704338533426
-0.194165355267531
-0.246779365978588
-0.291784216113741
-0.286880171499897
-0.406480535985607
-0.235156338225
-0.201207648398436
-0.304405901744222
-0.274290031714589
-0.323279059544741
-0.364680952950571
-0.276521219413857
-0.250395156370866
-0.365871789401008
-0.24348067554259
-0.347626152531828
-0.31350382202223
-0.397614156401023
-0.179524445220824
-0.223155762091017
-0.200766235443466
-0.185860840905282
-0.156038681410628
-0.272519675820497
-0.0616879184756758
-0.329926637734861
-0.220514283490918
-0.214520549510416
-0.141379302993577
-0.284892598527033
-0.306529203672296
-0.243631151383655
-0.113842562670601
-0.189202234705464
-0.27096923772673
-0.332327796822568
-0.0257630755722042
-0.068272627077653
-0.359277254192085
-0.211410334062451
-0.222802971283333
-0.280471381970212
-0.0377241203053255
-0.167655221834374
-0.248432378197183
-0.19813479324972
-0.156275686056534
-0.236674529884408
-0.175757091536845
-0.0867590164935549
-0.174512429773997
-0.0785039657488489
-0.192364333069372
-0.147263811839849
-0.20610132969179
-0.21335089488704
-0.0721743594771766
-0.0896503346484342
-0.153197345439418
-0.107754908970199
-0.025439102734128
-0.103812021996349
-0.0883484860798917
-0.2450983840001
-0.147496047389946
-0.0726070387924971
-0.0487691131334588
-0.082646758734646
-0.0677669473486107
0.0774565775000505
-0.00451239918517478
-0.242408099393511
-0.105767020019446
-0.065582106467294
0.0740800354520088
-0.110935506963833
-0.0740211880464473
-0.155827903057553
-0.0518530811810814
-0.0700259332507475
-0.277330529461906
-0.115057665192515
-0.101192030511523
-0.125518810768239
-0.199554856375617
-0.0193513150967997
-0.113229075738918
-0.0469206865472559
-0.0404399168849584
-0.0643612685896692
-0.118675769245505
-0.0949305597460738
-0.0066876784900331
-0.0478399638231546
-0.065407261740489
-0.182235877638624
-0.0958577543381727
-0.0410056268971382
-0.122991017336969
-0.155843843664103
-0.150975211125445
-0.0862611249369355
0.162858529808618
0.0885114445568515
-0.122739551374595
-0.0145508131288617
-0.0255058577617434
0.0509463949820554
0.115723715207843
-0.0156794031253856
-0.0670024874372439
0.0293458013164702
0.11066377357877
-0.0174626156005231
-0.00597565407877257
-0.0363029231877634
0.0151681783382637
0.0298656294358465
-0.0777917855429401
-0.0720179917017733
-0.00463373210236698
-0.00907241408886014
0.0373134246372238
-0.122292545392878
0.106551382720322
-0.0523751659950014
0.0610120786371565
-0.00551654646671188
0.0370106417186194
-0.0888261452813293
-0.0254673735319781
-0.0027588880429466
0.126778414281063
0.0399044310318904
-0.0332277899755388
-0.123187224066438
0.189578409295804
-0.0109449453945023
-0.0182646842307657
0.100654863480709
0.13252089433783
-0.0288769627792088
-0.0194464360834458
-0.0764122668775113
-0.0145312219394156
0.141034656548448
0.0244390165848172
0.144982077914386
0.036764273516575
-0.0394462162278002
0.216187770252368
0.121303210682246
-0.0752596348438922
-0.0801030727480163
-0.0445214313825761
-0.0827557491664143
0.0387344639781996
0.0857489249121572
0.179356745533951
0.131624543312585
0.0138638188509207
0.0500689525689419
0.0669290275826721
0.0519806684604363
0.119888923702941
0.363790710232966
0.108900419188991
0.0775265635784934
-0.0455187848287468
0.0766228525758248
0.0778245925572804
0.128579303634265
0.149642994751145
-0.0225211494030525
0.0767558359985623
0.207735657286677
0.0779608494182479
-0.015910703560517
0.125523747725587
0.030146358096817
0.0900542920117585
0.0970017564255518
0.124959678784519
0.173727039853067
0.0846038107865193
0.0718387770083214
0.0932356484873014
0.0464518108307122
0.104775115996591
0.143479955364864
0.144589234004953
0.211676148977116
-0.0457721660743366
0.0734447522542844
0.171779892956863
0.252757017951758
0.0468744060179909
0.0375892933949102
0.184870765767336
-0.00318911936646355
0.183617945851931
0.00678694468343962
0.260127532740694
0.194030613993068
0.130975564850987
0.112043329538273
0.0936417033582136
0.263408778253716
0.0623659358596182
0.227953358783235
0.0199115320434389
0.253459322112971
0.219945855108463
0.117784047204955
0.0835433307866326
0.35397221951212
0.23267317829991
0.249749010061358
0.191711919760895
0.0743346980052218
0.0523831029287061
0.112361099626275
0.00439025218568504
0.257606543882251
0.294854443573396
-0.0384697800740062
0.270720846265039
0.299050814099417
0.237922055226177
0.221579956747832
0.198827517524145
0.143916702561654
0.17416095060426
0.271440220630248
0.0813644157691342
0.332256675146027
0.290669963342841
0.159068297290123
0.205183659393843
0.226688594969834
0.286142626640271
0.287872119824775
0.10721908441548
0.197847916898835
0.271403350243312
0.256280208035722
0.3776410004881
0.238919909060639
0.224275776233457
0.265108157191512
0.228916248026219
0.143575951056825
0.268784424452117
0.3014181483976
0.0564665948657668
0.178241643925012
0.250804338933412
0.391793011242426
0.154873965278324
0.37488232359515
0.369816938719434
0.277847651574643
0.145903846422035
0.281654502061569
0.268641840497924
0.344095235988528
0.174995268648777
0.397677899238624
0.417505088222187
0.289071308929507
0.27926193397411
0.246956362827384
0.241180908322961
0.394514883169102
0.445979719043937
0.315537037245979
0.195045506721507
0.131537825514208
0.454421789319654
0.284113381321035
0.244173225459947
0.345680539530091
0.262042455392989
0.410149847022482
0.278218109592344
0.277034590011445
0.252132662010861
0.243723347306428
0.388151782619524
0.29435167870815
0.468568579602196
0.274301814854006
0.363517081763128
0.366155082427763
0.373223092337642
0.295372114684802
0.265586425965205
0.415386189921243
0.308897355500405
0.445389688689208
0.314245800346933
0.455507918804437
0.334989947986003
0.281726846509656
0.372954274821336
0.481504905694695
0.450767263159638
0.39624895330335
0.37481150619247
0.36196410699924
0.323437842793551
0.155725180786072
0.424509809195656
0.183517993286041
0.206263411206379
0.413464715849598
0.431108571377941
0.422530402996102
0.362638780964635
0.332644943026626
0.34837026407978
0.37387996447486
0.370568609925044
0.352493542685484
0.351355495498554
0.381768957342115
0.349280453682765
0.287155075381306
0.36148000342577
0.44795023189282
0.369053037976149
0.434651929402121
0.314401897367778
0.351151312429215
0.307290470637594
0.216116268284453
0.575685419124701
0.459810990971946
0.340655207673227
0.429623281175795
0.531633278686111
0.44286799060958
0.441253863827242
0.33416707335595
0.358894085808762
0.399236041261555
0.359305357514632
0.312440770085035
0.402635166311363
0.290756946619586
0.427349213537091
0.525371385226882
0.480142309943736
0.464698276724268
0.473242120807434
0.523792080758529
0.42848542647347
0.490674082530283
0.409884446541567
0.625998809808112
0.364951951628397
0.527057200986156
0.422999307764021
0.425804193608649
0.526810940350859
0.410537319548388
0.539499460678627
0.517760333793019
0.322375063573751
0.372337438356184
0.414709585671839
0.365636919192474
0.578104968987376
0.632996381325864
0.673467909693255
0.464883565373564
0.483835255048679
0.598542212927052
0.5116547035005
0.420124763973672
0.495321014879375
0.461635898954898
0.5600856356349
0.485038394563323
0.63252960509967
0.353520304720933
0.599126784223985
0.585678715855114
0.437481338860977
0.618335439593011
0.541230963157109
0.582202701538126
0.657861866669771
0.530509579654159
0.436438011647228
0.45841294819202
0.602482120907433
0.479714966544589
0.482627779192574
0.598276750964311
0.57937377803671
0.522767393295381
0.55937602383241
0.503645647861503
0.727485696771175
0.689816355266603
0.395321497661526
0.457287386113842
0.568637928982661
0.562292645594053
0.469277287581353
0.369438796720271
0.460571355282586
0.544240727209456
0.586572211820609
0.608275422321601
0.438932467042134
0.701306660989738
0.628478231938164
0.566854928326948
0.562345544411187
0.696902493098359
0.435838490591947
0.36342752067779
0.518378827875767
0.5372643587332
0.544005880801762
0.47414587100149
0.415676200999813
0.588875058416587
0.565973289740014
0.827267140428713
0.652976853601031
0.570511986884086
0.646278737363277
0.704188717978675
0.6387883109822
0.661796471268063
0.642874283116995
0.572078148748373
0.572678922794547
0.558547585659908
0.690389021999985
0.532156464813014
0.693412138777076
0.69527009864929
0.694371719426575
0.758890736766017
0.575517504103909
0.692053618921406
0.642602476056203
0.673164428449567
0.600379767628225
0.720021021653867
0.83739732880176
0.810029121391685
0.653579376746307
0.618625731882548
0.67339554282557
0.807348984501814
0.665205429488175
0.72489118330495
0.686640942943927
0.665728052657591
0.569655861783278
0.595810137653461
0.633180566699313
0.573867380245758
0.80483678414238
0.591223637876294
0.628103050522788
0.484762509762268
0.604917468376233
0.651936423828543
0.509388852113921
0.670248395673993
0.652451241329201
0.731870203313418
0.60411812880493
0.725876991792807
0.663835082126328
0.541601386831868
0.608032446729933
0.743488730954172
0.793357640522685
0.813421990493191
0.70902283637982
0.724678042069815
0.779250937762228
0.624604887076741
0.599351450453338
0.747268076282629
0.725741498886093
0.725611220856235
0.769339358992734
0.805610641396288
0.671500680089732
0.811654316398678
0.814220123965801
0.673417491289538
0.654557561815891
0.686782086029225
0.687855396998765
0.839494687716632
0.846401442039729
0.589464603681906
0.71296377103854
0.8971411027704
0.784300856973167
0.811461482280029
0.653592218852522
0.869382743001365
0.76932537016683
0.819689663057951
0.783277920238993
0.800819070632341
0.913635146639726
0.657486618009136
0.829789284583055
0.814198097214792
0.773579408997012
0.735616738703025
0.780514256480822
0.864359229009252
0.789163385713777
0.833537224446737
0.794073931396388
0.77909114115795
0.755542945881481
0.770395410020708
0.840748507638799
0.705027120107872
0.581869599851795
0.953094123872752
0.710898905432156
0.904821532719107
0.866101891742299
0.846925496600034
0.715774735759614
0.84829851824526
0.900174379056851
0.731175716221122
0.805625014767282
0.823781172258381
0.905188750096365
1.01895484327926
0.873970353264652
0.64757938359057
0.782976376308269
0.819923123401521
0.899964745309709
0.772538166867612
0.834867787610521
0.85172122624619
0.836930865119551
0.714667996577592
0.880642694310255
0.823404896280558
0.960952977069123
0.901727379171433
0.735154040673818
0.936395971275239
0.838774971259154
0.81208102551899
0.726355877471783
0.842340724830318
0.788788542909861
0.850476036988231
0.945350387863559
0.851299085496185
1.03359988102548
0.863673234691971
0.885283804866009
0.680424855413563
0.970055184717961
0.954276204760139
0.94683997855959
0.835816242940355
0.937835188530395
0.856529628422561
0.818900919887444
0.822265451804315
1.03677699760121
0.92936583756788
0.872902312281758
0.909467324835225
0.858533567711626
0.905256439899987
0.948765831656341
0.95347361290037
1.01742305917912
0.994409333429178
0.881248899520512
0.817787916358466
0.815346289458848
0.908225814647879
1.03522962541229
0.926888360394807
1.03389368629217
1.01959587893462
0.994610526544845
0.894755895217637
0.820451003024331
0.902017541027957
1.00893787499379
0.859055232654962
0.915488527223782
0.951014712758382
0.876742974891454
0.863321707834027
1.07254887431385
0.909340700715545
0.755587036375282
0.901068297193316
0.874457725451817
0.9938226710058
1.01888632258415
1.04643769318555
0.949212073774911
1.06446921426605
1.09226692361536
0.989568040275434
1.04583499756612
0.978543233888313
1.0785764276632
0.98423309940191
1.01659033446494
1.00159511684987
0.92315170275641
0.937918603853381
1.11728611205553
