-1.19791133438902
-1.08946395134237
-1.09568505360812
-0.90974943786915
-0.930704430822083
-0.95985581382266
-1.00465823113799
-0.922130620108357
-1.1352716828046
-1.0182501407831
-1.00369304006869
-1.00461793193217
-0.916424792453761
-0.858495170667655
-0.925352331355353
-0.95986209599948
-1.00302274313993
-0.987443527933294
-0.943763566332078
-0.890122237164541
-0.912068012834418
-0.973774806343831
-0.855816070380001
-0.907090192857374
-0.987752717557244
-0.817988599316372
-0.918407100278127
-0.869011339105828
-0.944544204285229
-0.959457887694812
-0.959065945233561
-1.01783463575683
-0.902449056705851
-0.928432849964347
-1.02603804436517
-0.937299529565484
-0.916102219242766
-0.912545672438225
-0.82829784370395
-0.841381175488844
-0.900280044406988
-0.781437591785119
-0.781169614125705
-0.827495975024416
-0.997474453261834
-0.892480439603658
-0.890007818292792
-0.946447581486901
-0.896916110129442
-0.876036877600794
-0.804898738494204
-0.964609196415371
-0.866192839577241
-0.892299624906998
-0.904984180052859
-1.0574730104662
-0.912123348057516
-0.91609364025165
-0.964255646922712
-0.910737580493797
-0.70618412754314
-0.943232527576314
-0.910341696586767
-0.763780182297608
-0.793485876774632
-0.71149386304781
-0.892946694760546
-0.843747657235407
-0.82390006142358
-0.821657773090608
-0.853485196254469
-0.832974587443956
-1.0636127363669
-0.966705770735987
-0.94514933207652
-0.914443267090942
-0.861927573668933
-0.699221468704883
-0.745247407966558
-0.817654764782173
-0.833934668290141
-0.830512609005016
-0.861922187081137
-0.837689321158731
-0.793961874651046
-0.751650165266659
-0.811621549271093
-0.875701162520035
-0.87088143039613
-0.784440210345695
-0.719309860372329
-0.728374687549846
-0.749466417789883
-0.621170885791402
-0.818370742510137
-0.928024816915214
-0.845193757805897
-0.721309832090527
-0.802671241744314
-0.722073864577848
-0.875993317488534
-0.800272556107245
-0.809597583695636
-0.87642697234594
-0.824036681508924
-0.860210330818694
-0.787673123227078
-0.813337918585005
-0.832140496131219
-0.771988030374367
-0.804931499439829
-0.796328341850542
-0.78675781815036
-0.623312019496229
-0.781357818327936
-0.89212781972112
-0.630937238994044
-0.703721727444092
-0.636046212787243
-0.644306850457225
-0.651518089774671
-0.770872961599781
-0.705005030398768
-0.79373477832175
-0.706588753443697
-0.665237314287249
-0.713501205453921
-0.590855576617667
-0.681605820872459
-0.778466069629123
-0.660357727970001
-0.886204123389489
-0.608843167404084
-0.629401788149356
-0.732541423786621
-0.78793142823887
-0.763007684301017
-0.703080655589326
-0.655693306472263
-0.77035171576204
-0.690455858192481
-0.761390822607016
-0.787880267163832
-0.86950365317838
-0.625785236413327
-0.775640735411627
-0.634700542919222
-0.757080162350838
-0.760313458354371
-0.727143051400128
-0.55825747632402
-0.655558730254307
-0.760185468937654
-0.605108178558472
-0.770362621774936
-0.709201941038531
-0.593564360785694
-0.717225416977065
-0.743792296491956
-0.749751017507434
-0.678025787335375
-0.787331524098668
-0.600034775515219
-0.602855211432217
-0.6675587038755
-0.574413562628948
-0.556407423459718
-0.706815016978722
-0.547958823968083
-0.760440046628633
-0.71437475498038
-0.659552678070704
-0.750329944885208
-0.549226253254962
-0.713684322387258
-0.652779262817745
-0.69405222109169
-0.602760927641611
-0.671451429395021
-0.672203122929146
-0.690956243209572
-0.612864815524124
-0.598780724637707
-0.559825456578845
-0.686168232746882
-0.605963668884078
-0.600549914124612
-0.651470343310757
-0.674456614431249
-0.83606779709046
-0.532860846740842
-0.669979610561175
-0.635888683543014
-0.651690587630637
-0.631002932452478
-0.659337551364275
-0.54544488850801
-0.742265153618451
-0.541123356414667
-0.588195581309492
-0.5975683866919
-0.712492507812788
-0.637974107305928
-0.65418330715159
-0.617203541192919
-0.656388736748103
-0.422496926135415
-0.520333754688864
-0.736394219719245
-0.653325860282479
-0.551109079048626
-0.492183951907874
-0.526878216463187
-0.513988620473365
-0.690232457849
-0.415439053407472
-0.414031012151381
-0.706253512032273
-0.605667073438357
-0.546517825165794
-0.535658820147537
-0.491178981083042
-0.630372083045722
-0.427372500726658
-0.499424434883916
-0.637400999069668
-0.68154741765436
-0.475832525834251
-0.3843225966033
-0.414020155177652
-0.615793693043652
-0.563972567741014
-0.367816368230118
-0.580694446481927
-0.498777760666946
-0.57973917449428
-0.580931226562391
-0.424240693080778
-0.571866831683784
-0.519124725211625
-0.576052115313668
-0.412931630658526
-0.574780326742643
-0.489328284467335
-0.413389417412877
-0.516169689382576
-0.586028521422063
-0.55511235615786
-0.432916629932765
-0.486582621612655
-0.566977949543743
-0.527460832258936
-0.540828554006636
-0.54590563412567
-0.659634228372149
-0.481633581065703
-0.40579853680995
-0.365977733765045
-0.466085080890832
-0.544815362526847
-0.462114995351049
-0.420966233309801
-0.526186019961049
-0.368351240840356
-0.488507126943889
-0.433838746525385
-0.472106974457246
-0.475855709686514
-0.361692308714941
-0.356287567742223
-0.495000156718403
-0.538104099250332
-0.473062326411208
-0.307004274285516
-0.449980431019812
-0.403189085059295
-0.38543013665233
-0.507837105194335
-0.556404059724515
-0.455899289816705
-0.323524560164853
-0.378666958307446
-0.549522577142218
-0.417028840146931
-0.374064737553403
-0.372914542942926
-0.454521502901755
-0.466719576886398
-0.320295517823582
-0.354871316312683
-0.394797777270141
-0.562783384549481
-0.400903293172091
-0.411788792168401
-0.422266723586297
-0.316343387227387
-0.54030679695656
-0.346267889433869
-0.470139623579101
-0.476498701895976
-0.343249449368624
-0.412243960407467
-0.35563275829795
-0.386000712605712
-0.221541778682144
-0.244570626653051
-0.340026631990824
-0.442114945683766
-0.295237452900639
-0.479876645031589
-0.323728302127346
-0.575608465604831
-0.469615814775643
-0.262676046618307
-0.417584526771703
-0.296733447286793
-0.371761099268327
-0.539282726776475
-0.250862400951069
-0.305960442347693
-0.309505260068508
-0.352583590137151
-0.221231318076528
-0.203282669137615
-0.33502558126919
-0.324377503624075
-0.325817957109192
-0.311286631894854
-0.489789485917456
-0.331298053238404
-0.352031273715941
-0.307456690156303
-0.14104266205267
-0.400695936701121
-0.450018137857265
-0.44845024902064
-0.338270855299393
-0.416410893222763
-0.283187409701482
-0.398741689276573
-0.299561698284833
-0.407943472504208
-0.327307531119245
-0.256350107096816
-0.346966255262898
-0.265905073859883
-0.444741236509477
-0.287768397139986
-0.25878937077196
-0.290095675772095
-0.475367170415402
-0.333986028102464
-0.252036266293705
-0.224703551510397
-0.297868705612599
-0.341669855202079
-0.269031104838661
-0.362226016380155
-0.172097357052963
-0.315421797958987
-0.264549526778456
-0.405396208460337
-0.365775842974916
-0.33357979771482
-0.265149302194076
-0.377832295531364
-0.292381268837098
-0.241313138452014
-0.151413867321932
-0.124733122698337
-0.175999094092477
-0.284337326711527
-0.308888348923662
-0.215922937116224
-0.307853369929988
-0.172213724482478
-0.266035766694521
-0.0670523064582351
-0.284823557639132
-0.451964082680882
-0.317797855357171
-0.221915786899859
-0.163084310026391
-0.385085890080708
-0.367126892829276
-0.267045808046587
-0.168474076344409
-0.142095857362856
-0.23081440720171
-0.161562529979492
-0.288436278986464
-0.165864595562383
-0.143333755588039
-0.356033382647351
-0.174317045816387
-0.288722033139129
-0.203476132105193
-0.160802940064927
-0.174940062258694
-0.218891172250253
-0.113596070529486
-0.19840469310613
-0.336000179326848
-0.230828420545379
-0.0701956596868734
-0.328290898428094
-0.1668817366439
-0.185747830555511
0.00534770245447141
-0.183940517570782
-0.176913162280621
-0.0735211563760299
-0.244233361640525
-0.215220692393744
-0.166836442717947
-0.334314274161988
-0.090903637420664
-0.314884349344824
-0.157130981272922
-0.0871737723881467
-0.250225582346886
-0.138328097465577
-0.210432874308782
-0.259523554059868
-0.275243589483004
-0.109221070335287
-0.132571741818098
-0.0223681446088325
-0.162241796184012
-0.0462364017086522
-0.234069864218363
-0.262798505880821
-0.218443813471591
-0.18635661206548
-0.225074370908493
-0.0804097963399484
-0.170572088432935
-0.0100481083368044
-0.0720498707480939
0.0507354447298956
-0.0249090860936805
-0.0958373524048191
0.00123473431209558
-0.164745735849943
-0.183689689273958
-0.138854252087051
-0.118265968900762
-0.0325933820775103
-0.174266879776417
-0.090175297882829
-0.106051619083444
-0.0141824780547675
-0.183851402231076
-0.194012377789642
-0.154625181399567
-0.0712277663570644
-0.0761230776951596
-0.0186152624869925
-0.201501288306052
-0.200912661690124
-0.104544893628216
-0.0170951531340149
-0.192786073688703
-0.184487436002375
-0.166931200485345
0.0398781897633363
-0.0819745912591485
-0.0444833844809669
-0.154056902890178
-0.153963724633492
-0.146975117524404
-0.135384168518124
-0.21412592285793
-0.117411942300119
-0.061961925155252
-0.120519980626524
0.0998363207196784
0.0171577448075558
-0.147337891330084
-0.0897311938655894
-0.142098284571593
-0.0112432913769977
-0.090998433283601
-0.185462150924695
0.102049208707188
0.130408874974006
0.058786759668622
0.0324548886982689
-0.163346507090886
-0.0629186906732704
-0.0441056880677241
-0.0510850618568936
-0.00510902633359325
0.0156559743426169
0.0343726599425938
-0.13717662187242
-0.186232030852471
0.128197579795585
-0.0839072881061569
-0.015840320536271
0.042193866563866
-0.0810035575653774
0.0616488186701405
0.0554396764038313
0.0170224581531462
0.0240682998140749
-0.0850151024672817
-0.174436853757542
0.101715778848271
-0.101957615693655
-0.0232048591570147
-0.0276711433024478
0.0697319220240902
-0.101969618729193
0.0342425993201123
0.175788246177901
-0.0515025451268234
0.0540333391222957
0.10954524577662
0.0822586406444039
-0.0153116859207343
0.11837172094623
-0.00879106453902332
0.0661060916749859
0.0012908278193343
0.214989847912911
0.124143213958884
0.13144365357703
0.0409530548667094
0.0817597748143077
0.105982250207309
0.04769438284528
0.0479591150772849
0.12067276782426
0.0565169295946962
0.132129762830981
0.0482786239691395
0.031764010656936
0.110737748032507
0.000268796443695425
-0.0341117736815662
0.149758524372298
0.0838670410825425
0.017538611686653
-0.0648648832472596
0.00599894235364506
0.185072950702709
-0.0210951650947371
0.144729468541529
0.00788210922502278
0.0325112731503313
0.0867043866055029
0.00775175490449868
0.175250990822125
0.0762726385791653
0.237048521247967
0.0492280456268286
0.178822638713977
0.0243358000306944
0.146794728550554
0.0289588040281732
-0.103931256255337
0.097778414185399
0.0993192040174466
0.21329551729506
0.243083629327883
0.247598068147957
0.0278843120980767
0.128030249159976
0.245964414780561
0.132194820972159
0.116218901067785
0.126780013626004
0.101197122353067
0.140638159708695
0.133311990767009
0.0339739457683753
0.144074620905977
0.189223955926482
0.0677313681086336
0.335288982381474
0.0412131191727688
0.208319736055552
0.20784073163692
0.170284487687225
0.118576778392367
0.23368846987982
0.1096541528338
0.171504403251149
0.305762095111948
0.298092455309098
0.263127083571913
0.109481681594732
0.0959753030484746
0.121996723005983
0.188593861806969
0.142594766135851
0.217439058924589
0.164416574583745
0.293897447569611
0.0856352906914387
0.0702127979643415
0.16781564723135
0.187282405709699
0.386802352160548
0.317076846755651
0.197249395804897
0.335585914035422
0.221070681678427
0.223603104708879
0.266510544131957
0.230451647756427
0.202979912449206
0.131655526040132
0.257375344398278
0.310582851378146
0.28932936388513
0.239392925516682
0.337383075705447
0.249016877310571
0.343409629866936
0.224862414707431
0.14107721682502
0.238789665648096
0.276152527636838
0.299169688272803
0.168197023096801
0.34959895824465
0.227838796228416
0.293481031150964
0.269148336727582
0.113661064482157
0.0864669076390246
0.181535718760343
0.393335392792793
0.286610944042107
0.253518779562717
0.30226794853339
0.33429182925238
0.220345128855271
0.0884597816224958
0.381259006217972
0.304492419582554
0.205912663453068
0.349430909700292
0.0589127193221794
0.341946654623839
0.190535939569566
0.230357897629623
0.276433667227622
0.271574042716114
0.255791578881605
0.387249057531937
0.334261178963573
0.407966947205653
0.389860617797424
0.439686728153598
0.210501658024547
0.412951154785509
0.277569644195145
0.332964560969802
0.219955469205851
0.374160205345755
0.205445671117672
0.514070759120299
0.482491042605556
0.270140111059734
0.330188457160993
0.376164366138481
0.358838770277126
0.232016301865483
0.275582038866644
0.306460531000072
0.32410228368123
0.407841797617903
0.404220029426667
0.271746478861702
0.46947451993476
0.456976888964564
0.418540767189746
0.468990980465466
0.512991087377599
0.344536814570491
0.38960871732612
0.532672467591438
0.163156603706262
0.357410087336463
0.415985452543233
0.259904914320101
0.320069570430737
0.236839784930616
0.540671006883444
0.377426647424241
0.294793762328131
0.485340559391431
0.415256032379469
0.379394243561958
0.374659384625673
0.442338039788626
0.350176090234008
0.487861254821546
0.425113819027214
0.430459835760968
0.398584385585924
0.44741682316261
0.372624033837461
0.380577081305897
0.452169522483689
0.363787178520658
0.419493958966174
0.416050232622893
0.303885492228596
0.384089577752693
0.406551553673296
0.472639674097066
0.391393384530411
0.471727829457234
0.368641461534463
0.44419131893424
0.457009636740362
0.276319468132319
0.388893477537472
0.558372994375736
0.493663025184241
0.541957012174644
0.597842267714562
0.449761272327358
0.452657691176843
0.336272259188034
0.532873832552434
0.489870523279373
0.355064845638097
0.565466715118575
0.497261800702694
0.47444694618281
0.584530355847228
0.441268719562903
0.532295352427537
0.5412810654768
0.576544872146957
0.441759788005995
0.565976234084593
0.41213525112538
0.542908263464636
0.412831160877469
0.395831228493132
0.442614723661966
0.739216966183005
0.513491644503594
0.496385218389837
0.434333326158025
0.51147501061243
0.581302331631421
0.542256284300332
0.370622520371956
0.580050670851447
0.663227654033109
0.450156578208018
0.477536834139742
0.439903849012965
0.370534715853217
0.509748511425625
0.578833758907839
0.479283080556461
0.52928944208848
0.504570165989534
0.446408630232551
0.428325938884495
0.530962669190594
0.536735486560026
0.59512698663146
0.638334331890983
0.626055381362881
0.362434083108817
0.513611840944924
0.58007003860463
0.606530611953783
0.588125487042884
0.435209580380883
0.543603585723052
0.624211230965291
0.610172366341314
0.565916460969227
0.65418505244501
0.549718928300888
0.538025012796823
0.629495419947312
0.541440170470321
0.662459239377489
0.566701109959908
0.604277780901548
0.358065940953175
0.455830044796239
0.589090473356293
0.553111410144709
0.606751887105777
0.531242412363269
0.576756446168998
0.530777696564707
0.554230286761365
0.608845778330106
0.576104651762038
0.439591676242255
0.815470856804733
0.654465177724674
0.56607223723733
0.592172377711318
0.696198563530933
0.520179106672079
0.715480755170025
0.609686676678072
0.603216479970759
0.599195686888725
0.625528291334938
0.630855119438926
0.612932186733494
0.719345747588637
0.576881979009245
0.723735002030861
0.540476930123731
0.594000302560394
0.683916022383606
0.597413685999118
0.601699687692927
0.776436648095327
0.772915989531988
0.603391139108661
0.680080241273787
0.667530120750838
0.707556134631157
0.732397267238091
0.654277161750976
0.768601686084868
0.763128865122119
0.73207186404901
0.566542142951972
0.60090110141946
0.698564537502918
0.736929098875723
0.739482734403373
0.648923687932047
0.527304795772028
0.624460677696317
0.77031006586014
0.605849939303819
0.727282702766803
0.704546780331042
0.827837317101506
0.664287111158622
0.619384886308706
0.595516234892342
0.784336765550992
0.748933107335322
0.604156232221168
0.651370109558077
0.697710449678643
0.690927896264943
0.712966305339662
0.665132339020668
0.747257946158912
0.584658147852988
0.88417141974191
0.622075201616306
0.550389601572252
0.78874803719821
0.743790867282673
0.78240271527776
0.672861931547842
0.831472241516697
0.705710947392912
0.761171137783927
0.693534172939728
0.742889379473035
0.721889382107801
0.847908602067207
0.879525495098191
0.881527082555371
0.739631774290588
0.681635787743229
0.566735069133297
0.734510104358121
0.734738419285042
0.825747914054831
0.739750388087863
0.702492136432884
0.907129530771215
0.688136854706159
0.854752956892538
0.778501541882283
0.652726340988829
0.825383822801936
0.705053181437903
0.948945995062937
0.744616000873177
0.668359396834418
0.816250575146471
0.822130192541384
0.692463158780698
0.774868348380454
0.731504444530235
0.861542034319559
0.772246231631501
0.803819040307164
0.663858240054357
0.63581504670255
0.883066401031969
0.841285766364086
0.814210884704007
0.847532617463842
0.84751401936716
0.919275146018545
0.846881558414651
0.810204399878893
0.900872873087528
0.953140069885546
0.779943208508264
0.907295162337543
0.663146997819345
0.750519767063392
0.844090620297434
1.01943411086675
0.763114885245828
0.869319262351748
0.806491360621542
0.694525332084922
0.841777300801348
0.914737414582731
0.773671187461477
0.774029283081885
0.892629889864758
0.887177074290918
1.03212567338973
0.874388535013064
0.895793525415595
0.910441124026048
0.986653402304918
0.817889049248175
0.839743980766444
0.961400647943745
0.769777507557663
0.95192225024535
0.927798982270868
0.676354194726162
0.896927277468877
1.03347049990475
0.9088300533043
0.736897611343845
0.940432819715053
0.799996737584706
0.90082207682929
0.858408445328178
0.772423715722265
0.860717929478753
1.07396397483022
0.845126182217881
0.810375352144534
0.996204762790773
0.934123947297875
0.8965722773717
0.955843134402413
0.88744003894251
0.897751897589616
0.919470942991774
1.05915470552097
1.04393621988992
0.84734873240359
0.9207568233632
1.07787086685725
1.05623533275142
1.01867228664418
0.980446038308877
0.935542787286251
0.824723579034012
1.0355357537191
0.985059458278894
0.913516252000611
0.796532980007236
1.0307088471071
0.993203629538205
0.801131898245374
0.751132528341358
0.823379398242987
0.974317814455075
0.855107927861701
0.97899126779436
0.813243411959443
0.976029748652541
1.02808411445754
1.08333454661397
0.991297855777528
1.00227672685432
1.0034206162657
0.981418595652637
0.994214339130972
1.03829062056237
0.98119410513678
1.02508241711355
1.26984741076186
1.13604740124799
1.01016606522283
