-0.95798067802761
-1.01230788626944
-1.12309893154316
-1.1045245244523
-1.06225504242282
-1.01949530487618
-0.93724258419561
-0.889953912527213
-1.0608290487703
-0.954379972582293
-0.948807689737335
-1.10824370282118
-0.935430257235082
-0.84825671517062
-0.80928750857027
-1.05410805532169
-1.07647046890462
-0.914831125373212
-1.00145238316929
-0.800667879699266
-0.824542147740434
-0.895563316849406
-0.967518563158086
-0.985365481096573
-0.848320487485452
-1.1060741361067
-0.966486469525796
-1.11929848327518
-0.951205475254816
-1.03409394323701
-0.915099397212406
-0.887475938514554
-0.956827916897751
-1.01061673256554
-0.889793323795877
-1.00393357284685
-0.887220939859514
-1.08744014333028
-0.855513552426574
-0.917983308357677
-0.974245489978245
-1.0628967289151
-0.960803170107551
-0.965229157074377
-0.902469595042486
-0.932080977801409
-0.905096572028116
-0.696312463490132
-0.878571110822538
-0.946194716837465
-0.999594631897993
-0.873880388654694
-0.842210788108713
-0.810199346208985
-0.933117428115621
-0.909687475339466
-0.824750629781172
-0.900370011819297
-0.867504632714923
-0.776435059172913
-0.876421778941346
-1.04994136819275
-0.894866442921668
-0.84332210212036
-0.887419829011749
-0.883081846665928
-0.807566985726807
-0.8731553203001
-0.844712521153668
-0.976713103182073
-0.710516959089097
-0.731257879171872
-1.01051220271236
-0.902413269199862
-0.774694800234416
-0.876968544880581
-0.951777347062936
-0.739465192282712
-0.90328098011259
-0.787748347352437
-0.82663660172809
-0.77526047249978
-0.980085080204023
-0.751751359196638
-1.03160488593026
-0.809518575106081
-0.98696811294166
-0.84386323999028
-0.753858677016255
-0.737465059146292
-0.780562011726247
-0.812067482479142
-0.840199393744435
-0.824266115383949
-0.777595395707104
-0.799501425484026
-0.764469556157423
-0.680363612491341
-0.90387303365697
-0.721708228847085
-0.762323129485776
-0.825956581220476
-0.595269722807658
-0.686015342564633
-0.774034542844539
-0.784982732599884
-0.721209392761275
-0.70117683664784
-0.836927640191591
-0.741526696900632
-0.597970618068888
-0.82737555255324
-0.858048363843944
-0.764361820776251
-0.862732466822974
-0.854733040267057
-0.75003450430713
-0.76681978237472
-0.607420314454381
-0.740210467440179
-0.642369539739537
-0.885547074662173
-0.826592544419508
-0.85513803626391
-0.844549101533746
-0.695127426257627
-0.859136884690838
-0.740337156047167
-0.816390929047238
-0.681750375650023
-0.716730832635205
-0.723648182987636
-0.653893668126209
-0.823185848145118
-0.739469784068597
-0.779742534066484
-0.687797511034937
-0.786205169801171
-0.655950360200798
-0.649207301857734
-0.633111598339933
-0.577122697460689
-0.892088887501716
-0.562004483382687
-0.659024901338877
-0.769602717919886
-0.766730497068495
-0.710729297353482
-0.65924621169084
-0.623441378891421
-0.574945518277109
-0.574103062903946
-0.627075801246413
-0.760928627557314
-0.727363728708986
-0.631351232238828
-0.683228554017164
-0.603361527883128
-0.683128145552089
-0.644322909764353
-0.772770879690404
-0.626968468273798
-0.680539891637181
-0.574746747038665
-0.583839765903092
-0.728726664126503
-0.732262304124351
-0.63906128623836
-0.761256419589327
-0.728987113506236
-0.576295430907787
-0.625982085616358
-0.53748867911572
-0.700869663017802
-0.721946723901096
-0.641118543440116
-0.720696933110092
-0.633926868170494
-0.812591460991866
-0.646804588479975
-0.721650072184357
-0.627166788966122
-0.644086101740081
-0.686559571976371
-0.667650429276568
-0.592743262225062
-0.639637715379596
-0.569239406590137
-0.607474564379208
-0.736107877748797
-0.633167068608918
-0.754555989156569
-0.500851926055073
-0.631549376510256
-0.660367811224174
-0.583396645688682
-0.676090745075963
-0.592456904642407
-0.628687727322389
-0.710361503621073
-0.700790811348579
-0.517477625034149
-0.559263030770719
-0.544531573156134
-0.6613790647514
-0.647548117297831
-0.375051784958266
-0.600708571667341
-0.457698624806135
-0.317479161496998
-0.50922665732154
-0.527438154040687
-0.648524771528095
-0.519805762847575
-0.625402586746214
-0.528366169846125
-0.338730382616499
-0.497145927389488
-0.723836895881239
-0.714864395031362
-0.618002345934483
-0.609715530451814
-0.395396986286397
-0.804202879159855
-0.705459797913712
-0.647488476510928
-0.438720452115795
-0.515602147768683
-0.392110241779355
-0.57191980696026
-0.656160375580008
-0.676309629792703
-0.58034243195443
-0.597083853256708
-0.536035713820839
-0.437241018079118
-0.713076896475925
-0.46089918018638
-0.524616925953787
-0.49397699014157
-0.529833529003325
-0.569633796100555
-0.500701392281901
-0.604288285614679
-0.595852686995488
-0.352683319031354
-0.553414488484626
-0.41029721344226
-0.45894635006975
-0.631008494368477
-0.405386390016968
-0.477461189511031
-0.419772840592204
-0.395488681232232
-0.634010275174508
-0.451432094882233
-0.487137210216408
-0.462200949762567
-0.457619972656672
-0.367407167018277
-0.599216845935602
-0.509695623616902
-0.237094800813788
-0.521983675928493
-0.626301030177283
-0.55117058298902
-0.441751684692727
-0.544634581869309
-0.551797396165511
-0.459560554457734
-0.484451974053142
-0.361166819305041
-0.421192898446688
-0.401385054335856
-0.433006830309022
-0.664774557975247
-0.454095293203852
-0.484564253030823
-0.428364364398173
-0.459987047465003
-0.427781032183689
-0.450293526307357
-0.497886916027963
-0.425818895624103
-0.453102487540354
-0.48973688092546
-0.387558052939519
-0.419612707601197
-0.349556100829018
-0.634317929409918
-0.460720344675032
-0.407822380989198
-0.576896748523636
-0.456406497252121
-0.381407125489799
-0.451181478721608
-0.444465402739674
-0.441292301195489
-0.338139412901451
-0.552136142458995
-0.450797815084664
-0.458382201058701
-0.342702345052483
-0.42451580945994
-0.246240249471257
-0.37146274556951
-0.559325897729749
-0.19340313676402
-0.325693830936147
-0.305105317187187
-0.354078093285563
-0.356152028275303
-0.391533348043493
-0.223745742369645
-0.412304502904483
-0.359897813866639
-0.342579269867122
-0.193658030375941
-0.445230314023427
-0.424446133135647
-0.307727592956705
-0.363665872955341
-0.310415771639924
-0.429544027046474
-0.433737235002486
-0.413310719399339
-0.188920218717907
-0.292509520847843
-0.38385675065
-0.476955745606001
-0.174922711352273
-0.208987385702831
-0.29278770242182
-0.294341188080851
-0.295982702551404
-0.358626374500975
-0.292319892714909
-0.271715988984608
-0.304172914346109
-0.216050163127068
-0.295102516831627
-0.267558466847554
-0.347619008251075
-0.211639583238074
-0.327808843268289
-0.349367569826691
-0.292771668610752
-0.374686446276564
-0.280130913918271
-0.424372727048169
-0.197277593233913
-0.295977205204054
-0.306315471221087
-0.170291765275976
-0.430310530395973
-0.311565151911672
-0.253713205996696
-0.332842549514772
-0.249638998959198
-0.259698825548103
-0.2628452367617
-0.353545949682395
-0.283899613308911
-0.10375624372747
-0.181667829187254
-0.297145709930172
-0.31005546499807
-0.216114168027304
-0.198038514784573
-0.282189782143725
-0.235325985167532
-0.280655766394713
-0.143296595170304
-0.156171745963588
-0.284151417890761
-0.285483396226379
-0.176601248855248
-0.342137553219137
-0.172995192588307
-0.244887819866991
-0.236678807948595
-0.306510890418891
-0.163959574316963
-0.194409698556158
-0.185257176275565
-0.25636932491473
-0.290983539774717
-0.239768019954467
-0.248539943952344
-0.183304486177334
-0.284416516802242
-0.147568512276338
-0.207146251506054
-0.281250086191879
-0.257452378380534
-0.23490581824599
-0.0622716675077655
-0.326284727072236
-0.242746199753545
-0.036757112292861
-0.140954537756248
-0.320697481255574
-0.047985293866385
-0.162899484506563
-0.279427172215441
-0.265645707889044
-0.00283671533852295
-0.327231063822018
-0.212167838897926
-0.101481013964537
-0.198018530007363
-0.104818016107387
-0.200936485475719
-0.17768948728222
-0.142183697552355
-0.122377418424925
0.124924045298277
-0.0461443039381336
-0.0782985482441177
-0.17464135655159
-0.151632053037849
-0.149669801870033
-0.164178884379619
-0.126683363229587
-0.129160246497009
-0.198840740868584
-0.0268849552700439
-0.0532197108437739
-0.0568431389054275
-0.193945278281056
-0.250751671353357
-0.170020666871646
-0.0982301098147716
-0.0759086328329762
-0.10060743570747
-0.118761968904469
0.0479173806146221
-0.0606246737496572
-0.121368367660574
-0.105728328625322
-0.104997843921185
-0.221002899633824
-0.245597616521435
-0.199509634864413
-0.169713313550423
-0.210271711193496
-0.158627127820974
-0.2803454067451
-0.190330025543846
-0.150186257513399
0.059352767208188
-0.0674725390196869
-0.0432967130510857
-0.118432747960658
-0.0322427120985999
-0.125528029546253
0.00733631210344238
-0.116710006328426
-0.127645275842712
-0.165381204239982
-0.0709669230620852
-0.0283065669971757
-0.0878570313558615
-0.0720511871641968
-0.150687965388125
-0.166162457125385
-0.136392369642606
-0.00656853179609467
-0.01921112580484
0.015252922157935
-0.0896218913452296
-0.102734320389586
-0.0156837577843646
0.0138690404192405
-0.298221948033241
-0.133303247478329
-0.24857726949417
0.0334056141699208
-0.0837168599516621
-0.0147382233147426
-0.0118076320949138
-0.105684600873438
0.0348485038220325
0.0396784183145175
-0.0552431496755968
0.000764514852450933
-0.167245929716138
-0.0396080716267963
-0.0914704580319638
-0.182794976532021
0.00456973899326265
0.10093916262045
-0.0160903904604402
-0.143212958811569
0.0671836034494219
-0.144930764616017
-0.162883641684178
0.0246119402644799
0.00582648384900976
0.0151347601567323
-0.0464448679490402
-0.0143132928046246
0.0276534693871475
-0.0510730112584918
-0.069068026550308
0.244842238501888
-0.165686609386646
-0.0289485740751479
-0.0402742926939116
0.0532069400287406
0.0394349320174918
-0.0604849331900464
0.016445738433292
-0.116160791968255
-0.0112331825305314
-0.00127279971343207
0.0477923194519868
-0.0173712985987745
-0.000919516408114425
0.190931287674527
-0.077510789028006
-0.0153686804479265
0.0412596963329731
-0.0656869566688802
0.0196109279546806
-0.0323697134482546
0.173063605815247
0.0879647336124835
0.075786118116215
0.187546492587366
0.0447061888506663
0.0246073260968335
0.150949462340713
0.13846218660661
0.119441832102722
0.206943716244384
0.101658723886841
0.0511743689251771
0.165911295093867
0.10835902218624
-0.0457465358763269
0.117010715363212
0.0831387230688798
0.0623409739429637
0.0010328636172514
0.113286336953146
0.095239698859159
0.115604145427762
-0.0137136798994478
0.100208985363541
-0.0259250547211016
0.177372981079912
0.0935714902559848
0.125074250567181
0.185493252810046
0.0395285227329394
0.136189691954043
0.142793037295603
0.118260266265637
0.221406382188525
-0.0187348630993004
0.0227524691426761
0.0646831468555751
0.0569370086168803
0.36430864436547
0.231725753145432
0.241931047982206
0.0364354634670254
0.178947271252375
0.010559696617992
0.150158664238422
0.255457899653973
0.00425586526518143
-0.01722047167724
0.112017969834018
0.205213049528676
0.155087937583849
0.142040188536937
0.214368835336837
0.248506616069998
0.183938149785337
0.24200632307139
0.0783083366188819
0.202858464956335
0.104427249406288
-0.00488291690699949
0.125647324908856
0.0974140941494189
0.179866720892022
0.25558623222288
0.202843057565059
0.189716228792719
0.263381440391701
0.182682677138445
0.174463658879291
0.198692925257374
0.229669431240897
0.203209468610765
0.151050567159817
0.0986793632674277
0.204630244703404
0.24956540139282
0.219832290473255
0.344773514364992
0.234968782726552
0.0366416746976386
0.232092361121512
0.209706992360792
0.357963094911632
0.165906494910909
0.234902887404872
0.258236232279187
0.153638285173835
0.379732797537861
0.274679386530429
0.229498318636084
0.240608782100876
0.152198591123138
0.308416247473075
0.437145721091858
0.341615434883246
0.141579021056755
0.243163099828865
0.245842712908384
0.312167883402316
0.285083932477508
0.390606580613018
0.166777466443637
0.328182573170502
0.326256212624878
0.200196670665692
0.20608751491116
0.252829681926975
0.351413146118885
0.247189843214076
0.385629898640993
0.293012929332678
0.438031578362191
0.261738761516677
0.281009391594374
0.282678005604685
0.277973127887825
0.221365792274335
0.248821644860842
0.215450310382274
0.370405902417552
0.424041727696596
0.357184059074828
0.240888065975114
0.457720520872528
0.515612577712538
0.406526143284352
0.371618679004956
0.359642499815136
0.0751558390710157
0.346829273667249
0.393925128366378
0.176228790599877
0.436448322300082
0.327227564849233
0.355247699869116
0.388103279404453
0.307702094854325
0.435609787233873
0.272900555391818
0.346942755254665
0.302409794596861
0.286756126341512
0.387646441550576
0.319188617175211
0.380586768507646
0.353490390965709
0.253154326854715
0.434506999117777
0.315696088695976
0.290492946051897
0.3243242518309
0.358869312171298
0.390557776239572
0.468539539341356
0.317374462300087
0.370184421018852
0.372829084280559
0.491286279104736
0.445774565481331
0.385272821469814
0.376103242039974
0.420636168751799
0.355582542596853
0.396256078887456
0.484547148462952
0.272029687366834
0.472817988665596
0.397102702151737
0.396037218184613
0.354984745549466
0.372893911462856
0.464881190034697
0.435321011444461
0.50806175816444
0.353158018186876
0.272125586946645
0.359922824637959
0.600278089265597
0.364095021222002
0.555245750470852
0.340937720811226
0.288990500502786
0.338610844608273
0.439268994372746
0.395330901217873
0.395020524353156
0.355973888296236
0.464785761475328
0.44843495496965
0.642822690747095
0.469081155444194
0.510375911039325
0.462042387958628
0.392574216407921
0.494397338518608
0.415986839781582
0.361445505920794
0.551800224386987
0.616156250002133
0.275651650754688
0.525829904866154
0.445913958378502
0.602909088387197
0.34021164577539
0.418602358056076
0.516083206035514
0.446218394383192
0.511530619334857
0.513033000560943
0.375457186689295
0.560553074030887
0.542923638208834
0.528292405797865
0.251369553894789
0.436398369282763
0.415176987050231
0.340264625186344
0.552338681601163
0.40999903640979
0.471425854203663
0.547920336202162
0.436220790714267
0.349612839818942
0.591234098914605
0.479829623831035
0.394888550755311
0.548909830697595
0.47088403526642
0.485366216729352
0.327847143844461
0.469067026621313
0.548885454305201
0.487517628582881
0.543222888162615
0.530802549099726
0.461025039082324
0.473759589109752
0.568765110618928
0.430982041454745
0.545513885224888
0.548898801987749
0.571734790407919
0.483842503642127
0.49212827516276
0.478798702504518
0.399475439348866
0.555267486455009
0.536730259898388
0.644754790955069
0.645319505728748
0.57553352852046
0.352072566388514
0.547868575452518
0.511107877667397
0.586658330958169
0.48934991195437
0.491353148206932
0.591081415047477
0.583839281747205
0.431767117397152
0.5716648239029
0.511215601813097
0.632710302902217
0.552764892308911
0.461579503019019
0.73996286535708
0.632471613523838
0.613708787672964
0.587346221677164
0.645536288481637
0.496355759746895
0.60169704422561
0.462484099396383
0.6705056219893
0.541127563254411
0.570921907135314
0.653805459881579
0.799421496823441
0.621964767997715
0.736298255366448
0.555291345678008
0.533345279228719
0.688045415701765
0.646464311093514
0.761967394298075
0.736249985034281
0.587150673698097
0.636056236150106
0.696715045691695
0.48846178111508
0.639885468917167
0.555609624781956
0.596098520616811
0.557882754451696
0.536591066979459
0.629196892946393
0.511602011672151
0.651266284690048
0.792501528263985
0.581730537600319
0.723638456878418
0.773281060664167
0.683087147716357
0.63922400483569
0.596543020006016
0.599597945866588
0.656430186629035
0.798736196158157
0.668541122279419
0.548261785368564
0.698381960308034
0.576898830888722
0.501857268861574
0.637995097060243
0.585399277858175
0.778124801716239
0.693705435355919
0.628669803059394
0.547559708730703
0.610972848589374
0.74028026193882
0.682589222322181
0.765329122580701
0.685016182359201
0.738441189725177
0.861403633584342
0.810047330093161
0.562270214145955
0.783556979484392
0.729260395843155
0.786568743137176
0.650917125617234
0.710323219007018
0.766785828893829
0.733048569976155
0.762668514722492
0.750834628861128
0.665380732372029
0.7230542487815
0.777919821811666
0.696425829516274
0.678280795591792
0.727650305341889
0.628686936816975
0.725423901427027
0.751364826813878
0.677119313981606
0.697307500999685
0.657651729611659
0.836662222585659
0.697337995471324
0.665991362005271
0.739642261051041
0.621378569281909
0.659272918329019
0.746616313304549
0.716079663757643
0.751422892666344
0.614704850293153
0.649743081392839
0.630559359460647
0.790148240161809
0.73101093077742
0.871637455901225
0.778640747962372
0.747296914040696
0.882964516214314
0.690466447472664
0.743597948678183
0.788897725341121
0.790341132331303
0.778844214473782
0.875409060099103
0.749597280264598
0.798359874744877
0.730144685257821
0.800651512712731
0.982867064863983
0.922526666410313
0.83937369990476
0.82553913161165
0.909914201294345
0.773930259310956
0.80872422006295
0.821242567123399
0.830640319245241
0.925896425753236
0.805850289104132
0.788603248996445
0.821793729612713
1.01044123822265
0.641818018052665
0.8373013311262
0.781544549001305
0.860236457346874
0.83529546847516
0.819579074604977
0.789405286775083
0.91870535100767
0.612566310835032
0.931451698715559
0.866124783971968
0.673587922223621
0.901420803529526
0.922109943476281
0.959083965790915
0.866050606324591
0.944100528520821
0.766924096260437
0.811550484161088
0.875967631275634
0.991062777968553
0.897120305212189
0.852818268615503
1.00255283922916
0.825363846195217
0.772166782508449
0.971572498472932
0.947925285883636
0.811648469610388
0.835570750098568
0.879916822265475
0.969877342651845
0.940160540107855
1.011069751226
1.02130441415518
1.01170744707367
0.940504011626406
0.815648800708199
0.923546962855498
0.961302200519761
1.05408384370224
0.935058285993308
0.947023860514259
0.970802114979774
0.919902363033102
1.01770177386729
1.0687419495585
0.945919237034324
0.886405857835475
0.827595020084643
1.01985063023847
0.971863558474893
0.940868858768354
0.90159200490546
1.07546260581919
0.946890976563175
0.954838207582657
0.924755800636993
0.944446067869601
0.883756251527102
0.912744228700013
1.03479208991918
1.03399565858626
0.837303302161199
1.06279227818064
1.00280539652416
0.818366021459097
0.911200573313839
0.929690506919487
1.10301523438273
0.965500894322518
1.08308397647356
1.01408158987576
0.895923781096598
0.777002908735371
1.01257443131339
1.09752269158208
1.13781831297535
1.08139445941281
0.927210918081707
1.08004507461019
1.02674897938532
0.988472844948852
