-1.05210973946058
-1.10920148446577
-1.01878966503114
-0.929329882080111
-1.04401081986896
-1.00426812141157
-1.08565511026014
-0.96470113308704
-1.16164339472568
-1.03082216887136
-0.966819063658777
-1.01858837678409
-1.01049107117076
-1.14535836457251
-1.13740373273646
-0.995753092155136
-1.03933377333177
-1.10309481207503
-0.847285992637532
-1.02731996943046
-0.997870989058724
-0.888406406511216
-0.931122628062438
-0.951541910606846
-0.89133350129869
-0.864035143305938
-1.01891570947487
-0.849850700916607
-0.924390514884108
-0.870749089407335
-0.940420019128327
-0.924368011083253
-1.00079573520603
-0.829225639832787
-0.877760302442369
-1.05809914963934
-1.0479176948054
-0.950324610560892
-0.88080213428377
-0.972342655765254
-1.03954116079354
-0.791318697404085
-0.993278299835107
-0.993569949830158
-0.94534129665786
-0.923539945288861
-0.992154552257062
-0.944262085897891
-0.874182108474051
-0.963545839561982
-0.907332981049115
-0.947815975933747
-0.883370797378786
-1.07004959050183
-0.87528919387606
-1.01744251890745
-0.911734866221333
-0.737085200302957
-0.787650980267833
-0.879839900240281
-0.888915459889066
-0.878399632700998
-0.714579996525521
-0.878823861816314
-0.952140878043988
-0.846111755160712
-0.953522595015238
-0.985560535443116
-0.983705008204154
-0.827485947750048
-0.777139693838427
-0.859156787283935
-0.803176985527415
-0.830357912082328
-0.977582001924922
-0.871106095590436
-0.879553270640659
-0.652821494280867
-0.858498274515988
-0.73344615872791
-0.704568292487659
-0.738333201205195
-0.855153598703004
-0.880802562775858
-0.989179382465701
-0.790670795573432
-0.801367613796506
-0.89656549049747
-0.79172062761698
-0.87030831357533
-0.769155078318627
-0.863350161937048
-0.938851162311193
-0.807068247223017
-0.803236132878985
-0.722084359613121
-0.723081626512121
-0.741259330674922
-0.698075303760892
-0.704851235068107
-0.85422787930113
-0.747955097816164
-0.624599862358792
-0.897628174316585
-0.808388223696986
-0.799933852838208
-0.868174213677663
-0.787387380307953
-0.756889996253538
-0.706930425889298
-0.696229733969202
-0.806242446770921
-0.717734816394475
-0.873065979305887
-0.697873859025726
-0.905447130266374
-0.729159889480873
-0.8926704934003
-0.657580882335791
-0.892176965036272
-0.722753677242224
-0.806107410081428
-0.837052827355625
-0.973734090254351
-0.765755206724925
-0.849748046517604
-0.741353546271315
-0.639038602855128
-0.708768129113813
-0.669164944885597
-0.70770632459304
-0.785303465094831
-0.812391495366262
-0.883953344617292
-0.897654490993234
-0.803170573748334
-0.629379535769082
-0.624745128456519
-0.745308383968985
-0.685030723527691
-0.812063779601177
-0.463279017589816
-0.685523230815876
-0.765144197311165
-0.644069376849861
-0.521057640680978
-0.885287446025245
-0.551096913301964
-0.685082066954021
-0.610813875384296
-0.819174489224195
-0.683633326440598
-0.811622453333304
-0.710488194001971
-0.594837811702342
-0.654620042549371
-0.577675761825574
-0.626753754599343
-0.604026768160956
-0.684687797142503
-0.619761211244548
-0.71825562228277
-0.611534916580625
-0.531593906102301
-0.650246921865579
-0.603886333635917
-0.708000899209771
-0.615438252466342
-0.582873810681506
-0.69535207327101
-0.762335811991585
-0.604644847770654
-0.65676891198064
-0.659269387530151
-0.5885654297695
-0.530572491330802
-0.5655966779803
-0.589197125830009
-0.643109803901441
-0.670332334368873
-0.727830893748909
-0.693318666361544
-0.432235353073658
-0.597252139309124
-0.612457470437684
-0.703844244777758
-0.584347049193003
-0.583426343477482
-0.738356353743206
-0.594950071716465
-0.68301582553001
-0.595138623720666
-0.728364750128608
-0.690797599117891
-0.510756503129784
-0.672644556361409
-0.648213926540921
-0.681482120961762
-0.738577361107009
-0.501935607044986
-0.670952428255719
-0.623639456292301
-0.629027200905758
-0.615438276019556
-0.586680767772771
-0.516476525772942
-0.659697433040483
-0.599660694607486
-0.622754200438896
-0.516869220119079
-0.479316728073066
-0.496956217229054
-0.575423207874923
-0.492995704625823
-0.510598561358277
-0.540523235691429
-0.46452154898903
-0.510565688548179
-0.60690604822823
-0.590114161063396
-0.543563300373699
-0.604612628413755
-0.606013480608521
-0.511888469994331
-0.417035643830382
-0.572173405610067
-0.487067487791676
-0.584924310456436
-0.522411681610062
-0.469126844129363
-0.42747345504658
-0.590473609452328
-0.497636517555767
-0.512443998658003
-0.523048081899466
-0.484416838814108
-0.553542960058057
-0.513280500432253
-0.592068232766419
-0.530424489395678
-0.580670765514996
-0.570276175804232
-0.484397713602322
-0.609275417847088
-0.524443869997059
-0.525280073682127
-0.497613083443466
-0.553402724806195
-0.481851650987612
-0.552962817929473
-0.503092244641403
-0.609368489674514
-0.406218463506788
-0.611123727083548
-0.476783309151178
-0.585682935288965
-0.522123055722428
-0.54074711605619
-0.469751035407769
-0.520091164803133
-0.627489942782212
-0.626358540644965
-0.35792161248694
-0.55724113512137
-0.404898745635674
-0.473458777730007
-0.417388548198073
-0.528796440189075
-0.430430343544718
-0.400408459367692
-0.319081001689595
-0.448958821363074
-0.583881842789314
-0.44641193729096
-0.41295614265269
-0.319870314700685
-0.465126896287143
-0.495246528216482
-0.517988802625215
-0.418558222990084
-0.471789642635532
-0.525531674877004
-0.317886030614501
-0.425891657373122
-0.424924623437218
-0.370455562493371
-0.38506762917019
-0.322060369327075
-0.333908105821366
-0.335236863831856
-0.44133631403755
-0.269167669886863
-0.30668365976066
-0.524969157733234
-0.36935657493286
-0.388031293557645
-0.452976326372589
-0.252687154998826
-0.44713034496906
-0.430666559559423
-0.418385342707174
-0.378427415925613
-0.385567915904195
-0.470543656804172
-0.334268607997711
-0.390275010821162
-0.375550702375215
-0.468347269791709
-0.476630284191902
-0.370883512265049
-0.42378369116479
-0.307062446706478
-0.303202240965366
-0.398060406741009
-0.332839841381734
-0.317193693755553
-0.418856028978281
-0.169740539479066
-0.432954431691086
-0.24081101403371
-0.403788562870441
-0.404368356910327
-0.414295116200374
-0.40609178916227
-0.35477535896408
-0.469022945180526
-0.141661567843565
-0.335916395069187
-0.349545403339455
-0.160479887332424
-0.331619622779313
-0.251263741589059
-0.34496681734335
-0.318698582608815
-0.346912542952012
-0.430394940852893
-0.351693128031358
-0.428821389632132
-0.409866609953504
-0.229393730854654
-0.342119788991087
-0.36153964945729
-0.227312486480794
-0.44266894503692
-0.362378468376971
-0.241596174842193
-0.34993549146412
-0.50346540004359
-0.41870811906939
-0.209622363975651
-0.306474869569057
-0.296710827153457
-0.21650874979447
-0.282890924788704
-0.218232622472811
-0.264704824680131
-0.314391368365317
-0.293782448341594
-0.422704904467552
-0.217231446358363
-0.384242378265643
-0.381241506962499
-0.285260099622891
-0.26774471537173
-0.195078486355832
-0.403202850939192
-0.298026832787429
-0.317845591239492
-0.150193700356173
-0.190885347390242
-0.239290015478492
-0.297095461491461
-0.288047026580137
-0.412676014603272
-0.267007350042607
-0.21182446704677
-0.313850906130183
-0.272336268354337
-0.309000782633287
-0.358987696443891
-0.283823297818273
-0.242583937695583
-0.361916523309042
-0.242800573995868
-0.348694543759804
-0.326625573396888
-0.36814063299896
-0.182102641244663
-0.222191416776513
-0.218309442622345
-0.187995533753821
-0.159247117275169
-0.275772488605058
-0.059716865135099
-0.371141905979693
-0.212806975988971
-0.211443477648522
-0.136633351489741
-0.299391418011886
-0.330783334481428
-0.251594408266589
-0.110884111950918
-0.197416952998011
-0.298158906838997
-0.344138831216559
-0.0374918989245775
-0.0600665159915181
-0.349450087516549
-0.212907584344466
-0.228892435329379
-0.273242827888189
-0.0550136437080848
-0.172375146866881
-0.251004493728537
-0.20666622099831
-0.162591050706083
-0.226214695776235
-0.168444498362529
-0.0610761273030863
-0.163458867133734
-0.100583290860335
-0.19661966464441
-0.133176978840915
-0.174419610363145
-0.205492119929705
-0.068134558930534
-0.103571727842113
-0.172452857804353
-0.0822355130855271
-0.0188819169975815
-0.0993700108200887
-0.0804884580998733
-0.252635053719146
-0.155727496925523
-0.0830620426160596
-0.0505375896012638
-0.0939170862308558
-0.0535031292885952
0.063094604679551
-0.00782674800774859
-0.242394917408731
-0.121761838785018
-0.0650631996848842
0.0832861472205616
-0.14665994696098
-0.0598330219818483
-0.14039082977075
-0.0626043428916521
-0.0744970443749057
-0.274541623157761
-0.129438233693918
-0.127016232034311
-0.134950029668887
-0.213928613382991
-0.0184530306255394
-0.0917497730746486
-0.0276326296594623
-0.0352195577576855
-0.0422972420778666
-0.129344107919112
-0.0848181915668955
-0.0231751396054355
-0.0291265447874743
-0.0355734656989508
-0.191774322429345
-0.103461461562949
-0.0377874579039323
-0.130462276775676
-0.132133300840611
-0.148419005870269
-0.0882723088746965
0.17358420214557
0.107951203350516
-0.119744005583086
-0.0169602163179174
-0.0417081543536343
0.0492415119669549
0.120807362720013
-0.0157689823746416
-0.0586032716028207
0.0107492619072437
0.0910167008513802
-0.0342459983667024
-0.01991966657989
-0.0151376639306369
0.00827500323776328
0.0468283875038232
-0.0947496462715187
-0.0572738621727001
-0.00694773806169978
-0.0137514910932277
0.0114860984536951
-0.131196780009896
0.112197701315812
-0.0422361793543583
0.044461658883408
0.0163964462179257
0.0276856716289202
-0.092237017077366
-0.0339735720309431
0.00645264635529887
0.128474312342101
0.0567793854003584
-0.0441995943548091
-0.124097935560358
0.214811093664218
-0.0291712662810091
-0.0277713679074281
0.0934131930751708
0.131017453705916
-0.0298603345138975
-0.0245074495090988
-0.0755063119791343
-0.0179232963850389
0.146273453830225
0.0389588638010175
0.139273196687235
0.0404750457407006
-0.0486973603960879
0.211902935542194
0.123789457761628
-0.0574693273886933
-0.0891118995509691
-0.0487126263693027
-0.0640391512998568
0.0311137566170075
0.0952570684895967
0.176205394763537
0.139930332622323
0.0507841021337736
0.0548699355337693
0.0609075247466105
0.0455873450378043
0.122131479701434
0.357961483052876
0.121447406955142
0.0847119178709238
-0.0274276660065685
0.0683686247300402
0.0876303555338813
0.138003331850285
0.163530385976901
-0.027496888441558
0.0691029475604684
0.215621039204041
0.0752053852177546
-0.00193071854518643
0.119293605871924
0.0366774641851663
0.109271426218407
0.0948278262844597
0.111114950191617
0.168326941362378
0.0501748159843192
0.056319247210022
0.1034997314402
0.0412651314305941
0.122865081824845
0.129808301547511
0.120023786485422
0.195961192895709
-0.029103396505115
0.0895247999139184
0.164857574755174
0.240327874957873
0.0466819905337534
0.0402769062472316
0.201689716246531
-0.0134022068115878
0.2025302241078
0.015385323282626
0.247928786342561
0.188687877456622
0.144256679458059
0.125522763903979
0.0985025839333215
0.256668964622141
0.0505735982819081
0.225530074293143
0.0136617365224301
0.247580270701455
0.240369946397837
0.112031508223827
0.0721991073738038
0.346339140517211
0.224622111053981
0.223662999573373
0.177321102122972
0.0738474425913725
0.0452762398757438
0.0999865538114233
0.0223162216400668
0.273434897371722
0.290594263653211
-0.0190090319378073
0.260386552183405
0.310911759768541
0.228360824367218
0.230662108977757
0.208959163433245
0.134665170991978
0.158659364811157
0.289552278430147
0.0873245472024002
0.322668436084335
0.280778249475952
0.184214750553207
0.220823116100544
0.243901743644217
0.273399647493251
0.30989992239238
0.101486784951089
0.211782425261669
0.262440603644099
0.256835200579287
0.410364108756744
0.253572147515644
0.223095417745993
0.271739757335193
0.237258625524693
0.143378913660544
0.250253675794995
0.285728885240358
0.0740843256495512
0.191771027137863
0.249763211133155
0.382055134230454
0.170871226825137
0.362737175078002
0.368972389402879
0.269870474403248
0.15906018101101
0.276033348407291
0.250101581843537
0.32136172733975
0.189529587250329
0.384052470627612
0.417799742522045
0.288711399490614
0.256698693763672
0.257859354415174
0.2253018855981
0.393060431419807
0.460712540245721
0.320637993627615
0.184370658248044
0.139364364771012
0.434498335548476
0.308744001139203
0.228058559338337
0.322804581078657
0.245039816543021
0.405569545615555
0.272602462261883
0.292158971559143
0.25411115026786
0.230924837093734
0.398005717746569
0.303639466673564
0.478710361488645
0.282282203477402
0.363540529648671
0.363036840204335
0.389774743123228
0.311037173734795
0.245508715025033
0.413340500361919
0.306545757883206
0.452124374615426
0.323096066458009
0.446279713365701
0.361197624512817
0.285536544482286
0.364864917658288
0.466928426279493
0.427610958093986
0.420406938475393
0.361899088600876
0.358775938809722
0.303029500305738
0.163032680933788
0.438596173345421
0.201374785150009
0.205035938581653
0.43370759373491
0.437515352363789
0.430691458913531
0.341626894831664
0.356397656365166
0.34322887765245
0.369615365466123
0.370261454223863
0.333357559966563
0.371643182884632
0.379981250903478
0.355104160282804
0.28838839010116
0.364229361819749
0.456629093099361
0.373959946496486
0.439250042180967
0.307859407116657
0.359615664442132
0.305053338403544
0.235768920121723
0.560731832560655
0.4619869420237
0.332318888819595
0.430178417925633
0.533069339686844
0.430001284957568
0.450184195759606
0.334640516737888
0.34270247759248
0.398562785206282
0.356802477790482
0.305999951832618
0.400955273929348
0.284126144715775
0.432101279957836
0.507412918314501
0.471190596374386
0.497173289160168
0.475026613228095
0.530032883977196
0.453016315456923
0.502907566467004
0.421034891299014
0.635241074057451
0.355053144874215
0.52591788727394
0.427052850833972
0.417525853661568
0.537928091805977
0.43934835406706
0.538169668937613
0.509791438488444
0.327819646684929
0.37712900854035
0.433661245887989
0.399903214862345
0.595398796807187
0.630997154774238
0.676882527663561
0.442964954651856
0.480467355526877
0.580796206900005
0.502733878525389
0.424719433675278
0.510728975379774
0.445644872869946
0.550626503535145
0.503340342994335
0.640750828320982
0.358415031853124
0.591657420719302
0.547186688249457
0.46653061661497
0.623119777571937
0.559118315695689
0.584164048742307
0.661554417790739
0.521848855203376
0.438995508108243
0.464926558209179
0.604348646243112
0.4836415931523
0.479524812551988
0.591534367577667
0.562664657872306
0.531322067917132
0.577945858507679
0.491585587900972
0.738168868428539
0.700376506769606
0.391753346938321
0.438265296320283
0.563673286909745
0.574305666773876
0.489641156321038
0.383412205467728
0.456696609786818
0.558549762878454
0.578662794256981
0.60444974109429
0.423314534866121
0.684038628854603
0.629687868654639
0.574124925095604
0.543466761192602
0.688219576620864
0.438273437339496
0.367824796274209
0.529529438016774
0.53780402237756
0.53871491324071
0.471832408794051
0.451840660416504
0.578752240371621
0.562747411417784
0.842283333293423
0.66947005929753
0.583467018965667
0.613001966000083
0.693246297238387
0.617366875107151
0.662854639490383
0.651881858053818
0.586163217770669
0.595565962313951
0.567412144015589
0.690999104549604
0.513246439362649
0.699050999666663
0.691595196244515
0.657648075481987
0.737571213330066
0.573868451531283
0.701863160387421
0.650117910678992
0.674800256354077
0.591294994216633
0.72720081511883
0.830290566488012
0.812018229345321
0.659893895675571
0.622964222133837
0.668011367462097
0.801262152245547
0.649763747481921
0.716190264595289
0.698984900132119
0.653758481119045
0.563225818794744
0.588650934793526
0.637150365480483
0.56400650353973
0.802175558840106
0.592655480554901
0.645967925499878
0.478715435254401
0.595782932372474
0.664079454846139
0.521409782687656
0.673211808446762
0.655565820414685
0.738957237950156
0.614073367359505
0.722763018138766
0.672692515016309
0.54675140499708
0.601771623139091
0.742127656717143
0.815558213056516
0.82223386946314
0.712910086409476
0.719073856736893
0.775747223029984
0.649881097452152
0.619913010047051
0.758890771454509
0.731812333041861
0.736202253431916
0.738387390933296
0.818503991285187
0.66750654816307
0.807264945822215
0.789008650221975
0.662786301461067
0.656987806051612
0.669898437397558
0.6997222126778
0.837998433157264
0.84768363526005
0.579879843192999
0.709069940370523
0.87444809619889
0.774853661010131
0.819238065619664
0.651229984466821
0.863552286970451
0.786609461395657
0.828799435511728
0.750291598529023
0.770082470460937
0.901289295792775
0.65386438158442
0.840575814040443
0.812901586532004
0.778196265759446
0.729378053585216
0.783010472735028
0.900770573853039
0.783875497327829
0.808414182945937
0.767246887944158
0.78349250030517
0.739841977441523
0.770245402023939
0.841738586287308
0.691899390974083
0.602586483373367
0.959023695246299
0.700724157338362
0.90536373217273
0.86248675501203
0.848809267949081
0.708505149444158
0.830086246433399
0.888975196544465
0.731988564286967
0.814593083657451
0.835977647739805
0.89180261591001
1.01157030567902
0.862878748091534
0.653252855836941
0.767666212974941
0.790525001916585
0.893191391194523
0.796737744318611
0.852223678965956
0.858982133675695
0.842014002728606
0.724198789726754
0.872544282836712
0.825476996975098
0.976140084267068
0.902908726649444
0.741098934457876
0.967204635189767
0.841354183887602
0.828953156470768
0.735653302740324
0.829572420872438
0.805919847369306
0.860727972970292
0.933225460453859
0.871695722900818
1.04088176326132
0.868772697346142
0.880650754048136
0.675213134387717
0.986115639780045
0.956681300231728
0.950556778650802
0.845660349412007
0.941449976393345
0.857242276008357
0.81919086965758
0.839856515402694
1.03222006936986
0.965103221128473
0.865924680578357
0.907488384730249
0.874839080109489
0.91367160478677
0.949042011312712
0.946479298753779
1.03501827943614
1.01131688601981
0.88473921771992
0.814558175668239
0.83742473799409
0.896592163295056
1.0236457664697
0.925872739723308
1.0122368196945
1.03189192832473
1.01053518188202
0.885453164080431
0.829542415592036
0.894056892871067
1.0143313584046
0.846136059823873
0.932571876997801
0.956619774441005
0.901332557306774
0.840487135142426
1.06850213150694
0.914442071798332
0.756397230752929
0.887124634867416
0.875609353594584
0.993474050664888
1.01717534073179
1.06173641538154
0.943740520627482
1.06244119362619
1.10190567339041
0.968531174707948
1.04622658116344
0.971506164236903
1.08720962719198
0.977933241025606
1.0203521570591
1.01559899538306
0.925954599669033
0.953364343311155
1.12816563701717
