-1.10311984734898
-1.02806818018969
-1.04979936770147
-1.01931975690824
-0.922391543263579
-1.00736926120498
-0.905601997941889
-0.954057252635623
-1.09983142406393
-1.07487375844919
-1.00382930446946
-0.974669542193808
-0.912254799136633
-1.05108371773099
-0.891494006998866
-0.982976900379638
-0.922488604216392
-1.00070543239815
-1.01791011756426
-0.915946355004529
-1.09694284689498
-0.996379250177727
-0.90822181168328
-0.848338381056192
-1.01578384841931
-0.909944341004052
-0.892286138777634
-1.02564209924823
-0.963368435785993
-0.922295965391874
-1.05318868774183
-0.86323327621727
-0.904037221530047
-0.793514297800741
-0.86269587880703
-0.896134022371257
-0.805195484721764
-0.913213285797934
-0.888765059970775
-0.967901924180459
-0.898860831476395
-1.07428286254715
-1.07156600028055
-0.94412130512869
-0.839352302630138
-0.926036138092988
-0.999309522258822
-0.841498199557144
-0.796740076983107
-0.89008485299511
-0.877020850671047
-0.887545412810276
-0.858158069980103
-0.842532687558899
-0.85444944985774
-0.815561396678939
-0.906699920570958
-0.83773592908529
-0.982319622721325
-0.967474908374282
-0.84055947278959
-0.884212628644981
-0.90021199373375
-0.854474344559934
-0.870568788165598
-0.947270854777026
-0.920802042382037
-0.817022773830303
-0.911542834095854
-1.03098453103604
-0.948505607818004
-0.905969208335522
-0.966426586669501
-0.800597821704792
-0.836888464452906
-0.871225517640372
-0.898374447889365
-0.900751363696112
-0.883393051249263
-0.669102246941468
-0.8978851975753
-0.830903383614415
-0.842111911330594
-0.851108626386207
-0.923993642229865
-0.846712384045203
-0.78009216196475
-0.882814882780021
-0.805044626194192
-0.915669685791243
-0.787511250623197
-0.725700200376451
-0.847176352333147
-0.839090506831615
-0.783325611160252
-0.85939794491621
-0.853013807116761
-0.711339128219691
-0.798459092351734
-0.725424334138703
-0.834126668797111
-0.757438133530383
-0.734693851060272
-0.697477114599886
-0.720187040164684
-0.872356874289009
-0.640137370290161
-0.712089037532445
-0.740017251254427
-0.807506685332678
-0.83709134823123
-0.877294121204413
-0.778384029620142
-0.800839930130502
-0.855353030868717
-0.822163751077828
-0.896127111127859
-0.586312695503346
-0.78161567211533
-0.752982035951023
-0.760518752346943
-0.8872393849702
-0.807012019609762
-0.569249353978418
-0.453207656716421
-0.649669803856437
-0.717836048649246
-0.738032007894261
-0.766698039252322
-0.813376535875007
-0.757201673060976
-0.733073026217978
-0.755659617285497
-0.712864189353156
-0.643413015138438
-0.80917396512082
-0.823517455780766
-0.825147205847027
-0.560262044937828
-0.698796485713407
-0.647008181553482
-0.741954662576398
-0.702365286272117
-0.69089956138184
-0.620343620149623
-0.733176864212784
-0.800394035052113
-0.766950123829933
-0.65868496561112
-0.565431807275808
-0.547796483820113
-0.652065133873055
-0.673415360272429
-0.60177317599659
-0.730874492577607
-0.69431248368501
-0.835309350890984
-0.763113015933446
-0.589937158326643
-0.660601930719898
-0.702073223753389
-0.680469910464302
-0.774008044594294
-0.795083625648326
-0.6957857970873
-0.813948768559514
-0.6145953334881
-0.563714042950876
-0.688831674974558
-0.530509220647366
-0.630722132734328
-0.637042189466118
-0.632773891532233
-0.609662028377012
-0.637294118539043
-0.675206986477166
-0.524935690638947
-0.584199269119807
-0.542473796863199
-0.738034941224045
-0.678827400719157
-0.680813146472206
-0.646699674041761
-0.59628047440505
-0.585021513993334
-0.601381340895598
-0.648396436737718
-0.675700678412284
-0.552336395557692
-0.701322114561348
-0.610989247419687
-0.610751422327152
-0.596289311085406
-0.460712949678784
-0.587210253246826
-0.632459571765011
-0.603195034308455
-0.617659727211015
-0.658539109866441
-0.541194546191387
-0.564982349968445
-0.596611623093062
-0.673531845891769
-0.618760250761549
-0.470355708435919
-0.643648480982153
-0.559522908968811
-0.555390732547108
-0.441123772402376
-0.565263702251161
-0.608349949786717
-0.528523011973168
-0.443618293359876
-0.512151692760793
-0.544653662848924
-0.508262423558569
-0.38882122955439
-0.524220990032326
-0.569966759370423
-0.491558739704947
-0.580056046997799
-0.527211674163567
-0.713187163817948
-0.560120527154967
-0.579006804545233
-0.419942252338255
-0.482594024212783
-0.677631561655877
-0.460523985116232
-0.560129986944131
-0.55150575898409
-0.593221320967888
-0.445398037824102
-0.574970261521781
-0.527258288822843
-0.528639727048613
-0.372210025589903
-0.431685093784779
-0.522264673873632
-0.520529478359623
-0.492688365087619
-0.544325694082526
-0.676129871133931
-0.561559851165828
-0.442850839454838
-0.665604127596377
-0.312260866981581
-0.592082094735424
-0.510232724846846
-0.538461402621198
-0.396471228721977
-0.644735307775333
-0.345067536282835
-0.700166605726136
-0.582509350739173
-0.463267997238727
-0.486842564759785
-0.524778932423555
-0.483872551603556
-0.499388587856082
-0.436221565663615
-0.500164585949603
-0.472372042666347
-0.292438237170593
-0.519030917203668
-0.619200173973367
-0.434835043080621
-0.42672669669682
-0.506539858695271
-0.493779413137428
-0.322883353094911
-0.372738631882754
-0.529196720504328
-0.567545226625887
-0.373246592726003
-0.366993217400046
-0.365142676585274
-0.430018267328475
-0.589150376109593
-0.494041342614317
-0.54166077643827
-0.301446040266985
-0.552605308393189
-0.35451892205782
-0.37983998129254
-0.310919479732473
-0.328723274542086
-0.625859057964433
-0.364871659106591
-0.536870738091129
-0.667628957626489
-0.3264180506986
-0.557140349502584
-0.466264798024985
-0.419943527047828
-0.417548778800533
-0.393323864263139
-0.434023133423081
-0.408270497803819
-0.312081005850095
-0.326210550609783
-0.543631987658658
-0.420234043752489
-0.514918566217921
-0.479449803194348
-0.374981334675752
-0.368332391951543
-0.313040389263991
-0.4521444580282
-0.295375639885008
-0.448281477044777
-0.396425280371981
-0.359230054139374
-0.421611763317359
-0.308449184408611
-0.474694296574033
-0.223022720571977
-0.232851093072144
-0.301735667608688
-0.461579374364775
-0.337154503313953
-0.429402624269491
-0.394710627065023
-0.349978735473155
-0.476487827827971
-0.316559261493216
-0.233129936754327
-0.300346506247782
-0.406808525560786
-0.313080354222701
-0.361865489849902
-0.325911865874403
-0.300962375544667
-0.121738602997154
-0.399896158396021
-0.29808221764064
-0.325902026047097
-0.39393102538458
-0.524103475417739
-0.349769331970449
-0.44018472380991
-0.183273941821655
-0.32826361169033
-0.342316466902475
-0.208650914396556
-0.148409299829261
-0.345140368381989
-0.133054131240641
-0.400524521437467
-0.284274776082236
-0.29082255802479
-0.415903749731016
-0.0975629537634414
-0.202750306267457
-0.334926476079843
-0.321797987350302
-0.329548782978653
-0.361863026115233
-0.315262374065272
-0.328696560078886
-0.284690320693008
-0.421215261459147
0.0189484840094831
-0.413076323630451
-0.191222820836631
-0.333200423316973
-0.298748366376677
-0.110835862188806
-0.350133461811736
-0.310333131148567
-0.275478400833608
-0.11256709580933
-0.199710841599322
-0.132799071177845
-0.213577027594817
-0.209398646004735
-0.187026648203397
-0.230308766503511
-0.261063299570313
-0.440946944737073
-0.245893009533583
-0.283267438979185
-0.2068737403401
-0.0643410656134166
-0.330210165268357
-0.186316538906775
-0.329164219935167
-0.250280496402471
-0.302333388054332
-0.313327810864018
-0.260624364065035
-0.0840012460302621
-0.116988383515633
-0.169301187499097
-0.254394823911452
-0.172703703050512
-0.245392917305814
-0.326602941681537
-0.191207742038517
-0.276035316361073
-0.174139540420823
-0.297608677440745
-0.137895492005932
-0.34648521825063
-0.198994602070397
-0.221060426944645
-0.256295686523168
-0.13397486003614
-0.196259403979807
-0.149049476159024
-0.157946182921848
-0.0834463546610189
-0.0165386018374247
-0.173354704582079
-0.126639881105688
-0.0214321464578831
-0.223222748345382
-0.222338042936958
-0.187213668669342
-0.194690941153486
-0.0719439613183178
-0.220670786565746
-0.144425684274995
-0.071264787551007
-0.262365406872263
-0.206845243330999
-0.0945963445407472
-0.0573648527331262
-0.127360650190542
-0.140654426288177
-0.147678268819532
-0.161585808961886
-0.2680471180692
-0.0859721033760091
-0.0956995125261201
-0.179935045823747
-0.221996823277245
0.0189185551800418
-0.188084074629641
-0.163255907950803
-0.10362039425087
-0.115177083038378
-0.00815344839287171
0.000471648235152672
-0.136518382126142
-0.164107823519828
0.176184173844085
-0.00856246942187092
-0.04773306326233
-0.278893062103743
-0.202935665202379
-0.239805120585821
-0.145519723331161
-0.168429646810763
-0.0834082493800447
-0.147590554627502
-0.0410921807654176
-0.109285298244123
-0.126638540742395
-0.117569252059017
-0.0577980620758637
-0.0297369620711301
-0.1291839232871
-0.140482484916898
-0.134780327898172
-0.01467050390336
-0.0324071614035406
-0.0754128670458073
0.0141314954121736
-0.104330310648757
-0.0403476688028352
-0.0489110874150353
-0.143691867566603
0.0523806227845125
-0.0504438397828543
-0.104491694431769
-0.0585209652326673
-0.0205647001897815
0.0300325140757417
-0.134459886789595
0.0712775089423804
0.148758190880802
-0.0891022489514261
0.0834733810110655
-0.0686303630186589
-0.021811612888179
-0.0883695761432046
-0.000466439676025044
-0.0509180248790706
-0.138758505422725
-0.0145742750003954
-0.0814046762450257
-0.0449320028123403
-0.00525976285136788
0.108833161435942
0.0758013588758025
0.0111225819857283
-0.0649885051754398
-0.0256320682710686
-0.098558453064996
0.0283178837036396
0.105019595762024
0.00936969124763248
-0.00446519018010412
-0.145055897179836
0.200640862424847
-0.0984265547105314
-0.193347381683196
0.0867443941614964
0.00373394055220782
0.0540414251870463
0.0811806451967588
0.0610517723892857
-0.00399392784142726
0.0456237415757559
0.0419993501040307
0.103088755410781
0.111504860366118
0.0719203315296162
0.0290667937047156
0.0610404597114269
0.0742075915133563
-0.119084162160877
0.171235810708904
0.051785050116697
0.0243934848106706
0.145878693044262
0.110064909178545
0.0566007421674855
0.000130494781742854
0.112320704929197
0.125904919009559
0.0981461709645676
0.09331522740895
0.18861613267334
0.015031512597619
0.0532104796722866
0.0232885988146825
0.149622637467263
0.143987473231512
0.112527097292836
0.256227880392992
0.107960878005994
0.0265315521162657
0.0791760890674164
0.140515943690751
0.0799703546440899
0.0474960822419949
0.0318865077852764
0.0494976494639167
0.129962597242611
-0.0191614160395609
0.0910796408694227
-0.00821534064698194
0.194915011411778
-0.0505421812411585
0.155492532975502
0.166618687098011
0.0968444860372135
0.276763924291082
0.286918674673228
0.222708223111196
0.154327780892649
0.127988294048336
0.0635598139192663
0.186321667031874
0.0522556755623609
0.0653578846949346
0.183528017751149
0.0199057647363112
0.183562724938146
0.139209263883304
0.063427097727644
0.123828745174059
0.203004028771457
0.0843521777431816
0.263814160370378
0.262947901073975
0.126578293461219
0.11122611242979
0.0996904193864303
0.0915230971632899
0.207340618716994
0.182409659928362
0.145188402953172
0.234335266724807
0.0627179026791364
0.347185297208009
0.232402996015742
0.134739153712158
0.200549770594044
0.107556707567653
0.192496350246364
0.272958951513728
0.0543313129631315
0.265462067019693
0.168077268913298
0.0192762651877942
0.153320275944071
0.132212061775568
0.247305038626673
0.15116622239333
0.280662354087486
0.265369736707801
0.142791318298848
0.372471740827838
0.320731509739207
0.0717309744303894
0.163868660082015
0.124470380017862
0.229608613375875
0.258262172927494
0.247409359648093
0.304395693226423
0.31230662014354
0.252481287875264
0.282020958265729
0.304910060477858
0.273470602909525
0.144954062911588
0.175124704413004
0.2545501864797
0.194572718682738
0.303725275330406
0.270969724485951
0.327817795376201
0.261700351369429
0.283219648016939
0.25821167805988
0.307721940197775
0.285517047296984
0.326444245210698
0.276675242769477
0.31861493464392
0.292936974446653
0.233026610784177
0.31782133322245
0.328326488389282
0.28176520822331
0.219573715675262
0.287388217806729
0.321323828299937
0.394667718681476
0.444023833007705
0.274561821837463
0.264817520904208
0.283108071014316
0.382750979095802
0.308919051807209
0.132472460653535
0.354178023754828
0.19133761537596
0.296013529962434
0.249620254652514
0.250406291086883
0.373932825152294
0.37979776867127
0.439957722181657
0.224640702973767
0.343602078753186
0.281411621688485
0.299421329810019
0.241055770815102
0.258011561400043
0.222780258004918
0.408255902440068
0.425391242567879
0.207068191524099
0.339318709980045
0.222563552680905
0.249591357840695
0.189787751146509
0.272740607948933
0.420680028354423
0.382366182146907
0.352032920538407
0.29991063148269
0.254742190675854
0.45272464089826
0.422626869734105
0.586891781049211
0.506234061387112
0.309300717199137
0.384842682667405
0.469579855565911
0.367262269718757
0.426733449587284
0.532669150996924
0.324397655744794
0.353067580369687
0.448397606010405
0.369972588592922
0.360891292995046
0.49273589262576
0.399029397374002
0.2887866320982
0.221693510529419
0.446554395037385
0.301116818267121
0.30500221616777
0.370548959561921
0.339223131524867
0.423591984317727
0.447017617034497
0.321631091668129
0.414103740945897
0.272202032277098
0.392031904743418
0.334473753980445
0.518006699093423
0.445669912452673
0.525350042825787
0.380360844184365
0.382589773527416
0.275209080161922
0.434186988075696
0.540217015881651
0.390726113598264
0.35554848852494
0.463699681119495
0.487367527337356
0.480086772586629
0.375682283846086
0.477204215208752
0.518687271986716
0.484755468445189
0.304403187074322
0.423385778292628
0.425212974038821
0.586285236476292
0.535988317167293
0.378167852759284
0.419737660695829
0.465989684503217
0.433405669136177
0.490785382210316
0.368723699005915
0.459532830876772
0.467900367788095
0.58265517186216
0.544590906404441
0.600115965760848
0.427641216222027
0.555117888201924
0.522466140253625
0.530439966624288
0.492441082245579
0.61742538349496
0.554391686870704
0.50457061034463
0.357710261108371
0.347226740593556
0.501945129287804
0.393128437380752
0.576631142199279
0.445142850715554
0.573097137584337
0.534089461586413
0.469235847577209
0.698264940087162
0.645153062804841
0.646210749341314
0.472042427606606
0.532677464130956
0.423914719125192
0.564146572791641
0.529451570745684
0.512420302571089
0.6209264855054
0.590680704602506
0.551620491082685
0.502212080902254
0.663982254584023
0.602734903396079
0.53294502868749
0.506127851219592
0.642108047014399
0.587261717985722
0.632939719253724
0.350948361909658
0.502700230502424
0.698997946485912
0.542388265794953
0.659776408066874
0.586093594563124
0.636733286455256
0.609601368832295
0.701375086696108
0.604279922114123
0.650832591678358
0.708768478831242
0.542533619927994
0.553030552882729
0.582941281046241
0.483047430437326
0.543778547911214
0.539328735795435
0.610840867700132
0.630318565519787
0.499492799791351
0.619807884771988
0.493039675836987
0.683199224904934
0.651258796896029
0.542096618129152
0.591542246216863
0.492473046067089
0.528629440806121
0.637650395454724
0.637906824625519
0.574236106918982
0.652894716993221
0.555296568296197
0.706363847340319
0.771686384849749
0.436412997717493
0.53299954762973
0.546858838240856
0.641971817880926
0.638839481264522
0.591061689107872
0.581359668806057
0.648570920037846
0.632534326441208
0.675039279196882
0.758357390477054
0.604782827245688
0.77592109692802
0.490912078612421
0.619198152258093
0.720870963452092
0.730871129159562
0.617891665421353
0.560008186390903
0.732673880589807
0.839547593342797
0.595732287783064
0.846214413091186
0.767431638705525
0.629207199147552
0.698310784432228
0.849750148017076
0.768207481880619
0.611514818631819
0.652073689265941
0.674565101793859
0.667883172983885
0.653753644247548
0.5988883513329
0.72754902139563
0.541898442475772
0.796995150503259
0.830791746072114
0.669457089839373
0.610676532396346
0.652843083276743
0.705600093257922
0.659515506617051
0.649295677169507
0.650657195227108
0.677723320582272
0.60348349726242
0.784285970464303
0.715859897380857
0.669278229412164
0.721950084332708
0.600685331786715
0.570313077820348
0.712495072176955
0.824521051372387
0.779737103126336
0.782048295963674
0.628218902487194
0.783180591724347
0.505662090127513
0.859273978475998
0.746641506806777
0.807115348658431
0.66535825052074
0.653152243388522
0.632210487456407
0.856147263921795
0.654008671859719
0.863163492501685
0.769168283118595
0.728814232116674
0.797234773998442
0.669808150999443
0.756289111328082
0.782718280309198
0.686192860176309
0.717779789511888
0.783324239401697
0.739560105098738
0.757210448526006
0.800824317078731
0.818866111125477
0.803464549994902
0.922200921195745
0.819011225592276
0.872672893531745
0.856766364876654
0.842939757155303
0.789480409341485
0.767152296734571
0.621848349030345
0.915781625971617
0.875842942077755
0.89502117013834
1.05169438689227
0.892181622224728
0.849831693795548
0.760971453029268
0.814949581128291
0.919083410454555
0.764224347490583
0.783210871042649
0.871222421001982
0.971067411888546
0.844369596683372
0.830788305532831
0.738080251634532
0.846479469401168
0.899301345257686
0.855087185993017
0.896962687575899
0.715194006676594
0.730831224050163
0.877922512916554
0.86679933769107
0.948711958350785
0.819753283023382
0.933116844077718
0.870565834889467
0.895216049543333
0.812036396845838
1.00498098114531
0.849726806964027
1.06291183218002
0.77652526375681
0.811274985180237
1.02165597905615
0.837125057247056
0.990430688670294
0.912622341779588
0.849584830820548
0.792437502373865
0.952160021194516
1.07349543577944
0.795295029572588
0.945670231286455
0.880811875118923
0.834230429170138
0.979878315711477
0.992685448696337
0.895958386527967
0.887532950105534
0.895097251785549
0.991500951941911
0.855173995496167
0.831089368587872
0.926362698802683
0.924562337609102
0.825766628402857
0.947560055644668
1.03428045544504
0.92382200460978
1.0203241909215
0.882630551879398
0.816762807602383
0.832332081831531
1.02107633901865
0.984883645965675
0.828773635159574
0.926389276584518
0.932285803751378
0.910350088163402
0.920060079748904
0.921772314976329
0.924993149420303
1.08095309264115
1.07424514556309
0.89212541079257
0.997861844140762
1.03207656165507
0.910782117810597
1.10885046287014
1.01566963761173
1.0663011518603
0.972274967110105
1.05643516833073
1.04133134502458
0.912487241358669
0.941164696845534
1.02021722000968
1.00948873424177
0.927431973555898
1.04947539777353
0.940677518383134
0.907583456766255
