-1.01723376914328
-0.910525804626287
-0.956016573492212
-0.928477018790246
-1.00782430931345
-1.09003777465197
-0.970260501322991
-0.832443451945481
-0.909988146669397
-0.959963352888258
-0.984094706985069
-1.02194957393335
-0.985246251330318
-1.0697577005577
-1.06287293968172
-0.971345122666331
-0.987577195147484
-1.17382128666444
-1.00819309296113
-1.00273404906338
-0.984204788593105
-0.956480078283355
-0.829615655124542
-0.950112229855496
-0.846627840300063
-0.932651952056248
-0.886506191880709
-1.04832809405675
-0.968950100570079
-0.762315191425608
-0.900373949867887
-0.864534876267063
-1.16190962745
-0.854843950982955
-1.0736962158977
-1.02955612137629
-0.837648101860642
-1.07207335956545
-0.941077105993139
-0.803795843891855
-0.969446525391498
-0.87831548671494
-0.692819934062487
-0.751905801609762
-1.04410880009941
-0.833176296644295
-0.979819161957161
-0.995533302385244
-1.08605310707476
-0.800175847029625
-1.13492013784451
-0.960778562655081
-0.950750823894401
-0.710079557208983
-0.936777036375984
-0.790392209901317
-1.0251972172541
-1.00894687610178
-0.74921586378433
-0.944711713751096
-0.808282896835846
-0.979721145226507
-0.823482371311502
-0.842900453485412
-0.84786570078605
-0.809575984622286
-0.812851851997131
-0.930362304075926
-0.825077669088429
-0.819283039359603
-0.902905316410052
-0.835451788590745
-0.950695464082597
-0.678271038444831
-0.731970576766397
-0.71877810532956
-0.844558974072747
-0.74618276829949
-0.833438888208971
-0.815618524977881
-0.831351477510369
-0.76437659378484
-0.894384981389799
-0.779531743720155
-0.782580970802395
-0.671977022344255
-0.736017975293167
-0.996472025001248
-0.840897499455267
-1.03318772148244
-0.832773751197495
-0.800850381920117
-0.933380913159358
-0.762469969180853
-0.8236472348027
-0.672574484949043
-0.760622863851523
-0.906603995343532
-0.742556056876308
-0.815988354469904
-0.776731742804775
-0.838884445075284
-0.863256592486955
-0.824486561157368
-0.818240389898685
-0.834825564902311
-0.805857735579098
-0.981613999632491
-0.76812275356838
-0.762736642835252
-0.773948939121126
-0.81843882637682
-0.701459611074098
-0.813466438790408
-0.769996725158437
-0.659459607209697
-0.796290798746618
-0.620791351536483
-0.762987922649599
-0.668072386252207
-0.777994866512708
-0.821367767993382
-0.734061728044615
-0.869320573916055
-0.662459704620319
-0.647646240886932
-0.801648714972898
-0.769266259325472
-0.862617663111058
-0.674078815867288
-0.585170140967159
-0.751460959231672
-0.676689557672888
-0.86675683222116
-0.474008841248079
-0.752890522689285
-0.747793110247411
-0.78348256599819
-0.676848071763339
-0.657251488791189
-0.5721953013378
-0.586800070591349
-0.674243372518307
-0.661780626449955
-0.81110393987156
-0.793166570138717
-0.745833139317012
-0.689330545848218
-0.660578472497742
-0.847164139370218
-0.697271218000504
-0.719536624639539
-0.701654597163228
-0.804746275810123
-0.646201681478322
-0.601586256772355
-0.750579513882001
-0.613644008503543
-0.672715240496991
-0.689971630775631
-0.645158166647939
-0.670143399739243
-0.748526104048647
-0.721177082084353
-0.588089894605491
-0.602774231949966
-0.858779119094922
-0.533117296007214
-0.733422436300816
-0.653770976738262
-0.679523470539584
-0.674340840009595
-0.59383484017674
-0.640260386601176
-0.593857682558811
-0.671733768888487
-0.653997698340828
-0.492400231875709
-0.788388188687796
-0.652327843099018
-0.6932514979707
-0.563559631446562
-0.661082042702396
-0.539688891290497
-0.597679492127343
-0.574005675262861
-0.650673159571454
-0.509293802731814
-0.650176343763323
-0.581952938066576
-0.49721922722725
-0.70767352347518
-0.650288485051743
-0.622344581576013
-0.600919378983986
-0.729959493625959
-0.579931002076272
-0.612894421276013
-0.652324069294391
-0.70570895677297
-0.475901596250198
-0.56153956059817
-0.704099519332252
-0.605433317323136
-0.685641312924934
-0.62790328912834
-0.755704765516896
-0.636619321428883
-0.581437832924647
-0.513777996961548
-0.632024206395772
-0.521253467930155
-0.576890807271705
-0.520053103534262
-0.59787371387717
-0.543790753387553
-0.584411017144022
-0.633103428893363
-0.598117636764413
-0.688735776352701
-0.549771040772244
-0.570568770017383
-0.580444409952081
-0.618044608679608
-0.476404759592838
-0.4683610430912
-0.649979694987016
-0.560634035959427
-0.609517460034419
-0.53232789489294
-0.336110077817407
-0.527868735038602
-0.384528209569768
-0.604921569757174
-0.43852236261783
-0.643367110271232
-0.507424197456095
-0.514920291799002
-0.524221235496799
-0.576005347651857
-0.484023379413714
-0.541141633908669
-0.646466455000321
-0.615314421345295
-0.414159817821623
-0.457686110347874
-0.450747440543033
-0.553258209960364
-0.421892698861612
-0.458929524120167
-0.533983944309984
-0.498669302768023
-0.42650645547577
-0.58358610926592
-0.613235164132916
-0.540775422147384
-0.451028153590097
-0.421187105620548
-0.460855193154724
-0.360254270714963
-0.422974368064873
-0.615762478527034
-0.354834728634516
-0.565405037868124
-0.582463811765536
-0.474752440878891
-0.412729112921594
-0.282961793048039
-0.339814994814289
-0.300791735542233
-0.375324371552949
-0.423513618737292
-0.497766334568874
-0.538869599544577
-0.370266284162479
-0.503744713992225
-0.539002531788498
-0.438966343753169
-0.458888262922771
-0.458534255021397
-0.486072386385071
-0.374975608578213
-0.536470926370642
-0.275240975484486
-0.38057585713932
-0.392686079890076
-0.457335082935701
-0.45121086931383
-0.502998061526832
-0.328538125759356
-0.419370609908504
-0.483054154464652
-0.459172542722611
-0.413960422559349
-0.489324248346915
-0.296156955760342
-0.426397700361269
-0.442287972547307
-0.588673235859028
-0.408388436171306
-0.425307293991725
-0.392634358565214
-0.280170205086798
-0.321407353890001
-0.36698691654143
-0.372464829342056
-0.324957004757709
-0.271691620509483
-0.332003971638892
-0.340623054394761
-0.506347810590951
-0.431294645583714
-0.132246858286297
-0.521696388502164
-0.326586228686256
-0.376067390047147
-0.370059473101801
-0.441166546088303
-0.431403966954396
-0.373721547429969
-0.35717007495125
-0.324125177745992
-0.263738130825433
-0.357002646040222
-0.342199146861232
-0.294064679971538
-0.107764420445658
-0.278525699841551
-0.347240798645706
-0.167607256628335
-0.494846147208096
-0.381277677280655
-0.326641949232233
-0.282727055448898
-0.288655050022921
-0.201099778545988
-0.437615661380395
-0.298166852657402
-0.346981403024715
-0.36548376803223
-0.317891132151702
-0.224339458582975
-0.273474880653604
-0.453457431142938
-0.223250887903071
-0.177259243009195
-0.230760044396145
-0.21364473639387
-0.347733957611842
-0.281904008477626
-0.199699687924034
-0.381671696992412
-0.228275366391105
-0.326253653961575
-0.302782349539349
-0.28390593192163
-0.236269574479302
-0.297715926002754
-0.248594634545727
-0.335383957150811
-0.383833141607053
-0.319342082515625
-0.344179805409495
-0.212555470207562
-0.197481056886003
-0.188430945371889
-0.332324263433487
-0.272439321486319
-0.221189565436536
-0.14684753354348
-0.311014449621091
-0.223198113135425
-0.441235908305456
-0.193952810637897
-0.293254987393419
-0.302480030298216
-0.199328327988889
-0.281506174875859
-0.245466998846253
-0.273213986843545
-0.348359077413647
-0.281534538370192
-0.254808210047809
-0.341814682273093
-0.271197246203485
-0.261660076288085
-0.368728776462966
-0.19872353522296
-0.0903081978131141
-0.22977700846183
-0.179514206862828
-0.298949555466499
-0.0818206162709357
-0.147027018825687
-0.286845885995101
-0.326892554025135
-0.124280001389304
-0.214655298156963
-0.384758908169109
-0.140631067199738
-0.204320221243756
-0.22546470683747
-0.235279241820277
-0.258532575709357
-0.294075407923797
-0.115406837811716
-0.07058276344409
-0.329497497323604
-0.118178411533874
-0.146427845453151
-0.126336169298078
-0.243936315226911
-0.13932303448846
-0.237865389450512
-0.260260625680857
-0.0605460873642799
-0.226851829788305
-0.320670337974166
-0.20391287647137
-0.171682254774128
-0.0444513858331586
-0.236650849888975
-0.196465079656682
-0.188511250314984
-0.259025702519902
-0.179603523239503
-0.216092468919455
-0.200039943515251
-0.10923289837701
-0.0679657333982055
-0.10442663017096
-0.142492417133135
-0.245589873562456
-0.115573027453459
-0.0524039523648529
-0.154568785425175
-0.146720475097145
-0.370878348999472
-0.0879427393186176
-0.177556925111979
-0.0308897275625682
-0.162236754130717
0.0283472440215512
-0.103935301299391
-0.0710228636407433
-0.14398222201729
-0.106374560022946
-0.148681976687822
-0.0746298235904668
-0.0477521286177128
-0.276485560578878
-0.136119647190297
0.0694084822467591
-0.0678096177647801
-0.0415833180090502
-0.0893987472968239
-0.0963198868205725
-0.0472514681411754
0.0353901356387619
-0.00791171559143669
-0.0727290085198751
-0.123995996736695
-0.0550159742741412
0.0104409002211882
-0.0809262726760632
-0.0881340468212124
0.0727449393587553
-0.149721398441823
-0.0196940586214522
-0.00838313424080265
-0.0954611416976799
-0.132145749740233
0.0289998088179778
0.0553406733947958
-0.0839725119580961
-0.161552288715348
-0.287306213036561
-0.0660281117294451
0.0746338609282339
0.0129444198357776
-0.00215767939975706
0.03587128993259
-0.101726934922503
-0.0710486667759354
0.0549406513884824
-0.178718530101976
-0.108445524502665
0.0869925385339681
-0.235434145443592
0.0594273101934963
0.0327717287063547
0.134078984229386
-0.118416805553143
-0.0393187165265752
-0.0595635555274491
0.0864449436004654
-0.00337205576058292
0.0507947152164468
-0.181390942529727
-0.104198359185137
-0.0505187091240599
-0.0889819368618029
0.0285475675815714
0.00717184815911668
0.0444084444360615
0.0757724944362654
0.0137674433129115
0.0801227091848341
-0.182988786266567
0.011438565810946
-0.129387156144779
0.0626240649173836
-0.0589624303989726
0.0792761776085113
0.0572734247224741
-0.0138859330584598
-0.0891764586775319
0.0890028424678742
0.0394664543319129
-0.0401383158828201
0.0321373120942113
0.164217396288109
-0.0609387701895869
0.070846845491268
-0.0123166390414998
0.0709921815796131
-0.0674334120925728
-0.0960998734743918
0.0800628982952579
0.109474583549451
-0.0181507343069042
-0.0696999442454828
0.146719956831369
0.00376903455262
0.0582944715179023
0.0117536667348668
0.270653223446353
0.0800351104518811
0.0438210157507567
0.0476161344591413
0.165489036234836
0.0388291071940155
0.0805056108848135
-0.0408076531380011
0.0293372011768822
0.0487402859200579
0.106417839304603
0.0667243331582724
0.10760936523076
0.224760709367064
0.0690465825725748
0.000194452515553342
-0.0679269142758478
0.0359871428343132
0.141641514105977
0.0624969880962265
-0.0321783678050802
0.134037916839584
0.202889011919229
0.0454253880470104
0.0924731671901594
0.0666729688601826
0.183212466652933
0.269636181591674
-0.0256756318292591
0.228450322422138
0.183428633414019
-0.082630270347886
0.143486557086567
0.139449447053381
0.101951734385598
0.153216749987299
0.237905615290518
0.102038588926787
0.0407729649153642
0.0665294118754262
0.32918124175218
0.238894052136189
0.164111218239776
0.171947043332325
-0.0429419782292616
0.255351592075524
0.225930246461658
0.0606866397847945
0.0862113719340558
0.081515134910556
0.150584037695419
0.193672903840031
0.212607776099446
0.0651951495104012
0.112301225321767
0.300521102891375
0.137398645601257
0.2260976886364
0.0628119537011053
0.204763096698127
0.282787961644111
0.255036660042915
0.154708472839802
0.283137667942416
0.115905549117179
0.339385073446232
0.178513862971092
0.315288531909165
0.219365108752421
0.022230475545333
0.150616952597306
0.292098967215227
0.271321678091112
0.359806990346113
0.177806166408577
0.208212654390472
0.358466516859305
0.317103972222039
0.287588089681302
0.179335152403589
0.106727756565252
0.26307114569972
0.270956838398232
0.0299821111477283
0.231575757256416
0.264566740775354
0.198733056825832
0.309897067968203
0.175481285529489
0.287905436483975
0.142656247670586
0.295761845328387
0.231108206014231
0.382553621813742
0.414247358036857
0.255833788102462
0.106770196286004
0.258993553170911
0.245495886116565
0.326882778807446
0.142041884300867
0.44357848081725
0.291885049922683
0.214602272565039
0.15027088791207
0.297457642980242
0.261473369613145
0.28825575152986
0.160097492532625
0.252213634925056
0.267901570773948
0.356341796995397
0.235409636655809
0.317294014820946
0.415608569804607
0.258499042983392
0.411565385414592
0.437571663115225
0.336039273271026
0.331477726250599
0.325064039884006
0.341909011462223
0.413594018608583
0.256189702758387
0.306431871666464
0.299405125890231
0.355188626020578
0.388182380610458
0.551268819218753
0.424967415193687
0.342754923061004
0.333715628146989
0.283165699009088
0.462445216993785
0.307083104454909
0.394872559849575
0.336103561888141
0.435476007464711
0.231233202493384
0.396909305130387
0.229024849775182
0.249287277450797
0.266499670880797
0.29117181297285
0.431110511655766
0.228274563756227
0.357739105134603
0.283853977228868
0.349647902862548
0.487816208895659
0.45068765831426
0.328964360608187
0.404835107132422
0.424717857179029
0.315399205942242
0.394692614622438
0.328847910650542
0.308068635953862
0.405972767285259
0.424035907633309
0.362904153544076
0.484796605541825
0.456989139800347
0.256742222429637
0.424246500803249
0.511623381133024
0.471376357456645
0.412982248577199
0.34988928369611
0.376334725839679
0.382443383327484
0.399878318537853
0.244659948087275
0.429415818697509
0.557397023616607
0.360279257264792
0.48033417886602
0.577209383099452
0.510946816466901
0.452573704442617
0.373337288338731
0.533632695813398
0.341971792242056
0.427208957896432
0.476728894492216
0.324113883574171
0.490992451576431
0.366306659926694
0.469448584333901
0.359589809136386
0.538756945872015
0.530351507415622
0.339277592146065
0.445770366915643
0.48803336761027
0.469877535533159
0.486221278506153
0.530737951439401
0.363532650786416
0.438851625360955
0.455656378370148
0.596708162791689
0.27867249154359
0.479725647841378
0.417503167020874
0.626327793041147
0.609152102581136
0.411682792365479
0.68750430073578
0.478445452423393
0.552248612324421
0.56651415825077
0.408303171276251
0.466102603174173
0.457933078199165
0.470744610114985
0.478010628926343
0.45511882558606
0.517012019044931
0.413962499803412
0.525507404310904
0.556364348070611
0.384408544957581
0.522901031202624
0.567724275884933
0.504023961162825
0.555575175636194
0.488673610642885
0.490855548842934
0.503137916066828
0.625684958861924
0.555122051165703
0.652987807328388
0.469961830077002
0.4529391310205
0.530244619571155
0.524669192009475
0.523475631520289
0.522471888709123
0.511251090669468
0.493097609123808
0.528561189972738
0.58160732807565
0.565660992481339
0.5510559586785
0.479832639070223
0.579066281755809
0.472219672796251
0.578100186397925
0.49125010840149
0.541063536017711
0.696759161939406
0.535972384468047
0.634004502757384
0.529789530095687
0.524149798154836
0.603740697064449
0.680051589619137
0.49306995286386
0.492350993690137
0.568253381156581
0.622035699406151
0.492454737276875
0.597176977883462
0.504065216297743
0.651897810926553
0.567137356850032
0.594013923765675
0.583481531406748
0.723927293967767
0.577399124213571
0.551795565447597
0.471295676708206
0.701318819944438
0.670079402635006
0.568164053080953
0.673537334654085
0.813069378608464
0.673901517897254
0.612042486230802
0.672953382308209
0.667341522813981
0.492321027119104
0.576355417963833
0.6245364657638
0.704534117425613
0.571493540385921
0.713021466736517
0.623336258915965
0.52364012908012
0.74883127590673
0.69906455436596
0.714610615157528
0.699966977553262
0.562305538794195
0.583608204506411
0.646019475254131
0.785790805487378
0.591611236637983
0.636961070620313
0.672481227776412
0.851833038655941
0.64748335840486
0.699242619789842
0.700284628314561
0.758742627694589
0.645454555010699
0.786322340319814
0.665400854249098
0.837131077883766
0.659821159893036
0.809000229852972
0.677928250541606
0.608606847111928
0.730897249098538
0.673811246357499
0.81782496003765
0.684679252798441
0.782674984866186
0.973938741083155
0.82173951300091
0.57236173913116
0.660877124920554
0.781472584816808
0.639917917062927
0.632178384722558
0.668676289908734
0.88890463793199
0.724909530899058
0.698786434313756
0.621582268519337
0.822477447188227
0.708886556753137
0.695784844134097
0.70779815207846
0.784414167856454
0.716189743962684
0.711993944648409
0.801158881130636
0.643166225794643
0.829751956542444
0.757500157773631
0.974757939221638
0.695282531359419
0.602301170613364
0.8044613337062
0.769016607768278
0.692518902543531
0.833869997130246
0.884651125169296
0.761843354543541
0.563964737069597
0.871599236257353
0.711486145448975
0.756514069071954
0.72452262162267
0.886616278527954
0.705458308103243
0.838685987048699
0.830771248145689
0.73550257031548
0.842929989706128
0.649635823738317
0.906495435762833
0.896233500756979
0.728651573787238
0.740941289652283
0.788581307251732
0.747878818859871
0.676446297765837
0.786429513547324
0.88190642497934
0.798276812265613
0.837612554557413
0.854934800284308
0.849657300241293
0.852368434898609
0.871508846395882
0.855321880226159
0.679369917555191
0.812254051408611
0.866096117765125
0.891709589788028
0.822924364224648
0.884742970294163
0.951749905885608
0.77868812454284
0.83225252310677
0.878307889827286
0.991684982621399
0.808382303213779
0.840105406795591
0.815501563670776
0.825092431517438
0.850454431957796
0.75797037309648
0.809307975104959
0.860865071090506
0.800035031908208
0.713817253843388
0.777122101846301
0.835517216206435
0.820937244275412
0.774116356270039
1.01237725091921
1.02910642915792
0.915298966006863
0.855631820345877
0.762396674918615
1.02895941803948
0.797562098213163
0.994994990839691
0.935019766223911
0.731488542141128
0.950079394294291
0.886055641607672
0.815556659809582
1.11700388058052
0.728449298564859
0.865847990578219
0.867843427188523
0.912857427786203
0.909820399148362
0.885403302064692
0.962893197647225
0.992184671931593
0.914722877564368
0.796056392819189
0.930076429171305
0.844381185381287
0.774283792493732
0.971414393895515
0.856572880304606
1.05728371164306
1.0251514982525
1.06393595182145
0.970921497727205
0.820420938167094
0.90328970183991
0.939514627621471
1.07150045353666
0.77448580789759
0.921789494378122
0.923359908261195
0.912134945938269
0.866382382018002
0.90897126908502
1.05938981459052
0.973456052201983
0.91339656501882
1.01892578332592
1.01052298836749
0.866572873804346
0.957936072664226
1.0392496494265
0.913382030653688
0.964345225467813
0.930120869735543
1.04642657946422
1.06312822078351
1.02723499471025
0.976817416417394
0.96645359361028
1.2181808899887
