-1.03808568700788
-1.11414494047588
-1.0195990144225
-0.924165865187293
-1.03052587779428
-0.98651040200604
-1.09208986881573
-0.967013186636906
-1.15083745495686
-1.02367536011136
-0.967909475917245
-1.00672399875742
-1.01270526912486
-1.13797495884545
-1.12448419780886
-0.990162763261921
-1.04729934465646
-1.11688935564442
-0.844055503097965
-1.01748739276859
-0.98553233844422
-0.901087404543157
-0.92136772563857
-0.96228315102465
-0.895908994427795
-0.863521487702225
-1.00673107861679
-0.868455309976047
-0.910900966592212
-0.896475620764562
-0.919437994132231
-0.933285494681748
-0.994010871902861
-0.847262528324726
-0.866211690069514
-1.06374408870039
-1.04642182810645
-0.947033030851747
-0.872232134301773
-0.967860484199814
-1.04651795471731
-0.780563418379242
-0.981421907915969
-0.986941262426156
-0.948882943007959
-0.917834305660651
-0.985276847501511
-0.943879378708803
-0.862424172567389
-0.974928477595857
-0.914723572583791
-0.953636170947526
-0.860991540212512
-1.074276867598
-0.877792730934881
-1.01320026270775
-0.936327176740489
-0.716243812413886
-0.778079951051453
-0.880429206009491
-0.888575417326155
-0.883187268614232
-0.713504852968301
-0.871493026811049
-0.954583048030022
-0.857028742142151
-0.936386515992137
-0.978219878303561
-0.962586067611207
-0.833354244653243
-0.790687335319481
-0.871872221601773
-0.830982580971432
-0.825335340289689
-0.961380034463343
-0.848654220837516
-0.889686654214635
-0.641396930668681
-0.828666270738784
-0.748323959730444
-0.727762774291571
-0.739500664232521
-0.87180721221417
-0.896936989468337
-0.985463697917842
-0.822772505859481
-0.800648011326273
-0.88372986049948
-0.802274784996388
-0.896667984967486
-0.776283935115192
-0.882525184272941
-0.916111769923358
-0.79030159740074
-0.783640834311576
-0.736687597702613
-0.719421356839788
-0.73429426709571
-0.715267297372276
-0.703723407882652
-0.876673401479214
-0.744651586431377
-0.601196165782099
-0.858954066512143
-0.80359080512257
-0.799580148335054
-0.882348005758722
-0.801699759852222
-0.754634350220849
-0.705467082429522
-0.711958252133297
-0.814290790799519
-0.716006844775643
-0.886029919897962
-0.718451098909033
-0.905791224159381
-0.714606675189726
-0.897956235427003
-0.673266234135526
-0.90064080266707
-0.730033482611382
-0.811819887108265
-0.831624389971367
-0.955729821636377
-0.736460206889396
-0.856273222263402
-0.755065578322917
-0.635640521212654
-0.719677294272971
-0.682314534619411
-0.708836079739409
-0.785835137091335
-0.810932345457694
-0.886131549898072
-0.904513048257128
-0.795335535248225
-0.631291392803727
-0.62658346095172
-0.756886015466286
-0.678028390443111
-0.801453449308652
-0.475273609527966
-0.689118012477883
-0.758778710651303
-0.650737046865031
-0.512352480861543
-0.876631193119575
-0.563681984461322
-0.678871808895342
-0.614189290208917
-0.808646343444666
-0.677995736882089
-0.800998400371287
-0.738885170401055
-0.609926187751665
-0.654185555862441
-0.589283325883352
-0.611785789314537
-0.624650346219309
-0.671601136557154
-0.615198124122036
-0.715153692629165
-0.623453854569466
-0.509417187122504
-0.654702181178227
-0.621470312310054
-0.69159835074005
-0.602021045372024
-0.564264253055119
-0.691208854668685
-0.742385009240068
-0.603010625416023
-0.658673860196633
-0.643646383045967
-0.573221657406017
-0.484049114840949
-0.583998103765562
-0.569636222160933
-0.642402608257961
-0.665825433045008
-0.735575972666344
-0.68195841177455
-0.437824121661383
-0.585890329881572
-0.616268037069955
-0.693655409664933
-0.584963231485419
-0.587715029607618
-0.72495648526897
-0.589888481748281
-0.694197016537352
-0.61893452916201
-0.742925168229616
-0.708354060219799
-0.500492202715019
-0.643608373066534
-0.621846462242289
-0.664481280747563
-0.712050470530754
-0.498713810035728
-0.675579609692811
-0.632337505414134
-0.658938600460032
-0.621272832959035
-0.592339630108184
-0.4935011928982
-0.660981103575787
-0.593211014310013
-0.631504486881864
-0.481549871164351
-0.486946995186825
-0.494016551004232
-0.587377680894882
-0.490938538772639
-0.497516579624881
-0.5314472420558
-0.473898449299072
-0.500748921783189
-0.593794826460968
-0.582067100532763
-0.561723973069721
-0.573748228618784
-0.619152006405826
-0.527323990889977
-0.420823084373619
-0.580923335857165
-0.500842994403196
-0.595615164740903
-0.524375146396757
-0.492381646231092
-0.413577981619152
-0.595755502447703
-0.517876523409378
-0.527863513236019
-0.567910773372646
-0.48195716088433
-0.55586971973546
-0.527297656414397
-0.570349801724498
-0.502395481955188
-0.584618428638072
-0.543386996517594
-0.467792771330081
-0.624898746982145
-0.519589961802271
-0.5439577259297
-0.502859561706754
-0.574196006194652
-0.476566079064356
-0.53858628502471
-0.519975392758656
-0.610836470925538
-0.397856677760493
-0.635955093746382
-0.474144126415048
-0.560519361685554
-0.509382583601907
-0.539860344659577
-0.473114837041531
-0.489493256259219
-0.607335734589273
-0.633031742175588
-0.362252855731723
-0.545300910354383
-0.412442554080397
-0.507939486728979
-0.412853623133621
-0.532999212308563
-0.408394669704287
-0.389868714985628
-0.32142131469655
-0.457647384800027
-0.556654532691692
-0.461134672156336
-0.417110449798645
-0.36213149035381
-0.466366097457266
-0.485990108425959
-0.532275162326427
-0.441882344735411
-0.459737030819183
-0.512000509042701
-0.319092710965286
-0.40313563255137
-0.456339788693728
-0.380270455399844
-0.375753096864116
-0.319413988891937
-0.311919205602334
-0.346482042844826
-0.437238239254048
-0.273977158164979
-0.307988751370437
-0.528159646532138
-0.373840208253128
-0.404050483399399
-0.454950826913818
-0.230270346205836
-0.429505915468153
-0.415358000479806
-0.431059680945461
-0.388214085387398
-0.359180752610864
-0.501620967348635
-0.31036312138009
-0.394362579709474
-0.379786076559837
-0.447663923372742
-0.462786956984467
-0.354318894197179
-0.434227251969491
-0.324156349323879
-0.301253029200319
-0.410325260455899
-0.340801523921922
-0.312289356118705
-0.434257945970434
-0.205381362266836
-0.443039907996236
-0.245309976819617
-0.361172227057929
-0.403650652856593
-0.408511985902303
-0.401641452441219
-0.357580979912058
-0.474063287403058
-0.132180255792932
-0.324732289011836
-0.352861324089964
-0.176845088470895
-0.319760370686581
-0.268594905392936
-0.358716196350782
-0.318832472870449
-0.333923739782079
-0.427909726110374
-0.320205939021211
-0.418922529686608
-0.391305273180702
-0.225785312620107
-0.324424430374581
-0.367048656998594
-0.245128880104817
-0.435084570133824
-0.370003867818669
-0.252746060048914
-0.359277815972264
-0.471916665694605
-0.417563764592273
-0.20238073880769
-0.310849050156312
-0.281615435846502
-0.221547741589482
-0.261101831724637
-0.23714792000842
-0.251706856872403
-0.326116477388706
-0.27592814852834
-0.422690085909969
-0.226370836857345
-0.385269046001869
-0.371157856632313
-0.30731989762588
-0.281008882388476
-0.179013465108948
-0.408581904223683
-0.312953687049197
-0.336322137163743
-0.159632392309685
-0.191167762595378
-0.249925426593389
-0.309859170185074
-0.295797064541432
-0.395442092168587
-0.233832262257033
-0.213306145713434
-0.308980726132653
-0.273972197234099
-0.324705929713865
-0.391366588515911
-0.289783571382086
-0.237805465162122
-0.375248788406314
-0.227546173372181
-0.3374109648685
-0.337534460005701
-0.366383623122435
-0.174706609125334
-0.216530058347671
-0.217823217798654
-0.18824973322803
-0.150529177576631
-0.264766380327124
-0.0518345563050449
-0.354762999203957
-0.201346397991172
-0.214672664596818
-0.131100291843035
-0.290367417068857
-0.312412937524208
-0.240437783959009
-0.11702223241253
-0.21093767570723
-0.289456196485944
-0.321248165578667
-0.0472277806875289
-0.0383460989826189
-0.330109334445307
-0.228262023897694
-0.21709430522367
-0.268872515266308
-0.0388763032943162
-0.175761010728688
-0.258931492205368
-0.211242046798829
-0.153160350159625
-0.234653706807984
-0.191498270610641
-0.0783451097513429
-0.170657207375246
-0.110927507444443
-0.204812923604435
-0.153385689774421
-0.197999663371375
-0.20812309521088
-0.0436078563950869
-0.0743979983725391
-0.185010695335249
-0.0778067407372662
-0.0260000324606841
-0.0951920853120025
-0.0747167917706926
-0.231175932848903
-0.158864769912344
-0.065365811169483
-0.0610105127690658
-0.0942434424126289
-0.0759930349769476
0.0599719442368843
0.00809216099531079
-0.217196882028486
-0.126697714538872
-0.0668128060532825
0.0900945667819909
-0.136578103224767
-0.0576922793277109
-0.164276986980154
-0.040073685450372
-0.0711690182840146
-0.26074724493417
-0.141506433144505
-0.104571054576862
-0.136230166804385
-0.217261594703828
-0.0221420339136965
-0.111200934897191
-0.0291066269059523
-0.0353152689921638
-0.0462181490251747
-0.117728564800431
-0.0948444016337253
-0.00826795854133025
-0.0505567041129419
-0.0570278835345716
-0.174162657697332
-0.11243854785915
-0.0449379531914645
-0.142774091857472
-0.159102560161858
-0.127169770989932
-0.0783008620293949
0.159675732742352
0.0639876064028314
-0.0964284022066
-0.00898613163440344
-0.0408580120274294
0.0392379410837067
0.0973297031467795
-0.028464195544494
-0.0634157801267434
0.00924476883624265
0.0841899777561416
-0.000142005405920216
-0.0138387297952902
-0.0214181637166838
0.00232113536143175
0.0378150989476126
-0.100500448740293
-0.0855089544372863
-0.00892044228081073
-0.00255443466637847
0.0310947380687186
-0.135976241436589
0.129578864862415
-0.0418828778922327
0.0681360069273616
-0.0148992949824432
0.0103271117892238
-0.102348523996974
-0.0408289208863554
0.00479200592283222
0.130391375777004
0.0632365702850148
-0.0344948794418272
-0.119422504874834
0.217516392643636
0.00389481295181229
-0.0258867559245116
0.0849976526564924
0.148985714405781
-0.000923669790738959
-0.00971158150157649
-0.10447687203712
0.00136902016374739
0.150664447172646
0.0409241806279025
0.153839425371671
0.0444556475465175
-0.0170574591772457
0.211792671067586
0.124552491790442
-0.0431296285667129
-0.0785817097542424
-0.0639602571089153
-0.0620384242163313
0.0678446508158237
0.090695802514349
0.206164156077825
0.134680620725087
0.0319001096662385
0.0585983778068042
0.0696769309481168
0.05127237506727
0.117852268995905
0.367293533302916
0.109941566201093
0.0792040205269843
-0.0162734527827244
0.0648123191463534
0.0864189340734754
0.122802118319174
0.169970570629417
-0.0299704885387316
0.0765733633919487
0.20222295496888
0.0581386612966103
-0.0113325561150721
0.10215054123076
0.0119614892988365
0.0987124229134783
0.0885636720847598
0.114450128122675
0.160870851217691
0.0682377424724784
0.0572377512195445
0.0955240461300409
0.0510751362308132
0.130065033668938
0.132227834710753
0.128480745379583
0.207748259554002
-0.0508654142657073
0.0987469771182182
0.170728959692858
0.245917950211769
0.0221683167518068
0.0389303591034495
0.185806175371754
0.00166020454258229
0.181266888721068
0.0159784798493131
0.25091355802649
0.191488964595007
0.144638200211627
0.115530966658992
0.0948223882811397
0.280025600215414
0.0601907685257948
0.22440132397496
0.0259884892232499
0.249671944774911
0.213243197117924
0.121514474908519
0.101324213575749
0.352317032486013
0.231669267919906
0.235426532751942
0.189159725813539
0.0707851939948823
0.0538531514967048
0.127461341112021
0.0251692378341261
0.263611973244868
0.30676649297353
-0.0255983686703801
0.271690925064963
0.314611150937912
0.230695148895255
0.254099026597127
0.188070528576673
0.154255853210618
0.160909411241589
0.271567014790036
0.0945330217146755
0.329484566127271
0.282487689133478
0.167050274204998
0.227829176773954
0.230170757793875
0.254872277874975
0.284804086584429
0.0899432784304843
0.190473343632419
0.269320604608368
0.273805671213702
0.355678023931658
0.266838881334362
0.230171804768265
0.283078746920747
0.236716843045932
0.129087231457987
0.256682397971261
0.288715925652642
0.0680047552287
0.212655115484607
0.245877962914153
0.382595882359131
0.146327870538022
0.366754665548785
0.36918066937999
0.270259379525187
0.141239014471746
0.286739602808648
0.269843610730768
0.342829088990885
0.176663683295432
0.393510450875073
0.424972390835053
0.274065465327648
0.260219330147923
0.240144657150199
0.222104558481149
0.397833812238349
0.456657242646174
0.322512420273964
0.20768468515304
0.126965900068345
0.452178493047187
0.29126018743351
0.224756453476315
0.31439152582582
0.258112482611944
0.391946073646799
0.274523493902723
0.281547309369839
0.249740243084268
0.250497444859174
0.390379817121802
0.311733792909922
0.491627179627154
0.291428190847983
0.370972898207858
0.338694425415027
0.383680147450933
0.305541315926577
0.252988903108626
0.400127149261401
0.315458377273637
0.461421217420131
0.32283115182731
0.429422691584192
0.338391979100239
0.289511022272496
0.359358327508733
0.478917746168875
0.444343337360233
0.40493351404382
0.366667494918051
0.344057108414126
0.333732942164468
0.188377427773009
0.430419244073105
0.205647488183887
0.218016536273956
0.430234998368782
0.43304623011301
0.405598514607034
0.374057419719271
0.324673482269406
0.352905348210948
0.389877567102612
0.358101973220443
0.335985904911833
0.355648710930205
0.37109540424766
0.321651901511475
0.289403524164393
0.358355859985615
0.44853518835907
0.370244657859195
0.422632821466931
0.321526735385444
0.352496821406847
0.304239444717354
0.214667385929937
0.547274249164288
0.477817372872093
0.343896482868952
0.436308643334468
0.507919332943682
0.432881028751566
0.469926675176225
0.361850530783327
0.334747084013846
0.403500854660427
0.364163819527951
0.309140234169189
0.418203536804481
0.313718734236837
0.423930512311826
0.524689166093133
0.477341447826365
0.459484792710386
0.464426769891317
0.536689238590125
0.447357571945348
0.496529762923319
0.391552260036622
0.647306124545955
0.35142702462504
0.521624305141664
0.441040603298329
0.409241150842782
0.517868446152613
0.427079880783321
0.544777558476705
0.507808657356491
0.33615060869728
0.366921729963835
0.403552820846785
0.387661815082612
0.592145257872118
0.61943380781976
0.676791604579131
0.449844117028279
0.486721285095689
0.598433377486428
0.51335005184035
0.418383191978816
0.471081946214526
0.474399484175109
0.539500076089577
0.498362779321268
0.638063413232135
0.362277230011623
0.621974154088539
0.569028746260794
0.46848767530323
0.628643991123488
0.583322514847789
0.578044619067731
0.65399837000717
0.523082557374757
0.441107339018233
0.462751893011136
0.601068179511776
0.483738848704003
0.479459574573673
0.601312344112686
0.587826257741253
0.537899488137742
0.571930239117347
0.509004389376366
0.74376113349329
0.707090240222602
0.401938989399046
0.458609565520476
0.567278815654253
0.569026319068347
0.480716345076618
0.362332330992413
0.465315205867434
0.545918215692681
0.582329090404213
0.59878931134968
0.428467140034898
0.698918122297106
0.657590803835927
0.586439337071427
0.56258635351188
0.702242280635719
0.421751360995628
0.368084594367693
0.532672068622704
0.531356075372108
0.536036981988497
0.494680754524473
0.419190928187812
0.58458257877875
0.577498125051485
0.851968806083171
0.676247967512632
0.578644044028731
0.6237352674101
0.71830401835226
0.644170006341102
0.695703501335486
0.66435137163865
0.598686774079463
0.586609486751635
0.570748669667409
0.684766614450768
0.522760665645773
0.694379420519916
0.669972993784359
0.670965227131114
0.744871758693162
0.587429533153689
0.682596319471571
0.632531212166654
0.690070227886986
0.587165791376343
0.733863222479922
0.831711183054577
0.808417943006701
0.634461748730911
0.6342237876207
0.652111619638949
0.812122389930528
0.638030675628025
0.720115096892604
0.705198271668357
0.671067525426532
0.578528846404988
0.593447383216992
0.639052763153079
0.572233432391267
0.784372968055672
0.568711227209053
0.629495852459144
0.470595493652935
0.614619218817515
0.644725111667308
0.495793089221596
0.65554992107871
0.654822895743953
0.726093491131501
0.612708898891634
0.727108020037939
0.672825199563362
0.532410746842897
0.622651670900921
0.747479459605779
0.798090975591025
0.816964965806876
0.730293609520659
0.722537294995374
0.777455773009686
0.639892610756501
0.593517192747443
0.766779652122925
0.735469023827073
0.732734860294984
0.75263595285667
0.788064389372219
0.679941846449844
0.803020558034799
0.805422688004185
0.677738848743465
0.653399724703357
0.65829195521472
0.697271332566293
0.843360967326114
0.844471984085379
0.602414630970177
0.704508233744641
0.868029178716297
0.779396106145884
0.803390961457512
0.646131896185195
0.862031527460674
0.778774090968122
0.810127389800176
0.761006621988318
0.785019803338649
0.904298186071637
0.660136863880461
0.835269317850244
0.82045852402772
0.796075548564124
0.728555093485042
0.77440965333538
0.875189881727826
0.79637270244037
0.803623011460163
0.797875144545064
0.79085182040229
0.731890545407774
0.776210872729282
0.843575666055074
0.714209075510317
0.598229815693761
0.966020230350866
0.689759097329874
0.895191515396782
0.86741141873494
0.860295272917303
0.702070028822471
0.822755464554932
0.895764436235151
0.730618641477625
0.788166937339069
0.82924273080221
0.903026323695737
1.01284656407742
0.856267678402784
0.640618484912225
0.769142945830072
0.799398416255673
0.887948094587149
0.787901264697945
0.822542357244991
0.847759661520145
0.830496885600753
0.690647481169098
0.893375468336377
0.825710559347626
0.946462002780537
0.902532101977169
0.737020987893323
0.973722764945193
0.844562540497849
0.811990396932644
0.735660986650094
0.844545962240953
0.792863881510392
0.865610775413728
0.949322189483779
0.877305229035997
1.05159299776934
0.863403183811652
0.884748191821175
0.681792443298954
0.976017946241943
0.9596222384821
0.954945534392134
0.841966240823242
0.926386510167681
0.855130656172538
0.814148248837998
0.821304236422479
1.04154420401866
0.947435930366421
0.864822565884588
0.920492718591946
0.873290788579717
0.912636262358411
0.93694813502692
0.937635072061491
0.997652236347972
1.0083940326884
0.908168479223326
0.811912409935741
0.830644893840811
0.904591057014322
1.01989144683789
0.91885466958757
1.01745928236002
1.02161473432454
1.00528271914788
0.885042424190731
0.832880719144704
0.885336945790413
1.01675876937533
0.853828042597623
0.919878183768392
0.95493272163507
0.919380597961353
0.847005749972842
1.09078764172176
0.908012919226469
0.778859096181965
0.882054874069497
0.868453117370075
1.01998707705893
1.01187998847237
1.05271382365219
0.95195773861393
1.04346082124713
1.11091983832109
0.954847620770386
1.05496275942982
0.978653481824396
1.10463686866782
0.974265367270488
1.02045320016361
1.01794158985508
0.946257170642821
0.931986317327666
1.12618436646781
