-0.95520638155803
-1.02968618571961
-1.12788768721558
-1.10394135071106
-1.06937053938466
-1.00958223076444
-0.928801090497369
-0.87209825319622
-1.04140276726568
-0.959671684423149
-0.94266421395827
-1.10311060255551
-0.91958416634338
-0.842085859279761
-0.794669282466334
-1.04898829198816
-1.07773583758626
-0.897272960342728
-1.00152487934471
-0.815638016233554
-0.813099513900838
-0.89298550880854
-0.95883267523774
-0.973894568985318
-0.850335882841629
-1.07631272039228
-0.96948398679202
-1.12343686659688
-0.943268920180185
-1.00172350052597
-0.924096942533119
-0.866745917869615
-0.95700611731551
-1.00492346896716
-0.889380670895099
-0.994196850687488
-0.894109778911966
-1.07457427686825
-0.86564785831426
-0.895462586701168
-0.941782033569875
-1.04737674354165
-0.972396177072176
-0.977969792024202
-0.89381221480803
-0.934171071387594
-0.899263409862109
-0.669221102485434
-0.890913946157922
-0.946844916203781
-0.999961018784377
-0.902814696018311
-0.814920632907495
-0.822650750573547
-0.916824782788431
-0.908951303380517
-0.837543035689928
-0.887517350048748
-0.890441621137552
-0.772939343757227
-0.848975546186672
-1.02650931299834
-0.893099188565369
-0.830814704849703
-0.90246820170646
-0.870864523629764
-0.801931571703799
-0.883887805777917
-0.841208451882566
-0.959306386804941
-0.704983218515076
-0.732082236466097
-0.99792130884325
-0.908576689262387
-0.781752521047361
-0.867946450117305
-0.968740054101118
-0.749314901710549
-0.874522471978239
-0.790902526113718
-0.838807859671834
-0.768350982499388
-0.973309689093728
-0.759969870081039
-1.02462688114288
-0.829857358140668
-0.997498091450083
-0.834529486476205
-0.742064488468419
-0.748697346348925
-0.772633791984657
-0.831056238433098
-0.808078964035023
-0.820268455216263
-0.802955747088771
-0.781038692982273
-0.765324017712935
-0.688545429800439
-0.900141304444628
-0.704817201409108
-0.758870833237782
-0.824342692198569
-0.614032867289186
-0.690522427032412
-0.766102095061108
-0.80259514710014
-0.724458114946611
-0.678377065934964
-0.817222579811283
-0.745926200396352
-0.596840297780961
-0.848232767215387
-0.85385292411681
-0.762918959538365
-0.858689480302392
-0.859781208061634
-0.745972690576125
-0.752570860000374
-0.593741194847731
-0.763121009584626
-0.65313281789682
-0.88551149147925
-0.827898667656174
-0.840974787707379
-0.850868274288381
-0.700434385930387
-0.87452485148007
-0.747244574212491
-0.798450833253847
-0.676748694503473
-0.686393382121816
-0.720816527144655
-0.648256256730647
-0.840957813587194
-0.739684637874335
-0.740789392891753
-0.653685783539542
-0.79251944006586
-0.648256445027685
-0.645109233454472
-0.621408282333958
-0.554172337291919
-0.88731354609733
-0.553727923825091
-0.653546235879427
-0.765802459977065
-0.784862242701052
-0.69109745783954
-0.657733086269935
-0.633506213410264
-0.589053254149409
-0.578013585184363
-0.670331417058062
-0.767599400899217
-0.741391277080575
-0.642431746968796
-0.700483820742494
-0.593229742241387
-0.687258211500783
-0.660082201102267
-0.758133188234062
-0.619631692550781
-0.658515222647648
-0.579372204167202
-0.589678932986498
-0.752315057768347
-0.748455229183217
-0.617109769715423
-0.71869522083681
-0.727330634625453
-0.575063822499099
-0.628283208605108
-0.542893447617595
-0.683574179380221
-0.726006843638646
-0.62873557498997
-0.725274695983526
-0.628488618553578
-0.828037902655333
-0.662104645361687
-0.7271071851155
-0.613377603085595
-0.631063812039056
-0.674302792448135
-0.670917501347964
-0.620324597126786
-0.62424290679792
-0.586622189649887
-0.61785737988609
-0.741023210605058
-0.642302174070061
-0.741513741081525
-0.515046444000484
-0.630486042891068
-0.663606218874869
-0.600215481450616
-0.663512525807611
-0.589853089484465
-0.626251150715723
-0.691429674606191
-0.720334213593842
-0.519877318241011
-0.551959319891319
-0.52422099727576
-0.658161994258438
-0.64876377944461
-0.386586022647783
-0.588637140581941
-0.463103704227929
-0.33409618321591
-0.49830760195589
-0.526188441951843
-0.634502555601188
-0.515259697612446
-0.627658851115338
-0.517881712866898
-0.351254135361764
-0.529038489424993
-0.718919575214128
-0.720514110336055
-0.622856005527712
-0.587998849753963
-0.394340720274395
-0.815154831983615
-0.692757860701449
-0.605155142173707
-0.442732711618928
-0.501677700159392
-0.390470416568953
-0.562321107858151
-0.655813317216933
-0.661630843115421
-0.587193786187434
-0.593455556269844
-0.531564895438087
-0.449805273889734
-0.733802763136813
-0.469255408876808
-0.529382597910931
-0.479021010506969
-0.520689523707719
-0.57963261088792
-0.505508445554891
-0.59067889599337
-0.593478938140323
-0.357687194855506
-0.547432936137441
-0.431327689546943
-0.432675275605594
-0.65288953692916
-0.398501026786247
-0.481397618439283
-0.435237816312373
-0.398238395544004
-0.639438377751658
-0.488146523050321
-0.513352826896642
-0.516203255266991
-0.465723419126804
-0.395415419854978
-0.597352512504926
-0.525667066420087
-0.246406990097468
-0.527841342719258
-0.625980851463138
-0.573043415433613
-0.411580187414547
-0.522730519677711
-0.534847253504071
-0.461590898327328
-0.48431145998713
-0.366502846014128
-0.414395180704604
-0.408998198843511
-0.428071637763176
-0.675642750037639
-0.456597626972935
-0.461995179324958
-0.437994744953666
-0.459259867289149
-0.420554125223452
-0.45181098419751
-0.502590404195941
-0.430050192283739
-0.486074013210417
-0.474424896472989
-0.379191911341952
-0.396452346036684
-0.360347758738631
-0.637044727934542
-0.463461109895187
-0.399272933616381
-0.602075920344965
-0.439060630991326
-0.379732503284319
-0.46702323976013
-0.442355536465501
-0.460429398396191
-0.314522436498102
-0.545758173965295
-0.447268186393923
-0.428393060904857
-0.329348215265833
-0.422103985296439
-0.230399375761932
-0.37643151310754
-0.531509507427512
-0.188966302549553
-0.320042703030016
-0.305835853179479
-0.344300367277766
-0.327711961905412
-0.370342853497102
-0.23440824459614
-0.412074845728406
-0.35083759895587
-0.339144281969351
-0.1612518691854
-0.450817632360047
-0.41296814467002
-0.306577759987428
-0.357048743862947
-0.325032842073104
-0.435700334955454
-0.417432545081999
-0.414111093167133
-0.181562990218986
-0.283897825536093
-0.375871679037185
-0.49391402498126
-0.178376536020509
-0.223978428195272
-0.285731671452466
-0.306129409878133
-0.27269811474696
-0.36001467802185
-0.297035431043566
-0.247100106371161
-0.326432421397146
-0.229069539380475
-0.2903039222562
-0.250093164435366
-0.363293717670131
-0.222930391648755
-0.355351478659066
-0.359295518475776
-0.288436033281186
-0.384951668580462
-0.271763250690262
-0.43158433351922
-0.204912521640171
-0.289617476476191
-0.301166958653749
-0.169124013156294
-0.423894782494474
-0.295661045834023
-0.252296054901058
-0.316347999068351
-0.248659241493937
-0.262016862180834
-0.275568891571775
-0.361620705245747
-0.281415477812647
-0.145703854527384
-0.199852289181638
-0.274573247064326
-0.285033191701648
-0.214527000134577
-0.202556849342328
-0.277321958963346
-0.221582966627271
-0.278057698785525
-0.131474129767221
-0.153405748962884
-0.291602753621043
-0.283702142791436
-0.149908818563268
-0.31929706178827
-0.172766141547731
-0.246085703314416
-0.23830855018234
-0.297823738483568
-0.173107971455021
-0.197217819409126
-0.175425991241379
-0.273315257378811
-0.307271891052551
-0.253252507220174
-0.26385478664961
-0.177810231824209
-0.285857732085406
-0.1562011483136
-0.228852734539764
-0.274415937855908
-0.268292497091021
-0.222811086515783
-0.0573249235801895
-0.319861104075501
-0.243820513384607
-0.0403018109498683
-0.136795670468383
-0.31332878326451
-0.0687805581967421
-0.156210685740505
-0.300120845681256
-0.258249488731601
0.00366271248437853
-0.305461097905676
-0.236259482448543
-0.0792581703331284
-0.190542016880513
-0.107571705502982
-0.187350016099698
-0.182205659625549
-0.127965015136586
-0.138653550223288
0.101409041391379
-0.0473790604588094
-0.0736087887125745
-0.190532932654706
-0.14124962851229
-0.136211777608847
-0.150361412810896
-0.13274101357884
-0.118353080322736
-0.200027475592571
-0.00258583260760289
-0.0727158634434494
-0.0450505068754706
-0.189882575411866
-0.225846288341747
-0.170254410122498
-0.118802152074499
-0.0709539461219692
-0.128585994384567
-0.10269785372908
0.0493712781745301
-0.0674130997444961
-0.114041820385381
-0.127170475350369
-0.0955498946796973
-0.227932388975984
-0.254418942208435
-0.181532538235337
-0.191043878499381
-0.219006228315461
-0.154891495985849
-0.294054996793334
-0.223654097205873
-0.127117500867517
0.0557780979720134
-0.075906368098897
-0.0199817780817184
-0.136457086916546
-0.0413311922581896
-0.114956351870316
0.000673500391736744
-0.101171365810158
-0.141926140051874
-0.179529610780926
-0.082023479014434
-0.00715285807312178
-0.0879549938152273
-0.063923418285359
-0.168134454721272
-0.183442366728441
-0.12138186967756
-0.0150856140793229
-0.0411364115653536
0.0151673553892171
-0.0856056209284753
-0.118519943542443
-0.0380082025357131
0.0036375252098092
-0.324362341241013
-0.123116054239389
-0.243829839868915
0.0182831786892652
-0.061591220561207
-0.040106223224125
-0.015850282624362
-0.0971636766966009
0.0572677940686735
0.00940377194917713
-0.0430507835373495
0.00863516903427722
-0.178617990702904
-0.0110719496710239
-0.0926664910857175
-0.190757345229494
-0.0102742979693496
0.11091926653201
-0.019757214321489
-0.160499408178746
0.0599367901315154
-0.139119915533927
-0.177087577440696
0.0310884967231231
-0.0221495483809739
0.0325380933871067
-0.0460508469319847
-0.0313140141643646
0.0169344327275811
-0.027819362361557
-0.0596302081974395
0.219626125662214
-0.147567940697191
-0.0553127049238995
-0.0388752656970733
0.0641632526730072
0.0559607509318002
-0.0670151136525359
0.0147790931163652
-0.135940929951177
-0.00537356981433393
-0.0346607719213464
0.0544720866558807
-0.0281149891145921
-0.0180014942375858
0.172968742601393
-0.0865979781438427
-0.0345340088529503
0.0360686019505045
-0.0728834309098085
0.00917532281573579
-0.0419543275419382
0.188983278676484
0.102190298013595
0.0812114377118603
0.213071415266381
0.0538923944476445
0.0183673705348695
0.174571487855242
0.139547423141429
0.100670751487058
0.210817360096306
0.105662966847611
0.0447448648575038
0.183142357149531
0.107640853535732
-0.0546243877172663
0.123502987473266
0.0883433205016221
0.0524389516782182
0.00366876749039253
0.0862122467145076
0.0811327940207436
0.124654699528427
-0.00368371108775274
0.0726772751114963
-0.0182334485067208
0.191360078394301
0.114849384100457
0.132736098537183
0.186413931615998
0.0418109160198185
0.130240006433888
0.149870500465127
0.124443462905616
0.21953560633401
-0.0088695239076929
0.0127335006185025
0.0608172033680918
0.0571167375261976
0.379231128745203
0.252235164676966
0.243439909010717
0.0331649963019854
0.180412450036553
0.0208037107805196
0.145311826291159
0.26041208338279
-0.000387037772141954
0.0182046263394756
0.122948871069567
0.18139038399387
0.166482694848223
0.16184277020293
0.19106674450398
0.240007888766532
0.178576895601903
0.226878923074042
0.0678062360122472
0.169853595227464
0.0976315366221211
-0.0181609300392142
0.136524747476398
0.0766804210314573
0.185694621779012
0.254372146397151
0.202472760244773
0.184627177551948
0.267662530407099
0.187764129600792
0.172665562743267
0.207231980978001
0.249959113313493
0.22089629553648
0.137988067759102
0.109399420096846
0.196154255479443
0.236982892108165
0.213202418879515
0.342429175759411
0.256730229283306
0.0251821254353363
0.24743495792346
0.220623740985638
0.368896235872904
0.138071687297195
0.237408751008667
0.261466339760762
0.158626414176424
0.385708684376336
0.28999670483014
0.229017292686694
0.238703890554387
0.1445101695535
0.296352560878264
0.446022611312711
0.347192665152547
0.163613295703776
0.275910182567049
0.24534909338595
0.318563890541968
0.298181767203309
0.38039555204967
0.163510444538007
0.314701739488868
0.358490173027144
0.179250353582428
0.202042110537328
0.250424675682906
0.342709043407347
0.251970200401509
0.42185476340957
0.306025585079941
0.444463813753834
0.246747464222222
0.288238301407386
0.298101981183081
0.283200687998372
0.213499653713973
0.25537277556445
0.208281545045624
0.38398541280033
0.407389444396379
0.364988118455019
0.250246678622243
0.429778718654595
0.538211270842623
0.405294795743656
0.368696245097658
0.361035009219862
0.0985599127694202
0.366776839535677
0.389126960906214
0.184411333577913
0.427990013970005
0.337452061751225
0.356194913379479
0.361796881444736
0.312752857626162
0.417612839289705
0.267048089105904
0.354767468345487
0.304499972290775
0.291009103385658
0.398522907986682
0.330259047494009
0.37914740672614
0.370110410027396
0.248272037212422
0.4381626230686
0.331091554123356
0.2537318284251
0.313606743847918
0.363536461593459
0.379091862295947
0.45650634427243
0.298116642847346
0.365822701643805
0.390412915484267
0.508133180612517
0.420505543632118
0.386301629861083
0.382403103229723
0.424887551823959
0.36563605384894
0.384248349893193
0.500982907600793
0.274448824424487
0.483194974110142
0.386934014939068
0.378698778148501
0.364222399992648
0.364071954158571
0.467214616920584
0.420899313612069
0.498175577536066
0.336487653244064
0.273131594789654
0.369561112351842
0.610758259170923
0.380700385754653
0.572068697962638
0.367172994046553
0.295546800082046
0.358847273158054
0.451727998864638
0.423216505361127
0.395840517451981
0.366008608835309
0.462110994455195
0.450412008989707
0.644566333080478
0.471514630686654
0.490590021687625
0.455683343648431
0.387862768895421
0.498790896128947
0.431635002238001
0.37661342857423
0.547906308123058
0.613693682396597
0.270130879352782
0.513872928866171
0.448671041798583
0.593030464820633
0.304795387817589
0.432836245494861
0.55047298222963
0.440577451183686
0.521091846212742
0.514302807251406
0.409972755438399
0.563265332235531
0.505744320906477
0.545589525994154
0.260559953453663
0.448599151217005
0.422277047071091
0.342861803485868
0.538236865532382
0.413229083175614
0.482798721213813
0.542268117082055
0.430142793628245
0.355946188379902
0.58022030361452
0.449333268216489
0.405397849963597
0.56338664279099
0.464142239452868
0.494023490557848
0.331505020483077
0.47469599626761
0.558940756395523
0.486184609773301
0.566050659332238
0.533264351018931
0.468778752958527
0.457852630413555
0.551642304334016
0.427390510785098
0.538365687029292
0.555596679707046
0.597485506380739
0.497397001552139
0.480277765395187
0.473079301173431
0.394904903156079
0.547565265324964
0.554149107766677
0.639316682385653
0.643366650232861
0.591691388099007
0.356637211589048
0.548092088351799
0.512071859241378
0.619490562828537
0.4757810789592
0.497036250351281
0.593805569355862
0.576811338534583
0.432269513525625
0.558866327039762
0.520537166987227
0.647103986446805
0.531380155558914
0.472502928005222
0.735145628490257
0.619863718254124
0.620141489353817
0.581426780249521
0.622987453139057
0.519674676413628
0.574974159663263
0.444993266040405
0.654926622932675
0.550403061889092
0.543730122676378
0.644703514394534
0.79092345343074
0.617203501815498
0.717755155267647
0.579554543822491
0.55779808741595
0.691273476407314
0.683106646201007
0.74243919872908
0.728354909137629
0.59127934203522
0.645529249247196
0.699638852145116
0.505090210351458
0.663669862513959
0.550580216557193
0.604087737207778
0.531005322703716
0.537751805579308
0.629761875355639
0.508667820488124
0.637756755122717
0.787960542641491
0.580979429751357
0.733415078139535
0.764961294918936
0.686029523705887
0.674532457662848
0.630405514148972
0.609138114231178
0.672632361599573
0.80624981983945
0.649658081472767
0.560100421615735
0.717877072512619
0.580515322563013
0.516745333589229
0.63874860366212
0.585381236988818
0.758646484018613
0.689396025004627
0.613928758458794
0.554220217836518
0.606946858809333
0.71884599798235
0.676011524879662
0.748098377283424
0.690037224278765
0.728971871769969
0.870248120447543
0.824714138260291
0.563862818894311
0.788462992418605
0.71300768937596
0.790161991140115
0.653497705760785
0.715770031330097
0.785201946930116
0.724128719397585
0.749184826279891
0.737466002123124
0.6829830294873
0.684539083687684
0.774188207955821
0.684641247443501
0.707779736457293
0.720166037889228
0.621970643450226
0.72558788271212
0.75882386961189
0.689921735208436
0.670801226850375
0.654058217613612
0.846624602301485
0.69826426836173
0.645118783418264
0.742883744836699
0.608532493934794
0.677047315122356
0.748138567777471
0.731662678510497
0.777572245700309
0.614320659119404
0.651477844945249
0.615521813145542
0.787792523008355
0.725822875782509
0.85896407561582
0.794844936955045
0.764823262929409
0.88349751013789
0.695219222349029
0.747852481078377
0.775053984457336
0.807054961118616
0.755336674398664
0.867164522903459
0.756507372892702
0.803671149624154
0.738492629519953
0.821928650998212
0.988019524826077
0.92399164432526
0.860699369707091
0.848863509426412
0.920504204070365
0.785698495858632
0.824359839384023
0.806261229922197
0.826995697701865
0.92552395461841
0.789415735475744
0.794658610253176
0.833846867354286
0.99786230136756
0.61096788417739
0.835319680591392
0.778351132771293
0.86681175113041
0.827316821405643
0.82761833141908
0.794467262183697
0.932819921294589
0.607153358536295
0.923734926236672
0.849267316950274
0.66678143219378
0.902094159549784
0.925443826198134
0.946604944802508
0.847182717684679
0.96502099547852
0.788763176437324
0.799887160093593
0.860296429490063
0.994314840016991
0.899706585499834
0.845553806115312
1.0148746813144
0.851593816435083
0.788835697733589
0.963877268201401
0.959322611314294
0.826328663852703
0.824732000031393
0.885774402269127
0.96830212480069
0.92980054053789
0.991987296548146
1.01257022753244
1.02810416203724
0.92992174376483
0.826848173649568
0.873404775380098
0.950336167210183
1.04163705094721
0.925992712335294
0.930302839928452
0.97699131901457
0.923175207054065
1.01482200911216
1.07246890149113
0.917202919399578
0.923958624995792
0.83412717933442
1.00725849522958
0.959207819666714
0.939079299730472
0.891935627529673
1.07420817456057
0.964539604633424
0.95102857761113
0.932908887321883
0.945965776317561
0.880181152017086
0.925918635868352
1.03662773234831
1.02293185327974
0.818624487617024
1.06436526665299
0.987513480814509
0.819233960201115
0.90373116179739
0.924851085034698
1.08260043391846
0.957474021397584
1.08430567718044
1.02835257809794
0.925216163580772
0.794387879377667
0.980928624310222
1.11109938819143
1.10242844571101
1.08444873526242
0.933064215527907
1.09707937400741
1.04224742405101
0.988210632031619
