-1.03637387448116
-1.10991185519897
-1.03531711067488
-0.944057455567616
-1.03486782418465
-1.00069619914292
-1.0628065776323
-0.972060268839106
-1.15918004462906
-1.04034397682917
-0.95581711057187
-1.01220307914628
-1.02377512429591
-1.13957325149489
-1.12656051136566
-0.988625012194351
-1.05439266577897
-1.1209218903944
-0.845803665470882
-1.02156857134486
-0.997879219282685
-0.903434882481381
-0.923206672813768
-0.973480381168268
-0.893536503308537
-0.853126855913269
-1.02893732274443
-0.863528652492288
-0.925989424030414
-0.88136039241764
-0.919166428656746
-0.92780193370602
-0.985218983800997
-0.83018795169958
-0.885706201527738
-1.03901104528059
-1.04897769956408
-0.941626852385632
-0.88061731972311
-0.963096907066157
-1.04539166638635
-0.783591038221911
-0.989986905345502
-0.974857115020693
-0.94034332021829
-0.922619017884752
-0.976010195581712
-0.942700138524426
-0.877298884484904
-0.961702564447759
-0.906050570511488
-0.935575376983165
-0.887268061548129
-1.07422720663608
-0.892963263064584
-1.02309870364265
-0.951619985913869
-0.716742688383677
-0.792042041154165
-0.891749527655278
-0.89182888402466
-0.902554639861502
-0.712272633667004
-0.886447137186871
-0.932254824164728
-0.853543865362645
-0.953079329016467
-0.966442259217586
-0.979714670925112
-0.84776684176438
-0.783606248565529
-0.877383690024844
-0.801254602566335
-0.82967873604274
-0.966415887753549
-0.848028487361345
-0.901203070855079
-0.647692632409181
-0.834281389149707
-0.752568868249286
-0.71415967205536
-0.746377817242189
-0.861514105717141
-0.889298664540997
-1.00240175022013
-0.790803513408473
-0.808548219332622
-0.893878401612504
-0.791505411315465
-0.885770629672649
-0.779765885027576
-0.851386632246228
-0.936003709226379
-0.807552705317151
-0.799171509960571
-0.723770773824093
-0.734665333356858
-0.732695875053033
-0.708594545470814
-0.715073866467707
-0.855234138207024
-0.738038986195233
-0.595743889884828
-0.867728104958914
-0.809562127778063
-0.797567375992446
-0.890323807575214
-0.802351010796575
-0.779837547248997
-0.697848036135806
-0.703865053419702
-0.80330718074633
-0.706275240061585
-0.870932080251873
-0.719775817966834
-0.919027210206948
-0.749899823200758
-0.908477384683897
-0.654656789549168
-0.882566224605016
-0.732768146157247
-0.804302612601851
-0.844418539777771
-0.942356864075587
-0.728964674977492
-0.841611719774039
-0.734230536529523
-0.638940191061988
-0.713006387256642
-0.666682003841092
-0.707544918542554
-0.790601441141312
-0.814135317849401
-0.87798532764862
-0.914491414315155
-0.788040791303949
-0.630927619174511
-0.612432813410514
-0.745690415626702
-0.705914177805685
-0.799373044871261
-0.462479830578462
-0.691644562036929
-0.776474089411458
-0.641704489408134
-0.519597643511337
-0.871245341718735
-0.55649353258063
-0.699785079184156
-0.605006288042287
-0.808083573945658
-0.676584067839079
-0.807349697483933
-0.716109946007069
-0.583671305181239
-0.651078295864615
-0.59473646488408
-0.635819207215598
-0.616910137130106
-0.703176723946574
-0.596732169975355
-0.728206808265316
-0.595231952107962
-0.53870146652329
-0.619489156508802
-0.603884979410654
-0.715438003728451
-0.598630895039464
-0.568286353535584
-0.680513367841285
-0.760500970646828
-0.61634361134574
-0.649314700495108
-0.627632309508665
-0.6060864625193
-0.503202060466289
-0.57190385017743
-0.579242069628424
-0.652689354518094
-0.656317965501554
-0.735415413856413
-0.706594904619498
-0.432729661717323
-0.582719895863086
-0.610765020569208
-0.693586583630803
-0.57865408637096
-0.584843643130402
-0.742790554067307
-0.601310345179328
-0.692571664104125
-0.618380245109128
-0.740439877975103
-0.701884574616637
-0.511689286048928
-0.65233391129973
-0.641025756120858
-0.654581838979399
-0.713594744831615
-0.51603100119474
-0.657859960061588
-0.609456426234828
-0.647819439764144
-0.604755817361538
-0.589419113216436
-0.509073606084578
-0.644579685894352
-0.592358197343059
-0.635801369730086
-0.504276471570532
-0.506451663576761
-0.502914115741265
-0.565551478026222
-0.500578579107936
-0.514763457878931
-0.524102649371519
-0.450326352538567
-0.497435407381286
-0.59929017022891
-0.582653379611893
-0.574884114634143
-0.587612608603862
-0.618736807722074
-0.55038728956222
-0.412997731838779
-0.577285652568885
-0.497193600512168
-0.602694935910741
-0.529952745539349
-0.480915102395944
-0.413076737657411
-0.577961112500774
-0.495500095241619
-0.517203216846323
-0.551727864477705
-0.49382740492398
-0.533884543202117
-0.522904585679528
-0.562984651322735
-0.532055768533747
-0.590737098404779
-0.571263441987595
-0.489216155361278
-0.63394877429179
-0.513672494733932
-0.517037060603175
-0.497430717786693
-0.557034970334485
-0.471235406355557
-0.551096342347931
-0.540220559277657
-0.585301316800047
-0.391757689631683
-0.618903124014199
-0.467469086241017
-0.573233564377704
-0.489390611001779
-0.543173308311073
-0.47775835430554
-0.468100210557257
-0.620587269817904
-0.636543396345633
-0.349232216331299
-0.565679759219245
-0.430448202297745
-0.497818651474063
-0.416166593843551
-0.544762330872463
-0.426613454132071
-0.394777578523332
-0.312303042866177
-0.433701511962456
-0.561694542274066
-0.440335402915695
-0.40778693563465
-0.351127989792029
-0.454367263501151
-0.474473084245326
-0.530699981457104
-0.444355387539616
-0.472337041768803
-0.521967157331877
-0.328508417506717
-0.43273124629936
-0.422728070277421
-0.365624798952818
-0.387788361642264
-0.316471046983138
-0.337204598381392
-0.352725203911187
-0.436462091158435
-0.268520830164328
-0.302198812995285
-0.53911116291631
-0.348606289229935
-0.403984113271866
-0.449674198642337
-0.229045216594226
-0.449626775717334
-0.429067594054395
-0.440506621144161
-0.361422297069136
-0.373451875718771
-0.4762769936455
-0.314482288941547
-0.386724829300809
-0.38052051470574
-0.485220027454165
-0.477175906668874
-0.36889594728542
-0.414029229150095
-0.315093491262775
-0.300063889742373
-0.411553964087226
-0.329902355242955
-0.316568170414408
-0.432491773448551
-0.192321165616206
-0.448294578814882
-0.255671448508584
-0.367699870092147
-0.414710785476532
-0.392371175977117
-0.402582241333835
-0.36826953414051
-0.478245068823523
-0.147792441133542
-0.332602884737334
-0.358959920373461
-0.163777767078934
-0.327806837978719
-0.234330987413796
-0.370502752665829
-0.313031033798779
-0.35080657700742
-0.441816808221587
-0.326340611454105
-0.400113544268489
-0.404882535497896
-0.229863282447299
-0.325772382328724
-0.365773792801547
-0.240161872505772
-0.438380774917363
-0.371944794365248
-0.217376808382185
-0.360145892505371
-0.484418818486802
-0.42584643031031
-0.217587078659931
-0.289382817330603
-0.296182443841373
-0.20910939887812
-0.27137224100565
-0.214559107261812
-0.249485362671451
-0.294257428585678
-0.268081969279355
-0.41768213126435
-0.230820039375097
-0.377075572607533
-0.386840832104924
-0.304127469435871
-0.267549408465017
-0.185128572540375
-0.414205814271146
-0.292561391135333
-0.336029129653752
-0.15819934271065
-0.210971049039982
-0.243279005681569
-0.314019995924981
-0.272312035094439
-0.402192404056781
-0.245143101918773
-0.200192380674318
-0.312013579319944
-0.247363659787432
-0.308644979116024
-0.383373222749392
-0.28678584999858
-0.237060355091999
-0.365982818861953
-0.220924243876458
-0.34075164778593
-0.323485208804955
-0.381981927468994
-0.174766117343923
-0.211665300602271
-0.226619267112567
-0.185705194492777
-0.159783879607269
-0.284401429992323
-0.0687968518603402
-0.36337510462723
-0.22239356460901
-0.22613402830609
-0.134273224104056
-0.287294926867918
-0.297947079365413
-0.249158932702953
-0.133688988115999
-0.214914673750122
-0.291978016554808
-0.333869592644087
-0.0348734724916426
-0.065264245738813
-0.37050805084481
-0.211002046550732
-0.210776626259801
-0.277978956987222
-0.0153394243762148
-0.164212268864583
-0.249339182625075
-0.20704517025466
-0.146004690689989
-0.232831854135754
-0.168403315458375
-0.083473643915681
-0.148296645453581
-0.100039070588119
-0.181859214516493
-0.154185609490904
-0.195351988897074
-0.217627388245779
-0.0848837876641453
-0.0868739699339009
-0.179115404211887
-0.0721279699055392
-0.0152713884510544
-0.0805913238224138
-0.0823239020083465
-0.242783023803545
-0.146298613146877
-0.0531107692927664
-0.0544891760405718
-0.0947681586813654
-0.047053923161801
0.0440407143307287
0.0165052752370403
-0.242843544201672
-0.129222725881285
-0.0534293755974039
0.0878711785142139
-0.136837381857702
-0.0774344008514997
-0.148085182915743
-0.0663454627241573
-0.0630129429719158
-0.277368924572038
-0.129377639869035
-0.131843608178798
-0.122527508651399
-0.204856137225294
-0.0125101731146458
-0.0978946354080276
-0.0313419991053705
-0.0314736562610804
-0.0389646384904525
-0.128295735470871
-0.105089883095891
-0.025482072316968
-0.0254355003319024
-0.0438742012264074
-0.170235057276052
-0.105418018688782
-0.052181695849524
-0.143952392491236
-0.117045562634132
-0.151933819946464
-0.102383440959639
0.164697536550957
0.0733642171557358
-0.0918984027732948
-0.00279706171247201
-0.0469786108561051
0.0619419876241015
0.109651456178454
-0.0108933862616996
-0.053396564524432
0.017737518678821
0.0826942607474371
-0.00862744088055995
0.00845935619784416
-0.0455361882582628
0.0171193113528749
0.0356073954204648
-0.0834989536119902
-0.064868798110319
-0.0288250242141479
-0.0208354104503663
0.0184982263931424
-0.141216893725787
0.112141324124363
-0.0370819622289235
0.0804689064032866
-0.00377264152560448
0.0484033736005263
-0.0564339138478007
-0.0484248454329594
-0.00376398446407562
0.128350931492364
0.0577369972537761
-0.041554517238749
-0.127669588823199
0.208147102304742
-0.0237679917847144
-0.0262920534587587
0.0999932795377249
0.142138297560293
-0.0220575281455838
-0.0208213850192716
-0.0913680829860132
-0.00976032514724376
0.143167629409189
0.0500456230273425
0.149689211539268
0.0334876154296274
-0.0447393581113875
0.217835152653279
0.133454566038623
-0.0489539795166798
-0.100683649082779
-0.0316701532889421
-0.0968189442495471
0.043622064132593
0.0870700701258415
0.190966963993353
0.156309552365537
0.029235599417984
0.0406083807598703
0.0609116902544718
0.051182150198049
0.132122950896989
0.34739283394126
0.115527460630954
0.0793852125704775
-0.0464971508159249
0.0715090025801241
0.0922108331506172
0.12762870432896
0.165990789080685
-0.0232992148637052
0.0789528165022011
0.192513700728809
0.082611459157074
0.00865658310465716
0.133401830313504
0.0181643643245465
0.0931216336273827
0.0842501211593751
0.111203296434955
0.175352606770296
0.0753746976974603
0.0478539188130043
0.10548661639084
0.0305992665205303
0.103798555324083
0.13616249952208
0.126968215409619
0.20239091161828
-0.0455743790475987
0.0738129342749986
0.155203802218567
0.246710568130276
0.0284831251781648
0.0469461107221804
0.200683712392129
-0.00464173457619228
0.173218017041695
0.025039285364915
0.25711409032006
0.176448053582402
0.119818873887768
0.127647915723145
0.102199797410174
0.241296661328852
0.0596754529725802
0.228600934456884
0.0236908855002609
0.272807572869017
0.22425691335855
0.139902846618303
0.0893207007645491
0.357156553870715
0.236700950821152
0.238271488780895
0.195439765843986
0.0800487350975059
0.0613778049483176
0.111273790289471
0.0258017157855036
0.263571730936873
0.289123393985089
-0.0329714038744911
0.271329119196255
0.297881903895081
0.232842432887633
0.241853627976582
0.181105251381
0.127057253522475
0.166292838829344
0.264493564607354
0.0976904554175258
0.329248063916087
0.309914525221415
0.189179600596513
0.23359615350555
0.236731936153593
0.248038828650433
0.304306461381483
0.105302443019782
0.211097526371291
0.269470009522305
0.248889677570178
0.378601963817615
0.266352369947683
0.237361682981991
0.260149491171274
0.231790317264867
0.149546515416429
0.235288280288299
0.327223723134131
0.0636463494014187
0.197694437787647
0.2515337613843
0.386588107880112
0.161633192955068
0.366873027647436
0.360468379264594
0.258144425996112
0.150002002318478
0.28235562127079
0.269964646851568
0.311596880777001
0.18082140257188
0.393801096866649
0.424128683097158
0.289323203538691
0.259705991434027
0.254769834944907
0.236838921260038
0.394084663524833
0.465820172718483
0.336349740984574
0.185717868330842
0.114267052231287
0.452068841653209
0.289075920644696
0.2128452806505
0.315374091128008
0.264705049896218
0.397986000993696
0.249754129185169
0.296806408549875
0.264469408412191
0.254979092612032
0.372625610586379
0.275424586399542
0.468120143971102
0.297856438444644
0.386087921437402
0.369283438304599
0.360651850692826
0.295696355717843
0.270199625644284
0.419714350038292
0.333998591404077
0.455487954443489
0.325441256992496
0.447592052228952
0.349231251943947
0.291283166214674
0.375467075805391
0.476520789557268
0.448635994605504
0.403901605565119
0.36451455795495
0.344226415337539
0.291949889548434
0.160946706010487
0.431851068434736
0.173759449753663
0.215736931792291
0.430391485347145
0.438575406629667
0.426695848266674
0.364525864250629
0.340109987643958
0.358254008594104
0.356902009361306
0.368117331812352
0.338362693707523
0.356998872478276
0.378878191991045
0.327511643155948
0.304525448104096
0.374960815214344
0.462426077016437
0.343293717592328
0.4257554285047
0.311498792579235
0.35366490803126
0.29594381672928
0.24023439725028
0.563747123662031
0.450289851846644
0.329580291003244
0.418313072365456
0.518578930854668
0.432629591586247
0.481641372418913
0.335544130806289
0.334738764541872
0.400512080007182
0.340486709285738
0.312070204796241
0.425218670906881
0.290424955768857
0.423661819413921
0.509040071862569
0.468548908666178
0.467490697730524
0.45877075493588
0.532289452564771
0.450710874993302
0.507235065090438
0.395456905235068
0.625274529384042
0.378201714892238
0.519740199261209
0.40598565213478
0.420716801931718
0.523199256580952
0.415917302852775
0.543410570842218
0.506955329691134
0.329019469629152
0.384250009237596
0.411336563505976
0.401190021907244
0.565387155032221
0.627601903692274
0.683922182966799
0.45716879339926
0.491400990924684
0.595216267732854
0.502116639175857
0.421882658463679
0.478994268798682
0.457612844175676
0.540192703391724
0.48709306659498
0.64795693015797
0.351352807884422
0.621113411022663
0.585412200025251
0.456132805989365
0.63325851752483
0.565003686128189
0.580871728752257
0.639223036137845
0.526610600292485
0.442514815831079
0.464401892461548
0.611138538476057
0.483833151099381
0.48379949189612
0.582977223520333
0.568843741390192
0.514945366719106
0.562925200361849
0.510759261031149
0.72232417861583
0.689449210771192
0.385947410747865
0.463692368368741
0.571387009315914
0.56135053644798
0.480883562215968
0.374502905909065
0.459677543345798
0.553193715693431
0.58836624339764
0.59456378360772
0.432443853957428
0.691557358759934
0.666318910887052
0.602580378507084
0.570641182925719
0.681571305740661
0.443811221539048
0.345548552313557
0.535955874454632
0.538779520375739
0.541926477390673
0.487690949761716
0.42358870443236
0.57852714228744
0.574662604195214
0.838080465122201
0.68207306360502
0.588576702019789
0.635696595322023
0.703233524077847
0.632870264975164
0.671017427510989
0.663792015909842
0.590809451437141
0.56962642282625
0.561637305504227
0.677909693899108
0.521798843141117
0.677893030378499
0.690345769251434
0.692443869663927
0.737254605506077
0.569958607560929
0.681253537254368
0.643571808610766
0.66904921450163
0.601472622418006
0.75946139614522
0.831632674401595
0.826146300841032
0.636879325059535
0.604415975583896
0.665276721827436
0.789305645493639
0.640365374085555
0.706583175477505
0.691714159240652
0.674560421011102
0.548569827042277
0.612671904979792
0.647035827878979
0.556328103998588
0.808138809300377
0.567235840426998
0.629717629653334
0.474480385599688
0.605284703383909
0.648448437876248
0.510753075034048
0.672233232979427
0.650943020027092
0.734189524288263
0.611026120708242
0.743162562772245
0.64750803472352
0.536024289353027
0.621722942695578
0.743512064346035
0.792885716505962
0.825586661123317
0.721858211050458
0.712320430166878
0.758917489777362
0.643683190917303
0.613251078064499
0.753702271684179
0.71720328544337
0.753367743699076
0.759476731402902
0.799603723286365
0.668418329423969
0.785982499186945
0.816020410512611
0.646390437325008
0.656844770928306
0.661425188791769
0.704108652861431
0.834382039463662
0.845120263600686
0.583939029477014
0.698646705646916
0.882177824858328
0.809377251340481
0.815123791342663
0.648480280065687
0.838960898080212
0.784114394340056
0.803460231860921
0.777051246562764
0.792902854667564
0.906634144692086
0.638709951874561
0.833402758960641
0.793258871617039
0.779195385935196
0.731540179117274
0.784993350392667
0.875612094500659
0.810106157393406
0.797928815448451
0.792658614865052
0.779397331374865
0.750003900360544
0.774817811501082
0.846204460662239
0.689811346750498
0.595273391243783
0.954307536139165
0.698910589208152
0.880403205787977
0.859394913886855
0.880532477513601
0.722178079720257
0.845668611168799
0.904741848202936
0.734201294699015
0.817674413207342
0.84092766752817
0.885303269605839
1.01471490041827
0.866837180777023
0.657030065560052
0.754130568580977
0.807177069355333
0.901965653200973
0.791480359435056
0.848780999266097
0.848131091943369
0.850639205369184
0.732657698213191
0.883083748549513
0.830596028626011
0.954821207168257
0.896690640338712
0.743102031923559
0.969528510987718
0.838918111561888
0.821546250086094
0.726154152887521
0.836904729735581
0.788380293310455
0.858912587784068
0.942862290161008
0.860537571084763
1.05284181778537
0.864531654093043
0.883055960989335
0.670099768800091
0.973223799706385
0.961525439731605
0.953319600106999
0.860725677211038
0.92360886210316
0.858277546158906
0.830119465832725
0.813035709843735
1.02517762665134
0.958065464671871
0.870673642449409
0.923493464630586
0.885041321699522
0.92481715363292
0.935210535805021
0.949605883975788
1.00428214811283
0.994522201822586
0.917756356362632
0.811119785462646
0.839023513433752
0.910200955374775
1.0236661922099
0.916329965740609
1.02661120602309
1.02143599005297
1.01160874728903
0.875413051863075
0.826819179932884
0.896029086438406
0.998082338489563
0.849223796093163
0.904185450367731
0.9588473717813
0.915946555759081
0.838481066775959
1.07410523720652
0.912241768256558
0.769330875485419
0.882260267241931
0.882751826417196
1.01206145042304
1.02155123990671
1.05304799921786
0.957090711795659
1.06113231891626
1.09566072385088
0.97483162182563
1.04670685170348
0.973645240965214
1.08258539166305
0.972478255652319
1.01533760251299
1.00887666247255
0.928496484032424
0.945019161773615
1.13838778216753
