-1.06232546685615
-1.11528446422231
-1.00083054774426
-0.925941046528768
-1.05140016410501
-0.989698164940208
-1.09197733357329
-0.961719781603243
-1.13834455441734
-1.02973727832881
-0.962396221091063
-1.00470591366263
-0.993943565817647
-1.13560530207642
-1.13186874447247
-0.984269754766787
-1.03848759316461
-1.0974614468464
-0.838156010845344
-1.00803873635269
-1.01716317627726
-0.897766625634958
-0.918673372536445
-0.972505530623452
-0.903815016392183
-0.861591082135801
-0.995426931618791
-0.849167010885855
-0.908955750578818
-0.896704330756212
-0.926007869641719
-0.918738997071785
-0.98558756888103
-0.837016456694656
-0.897001400784517
-1.07223508128576
-1.03444003752656
-0.963022720202537
-0.880003320399625
-0.977175927601137
-1.0430669440132
-0.801843452930743
-0.972742633159548
-0.981557307278899
-0.949180752024625
-0.923047351472538
-0.983416636893418
-0.940234805816975
-0.881596797316565
-0.965478983892708
-0.911853394605922
-0.934991520346394
-0.88405148209681
-1.06174820075593
-0.867747766854055
-1.01984682653744
-0.948621614978799
-0.71507269952085
-0.793789221863387
-0.883580983456928
-0.900917485406755
-0.88638833097057
-0.711531172517507
-0.87538082812689
-0.947991262508045
-0.859716447418083
-0.934107585065333
-0.967742232384235
-0.969400256864919
-0.850807118130761
-0.764135708916237
-0.866784313698551
-0.807051792787698
-0.817090433184743
-0.956309449467537
-0.861542955288039
-0.884714868359496
-0.646115062701454
-0.842359037916836
-0.754078972326074
-0.711833772648516
-0.748167118154267
-0.876396675631315
-0.893738307851011
-1.00028297615211
-0.793986583725908
-0.800769115627191
-0.885419690650116
-0.785668731322358
-0.860218510786695
-0.784974151258473
-0.835956201256821
-0.931282504250943
-0.789003190194439
-0.771932667385132
-0.707326825462944
-0.741523296937995
-0.746284553466742
-0.724252492861088
-0.712511170196374
-0.874487150384297
-0.738737962381308
-0.606877042627636
-0.880132376890874
-0.814455035388623
-0.804769558804974
-0.869385484436881
-0.799899205361479
-0.758025403153736
-0.709600681628479
-0.703327695333312
-0.804375598017693
-0.713367855320838
-0.865308872757496
-0.715760922273571
-0.929802529706095
-0.729673038494986
-0.897044712159555
-0.654912994774462
-0.890300222140239
-0.722969152802921
-0.777698866711371
-0.819945961208945
-0.975160342436187
-0.746331809397408
-0.837654174864122
-0.736983180678459
-0.631730216659483
-0.709676321577044
-0.689252447635136
-0.69744910625694
-0.778313850808467
-0.795213036122587
-0.885096957293653
-0.910687306701095
-0.793514195434247
-0.649730686006975
-0.621582845534167
-0.755410914524149
-0.68720474934325
-0.792539148918578
-0.462480414295711
-0.674820376568297
-0.775956663975508
-0.629903314292098
-0.504796224383629
-0.881906353703127
-0.560823498916833
-0.682316724961334
-0.629977606095081
-0.810103429145083
-0.693648854064758
-0.818478074762865
-0.719441630735166
-0.593475554596458
-0.657862006851565
-0.572400935217076
-0.613893949329582
-0.622229696545816
-0.691947780579799
-0.617256023629652
-0.697361760359539
-0.634884828652847
-0.521025839872449
-0.654115090245223
-0.63261305904141
-0.709893912908065
-0.58912993093393
-0.569071095809527
-0.696695233008527
-0.749966396870637
-0.617629376201958
-0.652583600944211
-0.636161333777378
-0.579800307295575
-0.512492703396099
-0.572853336876554
-0.588314591121688
-0.658381170691147
-0.666660646309532
-0.737865939443271
-0.68753598401009
-0.441184486960745
-0.599698664769953
-0.638190799446185
-0.682393610875802
-0.59577985274196
-0.585570281480074
-0.718969036694909
-0.598996346885766
-0.69678067004049
-0.627834264805637
-0.728367585911761
-0.691629068095052
-0.510778195176627
-0.664306186149678
-0.664454996132902
-0.671404619736087
-0.714739431976814
-0.520336937051624
-0.642232194889223
-0.62395532423328
-0.652717641350284
-0.60677180507626
-0.591533145683938
-0.511487247686682
-0.632697757921617
-0.584851473095271
-0.628638770179182
-0.499180988623351
-0.497146395675581
-0.493707830649453
-0.573105747320246
-0.485843623699912
-0.514616296186208
-0.525950481466247
-0.481008829345692
-0.477364618660396
-0.59984752124672
-0.574666452902787
-0.566144587656341
-0.601601432879052
-0.604308691138874
-0.529994159058123
-0.405185809708219
-0.566117498174818
-0.498112458856428
-0.599871318077761
-0.520845389488782
-0.458984663716209
-0.417296761746882
-0.606866862114908
-0.507818323502039
-0.526858531064339
-0.554615890345764
-0.481596462203649
-0.54838916225079
-0.538939667597673
-0.594817287690084
-0.518139674023677
-0.570897692589833
-0.58288889285299
-0.488483493642425
-0.626148208626207
-0.525726267821892
-0.534397395425115
-0.498630908473607
-0.569096744407066
-0.472689091212143
-0.543725100777775
-0.521398679363765
-0.583430530451761
-0.404342991253403
-0.619812027329608
-0.471061816200252
-0.559792700476993
-0.506202367017325
-0.526248496214761
-0.472256284724434
-0.490385774375571
-0.62054086179705
-0.619158216001483
-0.369049956731925
-0.554179669533634
-0.429165295488446
-0.50186492099719
-0.424697731382242
-0.525510215453408
-0.435054881437211
-0.404094343816341
-0.322085715385853
-0.445716316796438
-0.55023631122705
-0.447947766028412
-0.416146520238725
-0.326135759727401
-0.44692129371067
-0.504426438673747
-0.534818539987935
-0.418829930399636
-0.472459928116726
-0.532037956203551
-0.321907252226762
-0.415999012972536
-0.44297780073518
-0.378268763820711
-0.365005183378709
-0.349489289200667
-0.346613651738137
-0.345963750000035
-0.433778996108487
-0.269531997780916
-0.314233418491539
-0.522838322040706
-0.374160287283582
-0.409459051397841
-0.441435798276998
-0.248710602687491
-0.433645490524071
-0.396722976008257
-0.427172949244004
-0.370370235474187
-0.368441711574692
-0.476911311870899
-0.326881188932112
-0.358731201145722
-0.376974436798322
-0.463913434144234
-0.457258973766496
-0.354578080282726
-0.43483997769681
-0.301136176517723
-0.29308916594057
-0.401738731031936
-0.331441649775402
-0.322728669817836
-0.423890383398587
-0.183133162284829
-0.441220490203683
-0.268172505067371
-0.362394923115196
-0.403624481738216
-0.395905649851074
-0.405793733027931
-0.368665017258641
-0.490190639152952
-0.128867896138434
-0.33143761552941
-0.340768451413637
-0.163532260424862
-0.330545937161151
-0.25949420479758
-0.362288173893519
-0.338460012480892
-0.346943757639866
-0.417895522165542
-0.329727066496444
-0.401177130953295
-0.423156250922433
-0.199633457501873
-0.346367115856525
-0.368449070547301
-0.242226223845653
-0.424443084092321
-0.374189053642449
-0.227781722818427
-0.338894742518672
-0.479711644059417
-0.416949205164392
-0.213975954207869
-0.311230101044127
-0.298959540015107
-0.205344955319274
-0.275332712352814
-0.225194809912844
-0.274374128517743
-0.310739498926085
-0.295584389848205
-0.409248523931527
-0.239835990208631
-0.381825875416773
-0.387111802866297
-0.300500041370012
-0.286050549529932
-0.177152129790589
-0.421195304348856
-0.298183497814378
-0.328712300823043
-0.164562293091878
-0.212301705981303
-0.229222527177498
-0.314844381876629
-0.296514607993757
-0.39544679988765
-0.244388367832901
-0.199691506551175
-0.307712226420025
-0.282758528927892
-0.314670640420551
-0.368745114390591
-0.279903088910858
-0.257001948987006
-0.386210504266825
-0.242555306862279
-0.361825895173908
-0.33298874163544
-0.377950413523028
-0.187622873524232
-0.215260337475651
-0.20444304507688
-0.19018539277787
-0.153893956320882
-0.272846396838242
-0.082372778402122
-0.350370317820657
-0.22075388075783
-0.207858609734755
-0.128663380584126
-0.295152368992678
-0.299803298540719
-0.227936951590796
-0.0976639140444522
-0.203050468035525
-0.293413599833154
-0.323343579162843
-0.041786313074291
-0.0722981566106993
-0.359040939594538
-0.222224748080268
-0.223865219069633
-0.284389059881479
-0.0531939926553579
-0.165036569083106
-0.247187212988078
-0.204141322849325
-0.16161714271168
-0.234658605423073
-0.175351747500753
-0.0916759496011244
-0.165110666033312
-0.105012930666568
-0.198080841575393
-0.166640957172523
-0.193320108646091
-0.221512538967092
-0.0548799114516512
-0.0903615081516086
-0.168511897931577
-0.0634057115106766
-0.0180070542520343
-0.0954664796849449
-0.087179152222719
-0.247746658014634
-0.158968190241021
-0.0644622891849136
-0.0472622731757736
-0.0920960859555543
-0.0525019967307064
0.0704741072147218
0.0102815730257242
-0.22203996125062
-0.130190075005822
-0.0585172932332299
0.103969252768624
-0.142188103825949
-0.0609916640089904
-0.153490501488543
-0.0578449810764535
-0.0533929206357886
-0.258141582399641
-0.119354694062939
-0.119985469542776
-0.129107613852112
-0.191546436725135
-0.0282064873670941
-0.0964725442770188
-0.027956651447385
-0.0501848514984647
-0.0592058570989391
-0.114019274205728
-0.0952000901523426
-0.00445414398427528
-0.0333371941343799
-0.0470883377212948
-0.173266795021313
-0.0896486255695489
-0.0447132088237205
-0.119287968653275
-0.131618581926949
-0.139087113419573
-0.0763138661982943
0.175213026070607
0.0833870452949681
-0.104454829086613
-0.0131299843570248
-0.0250056610035419
0.0499203368385616
0.131061808985089
-0.014630209575237
-0.0831429113755882
0.0147263230302811
0.10574031957995
-0.0101479927557291
-0.0174201878540742
-0.0100428636513431
0.00779093878136122
0.0443683794933883
-0.085164614934521
-0.0729971333830443
-0.012064156927823
-0.00673836018359409
0.0124735209366766
-0.126077590661628
0.0999281761619105
-0.0284796316997817
0.0631670107327966
-0.0175950942653614
0.0333541433479711
-0.0741521122364621
-0.0377072085786134
-0.00239340691283888
0.135984871103923
0.0349575792396173
-0.0418224685773508
-0.0993009807495381
0.196938012203636
-0.000521827304930034
-0.0175357027582196
0.0810836431624403
0.134001052442128
-0.0217908165522524
-0.00924563734691467
-0.0974444297731478
-0.0120059695423962
0.136357725353292
0.0233829964478891
0.157661327058987
0.0678400340896476
-0.0237579179089618
0.225043762795209
0.120786125774987
-0.0554870330296819
-0.0942943855093236
-0.0332585109130481
-0.0847994497352279
0.0532189594971449
0.0834958005153298
0.191309613786349
0.145124428312309
0.0341675489280663
0.0654494915139018
0.0467804001614809
0.0452303380088761
0.11548116135514
0.348839000848503
0.0972485127879189
0.0611349285639505
-0.0197755866316301
0.0789965720231643
0.0833121613348241
0.121622127837222
0.164588480453629
-0.0266634605250751
0.0767539964969117
0.223161282271755
0.0852789999822795
0.00856687977334407
0.121212770864671
0.0248590220099296
0.115301253470074
0.11474475093144
0.129097399065717
0.169562263784567
0.0639312062194863
0.0665291468726543
0.0958851247647444
0.0518875825900643
0.120394333388334
0.133459884930519
0.127162236698676
0.204939611937995
-0.0438144981611365
0.0722020850992848
0.168847914078722
0.24669670618931
0.0350927193516945
0.0424275787673139
0.184159285131302
-0.00835500975815549
0.208573134799489
0.000731183196893216
0.270761422760498
0.179746077708748
0.125354893833535
0.12541926993024
0.0775669922503013
0.25958642533249
0.0606466499292871
0.225761092164986
0.00980529558669791
0.246804531367283
0.221233209597631
0.112254503934334
0.0879942058554848
0.332363911216717
0.249708463039055
0.232985447437179
0.181344221629258
0.0984658619195631
0.0545381231174642
0.0918111948508423
0.0304924248948365
0.273755615074203
0.291155162357065
-0.0249423401884789
0.266277384884439
0.317880242874759
0.219471335939625
0.244320513833207
0.186679648846355
0.136241329468665
0.179040823636736
0.248136262328079
0.0778264036934949
0.32399987923467
0.297633184780966
0.174383898939412
0.239771506013496
0.24896942874399
0.263587540554371
0.317840166854643
0.0810748330817259
0.197226341973851
0.275959949301285
0.271855513660999
0.380707224924685
0.262512382699403
0.231227029063746
0.266099848352844
0.236397427074578
0.129803221038539
0.257197134542101
0.303443439900992
0.0617270732422763
0.201852280867535
0.226725017377281
0.381934209811553
0.166271052903772
0.377351165033837
0.354613957175183
0.268181358973314
0.154172489862088
0.291170537952037
0.244985612206479
0.346916644812526
0.160560583756184
0.380060379004867
0.429112416933872
0.296793956168671
0.246201914467516
0.24865650700243
0.229052950797587
0.395528393650556
0.454817947979284
0.337037969292669
0.193810647208711
0.139348632346194
0.445985902321227
0.293086403455323
0.225060925644896
0.328681979765451
0.243388334081728
0.403383812052689
0.262035143631392
0.287280864334793
0.250544286897181
0.225062903125891
0.385547942046682
0.294581592912894
0.463559067507127
0.288962514629936
0.368193764792496
0.363314927489563
0.374179225970396
0.299620040232646
0.25344907578995
0.398677732254732
0.311497818842288
0.437172840303381
0.3018707747227
0.447950776926872
0.352671485063077
0.305603128034822
0.367848721672457
0.470397374735405
0.437922157773784
0.412286937899986
0.358583257606734
0.347434338816362
0.322273735447892
0.183246095580043
0.437090390012668
0.179712662928771
0.207680108797366
0.434413230597159
0.422244565382656
0.417279324381882
0.359694383926342
0.33563099172245
0.36805944224062
0.371989373106841
0.368022817481313
0.331982621299189
0.331350500678946
0.385508070767006
0.337892474265051
0.285856238733346
0.355598648147559
0.4602849672282
0.36883057332731
0.422047816636172
0.333467734457904
0.359218482238214
0.310395196012965
0.232824993532911
0.572753712513297
0.465334569125561
0.319726700223406
0.435816098649093
0.525992651338065
0.41506379172132
0.451400443538808
0.327982945106403
0.346788141904554
0.393781066647043
0.347455558310052
0.308529696597604
0.408336332115392
0.290070947032765
0.431080947330523
0.510453578570553
0.479645312398509
0.462140635002239
0.471433307684998
0.53714526696128
0.452667883756782
0.514155345112979
0.416455992375091
0.645393396069562
0.372073552496703
0.510305988239363
0.44359112852014
0.427484096211909
0.508412328849456
0.433288364184476
0.532640248875435
0.514810883972024
0.348292538187045
0.38513799853587
0.405453895888847
0.395450128094248
0.579957842921694
0.616528710439187
0.673208830589802
0.455054691976805
0.468785291141537
0.607408580848011
0.498079202985188
0.428943180546178
0.479404714317669
0.469089585841401
0.522212635408956
0.498126641012485
0.640724027483066
0.352741037073492
0.601061132219209
0.587568954719469
0.45708601499242
0.636779904023871
0.56147088438587
0.576286344171795
0.649553394304646
0.491071397188765
0.458082446522823
0.461713287299428
0.607668475508501
0.453564216870267
0.502301372431954
0.583944269131166
0.574104946269624
0.512378386750382
0.577384977631037
0.478492867175428
0.732303406392593
0.701347539500275
0.386252705424891
0.440533771052096
0.570027982443645
0.563234712190929
0.481109287588092
0.360895365422715
0.478640136040243
0.527036687910842
0.598648273434949
0.597614964236576
0.438972587733871
0.679549755756321
0.652260052395805
0.576708154719487
0.589380139996934
0.681423646916402
0.449719394349056
0.348446624307893
0.544817409290008
0.527633735552807
0.537799496756519
0.489400140097799
0.435633012441205
0.574739629737649
0.558265060084509
0.828582054305913
0.68950547110475
0.571163182672535
0.627939833064949
0.718915497758954
0.641068936880371
0.67125745097506
0.631787021406092
0.564057420786047
0.579825066798677
0.577588674726061
0.679126289939213
0.52022504822629
0.681071038779493
0.693026838816552
0.689776095512552
0.732207050726979
0.596981196246658
0.685672010174735
0.637529898672319
0.680284491919668
0.594482369010655
0.748195525102219
0.837931880284537
0.801712595984805
0.641496467618798
0.62256552087528
0.662564757638686
0.808920209044914
0.623579189563478
0.724661005286545
0.698762772719583
0.672674911692636
0.557029509280703
0.619122408478611
0.65604525425994
0.576492463537607
0.784482319990797
0.568222923466816
0.621519849894461
0.480392784262323
0.623751574419225
0.650114122516695
0.513411008992691
0.68380252848009
0.650604931310045
0.735760752583073
0.607943833419964
0.720007509038482
0.644948016156977
0.548048482638093
0.607096062915577
0.740007730339299
0.799403137435148
0.812151921293636
0.733216147166125
0.737526773674757
0.78432411328084
0.652949640798288
0.598692294757525
0.745092648700625
0.733068443865268
0.728384125374275
0.754601915401383
0.802064957053421
0.674357011688186
0.804533971492104
0.804402405079471
0.667328727813024
0.637522444649464
0.668324871770629
0.69299366942312
0.836475658850436
0.848790295591569
0.586589650305034
0.713842162906043
0.869199686681198
0.790033219225367
0.813182890473798
0.648181295577856
0.862035869670779
0.783536873578268
0.819598917035284
0.754782564972404
0.776990576958266
0.907476205277277
0.646924064747486
0.832261635593703
0.814357671053313
0.775690115510978
0.730412491449168
0.755446198661742
0.880031758404295
0.812023733396894
0.814598243560765
0.79634151393916
0.771039130584895
0.757318987856717
0.781824811536629
0.850994326890447
0.694648396973886
0.587355718013697
0.938436121444277
0.665352668706123
0.909044104264308
0.859202420460595
0.862568864990699
0.699224042639522
0.831738999418721
0.897368625438254
0.736155362495585
0.80836041429542
0.822737389065554
0.893829098945399
1.01235065282873
0.857072904651772
0.646130601019138
0.761025045837747
0.797342525374255
0.879282596492528
0.780471300970245
0.849644632776648
0.849852256307797
0.81807975197567
0.681565202395418
0.88433962115872
0.836559970584068
0.967166279555089
0.897539702368216
0.746145131059431
0.963863730347365
0.843227433881278
0.818263463441393
0.726407159240269
0.838300093746406
0.7686330078818
0.890664273254617
0.948632077566545
0.850362827564588
1.0439259420276
0.853036373557606
0.855668442451918
0.671643956839122
0.974137152369667
0.960421753153933
0.930635026457052
0.837742413801675
0.927774992934268
0.862535832224757
0.814784262320798
0.830824823250453
1.0311120962885
0.949410201810575
0.861370526127582
0.90634360246577
0.882425122123615
0.898729243752967
0.941819316108424
0.925917788620098
1.01742629003297
1.02015861820902
0.88958967632516
0.813748228547835
0.831589710596856
0.898408555762952
1.00596713708228
0.918606679149226
1.01686336031742
1.0378553105768
1.00791000433817
0.897623732935358
0.823263773405389
0.893106327044764
1.01977328282255
0.861988342841743
0.923939141917182
0.970867247670195
0.902750209935563
0.84433444232328
1.07798918108922
0.927397712290368
0.775272383520334
0.88551171773447
0.870741637076763
0.995745778975495
1.02248976799242
1.06001306917917
0.939562980541979
1.04876679077211
1.0911220477216
0.968654219017414
1.03681061427863
0.961462862165312
1.08185492272456
0.973594972460419
1.02328115309354
0.999913969817714
0.907226612738194
0.960063826605406
1.13970286334322
