-1.00812611159143
-0.898382228387768
-0.980401427887556
-0.925647648719733
-1.03647944469728
-1.06586583592163
-0.972755808372116
-0.80396729820957
-0.912494214044196
-0.966468134764303
-0.997113849940847
-1.04562991683557
-0.99557323178588
-1.05721631490632
-1.07022382029987
-0.95744531752733
-1.00914868383025
-1.17020062253112
-1.01435892268342
-1.00178832386165
-1.0016873217491
-0.952709969027099
-0.864796738993865
-0.973435114514288
-0.838908408854399
-0.961564121914066
-0.895397094751183
-1.05519099672238
-0.932776717195901
-0.76487790521088
-0.891983062579504
-0.872199216222699
-1.16379176010123
-0.855475854434543
-1.09142320564786
-1.06122314840229
-0.835656314748434
-1.08610854858882
-0.944158157404788
-0.815574331957091
-0.963526287423915
-0.875339686154676
-0.67514442318577
-0.762464424905833
-1.04416493017728
-0.859523496833065
-0.983927900598102
-1.00241770195493
-1.07237931210923
-0.780868237342999
-1.10918293569971
-0.975803960366242
-0.949454172811914
-0.732078371231769
-0.929976473061023
-0.787304884561708
-1.0134988428976
-1.02104130372347
-0.748371962989909
-0.924843313502832
-0.787431421329334
-0.988814235458807
-0.847999774186167
-0.851736209397657
-0.829743524927502
-0.812647371850246
-0.823447643974855
-0.954869418695197
-0.829725600845743
-0.799470899819252
-0.895546747814762
-0.826962565214514
-0.937980473791362
-0.698577572305158
-0.759786076224096
-0.733564736419981
-0.859357909007962
-0.752707827256191
-0.822282314323706
-0.799432711840927
-0.848968340018325
-0.761377453671448
-0.892226125675728
-0.745453063407885
-0.760688204526255
-0.665970617217784
-0.743874906799383
-0.990425592005704
-0.846578708309683
-1.02353394346257
-0.814583839942397
-0.812380888960091
-0.931685655445585
-0.801156461911954
-0.809907467159037
-0.659462877214339
-0.789155466217562
-0.902617728924476
-0.713085462985217
-0.809089029626055
-0.784326053150918
-0.84473197902312
-0.838330673671736
-0.819411415166306
-0.78611456338972
-0.852915095365688
-0.814435135291122
-0.965750757964736
-0.738367749035705
-0.764140911399314
-0.784267886431775
-0.832576919753641
-0.722386182225321
-0.836910388288776
-0.752347359464831
-0.661304771558793
-0.794729519811838
-0.619426594869688
-0.76055007144893
-0.689302743836958
-0.737523675107199
-0.825622139036076
-0.729712464471071
-0.850615413549256
-0.672687056528123
-0.644510373123387
-0.796612680417184
-0.780727392397848
-0.846351106754303
-0.662530003598227
-0.553746799074356
-0.752040403945307
-0.666374694881258
-0.868238132646372
-0.501243208747762
-0.73774432701278
-0.739177874151741
-0.810205869547676
-0.668842478346948
-0.659406042536255
-0.565567853934497
-0.569302926463661
-0.652500879121725
-0.656576040450842
-0.807585416226913
-0.794952569879518
-0.750965965709463
-0.71116271279188
-0.679528657814567
-0.844271466227574
-0.705970962100334
-0.751447064204188
-0.70366218738561
-0.764350094149082
-0.64577796244827
-0.613188240706246
-0.765475962739237
-0.609104128780698
-0.637260889007608
-0.693239766578818
-0.64526776847939
-0.670540789374724
-0.736986348173404
-0.712493653157555
-0.58800579546949
-0.605344186586882
-0.843983948448564
-0.547026307236887
-0.728832676075335
-0.634408707348766
-0.677481216863997
-0.675047112244566
-0.594235279922782
-0.636978400165238
-0.574965929356985
-0.658816983683975
-0.642892587340276
-0.488249613188074
-0.780669886693947
-0.631053266505614
-0.695788524636611
-0.586812530740061
-0.644520653267687
-0.540112569206789
-0.611062532988843
-0.568682653826005
-0.648015287314455
-0.519865631594924
-0.643624533404484
-0.583531590067187
-0.482720245447019
-0.692688994393423
-0.653966790235268
-0.601828834650918
-0.618838263838635
-0.735827678219055
-0.569010537489322
-0.615789999217913
-0.670826628210486
-0.695316554435604
-0.459383319553158
-0.5461078605429
-0.711883294868325
-0.590611994977096
-0.688693508845953
-0.616359237984308
-0.768141982059907
-0.643538205268643
-0.586329885869539
-0.485643570194612
-0.653332851578415
-0.530523771343567
-0.559365482401011
-0.542377647816723
-0.586098322517797
-0.546718129256032
-0.575361279137574
-0.62192516103141
-0.590856555219312
-0.703329480616578
-0.532033202272168
-0.581563750913914
-0.575071858303066
-0.591064404426808
-0.47132293905622
-0.478165900307602
-0.634020881302017
-0.552801213784447
-0.565876427471788
-0.52253317033469
-0.344834349678613
-0.522260607276888
-0.391113071620906
-0.635904137857581
-0.448699888914545
-0.628628967696486
-0.491068815850302
-0.512593993834046
-0.542000030263216
-0.583642130658319
-0.470644148845438
-0.533695875874349
-0.637255061605535
-0.630937204410746
-0.429376753149497
-0.455886637229125
-0.440802085405371
-0.555955060915955
-0.438782219198836
-0.460150072071507
-0.524661263432701
-0.504563642294545
-0.405926616904833
-0.58578763580361
-0.62460749031137
-0.53803518873528
-0.457546520338509
-0.429978665023928
-0.484661254460846
-0.368935480150798
-0.442551171832385
-0.615398134263385
-0.375920341104895
-0.561629657657277
-0.582177289877995
-0.478805752639115
-0.41720690326777
-0.284833783869801
-0.342289656105685
-0.291411145651014
-0.388481312207276
-0.43250609202363
-0.499551116643339
-0.54375096852865
-0.370156160831593
-0.480736563881965
-0.52256600717568
-0.441136713568241
-0.438376828689889
-0.455439507247279
-0.50192780491104
-0.382294037766409
-0.51068073762685
-0.263377514149635
-0.375538727940867
-0.376121565615056
-0.446342747775713
-0.449017361966113
-0.495723629954736
-0.322771378773739
-0.421827290287978
-0.484260516677993
-0.444732687132561
-0.421346987661638
-0.512761168664141
-0.308951058706541
-0.426251207893433
-0.460962044993098
-0.581902567890886
-0.426093825903162
-0.429992609073059
-0.406258208154212
-0.26091210367422
-0.306212687504106
-0.372625633838154
-0.364837746774765
-0.310533917788945
-0.266299133160388
-0.349591199875073
-0.331483810271089
-0.513540665594273
-0.455500706535496
-0.152931862980979
-0.514498691579753
-0.343697027781593
-0.359001590458892
-0.415099796402163
-0.427344609557567
-0.454207723777806
-0.378203401809445
-0.371718579345097
-0.345053536075686
-0.256809948326963
-0.361162289943925
-0.339161209091404
-0.292050706582126
-0.102384308195866
-0.303043971723112
-0.362629267343128
-0.163046773826918
-0.508623330885464
-0.394396396080907
-0.322734564748556
-0.256156885829975
-0.283403227337508
-0.215615067132504
-0.411232234563269
-0.3012464331347
-0.333642000229816
-0.358315437412141
-0.273405235234119
-0.215464069682029
-0.275703820860375
-0.458611385176561
-0.210407407727056
-0.180619934995072
-0.21905125386918
-0.195184787913351
-0.329575387760506
-0.284378389550687
-0.177779790162592
-0.37481462723216
-0.216317404876116
-0.333267383330881
-0.313240157467902
-0.264783855947895
-0.232424075625792
-0.305979230369636
-0.239203574925068
-0.325555806372732
-0.388580503718313
-0.31719707868291
-0.350146813519705
-0.210302372385214
-0.177413802108256
-0.194780066385546
-0.352510823356197
-0.251237799702781
-0.255162002633556
-0.172834315415787
-0.323091199974568
-0.231019021133744
-0.44118177322815
-0.179783502471721
-0.320681990974933
-0.319512782206955
-0.192404455156628
-0.288724534817507
-0.213007576710035
-0.259193966511915
-0.350110811746937
-0.271464607832853
-0.247025412001839
-0.35351392093624
-0.275416559825456
-0.254148175584214
-0.368152621016744
-0.21274573425474
-0.0738703300183336
-0.237645882124575
-0.172315392694421
-0.295448581979595
-0.0829339958484987
-0.128648321933102
-0.288344629248459
-0.296650240554992
-0.11034348344526
-0.2305515980333
-0.366900149812572
-0.146424203304207
-0.1984736454656
-0.219018116907408
-0.23131047454892
-0.268354400569884
-0.295214602656349
-0.123006961087405
-0.0580094775783564
-0.303587180901863
-0.123691633971916
-0.147873565217293
-0.142771834190754
-0.238106530930385
-0.165310956553093
-0.229621623844264
-0.232086980550466
-0.07180893517505
-0.232609883244124
-0.31994796614191
-0.192391730997098
-0.16014097943895
-0.048683105001444
-0.235415302302871
-0.207098680915792
-0.198589852331385
-0.233129502181775
-0.188529177623959
-0.206708053799651
-0.177647464754055
-0.129747230437396
-0.0556215720074613
-0.137889415388032
-0.125383782405671
-0.221849961881918
-0.115555017171799
-0.0521963201224267
-0.154116869024616
-0.132310381275531
-0.376154544086849
-0.0940625325368995
-0.184776670439946
-0.0553651943848223
-0.165143438760956
0.0147781007951482
-0.103839897953893
-0.0648716340741434
-0.147937313339326
-0.103426152485603
-0.171104634984515
-0.0893485308723099
-0.0451327951692085
-0.261787729916899
-0.164184332813947
0.0551210486535917
-0.0549882937211004
-0.0560276236604461
-0.0887853969791879
-0.081125323691833
-0.0623577638731079
0.019254260624627
-0.00519485858328444
-0.0510777564705439
-0.102407630667818
-0.0459111912345705
-0.00587465760808053
-0.0910840333516067
-0.0965062191838638
0.0837779744395194
-0.163391560071896
-0.0234179898724774
-0.0165718796232285
-0.0944263576855843
-0.148832692321667
0.032106514140224
0.0516705915854673
-0.048081936795006
-0.163022477191081
-0.295828327714333
-0.052956043584694
0.0575646197830979
0.019619161974868
-0.0168489168314632
0.0396086895620305
-0.127098487139507
-0.0806541595632628
0.0514659843938755
-0.144860770232582
-0.113600265018048
0.087275263427808
-0.238576078717146
0.0802565752427277
0.0164749296584504
0.103469969829582
-0.100572414403906
-0.0318979839074769
-0.0742840831888123
0.0888412861122451
0.00545908603324952
0.0511666156112973
-0.197560074286528
-0.107294647533283
-0.054300853204585
-0.0997428472212033
0.0170443020410485
0.0181901723559468
0.0645717116715683
0.0548460439827873
0.0116368591216165
0.0814512424626837
-0.166216913928213
0.0207898300970046
-0.145408814028678
0.0602949380701089
-0.0670068636777222
0.084798882640136
0.0527476660137096
-0.0460027528594731
-0.0663752466389375
0.0824904339159532
0.0313426597882268
-0.035726812755879
0.055359329951196
0.140246939647849
-0.0633655571349124
0.0825063906809573
-0.00539689823798614
0.0826783181240199
-0.0789765642466508
-0.1063752348439
0.0783978526172003
0.0929722568804498
-0.0163699223187247
-0.0606121354001045
0.159118165120869
-0.0284522012495802
0.0760733303459251
0.0265698322887517
0.256951813764568
0.0806672071444531
0.0291241982271005
0.0318961753121083
0.154449254698945
0.0234179592497429
0.0675298361636535
-0.0327662166777772
0.0205095917910261
0.070377335481821
0.0999638088830059
0.0836044342738089
0.118542885438669
0.184583099682043
0.0882937271146708
0.0018593848283454
-0.0902878925254094
0.0341548425316388
0.13575430900186
0.0855880895920009
-0.0406151748853672
0.171518765302973
0.200387627157392
0.0301823719283185
0.100072511223919
0.0763171284659371
0.183280942739345
0.264405584036442
-0.0323651128944086
0.23029994508703
0.181204338128368
-0.109975748087892
0.167596373410457
0.143218546370283
0.0811324066445405
0.164255732671435
0.22385576643511
0.0936902038804733
0.0429148375509595
0.0763461424712157
0.327248489622965
0.261721922823366
0.158067598249303
0.198320847866615
-0.0360658580420256
0.232006670755332
0.230827731991192
0.059058984135291
0.0991375282753364
0.0764494932149377
0.184087477304628
0.203194297388786
0.220247015389606
0.0560701596031634
0.133102673872532
0.301891748443337
0.138279178558957
0.230566291564811
0.0680114694487594
0.188627156230677
0.27828678075302
0.232958274088621
0.149369296482536
0.275394117490529
0.116146894223083
0.340771286360063
0.151512105392093
0.335704983134653
0.204607984704011
0.0234099537441944
0.163246666017824
0.292790423448464
0.273848630219015
0.346512947955695
0.176463483638319
0.209752487494035
0.374183083446775
0.298752747259265
0.298536273239942
0.155835568224721
0.113127378453305
0.279732420275604
0.264450273146945
0.0302266086804731
0.244084782796927
0.255043680908068
0.193277087931269
0.291871234136618
0.185520519893817
0.271525000938705
0.122118061737983
0.268720174666685
0.202275299478798
0.393509609589501
0.389703007378029
0.247218741472344
0.11928169424198
0.257890481892661
0.252560378993476
0.34389644034118
0.116775003862047
0.415494214185305
0.279767688007034
0.238181193367565
0.153085231440044
0.275119988151306
0.260532474505364
0.271906859352399
0.164513578262384
0.241013598551406
0.294173448069695
0.353740094701286
0.233333282615047
0.309064313746506
0.391327622735686
0.254910120700537
0.424561298411779
0.444201419986661
0.329092314093261
0.352993597525683
0.322876115006056
0.328724866178677
0.407055740961129
0.256587967195823
0.311823852551106
0.292142933522703
0.339249552690697
0.379921273546022
0.553135586116546
0.43906586627868
0.356335928196248
0.336080260254683
0.296193046280312
0.479557144184552
0.325997697214819
0.391719311556146
0.34113521621507
0.446699291182827
0.237047947184562
0.413227542160795
0.223935366614488
0.250632105975381
0.243635342642419
0.28645642231452
0.457742325572728
0.231403444002174
0.35863489117081
0.301950787534753
0.331812549920077
0.478899747432024
0.440930209344283
0.335309842017995
0.399503871828172
0.419248662255822
0.301788201858672
0.382016580474403
0.343113828541274
0.319892879499802
0.416966009190763
0.431193224260686
0.370501227402969
0.500152802376751
0.479746121074436
0.266047713346461
0.428984269162647
0.518455309088293
0.460091859478004
0.404864698240087
0.344515914471298
0.388256194971292
0.385872050379843
0.388738632601132
0.227087248253455
0.419530750573631
0.562623564167684
0.331450951578985
0.448602678138962
0.58928542635686
0.498569578288659
0.434767331953569
0.350223403821269
0.554200933807849
0.326577377636832
0.416185184928177
0.454959849558604
0.322760921000961
0.481142652074773
0.357101853557114
0.449555799305024
0.345530036166534
0.548544590762598
0.511852551330479
0.351902599897586
0.440806898186119
0.485472166964606
0.473238839235911
0.495552883933099
0.542378369370822
0.366471453610449
0.447347714419596
0.478634198937148
0.581364667695559
0.277135915946517
0.481001810202565
0.412558006176145
0.63379746367402
0.618953135389048
0.398344039910843
0.695322649021027
0.496307022053507
0.541642697909574
0.57389367948766
0.418151756195069
0.47677420650337
0.443597441319771
0.476187362686333
0.487548139936198
0.46624426155261
0.540619958193275
0.413353749979458
0.513057452501873
0.559179405571056
0.401610340923643
0.539313953380665
0.565436066174009
0.488153568336617
0.538418956638791
0.510389648287778
0.49563132780485
0.491562314813361
0.626983183854521
0.540022845597444
0.640439758710051
0.465462682159955
0.437362817421746
0.547198851724899
0.511141332687964
0.519293508405788
0.521862967840019
0.540682930533217
0.510731953342466
0.525469139765367
0.613299799123539
0.577943787361847
0.556721268747874
0.472570111885106
0.564009344682636
0.4604693148462
0.568129348546079
0.512536877282752
0.536018425165765
0.697455559679855
0.520033694264706
0.612613682151917
0.541798089363255
0.543109508202361
0.585732312333258
0.696047821711725
0.51553502893222
0.495010061214258
0.588187631945622
0.62626006429149
0.499543873115386
0.600594100175309
0.523856573455021
0.661430527466154
0.586434215478121
0.612910051241637
0.5733271704718
0.727682854622023
0.596132940754011
0.545822034028017
0.483293046502287
0.679365106362365
0.681264958704465
0.567384757760326
0.667955585569814
0.79056631099153
0.658302370836093
0.636023511896357
0.669455890210154
0.672878738399727
0.53511245314105
0.580127485370044
0.61883314450086
0.73309832210794
0.579771411266503
0.69874803756137
0.641424791430736
0.507978343987379
0.761637250020672
0.709479884396113
0.73235996773236
0.701230378273841
0.550493747774289
0.593040250391819
0.631530327244953
0.792780275736088
0.58857473054615
0.641449092101482
0.681479592970271
0.877091403114866
0.639821560929821
0.685201844593289
0.723879161115966
0.744413486184885
0.62249254451839
0.789665762158808
0.665712243891676
0.845004202347088
0.67282949923535
0.820371659302797
0.701159075801787
0.599828275481828
0.732408533435851
0.672388921915337
0.82357887820483
0.673591737222008
0.767828729556441
0.980312608698734
0.802393742734919
0.579317297822321
0.696510061797551
0.795442004035781
0.639334253859961
0.641909624960821
0.649712857826242
0.906234003046452
0.747271489083713
0.714108132366902
0.636774880978199
0.838736601299006
0.726533705592125
0.713286269523209
0.699864938599414
0.785800682773316
0.702196835853398
0.706495361729737
0.793899340801328
0.64496388614436
0.825854614585773
0.740554144119219
0.965641397096148
0.710070844867899
0.623324456647154
0.816264311315825
0.745301869722299
0.690649370782738
0.860241091973813
0.901721856225511
0.770088861390533
0.583728722113262
0.875884292443139
0.732933968482155
0.764735078955303
0.717908813961939
0.871091490000024
0.719096596504724
0.824865527187497
0.831586806833904
0.724949270526448
0.849438818186009
0.650831981618452
0.897606019779727
0.900937342690559
0.744266198273266
0.712624555254086
0.782115369572091
0.755775378793949
0.659704736689493
0.798349801972878
0.868402917676978
0.796346972230275
0.858233787796938
0.868315639288688
0.86406982476803
0.864976960384587
0.879436886551275
0.829763789883185
0.7144736181344
0.813204656917816
0.894699792008262
0.892899302005775
0.821783575632086
0.891650585969161
0.959203996757546
0.785212124492297
0.836455157026664
0.86956709042975
0.982226285394742
0.790554475729201
0.83504085175105
0.813785465488835
0.825979402779396
0.846475814204421
0.737602536263728
0.815300737665064
0.860728882591125
0.815880658239816
0.691861234081726
0.750275310843937
0.81169986529537
0.806329475999513
0.776694829892082
1.02357442942803
1.02143798423255
0.927183122421465
0.858832846783975
0.768412566020969
1.02661622693066
0.785841247042431
1.00499297706556
0.93975767058156
0.75334392008471
0.953956601183503
0.872258419528445
0.792693625348532
1.13010992832443
0.727541241493298
0.875840747025896
0.895048801078576
0.916272002144469
0.914799895825911
0.894700255282129
0.987376944866581
1.00079615513457
0.940695639973592
0.783810465698614
0.930294177177499
0.828911202484837
0.760386731879259
0.979599555847569
0.871117781132532
1.07486458833297
1.02318617755479
1.06090191394414
0.977900720037883
0.82470417135106
0.925311101448107
0.91395953187267
1.0832711124161
0.777417690223133
0.891837422219517
0.90697332779924
0.906202150398657
0.873855155079312
0.901255544099367
1.05496332960848
0.975746825220219
0.9426621933823
1.0392808066087
0.994562745179909
0.858386822036488
0.950197535459917
1.04578659490189
0.900432403900169
0.944950743585751
0.90706361980785
1.04025460578955
1.07973468227233
1.03677994047142
0.96202216907296
0.956441568428561
1.20332187883762
