-1.1847644782419
-1.08402932599238
-1.11825293640172
-0.886575585895933
-0.945368684998309
-0.939297359003976
-1.00814739136824
-0.930128263626796
-1.14190246583944
-1.02541157180335
-0.992828519569359
-0.968364760717536
-0.900076110879076
-0.86032053517819
-0.928677169248617
-0.965083352980345
-1.00009623326383
-0.977348475697491
-0.945209257153252
-0.889321571638331
-0.929569838918583
-0.962057584742482
-0.848324437172861
-0.903079251028072
-0.984023421815366
-0.820182518605807
-0.932820004237953
-0.887663650108289
-0.932276087165017
-0.960168249105324
-0.974953483142711
-1.01575429042113
-0.905552226146101
-0.918208923868426
-1.01808528717102
-0.923730597929476
-0.899331652962272
-0.910267965446747
-0.825261733745923
-0.852030463643801
-0.895342092084485
-0.798617852158139
-0.786781874998973
-0.795868730369488
-0.999099621649202
-0.889428009494566
-0.884888828312163
-0.940887996769263
-0.884052848622871
-0.882974634814232
-0.786884768203029
-0.975153025540197
-0.875774851848674
-0.870557274596344
-0.914650037589439
-1.05610785336472
-0.908231319647691
-0.906372922152073
-0.954918017346087
-0.92034646266406
-0.70720727810157
-0.946212190143169
-0.906777552204523
-0.770222609760514
-0.819457395585575
-0.701044967364783
-0.917756141637874
-0.827873256175114
-0.83533822719407
-0.822042652336629
-0.86325769910624
-0.832469677286834
-1.07255153824797
-0.962797069354155
-0.939895395578268
-0.938596256196571
-0.850870558340682
-0.727753138574301
-0.758544196155024
-0.8250743719292
-0.835759497837395
-0.842821410391612
-0.862001165748323
-0.83136978019931
-0.775776459345146
-0.75051444856591
-0.817995314390046
-0.887967764358462
-0.872534550387229
-0.776921354320556
-0.715109160614654
-0.732353921039745
-0.753814561466999
-0.63374507773838
-0.801397899639119
-0.903920058319299
-0.859563575171336
-0.720525985888648
-0.797913779762428
-0.716686463411772
-0.874703751792768
-0.800650958448391
-0.830679798359014
-0.878839353464013
-0.819506824444257
-0.864862279395721
-0.767645670922914
-0.804158217565911
-0.809953678640078
-0.802864713160752
-0.800380013275417
-0.80228274915869
-0.766412506194441
-0.617707909595428
-0.79785383104024
-0.878394510662615
-0.634478225959582
-0.698371937863798
-0.630324472303505
-0.685485390406352
-0.65903831705673
-0.768800672809616
-0.722468542499765
-0.793068562479471
-0.7093911667826
-0.673069781118613
-0.715297671283656
-0.571083111389998
-0.674662093085402
-0.777833735399271
-0.673938405830777
-0.861953531850216
-0.618767260522826
-0.643430922829568
-0.727070284388578
-0.79496077494139
-0.750948630189104
-0.727583223740859
-0.654343847825235
-0.758144937189089
-0.681124989051306
-0.77978959508968
-0.794790992643409
-0.866640115024979
-0.634733430251829
-0.771705536140213
-0.632622089084517
-0.768552009792286
-0.759583252991227
-0.733459192629654
-0.552873251840534
-0.655675080751129
-0.770664734625104
-0.593853837777768
-0.758496125808472
-0.729767586350528
-0.603314905006234
-0.704490229407556
-0.759401519892679
-0.767868417628687
-0.697712321799493
-0.776117536524015
-0.585254789025628
-0.604872949429376
-0.693948240729324
-0.573208232179834
-0.583561428861085
-0.718751101239241
-0.537538264471127
-0.758160588550047
-0.730033083389403
-0.655172076978839
-0.756486284575976
-0.572372216531856
-0.710660858083536
-0.654540255586358
-0.692416846585765
-0.601433521906134
-0.668689638270701
-0.655079549897209
-0.699224959653996
-0.605666089210428
-0.58144072508021
-0.585569254938069
-0.683619270600278
-0.633902744446489
-0.588076249332301
-0.666248133947948
-0.674143266723227
-0.840276056543473
-0.510019738992613
-0.672719876647977
-0.639168144855612
-0.643358882265126
-0.643151528141704
-0.680632456241773
-0.557139823045913
-0.75262471619163
-0.5535020389995
-0.583910079957223
-0.616929521275606
-0.688030494705676
-0.643138230978804
-0.645574628613371
-0.634480056485708
-0.655884000484888
-0.41160514642114
-0.504329396538973
-0.749574248259959
-0.659619800765458
-0.555963994381829
-0.478072574984664
-0.532830610739233
-0.515308029068634
-0.687866821481399
-0.432728904027981
-0.431793209177471
-0.72097844833247
-0.610537243965195
-0.573626871557945
-0.528874464202212
-0.506800560423467
-0.648265218088733
-0.395637292701316
-0.491854142330979
-0.648095383830202
-0.673883900872155
-0.466221599130429
-0.416422250360203
-0.440162200183376
-0.606749284732658
-0.553382729853455
-0.373596447778031
-0.57177957904753
-0.514659554502843
-0.55706499696365
-0.592442218955434
-0.435136749075703
-0.576364565405079
-0.51291467841859
-0.578892567843081
-0.413460739361107
-0.587012094384787
-0.472553029820453
-0.41442340873309
-0.519507351105332
-0.585871158805671
-0.573610718074045
-0.445389217645374
-0.489739256763302
-0.586807787000101
-0.532234993326764
-0.541413962427076
-0.53764605304406
-0.670367104576737
-0.46100469725088
-0.421657911604155
-0.367438978106627
-0.473705689501285
-0.554469649278279
-0.477343299896037
-0.436277631207148
-0.552584534761408
-0.391024195747624
-0.483816878086357
-0.418564152896724
-0.474848588764249
-0.498240430516083
-0.351647865050911
-0.360409664042753
-0.472874131003644
-0.532141364977289
-0.482341556415414
-0.302719078723058
-0.459930008139967
-0.424459561453698
-0.385559068272306
-0.510678657252063
-0.542203585168621
-0.45039183172153
-0.311253556938773
-0.367645449987139
-0.523851284636938
-0.424217751046321
-0.383621375393005
-0.363009407811068
-0.453149158075851
-0.472969652356303
-0.304419664616401
-0.350699864121387
-0.411701705699676
-0.563081665217659
-0.392233354855119
-0.395045696160239
-0.410151886568153
-0.313397747471361
-0.544599574165987
-0.363894986603166
-0.469618645445744
-0.50109537463405
-0.337986502885715
-0.384906611632698
-0.35544454987373
-0.379218399584798
-0.231580894839085
-0.246490023514455
-0.38389614655598
-0.412126041442313
-0.299550934251076
-0.49277443686513
-0.308415931162016
-0.573066414028617
-0.470513274588607
-0.268155353797821
-0.399575948426051
-0.287810809982463
-0.412507963229126
-0.536401503581728
-0.270234507247318
-0.296867241363801
-0.29206163153536
-0.348814732632282
-0.252313145593246
-0.234252762458051
-0.325465894085094
-0.322306625106809
-0.360804266951823
-0.299889169432472
-0.47259306944082
-0.344507229004339
-0.347676501289716
-0.314949072326459
-0.146246066149222
-0.405315667566439
-0.440054316642888
-0.448257331368471
-0.335734262478328
-0.389215154597135
-0.28687988822125
-0.384843924505927
-0.279933365178551
-0.401430692939009
-0.320365017799676
-0.259675624804642
-0.336509750534555
-0.262625546626528
-0.439615626731631
-0.29025964940229
-0.250395801934826
-0.303778848501462
-0.462703598930621
-0.363731716668358
-0.24740599233172
-0.197296567864879
-0.287307633759838
-0.336906643279097
-0.296384430932823
-0.364355569676091
-0.198786419390153
-0.306171343067172
-0.24495939431894
-0.388735541937033
-0.354649673877517
-0.354668178088459
-0.286708870375429
-0.394280139674849
-0.283281745336627
-0.226783644483341
-0.143734328599472
-0.108703945134458
-0.15367160768657
-0.322428163140307
-0.309395590514874
-0.198445279607919
-0.328537812824248
-0.169402016504606
-0.280943933060988
-0.0579806684940111
-0.273520455181463
-0.439804143695784
-0.36440882346494
-0.216945659301073
-0.178907928171629
-0.390561095905073
-0.381549213558631
-0.281910512628703
-0.143088845272472
-0.159205146379123
-0.236489598687145
-0.168689487931733
-0.275326329363946
-0.125769159032034
-0.131156105386806
-0.361986077443806
-0.174946631956931
-0.302262978052807
-0.189263758504404
-0.16289401857795
-0.186950289603899
-0.199178601798666
-0.10369647080396
-0.194561266248445
-0.338794110126271
-0.211680246175676
-0.0736622659467415
-0.326027167542388
-0.160599660533823
-0.200752909427426
-0.0213432684406567
-0.193747594606659
-0.153171094109026
-0.0857793692535652
-0.235909587934972
-0.196533629837067
-0.164638073788069
-0.354848398725188
-0.0868824589349062
-0.319889946348034
-0.139170205316501
-0.0801044008914605
-0.223574838001753
-0.12201464659528
-0.203246978993306
-0.242023001025602
-0.250908805375855
-0.104660419884883
-0.118343966386136
-0.0274996865853931
-0.162838839063365
-0.0331683709448544
-0.240645185140376
-0.302582820101264
-0.222705568408507
-0.178091529049324
-0.220770229208716
-0.0762372210140198
-0.168966323869016
-0.030433805175315
-0.0729311894300679
0.044447425953054
-0.00931412851117676
-0.108782722806701
0.0109950164076494
-0.171448271866004
-0.19284259837146
-0.126263154036162
-0.108738588827952
-0.0262359849217896
-0.192522332899627
-0.088371463512319
-0.119399902816411
-0.0115399947093827
-0.181535625509019
-0.173582865258145
-0.157446889771121
-0.0451218899172895
-0.0704773320768264
-0.0141814861060328
-0.191084544483426
-0.181243926488807
-0.128107324711859
-0.0204738450852078
-0.17442100932494
-0.1872185298983
-0.173409669795325
0.0370359237813146
-0.0780632610192114
-0.0617341254218481
-0.143958122778236
-0.146422711678117
-0.161083539629665
-0.144413356535186
-0.215309315426551
-0.120486582404503
-0.0679032852407438
-0.128404089446346
0.103581656534659
0.0219285123415752
-0.139741321363154
-0.0926069422034575
-0.13617789344643
-0.0182783746408778
-0.109791419976132
-0.194649509900312
0.111990934622845
0.113843077623005
0.0705407891609005
0.0347525177640094
-0.170088091067878
-0.0662317565631312
-0.0242000172865302
-0.0282102657841532
-0.0270109930412261
0.0334563517254241
0.0431698945844343
-0.133307357681875
-0.189389241747012
0.100669256387116
-0.0791967253818434
-0.0152532865448233
0.0297689765278658
-0.0929006096629703
0.0746818850453401
0.0572780202009383
0.0206747330640882
0.0584488949600214
-0.0962670929257119
-0.208800490202753
0.105179380958921
-0.102624418767253
-0.046068700326366
0.000747441011237249
0.0598481099929713
-0.104180695936678
0.0176296777623168
0.182246332473343
-0.0520717131484749
0.0341693642871975
0.119036271427976
0.0757297669301671
-0.0284777219301573
0.123389576603316
-0.00417410821107802
0.0532274802079842
0.00591785024747223
0.203929132317813
0.141675578322111
0.152002404668797
0.0622809360223921
0.0732483419329099
0.103480792324911
0.064179866995043
0.053717115033839
0.118884323724102
0.0436458799486257
0.130155337929315
0.0397465640070978
0.010738970218687
0.119968647087898
-0.0122004234734755
-0.0171607497779744
0.170632002760747
0.0905893224204525
0.0261120125516987
-0.0636168119804702
-0.0228613998578852
0.196105128517103
-0.0138743647628733
0.129838615914111
0.0176618178165557
0.0299988293616911
0.0785616043591156
-0.0143403844861385
0.157039450708713
0.102795314541308
0.241632761306264
0.0241004614546716
0.197539582885017
0.0345658767914772
0.152250249171037
0.0422168671742616
-0.0717934628557313
0.099653981858572
0.101312729261782
0.21980042653325
0.23494329510596
0.240148644060003
0.0174186889548956
0.097204218463425
0.22768323458692
0.136651453229423
0.119601421515784
0.135989826788009
0.100862673306068
0.148939276406173
0.154150841985659
-0.00429073983801217
0.138087962016048
0.185744136946939
0.0893472751399672
0.347008471686715
0.0374701322042347
0.211738387169376
0.203160354541807
0.157987366381678
0.119632328458694
0.237970179685968
0.129347489283718
0.157169921925298
0.32988569989278
0.314760367906675
0.260447104257637
0.133929671198033
0.0840310889035864
0.151552673179334
0.188748637851048
0.114627603673044
0.207782964063637
0.148703441677763
0.303450295140165
0.11828120394909
0.0589005706940428
0.181902123172403
0.186517392071172
0.394383088230903
0.313313664760787
0.207258521038815
0.35711897177422
0.229071834829047
0.23392417090165
0.254777882288057
0.230011475325092
0.204117826395676
0.142835870969979
0.265099773699365
0.317386094933819
0.294817549371158
0.241300770221797
0.364362423696572
0.257143096519354
0.352900241305472
0.21676215474137
0.144225859920582
0.219508127987636
0.268252706514058
0.285339534048601
0.162694013154615
0.356776837354308
0.235530714041311
0.275210164606118
0.280269929139705
0.129386927243289
0.088476264126732
0.201606326473309
0.384059820849572
0.306073574019087
0.244955828710827
0.302667585637404
0.351073923699975
0.232164794737841
0.109982427543225
0.371761717998113
0.323699699977503
0.212281274177292
0.348011885653914
0.078823172996809
0.314823110069711
0.205129821943314
0.23398775029297
0.270949489730943
0.272574575520601
0.252131928277805
0.383279377188903
0.323832108907303
0.421279426301576
0.389202895192006
0.467294921903834
0.228984036432713
0.381467278715263
0.29138291256311
0.350491769328881
0.216583383073046
0.368982315874577
0.200846969550339
0.512750028423785
0.460630723295643
0.287686379847455
0.332358865141956
0.386801353929882
0.37953139665308
0.240060173869845
0.260873443724153
0.327172153395931
0.349948150352522
0.413938510657539
0.389558043427275
0.262947423663197
0.458214666042364
0.463707499976747
0.408782685160073
0.485283942441784
0.492658810205719
0.340428238476115
0.388060814133051
0.532588940985484
0.181393145117836
0.351752145861684
0.411134741540645
0.26484086024409
0.289682757334296
0.247215757666748
0.528613994469434
0.382554349302267
0.331204842866854
0.496602050845103
0.39919711418833
0.380408067159372
0.368714604099187
0.444505063239034
0.337836674077079
0.504559333401939
0.417151308086411
0.440640223472059
0.406975341948203
0.419947337087272
0.364351750786029
0.385914950274384
0.450651849054377
0.393975613347811
0.413579306519908
0.41916351585083
0.291275453305613
0.396671885052089
0.403804483862029
0.494140947724074
0.387953598378872
0.458960438290836
0.368863660136
0.438007397948543
0.41536996482474
0.279350524595309
0.398378769381753
0.55026016021849
0.482714908310944
0.561280405255183
0.638840492357447
0.443468527474402
0.445001100704453
0.343668603648429
0.524414569095246
0.46739664386959
0.351488923228138
0.556805565255534
0.4881273756697
0.477254433886443
0.575586870044098
0.441371806937144
0.550515744349668
0.531730198808345
0.555476817523632
0.458688277703436
0.555191518410892
0.400289486352633
0.55254021241655
0.41664405828695
0.369906297756322
0.447723606573085
0.7165675623003
0.511677641480907
0.513092970419505
0.42117469289199
0.505539187927213
0.561184553177175
0.545949981531249
0.389623372471881
0.557821923120555
0.682422971471789
0.464891647706193
0.447579852908525
0.453907204733881
0.357576780247115
0.526624814627556
0.549499445215138
0.500726446488285
0.531163000348895
0.50266718835687
0.431556336551748
0.445420534529657
0.538630512079543
0.569009478932681
0.601744642687265
0.63339059196075
0.607338482563783
0.358328587657083
0.48677462252038
0.574584711411575
0.592720749740549
0.580428593313248
0.421094664429388
0.559435445478638
0.627787052326217
0.607519407673558
0.543969959913312
0.654015183141806
0.554538452347545
0.53080197192174
0.615964312447797
0.554162503908373
0.650902615109286
0.571114423923997
0.591345796478328
0.358057289071541
0.445027424758431
0.609127831988413
0.552937165309713
0.624316603106898
0.532337493960198
0.584799277282052
0.538063155356746
0.541539599917528
0.621121633228249
0.583212284055203
0.4520970929053
0.84990518633731
0.669308403483575
0.583843522398326
0.587063989417216
0.703115525662972
0.524108131513651
0.695140791821779
0.615026374244057
0.601526263304668
0.572896907368437
0.63139242170961
0.597809542003495
0.65484165537064
0.731537879906173
0.585879789151562
0.742315173273077
0.548579042499559
0.579598623428595
0.677453341796388
0.60201629359405
0.57940953501624
0.776117164183554
0.749410846306236
0.614666616061067
0.649295358879995
0.66112672016356
0.730987377069858
0.722121955549344
0.676982708032216
0.754701545658734
0.754680941471338
0.731287548371098
0.565938231393039
0.597323249607532
0.714795954194911
0.724150935187774
0.74280323708033
0.657077096729017
0.523138636049427
0.621331425071016
0.768391164305846
0.610961752875156
0.737707939758144
0.707293282611419
0.818631313424682
0.647453384678572
0.633410986465171
0.598417440928487
0.746243306261687
0.743409312960641
0.603480436421623
0.665895513171232
0.693941424631712
0.69808153634558
0.694654615014525
0.650192226482855
0.722500086253285
0.601002613996976
0.884850772197982
0.623081418766022
0.54399487467722
0.769395116575085
0.739475123844082
0.747169565074983
0.670184057454475
0.843338285698975
0.707709844129062
0.745965737743557
0.70460360552841
0.742116997182782
0.718706101030819
0.845988033334201
0.885662775228227
0.886357431456368
0.744675605043039
0.664391631156067
0.555253238757558
0.720703367234222
0.72316495925583
0.833099498691056
0.758246844030172
0.699164718913823
0.885618329945907
0.691392579642423
0.842460840305027
0.775228816441177
0.660786169219498
0.857063643128574
0.700127912799777
0.938599626562803
0.764158897037395
0.659668002458763
0.805253402564674
0.838608226936688
0.702902635368023
0.774307127297935
0.744458005143315
0.851174119348854
0.768036313339077
0.8060213589042
0.642967309349737
0.637662444857003
0.859696358608596
0.86085762176771
0.825732825740964
0.863489360922367
0.852569017355796
0.901414571054634
0.830349682435518
0.79513615892395
0.897885958178205
0.950341357274096
0.76380678257359
0.894810266427194
0.672835427165501
0.74525269599556
0.835698013179521
1.03139591942221
0.746312980359382
0.871354053687338
0.814431002685682
0.696074072567802
0.834831370423504
0.923327875810092
0.780800053057009
0.782693329436997
0.890023625275634
0.871861410993288
1.00848246903694
0.863603545906816
0.894331983290063
0.915125280125678
1.00437136749266
0.807947586381379
0.839438248772758
0.953893980951089
0.743077161994755
0.969248331708606
0.94356693225726
0.692019743575515
0.882927623175366
1.04066068610487
0.906506965045668
0.746820258765226
0.950907196727233
0.796431034377701
0.913566356355069
0.872462522755194
0.769605565699161
0.865620715228822
1.05143359919858
0.817556371588044
0.818561718915227
0.983903216994106
0.927446388800182
0.886283448338702
0.96230854145044
0.881530167981181
0.897212046518431
0.902199060225905
1.02201676617124
1.0402531751973
0.825218985740998
0.926519332160068
1.07655124906779
1.06168895856587
0.999838436550449
0.992866668434121
0.932884191857877
0.820973718097288
1.0426117183517
0.98113729887043
0.891649520488252
0.81711590645358
1.03679887492255
1.00631274183973
0.789773544238397
0.758625659078862
0.836808060285186
0.971785823053184
0.838269413172594
0.954826000248773
0.833844631014311
0.974367775021377
1.01677555319233
1.08841885325518
0.984698662310785
0.992576625605808
1.00681119840334
0.971352023471026
1.03512308727896
1.02838894247483
0.9936391430097
1.04516581688045
1.25879956098352
1.12029387797139
1.00442788133723
