-1.10737089384847
-1.02846322537711
-1.05773356843141
-1.0079033947064
-0.922682767594421
-0.995457510461808
-0.913215096256668
-0.938601974124087
-1.1029355437361
-1.09050142008874
-1.00484537523933
-0.971426888578879
-0.922097387933437
-1.05962353446522
-0.87754717997053
-0.993774549277228
-0.908185697717566
-1.0021010652232
-1.01423173778459
-0.89143711828254
-1.08792678911638
-0.980899932592897
-0.90111185550891
-0.854493616763044
-1.02489228202451
-0.912370216821937
-0.888108842706566
-1.01514639088138
-0.961447158352345
-0.932019300133835
-1.03450808372002
-0.872225467146475
-0.894292459851918
-0.79338075309484
-0.82849382038276
-0.904770097958761
-0.793206925172345
-0.916403412383001
-0.874727147599881
-0.954643094911148
-0.877075678305309
-1.07906719314003
-1.0734084164695
-0.967974043106598
-0.844570575794994
-0.934851832533423
-1.00649893138259
-0.856289897029751
-0.779588507281923
-0.903276622647248
-0.868427514293652
-0.874054556046997
-0.862884765765729
-0.842400214141194
-0.861432668465981
-0.834892167287517
-0.910973487514983
-0.833032845997489
-0.975705809281806
-0.958478349999726
-0.829739013842681
-0.88654678579505
-0.902996009680869
-0.850863844497784
-0.86360253179244
-0.948441468467553
-0.909787367631146
-0.817999456910065
-0.893400670238169
-1.0541267060634
-0.962514508503269
-0.880229719683819
-0.967928740931486
-0.801595233458929
-0.835806604845822
-0.88860077416067
-0.893750074268783
-0.884533623816956
-0.865167673175744
-0.65951995944322
-0.883985724147875
-0.833274350339048
-0.834534333165754
-0.844503660140858
-0.901112490615433
-0.843996210890509
-0.78016148252467
-0.879680876198204
-0.804870193252975
-0.927649086310751
-0.790780193976677
-0.72797872831435
-0.851296377159434
-0.821614113381047
-0.794276656461161
-0.865669709872875
-0.836724383398115
-0.725093878959712
-0.77382116425424
-0.703154455162247
-0.83299965597968
-0.743659792908436
-0.747300322640716
-0.703709427119307
-0.731648152690671
-0.892110580655789
-0.6312592952558
-0.694113947408044
-0.735325833455338
-0.806090056361662
-0.827253841006514
-0.854659110159545
-0.778173095172821
-0.811442657855398
-0.862761785304857
-0.836869762439622
-0.876912642038039
-0.585662505482586
-0.779116692597853
-0.745241931364071
-0.742120685911612
-0.878163689942382
-0.817581615436924
-0.591634807604794
-0.467481659664747
-0.651837979266439
-0.699354128073251
-0.754835982363133
-0.768575743441904
-0.798248853515587
-0.778887318562431
-0.735688690290132
-0.750299303945322
-0.706340022676125
-0.641242573803308
-0.810161861792081
-0.801620831910882
-0.824489314921862
-0.594582173816489
-0.680098052779601
-0.66896443493921
-0.725707506316544
-0.684863808343153
-0.688919026286432
-0.606218572178004
-0.757361402708411
-0.789089494587639
-0.7617619295834
-0.654516437587397
-0.565353074918309
-0.553253901765497
-0.65336929037136
-0.666644497949537
-0.603443963104751
-0.711165003737917
-0.68850285387546
-0.827784129603563
-0.78293567963374
-0.575884154871893
-0.656850451649291
-0.700704662921163
-0.668198747814926
-0.788217050963556
-0.798846364915781
-0.68436930130024
-0.798239505858751
-0.605997110493808
-0.552904293655347
-0.666366934670281
-0.538941882980452
-0.646253120492382
-0.633027249591581
-0.655607741339765
-0.609936227559207
-0.630817333195532
-0.648039652695159
-0.520211775135599
-0.586522843621003
-0.550023156147197
-0.738284985792165
-0.6921643036225
-0.69905859013013
-0.639815489820356
-0.607870101358051
-0.575961173186213
-0.608723472285331
-0.634178767269432
-0.679422206955705
-0.562899257272673
-0.686770336172641
-0.615927805809427
-0.605357531526849
-0.607120910572651
-0.47446776110384
-0.593627723350783
-0.630770790701061
-0.618184106956588
-0.648611426864287
-0.666019778589433
-0.552697011662109
-0.561270374138303
-0.585468359192946
-0.652546661416641
-0.618270376513909
-0.498940710369368
-0.6481374783033
-0.553694709098262
-0.567709155014827
-0.421539791365534
-0.560140595260934
-0.592698191212062
-0.521966423295495
-0.441551801734536
-0.50883269728638
-0.553961299360641
-0.504360641482318
-0.364552830970596
-0.55703006983009
-0.572028161030322
-0.490475126049121
-0.579479791627489
-0.526446311777131
-0.702737406547566
-0.52434393527718
-0.589262240986399
-0.422895705386523
-0.484441131351195
-0.676328648664064
-0.47148995802532
-0.536828401260712
-0.529715437977662
-0.602752617868374
-0.454308209850711
-0.562344362226974
-0.543451608563193
-0.528806484286545
-0.35543786460577
-0.441006316806526
-0.502227587203594
-0.526459975248392
-0.516439526328908
-0.534088572308586
-0.672933079690656
-0.562957894388982
-0.441766512674292
-0.687171621160518
-0.315612447181148
-0.58183343203007
-0.486806312078559
-0.546575180136027
-0.401608764099379
-0.650025577089685
-0.314235256324518
-0.716346646011174
-0.614349490856518
-0.464846539593416
-0.487010767242326
-0.522658011134288
-0.476407234058612
-0.49716268823724
-0.433500927642702
-0.503673953578991
-0.500436279201199
-0.280985549546481
-0.517453661017315
-0.618638666534505
-0.459551390224735
-0.396598685018704
-0.495658975736877
-0.4767257891347
-0.330926539211275
-0.376596749056435
-0.545418987015632
-0.572602382449439
-0.345939710138287
-0.347591445613203
-0.38013542633655
-0.427930406375307
-0.59634114999665
-0.496527595852058
-0.552334567455688
-0.301542335376897
-0.535687163199802
-0.375532311927757
-0.361775845276694
-0.308569175581982
-0.31351084479209
-0.635517632312944
-0.366471458558767
-0.512763279370271
-0.671742318146515
-0.334785835097648
-0.571044881056808
-0.453913719767813
-0.456854706301196
-0.398324972781743
-0.406253529499943
-0.450729823365072
-0.426963324779706
-0.296386318052434
-0.33868321518066
-0.537071086865243
-0.428926404808548
-0.502219544488535
-0.500163088237013
-0.392882999751461
-0.375780069170609
-0.308313526916806
-0.437737870780727
-0.320830869837444
-0.456302833092405
-0.395386599141428
-0.369102447228544
-0.430658489016521
-0.301165963852666
-0.474061860233128
-0.223474438067023
-0.241254027545766
-0.322225329324939
-0.479671995551987
-0.33245896644841
-0.455497720666959
-0.421468702864164
-0.347829849033348
-0.460407485983577
-0.305403798682878
-0.234908051443491
-0.310695233051749
-0.407812641323996
-0.339178040559782
-0.354958147327382
-0.329202084455704
-0.305927064364708
-0.149045256762926
-0.407136491632941
-0.285383958392904
-0.324809229500268
-0.391442903646834
-0.547122342919076
-0.340253709200917
-0.43408503181422
-0.172316306933937
-0.335032802173739
-0.337928636808702
-0.198189458971929
-0.143360205774096
-0.345675382200098
-0.149726527386771
-0.378158693011546
-0.305005737173916
-0.291385527500631
-0.407098931207401
-0.0868169193482937
-0.195497428370871
-0.338842245553907
-0.326429356329886
-0.341891324087724
-0.359364787352951
-0.332485123740311
-0.315992908501162
-0.270305486137775
-0.4059910555983
0.026683898733675
-0.392469345634099
-0.211825127447365
-0.343497578837982
-0.296500591442494
-0.10512060012592
-0.339886039637017
-0.308921660726072
-0.277217960200915
-0.118596174092039
-0.195005122190927
-0.122088645758002
-0.191313170685278
-0.191010580409548
-0.216421516443794
-0.255867317830438
-0.240967084542533
-0.447582636678664
-0.231142795128163
-0.290465012182025
-0.201324770938986
-0.0614138034845614
-0.337822289539509
-0.213806819302034
-0.357028329536474
-0.251461342735067
-0.284769151463564
-0.306304221431934
-0.260059768834258
-0.0745019040587365
-0.0906458506808088
-0.164910547888666
-0.243522191159302
-0.178951196756045
-0.269045240563405
-0.340632939472232
-0.192990459613095
-0.267779080637048
-0.17483823588756
-0.291936530395952
-0.128987551388843
-0.362995272659843
-0.2180201485695
-0.204851768232053
-0.280888369050533
-0.162235318080932
-0.20529077058855
-0.119359049491609
-0.151226742042558
-0.071140219046073
-0.033570275889509
-0.187252399637765
-0.133718879855892
-0.0172283066750905
-0.225711289979449
-0.226287230037212
-0.212583166373546
-0.202714047381792
-0.0724955869196742
-0.236201272943408
-0.135280781666221
-0.0798450996395809
-0.246909020881626
-0.202806870287196
-0.0870741937363109
-0.0384778992578585
-0.172452484810595
-0.132162595580673
-0.133402232339227
-0.166937944573629
-0.26547021408917
-0.0902598590551919
-0.0887892560992604
-0.161815696550749
-0.217593447798923
0.014259135525204
-0.181654242962676
-0.160980152328852
-0.098414044660415
-0.0884747118854084
-0.029083674411995
0.00600795132672161
-0.155415608275017
-0.169950092831297
0.173015133735254
-0.00747208767545663
-0.0537101416981397
-0.27076984755977
-0.195436888871364
-0.247314464071002
-0.14207835459047
-0.165221728002889
-0.0844436274210442
-0.160414083452093
-0.044534168444867
-0.0881216952696903
-0.143199005454934
-0.113831854074285
-0.0626516712970796
-0.00991045056735891
-0.129729034102707
-0.165864882613482
-0.112953398046313
-0.0353386531710794
-0.00622775522406188
-0.0645772290167992
0.0186795552684194
-0.0967611754190153
-0.0300870719822715
-0.0550116844476443
-0.151231139984423
0.0617836825049442
-0.0633330703415155
-0.103622916958647
-0.039621246426542
-0.0293151257090657
0.0521093917686798
-0.13708131444727
0.0648953716044975
0.131495631069178
-0.102540650062209
0.0958833887609065
-0.0594227760530089
-0.0219647295531253
-0.0903106638463522
-0.00464017355636999
-0.0454465825955536
-0.130613673973334
-0.00740274519078638
-0.0770340317170041
-0.0416209573856305
-0.0306781523105959
0.105701677282416
0.0936733849095267
0.00556665083229484
-0.0871201559227954
-0.0342470092810972
-0.0941266421194232
0.0219655266787701
0.135531743005363
0.00629453878880345
-0.00713956836148675
-0.132964394262754
0.198330359337464
-0.107633720793977
-0.180959154112324
0.0973440801465452
-0.00925136999324842
0.0563745813455792
0.0858980422266603
0.0569259995421557
-0.00188571310910066
0.0282457919495888
0.0447404903986682
0.102031784051052
0.117177902018967
0.105358967562939
0.0202085994893809
0.0765685187948541
0.0686357518071155
-0.11414392358896
0.176889464995464
0.0538600824460984
0.033796200989065
0.152885619704406
0.0954067240754234
0.061313929610261
0.00156036809018882
0.12183137561583
0.110356919150324
0.115798044095269
0.0804065731040751
0.201998956246632
0.0316057609682337
0.0370546188350699
0.0217137819470567
0.129096192502468
0.144122677921829
0.111787752315214
0.244806390610838
0.114737420804613
0.024593304701102
0.0822458432192422
0.165309523381661
0.100617965396298
0.0462098173353478
0.0246449455534478
0.0402708628294838
0.139341918187101
-0.00221634334949395
0.0951599534718676
0.00293380608705953
0.187845557203986
-0.0398984514527735
0.160268220806593
0.154004699177629
0.117047696424763
0.274319933215976
0.298866987048623
0.212282426197159
0.157570438818168
0.116142211143874
0.0463841575290736
0.189634002616035
0.0667554012527965
0.0685158353313694
0.182472631265342
0.0208461844873497
0.165068679368019
0.151097804987802
0.0577755594490565
0.115604030759615
0.170161208227256
0.0906304103682099
0.272382551116532
0.258224518610851
0.13901826079793
0.118671232436269
0.103980349809564
0.105490305651335
0.218244981325305
0.177974100897179
0.142727386496956
0.264543529816532
0.0722368100970578
0.335214593283948
0.25610280319265
0.150483594915391
0.20920122396489
0.108510113946912
0.186542536359334
0.29196830722247
0.0535399740179692
0.261088035845397
0.176273695286562
0.0413128830509927
0.174820530740748
0.14102003351377
0.262390399949309
0.163114236707045
0.270666472772923
0.253865885966398
0.12997425613136
0.394734632183916
0.301921287080763
0.0629051317786067
0.180728524660178
0.112395501474956
0.264043675694915
0.28213700442144
0.2311078145898
0.324393175713414
0.321956789121916
0.250454896976314
0.265276517667574
0.309307813566272
0.267617564650298
0.128816067804083
0.158646655545274
0.258972784623251
0.187344054529734
0.320263235128544
0.281631201020975
0.322532509624164
0.25792857767084
0.267529292989075
0.259657361408344
0.315501287085516
0.274829538114079
0.328707354573512
0.269427838873867
0.292998020826808
0.298553231474778
0.238846713252838
0.304959639518376
0.337622571584861
0.251163902921498
0.209478294805724
0.288634210696628
0.325127106794079
0.387748302162245
0.437346323531826
0.278608392006313
0.256217509044875
0.286706804217608
0.378818117738925
0.306153004276208
0.126802537308191
0.3531128877134
0.188279026630609
0.286669009717927
0.279701337035989
0.234352447404656
0.371580119638055
0.383208913295127
0.455189130835024
0.213811476214674
0.337699194427395
0.274965333439914
0.324509274878193
0.270693994340377
0.265385009325757
0.237339973832511
0.391764801311577
0.416500708399458
0.206539005023182
0.342077127193229
0.229610628236876
0.240166839810804
0.210097997312489
0.286992402923845
0.425353447626499
0.380921593548478
0.322558722556652
0.310217281143321
0.257946649661522
0.469325022730134
0.430740750128579
0.555151202286663
0.491705561681341
0.326590504178273
0.384293277251295
0.460639418853372
0.346677759108832
0.42524381930391
0.509148722697942
0.299936882034743
0.334771312040573
0.450654237098288
0.355968149259211
0.328083159143468
0.513154479949087
0.382078880560521
0.282167614321212
0.247366339818161
0.43174234374508
0.304886673732955
0.306878317510437
0.359955151399816
0.312732847424683
0.429391589203216
0.423566085771786
0.339832993741136
0.409387063394668
0.267273096503877
0.392227292716701
0.341462354373889
0.542104156011893
0.452349071201723
0.503072526355104
0.400075488748895
0.372486772658065
0.281384847134809
0.412683035210548
0.529358313973729
0.405021727378779
0.344836767825314
0.458779178004514
0.466301232025725
0.481436022805944
0.364488035896626
0.494941766893227
0.51680206516171
0.483992018445208
0.301801088027567
0.431866346143247
0.428814656085228
0.59510826009522
0.56760938987767
0.374482013645829
0.422523940266834
0.477221021863768
0.434130549585524
0.497889037812205
0.369229873367153
0.448567399081026
0.473450402537593
0.607909563087003
0.53951069912237
0.586201931114724
0.408589948009463
0.570783746505293
0.510995598507844
0.544917516468931
0.454306966349622
0.635052751679824
0.545687842825704
0.501513047360048
0.359031580481685
0.350828050669591
0.495127412573148
0.394109575305113
0.590950401650405
0.455561264016161
0.600836417708958
0.538675910672391
0.488001621037138
0.673200624377231
0.623166028426955
0.633133880246924
0.478155576471104
0.530492450933857
0.426233571079063
0.545693150673497
0.522208418871984
0.515918040990607
0.639042944847945
0.596137941247947
0.534911146931617
0.497396408929071
0.657545627935563
0.607106706496588
0.543953094479735
0.49401979885231
0.635858185905708
0.586194300582435
0.634461869082778
0.367823008022262
0.49320283812707
0.681218860717176
0.521251218834853
0.663990731780676
0.582966480044702
0.631421669612066
0.597434566907765
0.696899036483587
0.59751761757736
0.650350293503413
0.701573235533813
0.537179956075355
0.554803533542439
0.587802178164304
0.518739031346552
0.527289218618388
0.531019028533605
0.621724264371645
0.63454517374239
0.490439821327885
0.613831006047021
0.495548088128144
0.690155343628736
0.634252292838472
0.522281304683177
0.580599523965323
0.485983376324174
0.529786281555758
0.637324861501111
0.649457192552145
0.55663439098698
0.66122029342277
0.546414048268626
0.700603051305824
0.769262479310579
0.40725862049276
0.513499727946293
0.558815418332369
0.661399319838819
0.612063722638502
0.581700013635531
0.596291738807323
0.635596517449312
0.651815764957731
0.681605059485949
0.753929436443054
0.601263542082971
0.748670802670129
0.504691449210217
0.610204421360994
0.718156310310443
0.713456014657284
0.607486349728871
0.552820013810095
0.755677147999434
0.820852590873648
0.597652093900949
0.828154701493352
0.762796440708194
0.622114333233094
0.683430803978959
0.836354943183176
0.786647855075124
0.628320501374289
0.636460788449167
0.658230306643782
0.656055483843569
0.635877986947912
0.597943928351371
0.709742592355516
0.544880366245789
0.793010273464487
0.834737290439065
0.69520159539875
0.604004413392662
0.660811740882532
0.709444836825339
0.664296566725292
0.656028576237821
0.634708891321323
0.678985640056412
0.585798705807675
0.772700062419779
0.710799001261318
0.671773772796071
0.684507057022327
0.605312641231477
0.552399603064172
0.726758497142913
0.832035934277847
0.778289686885607
0.757141345947042
0.623295488596633
0.776416581999432
0.531308353237613
0.867700667897416
0.749381118601981
0.792032616379515
0.659318174857928
0.647276803648655
0.617318356897843
0.857914524225333
0.668040501275675
0.871438446425213
0.772332089827905
0.715884113300322
0.798434828584665
0.6498393237272
0.748200401494816
0.793178609257294
0.709658026343998
0.717328423997763
0.783077196439401
0.750907178399435
0.73693406349731
0.79615666018916
0.82632534458474
0.821501611364223
0.902543548629106
0.804906879984945
0.871016328543286
0.866096027676809
0.837680828068515
0.784780905517503
0.748586158710778
0.621250210946225
0.921535391776381
0.857424893634569
0.88984645353511
1.05381749871284
0.905443421027837
0.853638863228509
0.779258619808825
0.837003082050963
0.944615563612941
0.760673171918541
0.796227677302909
0.857476992689897
0.991038036031663
0.844588705099029
0.827615305050884
0.750298045411459
0.852251616713931
0.875158002478345
0.876551067890324
0.897088616468106
0.725262032045492
0.741473580074362
0.882281496613603
0.901926147570041
0.946217286116069
0.816415340455242
0.954980455580867
0.86168327046126
0.922345455661035
0.806573558470685
0.989904703279022
0.848926105169604
1.04412665404957
0.777912857812132
0.803794608354792
1.03379823804313
0.832448592766535
1.0015571661865
0.914982759181223
0.828414805153698
0.774689348617746
0.959063530795625
1.04996440513453
0.769560048313779
0.926991691944767
0.890003980690328
0.837479063683854
0.974206291309005
0.987198643743838
0.918052006801068
0.868914078753593
0.886887142303312
1.00836926049218
0.863554138635837
0.846892128313385
0.934697063521891
0.912944100431304
0.827996204587149
0.934728884565759
1.03845708085313
0.946940854378622
1.02290060839171
0.877092097321996
0.808999543314476
0.866036564022225
1.00772714646158
0.999587195555561
0.835736102010503
0.961873611747908
0.929888343007057
0.916089688170507
0.899392533108817
0.939020484145044
0.903854438427012
1.08249430922435
1.06444292043676
0.874002022131791
0.983068707246538
1.01146202948096
0.926258862239192
1.0931921114133
1.00149588720441
1.06496343020958
0.97930911624898
1.06330582340061
1.05407077195219
0.913040374986782
0.951556488103492
1.04513129087383
1.02430658072702
0.946429943765628
1.04671851973014
0.944366851590032
0.910897053994234
