-1.18633524029953
-1.10108024458301
-1.1004268709187
-0.900287075573354
-0.950953351566958
-0.939033755797394
-1.01105034647725
-0.925729424902549
-1.12535452097922
-1.01480343791529
-1.01171479805861
-0.976786002393394
-0.923246346077747
-0.839198368774136
-0.912904983988926
-0.966959473307172
-0.99367639670794
-0.963339546923525
-0.960435456527074
-0.891462321898352
-0.923265477763075
-0.972943540828257
-0.848621246345323
-0.917934021163032
-0.965064807009324
-0.818923927838652
-0.921209770188989
-0.871309756894457
-0.949951894943153
-0.951885120731748
-0.979748247146742
-1.03536907045975
-0.928427317661801
-0.916224854356752
-1.03434953676511
-0.956199577594915
-0.924191063269936
-0.915453228423452
-0.800023867388065
-0.836701149360875
-0.895004288505484
-0.797366627468866
-0.783829272514394
-0.803483725931903
-0.992900162883999
-0.896304197322189
-0.894089805473264
-0.955319243251299
-0.897350049155875
-0.867618020851993
-0.810902336291049
-0.988592607832258
-0.8589998485154
-0.878406591022294
-0.907543867149359
-1.04685824371657
-0.929293156522943
-0.912878221675533
-0.96946928297415
-0.912735141039747
-0.694377140050884
-0.936593934675153
-0.914084892433536
-0.758617449716892
-0.795878463543515
-0.700988442098548
-0.900760312249182
-0.824736144515895
-0.816372711759483
-0.820787512636737
-0.866000137105593
-0.834997274306228
-1.079676838314
-0.967703408002713
-0.938107849255287
-0.925789097146432
-0.860962768782734
-0.718814297829121
-0.761539780739637
-0.834668024557307
-0.835715569200987
-0.843310312822443
-0.870156302068767
-0.820103676945084
-0.792209286024965
-0.709956092024868
-0.802757551761633
-0.875379742798657
-0.865867909401833
-0.79098227941397
-0.715297336630367
-0.731963994309395
-0.77754904393768
-0.630229353864907
-0.809586733771102
-0.914168747010407
-0.855488167035173
-0.718855669838363
-0.780380829082506
-0.733828940813474
-0.883425916570107
-0.775088342901793
-0.831581132138594
-0.881036731321387
-0.813987071088679
-0.869458895708251
-0.751159861002021
-0.799853289810987
-0.817430604811382
-0.785419693705283
-0.804852155209221
-0.815935429116033
-0.766663204894592
-0.627596442292886
-0.795612660152531
-0.890151504568342
-0.642508060642833
-0.71783523495341
-0.644426669601624
-0.659262302954645
-0.65732218906171
-0.781852954378862
-0.714594237606032
-0.802543551861726
-0.696067862340852
-0.679859115711934
-0.735349149194751
-0.581573693762166
-0.676399075684579
-0.786056394697553
-0.670119431249106
-0.876845471314892
-0.616112520244739
-0.627546637145653
-0.71122634337444
-0.773372234426201
-0.750051471963563
-0.719412099010606
-0.660037543939929
-0.768520468593368
-0.697653235283886
-0.767106537461776
-0.810996166977152
-0.862654051283125
-0.618553232044282
-0.765296455815539
-0.630979508760926
-0.770686330418797
-0.74676167610895
-0.749226018278872
-0.571159716639035
-0.644985266945874
-0.774404457559086
-0.593934681521927
-0.789459262285229
-0.727290822866862
-0.589094964327071
-0.692334306907947
-0.758772129338617
-0.734364669242229
-0.696692132231685
-0.792671255229047
-0.602401805919972
-0.601402000099485
-0.690379960097698
-0.552676498933279
-0.56005661450887
-0.708178181104616
-0.567044004596469
-0.755371356263561
-0.715865158996825
-0.662450967204967
-0.752603004148388
-0.560495275593392
-0.713919577842549
-0.661858134129185
-0.689473452731263
-0.61126742139615
-0.680179460702022
-0.661213775950207
-0.690920574153062
-0.620822281738125
-0.610893785382658
-0.589655563256418
-0.670460719828841
-0.639699081243471
-0.594461766437981
-0.646768139934427
-0.658181754255829
-0.859722598303942
-0.552881406398798
-0.666660754992513
-0.635014156062732
-0.632768969253969
-0.636253399750626
-0.647750339740236
-0.546005123619071
-0.722793233233301
-0.546039751141108
-0.589782112423904
-0.595816405953754
-0.696098121467989
-0.633626629039501
-0.652528189434175
-0.619031653807668
-0.653142973436867
-0.416323617378254
-0.524885636854966
-0.741955223535057
-0.674879657568099
-0.575150692013104
-0.483669550952341
-0.520166521514225
-0.522865126773526
-0.699087408224206
-0.445552869282767
-0.417922712195498
-0.725276879243204
-0.613617485417257
-0.546788637436646
-0.531075628742163
-0.508745555624177
-0.636919602356246
-0.417398920907084
-0.5069080354643
-0.641342302858489
-0.68618989766905
-0.469194874748122
-0.401127596439109
-0.445289891783664
-0.626830708949777
-0.559003610995382
-0.364201668374793
-0.57601227433571
-0.516248688243916
-0.564092608453819
-0.594259351610829
-0.425543196950023
-0.577328955620093
-0.502550593257891
-0.566235263951146
-0.415724510966454
-0.580257857293188
-0.463183555020388
-0.394163347706437
-0.52061664756227
-0.563165058585327
-0.561781231624507
-0.443988748423576
-0.473089029022159
-0.585212249623177
-0.531167899055397
-0.530367555350056
-0.548763623997671
-0.672560805412885
-0.487897617465784
-0.447602239550076
-0.351945064839417
-0.468841518087626
-0.543153247533737
-0.4786138863036
-0.422898583385947
-0.526321574855052
-0.374560820923166
-0.473251608776655
-0.459869920270646
-0.461194850121503
-0.469826584429395
-0.345736397253407
-0.348559776847915
-0.479682544788836
-0.536984825381222
-0.482242844899489
-0.304779517516968
-0.462137214842236
-0.416826136037787
-0.387863200312932
-0.510662209301825
-0.535713740238235
-0.470761701694464
-0.32689126260976
-0.375476671246667
-0.522442938144514
-0.417025218223128
-0.379634753612547
-0.370772624662951
-0.44729229534458
-0.445528108743105
-0.328229807344212
-0.365240194000524
-0.401645218367205
-0.563579389682853
-0.394838189112471
-0.409493272501634
-0.427807645311509
-0.311837913245147
-0.536043135610526
-0.371783664863614
-0.48873366865445
-0.476058735511387
-0.34790947444073
-0.400801383178306
-0.357415118276323
-0.38780026535792
-0.215611000711025
-0.23610390808487
-0.382677840338848
-0.429565124781479
-0.310913104690679
-0.470763078272811
-0.325554509446013
-0.578439313795363
-0.48868133028933
-0.263424854397385
-0.38778370692479
-0.270878972112276
-0.409318909577286
-0.533268972940158
-0.273338531626163
-0.302659228125865
-0.278886066629651
-0.339016710995416
-0.252592221121184
-0.207234707017806
-0.319823157911972
-0.323432585908359
-0.374104211719011
-0.29463982184314
-0.474178986869162
-0.327924794029114
-0.348574705248232
-0.312033983330826
-0.158859915393155
-0.409309753799626
-0.44893816091391
-0.445580464142166
-0.340327918426261
-0.392250361291343
-0.318905893720342
-0.405232973444567
-0.287543779030878
-0.39930325015882
-0.327359782305109
-0.263433223456153
-0.352294049797045
-0.259729759849359
-0.42169203214446
-0.275582618978452
-0.261772899163303
-0.263589258079088
-0.475324635072111
-0.335969825843341
-0.276180835334705
-0.224665808911543
-0.284502871609944
-0.343871435661707
-0.302229088463581
-0.354645771315045
-0.191797096643769
-0.320217999512007
-0.25075616532917
-0.406762498500636
-0.3480828873323
-0.321816449835976
-0.257501430063415
-0.383915295505233
-0.280104569404026
-0.26954055569917
-0.12247158155024
-0.120372092576585
-0.16350391650898
-0.308425240143647
-0.305740138207739
-0.192143006723159
-0.310267893254865
-0.173099404641806
-0.267857633517419
-0.05798067857585
-0.273255634314571
-0.446864852640146
-0.341017070861493
-0.218894169591836
-0.17129865840591
-0.396767709434492
-0.378323229454139
-0.265975907540746
-0.15584049566448
-0.15671269113116
-0.247414091526231
-0.188377590085233
-0.268443891502343
-0.142832746389308
-0.140754233685993
-0.366279590756783
-0.164409628723736
-0.307051975493594
-0.173700675419571
-0.186187820164989
-0.184344355744273
-0.220917337740119
-0.111121474467261
-0.215664164864625
-0.341744172303988
-0.213042542962873
-0.062065907855376
-0.339735359193424
-0.174582527192966
-0.17464357204282
-0.017869477480531
-0.196438418257781
-0.15391133347947
-0.0867998090946249
-0.244372708894033
-0.203742484916368
-0.153830100557275
-0.34825023620949
-0.101784475736859
-0.307591855215446
-0.132610341556046
-0.0956104198206637
-0.243268350114742
-0.137402419741102
-0.224985752844221
-0.249015585748904
-0.2355863045753
-0.116716433094671
-0.131006577498961
-0.0462122948353447
-0.168960497233673
-0.0484368619516627
-0.229966311977815
-0.281900338779894
-0.222381323516479
-0.179692801537315
-0.253357621349765
-0.0811693210599776
-0.178133558267292
-0.0276424584100142
-0.0690741724297082
0.0307959846405836
-0.0150362096979021
-0.110180072595741
0.0163594569314334
-0.176955020965992
-0.179440254030779
-0.119267359756992
-0.132216356122068
-0.00421200962313001
-0.189816641766607
-0.0893036791507937
-0.116166711201776
-0.0314518739013128
-0.16973178014882
-0.199383171107906
-0.145828795136407
-0.0751556899647681
-0.0656380643378405
-0.0170134377791847
-0.197967497551161
-0.170797983824463
-0.127721101018355
-0.0332826771347956
-0.16700564087319
-0.182162163313302
-0.134845135628823
0.0696067818932833
-0.0825273654229986
-0.0620659508095826
-0.155361233268101
-0.158714842374529
-0.177165644900041
-0.144795244551778
-0.210792467309121
-0.11214884039486
-0.067740627768702
-0.0983734837841707
0.0902644362991875
0.0198944432672543
-0.164663790926354
-0.103667205592288
-0.124102327318144
-0.0216693910470579
-0.110717287373132
-0.182830264452719
0.0653066735242364
0.106472589040839
0.0597270116210486
0.0270174199498535
-0.1690044961961
-0.0461341188030107
-0.0332842969390901
-0.0338029581367475
-0.0173663844933643
0.0439298465562195
0.0565775967706026
-0.138866086895387
-0.175572756020885
0.0989377322912398
-0.104826198877213
-0.0150172260472575
0.0779336504691027
-0.085057631173562
0.0522648407240663
0.0668853419242415
0.0400462074424961
0.0574895780517994
-0.0938783027193948
-0.189823329886308
0.105980507574775
-0.129724588897567
-0.0419403750729746
-0.00934072437341074
0.0814247944957132
-0.0883805633772895
0.0399776664090879
0.181418199817204
-0.0500096214109731
0.043608806997426
0.126109052239494
0.0828563982450273
-0.0319885601931773
0.112379265529625
-0.00501918800253904
0.0522882881973271
-0.0136988439337078
0.219358163112584
0.136365929388561
0.114862825481753
0.0635876669165707
0.0796968923546255
0.107962250808694
0.0616046702487301
0.049458744836322
0.119568797964278
0.0409688450055876
0.12408186620647
0.0255100144223305
0.0157394760629929
0.0991666558980984
-0.00094581443269902
-0.0151130123031077
0.139298913844039
0.0709488859588627
0.0142307205184693
-0.0581361869220468
0.000475338498847344
0.183259395999443
-0.0215224687844924
0.151472825711127
0.00433052633393906
0.0351543218577421
0.0822353268811884
0.0324891615326442
0.176577158346817
0.0865298500142798
0.22489916124672
0.0452266514802052
0.176501653734634
0.0217767211399592
0.15285960622323
0.0426746257883397
-0.0956057661656392
0.0984188989033328
0.104582027802987
0.203947153125762
0.248403466771465
0.247427029526189
0.026044647519893
0.129355694575789
0.223050118746535
0.144680298423789
0.108492141351005
0.140744488246526
0.0856115719542725
0.145914009877429
0.14562650941522
0.0181952919663813
0.128389311564426
0.191209595832277
0.0860444235636003
0.355605232644522
0.0362049264393029
0.201938007282027
0.21589980363594
0.166947737134013
0.118862011221971
0.220289848529064
0.108458459147825
0.139792959526177
0.317792455006381
0.317149964186336
0.265832854032966
0.107734493579936
0.0826891045865984
0.12638243233448
0.194239124295275
0.122437191639376
0.20635272157188
0.142647150533002
0.294539002719869
0.10152211797011
0.0868282467721775
0.192291129038268
0.190528854812118
0.359856625979873
0.30885391820229
0.199033643161497
0.369500520857149
0.23736681892296
0.211463101688766
0.249155917212165
0.229218186820035
0.209411234163804
0.144214422390694
0.24636665041566
0.333806839901168
0.286488294311044
0.239226621483966
0.360640820745052
0.258848933692366
0.357924922076647
0.217980622425096
0.146195055493267
0.240412776112349
0.275918060924945
0.270697331253527
0.163104288899901
0.335127430399692
0.232071624937947
0.312731540903295
0.294876686341691
0.132163879988209
0.0748941117112968
0.184729356069465
0.397179960314654
0.264831412866851
0.240970392372518
0.314816804264517
0.345838236537207
0.227023482078998
0.103061869247639
0.385351210816588
0.316656133933265
0.196559853157851
0.364012255471556
0.0627931432108579
0.331191982583895
0.196893524074782
0.237326635817325
0.270512661385033
0.267032695621646
0.265461220428281
0.387113721575454
0.322874569034886
0.426153996646843
0.404244223770805
0.428288284701243
0.212585948035405
0.390888611963821
0.273107285621542
0.338689367928979
0.218034020504126
0.373732462737097
0.232084299161435
0.519083604559523
0.460690992725506
0.298119905050559
0.335843704448136
0.365435841521793
0.369056210005387
0.25383266451051
0.240471717911266
0.300322676389398
0.336269279280494
0.414116909118622
0.380764093936084
0.271780584222138
0.475512029566617
0.4657616967605
0.398977367269038
0.498932254471226
0.492853250831083
0.345959386522931
0.391079746128091
0.537616864447339
0.181996263487627
0.352440070886157
0.432332678403639
0.271819246196386
0.31152696354726
0.230959624985044
0.531715554058284
0.393277535376996
0.308875818474586
0.489464094577742
0.397125821750079
0.400113359562343
0.396410009429452
0.453046247661571
0.35514333353741
0.496803834316609
0.418018886937353
0.447030425402776
0.392247232191791
0.442327044325344
0.371452196149339
0.401794723055334
0.431561783957225
0.377197694657852
0.410293054075757
0.410878973737961
0.283301452115501
0.404816767142328
0.396831599772606
0.491034384258056
0.397087536053804
0.470332014449389
0.372411487888626
0.428561924569712
0.420381952014359
0.281822152019831
0.402554373343718
0.553284625756743
0.488856354233655
0.56799689543455
0.629380121880591
0.450517250749136
0.469299931287937
0.332371020154218
0.528765742276365
0.464128003311778
0.352728249109641
0.572415607401664
0.523641800798087
0.465777338668742
0.599559116473521
0.4524523750962
0.528068564793039
0.536821330887892
0.568958472949911
0.444217729209317
0.569861825193423
0.4244045411882
0.528493284147236
0.408361190101157
0.39277315734549
0.435438371931721
0.734228639756485
0.520154095564974
0.510661690659864
0.432543211883306
0.499094239491843
0.561893762866295
0.546307053913258
0.398541322238231
0.562474075528989
0.682715032284838
0.442960470644119
0.445801938743026
0.421438345843175
0.389947664345345
0.526167546157104
0.554971687252297
0.483763807232074
0.536387502037208
0.497794530248637
0.440070890562364
0.437725309412979
0.53918695314542
0.53777224263334
0.593504672121092
0.63031205837646
0.614912698877158
0.380938787415803
0.51867022297559
0.58662737226752
0.603475648409109
0.587452660128804
0.443726698193093
0.551549269490525
0.642058944839418
0.614156310732263
0.572286649584309
0.636391821124471
0.569224476037431
0.533762848262922
0.621480888630778
0.569806257910001
0.65813104710525
0.540229284300215
0.616899488024219
0.363246701310047
0.469424862289149
0.598051607719114
0.549662636868496
0.619625927659818
0.5298466755337
0.562753720970239
0.520902222976746
0.539054859359966
0.621085156403067
0.577422440624432
0.460188321303439
0.847558788453152
0.65266022280138
0.598421083805258
0.59300104775761
0.70232398359233
0.503113844939924
0.702348307565425
0.607499273287843
0.597455893633754
0.595935873650866
0.614378383187345
0.614378935086146
0.627522158122249
0.70291275186494
0.549926202113717
0.726487110068556
0.556678320393449
0.605819899956958
0.698125170984072
0.587880173074805
0.590818508126884
0.749399270404684
0.740716284578223
0.61671052972499
0.664055700152014
0.684219108979449
0.716528588540029
0.717850263191668
0.651425756520418
0.749689714141374
0.74385876020224
0.73329262066253
0.580996878782637
0.62428821989315
0.70793599524421
0.742438393800291
0.720944934193415
0.652286804857708
0.525943607490336
0.612329681976882
0.761037811288173
0.636538347300618
0.737740158190231
0.701176704265766
0.80731032929341
0.664343159937444
0.630066139347757
0.584128080394559
0.758102367607668
0.742715619583998
0.602522370065237
0.674473159674322
0.712233940800008
0.70455452011802
0.718696216385885
0.679957361313463
0.732490538884624
0.595790783107663
0.870560929476764
0.624735762274053
0.553487190379614
0.780538458410728
0.725967219793197
0.760395168920354
0.695448907319878
0.843595959704675
0.691107296643241
0.732158726325307
0.697848312002593
0.73726767908849
0.695931196351264
0.817538236610847
0.876600275945275
0.892496279557385
0.738037838847113
0.672330851779193
0.560877265424443
0.730048833585434
0.743050065028605
0.832267841301032
0.755573657440789
0.691067940938034
0.89097965252102
0.699803854734289
0.873032763904233
0.780401925258682
0.675912390061819
0.841433511495186
0.729968968849391
0.94388689366021
0.756409174151881
0.661406754443411
0.828500493541489
0.843188773844383
0.714506376611415
0.765701233490557
0.731407220975564
0.8522828801978
0.76450520400368
0.795403052616416
0.69227101126706
0.659994819931772
0.849167521472186
0.831709977410303
0.80166159623644
0.846434902869383
0.830647030195791
0.915705780685876
0.833517188907232
0.788978250616914
0.90732145562404
0.959322401532202
0.770996540185447
0.908782298360926
0.660625722891737
0.763016263744635
0.84939710033464
1.03894592167594
0.753333674200056
0.854872957572492
0.804292337584449
0.686095233225289
0.848136991478255
0.924863276211047
0.771893403301786
0.766890509073588
0.871988673594427
0.897848199159508
1.03649255878059
0.885521827320022
0.894067605639647
0.893673061758165
1.0048729398483
0.824296622153535
0.87385822142178
0.939911563108188
0.755317810132146
0.983711845436604
0.92648275056053
0.686102987058154
0.888442027069889
1.03466884337431
0.915385102584509
0.73756067498498
0.962382175842721
0.784310882185185
0.898682884777616
0.874071370543846
0.768916818181949
0.856453998064102
1.06317698159182
0.823863251802958
0.793989596587904
0.983084879328716
0.941838085638511
0.865914478020307
0.958377682960704
0.880021755821106
0.887453420667754
0.911142312461258
1.03807287826381
1.04875236818709
0.838934435533831
0.923822918036446
1.07247827053039
1.06849287811345
1.01278801582885
0.985739726715845
0.937859744626957
0.83584146708236
1.05471140968431
1.01195276793669
0.902261750523333
0.806173313377521
1.02408405676185
0.988112382844332
0.790912326526336
0.737501283368725
0.823913302250948
0.974442300360611
0.853116371452834
0.964399505114118
0.83309376793224
0.964180057601106
1.01521179641857
1.06689798824732
1.01460314999654
0.989762845404329
1.00287835963762
0.976686438186451
1.02040956629985
1.0315024425119
0.974888088185099
1.06386544697133
1.26037591687401
1.12723607496198
1.01977561871471
