-0.947727742105173
-1.0147219238509
-1.14326546318884
-1.10934401114146
-1.05545311671637
-1.00802264734693
-0.932492889399276
-0.890778337057278
-1.05261293989822
-0.952471063565073
-0.939669524405891
-1.10365639478529
-0.939241464983961
-0.852929416062703
-0.821342137269972
-1.0434724630481
-1.08271138536549
-0.92861139575244
-0.997160411369301
-0.803940008780519
-0.819947060129214
-0.893623329869529
-0.950495662424332
-0.97130633231512
-0.849681713042531
-1.12798654893192
-0.966483513815939
-1.11858114916578
-0.940472001231806
-1.03135169865825
-0.923854450297606
-0.890085819768821
-0.966765900071078
-1.00845050779909
-0.87284982691966
-1.00387636709572
-0.867829431530536
-1.09015295112405
-0.873280300212697
-0.921288750533062
-0.96826848507932
-1.05415160755634
-0.96322257909642
-0.978634141328848
-0.898731063489392
-0.929221884653782
-0.903461664958263
-0.686904078025134
-0.877802440392938
-0.929543186409248
-0.991023087167696
-0.89310584671516
-0.80426096776395
-0.819476106759091
-0.908181102305613
-0.91875331611979
-0.827518513520578
-0.870709406365849
-0.886114952145293
-0.799166580495726
-0.900451327011934
-1.03352806838043
-0.874509411088317
-0.846593685994813
-0.909229555913955
-0.849497139940395
-0.808843994609555
-0.853337186975782
-0.85030489813593
-0.953686518175753
-0.719759276043784
-0.727935770009664
-1.02371087656696
-0.90839843726713
-0.787443870970565
-0.860887702140035
-0.959736311083635
-0.752315547208576
-0.8818964539662
-0.784575510408065
-0.824390238724126
-0.770148742296144
-0.962118091431801
-0.755068602711032
-1.02099113708394
-0.798197207731403
-1.01213091046764
-0.833481148965859
-0.752919535243127
-0.750243437341151
-0.781025844683463
-0.804697964889652
-0.815770058531318
-0.821452677092799
-0.799558061284464
-0.791451879434726
-0.771177424680445
-0.673405839833048
-0.919293350872773
-0.726252625778187
-0.732093711778783
-0.832434526655418
-0.611217223543892
-0.681068462459428
-0.77323799100935
-0.795178067317221
-0.712335092143653
-0.708465686744732
-0.840571361105718
-0.750099858913226
-0.58377125940247
-0.832166682445978
-0.81251131172968
-0.766724815267799
-0.857739732687078
-0.838616915867789
-0.766348010953007
-0.771128151858524
-0.608433638535174
-0.747803331331021
-0.652150654319065
-0.878969820137389
-0.836338972522477
-0.853915170928603
-0.852649656456522
-0.691019213763396
-0.858802390862546
-0.733480394758162
-0.807547209127863
-0.680861858944796
-0.709320121729715
-0.730538363932931
-0.659239537819364
-0.838410094350706
-0.728232814289328
-0.768863839744618
-0.675132328531105
-0.778327371729389
-0.665322218120973
-0.661230082653924
-0.631809911793162
-0.568355958339843
-0.888655671366087
-0.545859954875077
-0.671078505031524
-0.768638442832383
-0.779133511021802
-0.693763198202846
-0.650575549766414
-0.637327144476135
-0.567311023226365
-0.567235016809713
-0.64709299738777
-0.758813356196556
-0.723363634030278
-0.607584937898724
-0.685940120785678
-0.608795780729887
-0.694429598519626
-0.668225363193671
-0.789715574128854
-0.623000910357501
-0.659239191348323
-0.557295492299786
-0.596448014874321
-0.745899969510091
-0.73220959268071
-0.634973925774227
-0.729846351536814
-0.74194401133509
-0.596304167801671
-0.633715118503165
-0.546324256792562
-0.682805616940469
-0.695610101233868
-0.622003633692853
-0.708867064638341
-0.633804246175924
-0.796937780873836
-0.651898574974803
-0.74189053574185
-0.606192546880808
-0.63827052000903
-0.686432529457202
-0.690830625782346
-0.601535460593429
-0.630709204413855
-0.568110998364865
-0.634264310742389
-0.743278638161694
-0.632854517054937
-0.735307650037932
-0.522671594180835
-0.61322014501589
-0.660100798292507
-0.603503473168122
-0.658975714278089
-0.576837925155118
-0.597340160512815
-0.697071643307844
-0.707166751798667
-0.54005702417978
-0.546603682061432
-0.532400207556339
-0.665891849521016
-0.667150279017973
-0.388764645312337
-0.592488328953078
-0.48058911772295
-0.300286867442281
-0.516476719094559
-0.526351801063348
-0.648962583855654
-0.49882590182968
-0.632056162438235
-0.518796169822782
-0.336781876197924
-0.504944562051385
-0.693637380100361
-0.71626582131997
-0.612899949377415
-0.592741731469507
-0.393245032547706
-0.795421313112281
-0.680241559455893
-0.616993055016305
-0.419636591514669
-0.510524733845541
-0.390363600397407
-0.557516236834082
-0.641362516758589
-0.655378554265663
-0.60551764259527
-0.58914758321499
-0.545550382307031
-0.442030464929447
-0.709165552696015
-0.442267099666287
-0.536891420987578
-0.472798502304782
-0.509113841060478
-0.587034103242715
-0.486363597392459
-0.60634889264091
-0.604878785838331
-0.360478243718003
-0.533099371083759
-0.423255074706351
-0.444539582795684
-0.635406602686841
-0.383975812242985
-0.482346571448046
-0.43300655692552
-0.383727054432156
-0.634417351422624
-0.481352764521424
-0.493356587716936
-0.481916216109467
-0.452573265595667
-0.386787751561606
-0.585352465606774
-0.532314839274719
-0.246392566094919
-0.521262591486594
-0.62118735185088
-0.554873835411593
-0.438780064524719
-0.536312123363883
-0.54350222009247
-0.47171594930197
-0.484735002199545
-0.362823927785343
-0.412885965054511
-0.412515284562791
-0.433634255459127
-0.679564405892138
-0.455692013596374
-0.47768102551784
-0.445827712074183
-0.461878345161667
-0.424761191538565
-0.453965485892745
-0.499553165497742
-0.419019044515904
-0.465372332991519
-0.485632221464689
-0.376868527732214
-0.425197047984745
-0.351331961077884
-0.639762816062902
-0.469852154854143
-0.390393746804656
-0.595685513439723
-0.434073831479917
-0.380888013509713
-0.452183748282468
-0.451440709840989
-0.478887997134846
-0.335776086134647
-0.540982630355879
-0.46685560362716
-0.43758916370121
-0.317910837294259
-0.400861037868965
-0.246230928081953
-0.369303420788398
-0.548038944335878
-0.177235854516524
-0.336661766806131
-0.30198043041329
-0.327564590748169
-0.332514709241937
-0.395591420150271
-0.215631074609412
-0.393532300102641
-0.363670319107273
-0.33775128454886
-0.165107370365289
-0.450507190839124
-0.40701550128016
-0.29110136509225
-0.353824188034944
-0.31258137998265
-0.455973493728669
-0.433354922386687
-0.417210736378475
-0.195628015695575
-0.271519354367236
-0.36908025945379
-0.493647237870606
-0.186272135088317
-0.206748524148023
-0.280547049211061
-0.284978384765687
-0.284034792482195
-0.359162643895158
-0.270317764669729
-0.259740836307905
-0.307545081652281
-0.251163507748231
-0.305887961055884
-0.252010523947153
-0.364906801083236
-0.213738061506609
-0.339498394642921
-0.376323481188784
-0.286724730787774
-0.382944752068788
-0.26386488038916
-0.410974532546457
-0.201278835743989
-0.299545026524708
-0.300306847811395
-0.155647443757982
-0.427110815971852
-0.291929639913335
-0.270903486450725
-0.316798558765204
-0.239034058910163
-0.276917498019297
-0.269944170527677
-0.355720703961621
-0.287753843156883
-0.131967930631093
-0.183179590274862
-0.29298716868069
-0.312947174760344
-0.234417657191051
-0.217828507651639
-0.277238898313563
-0.215625543015819
-0.275172665960313
-0.148688413155645
-0.137514024180183
-0.287873343332023
-0.285442757721419
-0.1753319679328
-0.328730770436256
-0.172575556491701
-0.226224951878815
-0.24238263369274
-0.291552363754847
-0.163278644816544
-0.194251105113783
-0.19053786121614
-0.277637070776086
-0.303582523443463
-0.249492439141854
-0.249479489792133
-0.176060700507196
-0.29343884390381
-0.152143706602946
-0.226775666160419
-0.28623685321135
-0.267988716027789
-0.238488721487711
-0.0515916972843057
-0.319936012752668
-0.249112277882121
-0.0401737997626412
-0.148055706052834
-0.327883790747774
-0.0726306302965191
-0.169220927921989
-0.29987305739804
-0.281219723238981
-0.0076377717272883
-0.329155818594244
-0.241726927908055
-0.0996986999519879
-0.202496830048887
-0.107417913479915
-0.196483110662406
-0.18672029109343
-0.12693137945679
-0.107651508323116
0.125747105069166
-0.0317519474041961
-0.0697248869695616
-0.1843255139827
-0.14212887755561
-0.162147871183401
-0.155845199029907
-0.132100338687279
-0.121763934597084
-0.199896409450464
-0.0154334566207947
-0.0358124181286308
-0.0458539507625112
-0.190178308705487
-0.221001891174581
-0.16483592560998
-0.104883819874301
-0.0893126363132904
-0.128402704266577
-0.110680819393241
0.0408466022149131
-0.0677796409365964
-0.10788936494066
-0.0938410139646451
-0.120792268135192
-0.203127518511769
-0.239458062714772
-0.199525491346023
-0.162803511960795
-0.229311107335769
-0.164529920450246
-0.26936586971383
-0.207864624942799
-0.137190940223984
0.0649864370287214
-0.0599676452084863
-0.0272071298227522
-0.124031961611175
-0.0174044309189645
-0.130401914046883
0.00328350776173452
-0.119405817460766
-0.155277613807951
-0.15141657190517
-0.0765094100188481
-0.0338756701411713
-0.10295823251153
-0.0643733106170886
-0.164587545970429
-0.190993022989926
-0.132546710513444
-0.0231310063697667
-0.0293176060035575
0.000471168299803198
-0.0960588490903175
-0.122509217815722
-0.0273693396603768
-0.00881245900351418
-0.322552932352973
-0.130820757427602
-0.248174830125537
0.0344615557515688
-0.0687647088881008
-0.0409922522925744
-0.0151992493178653
-0.0985389436780479
0.0497718858922063
0.0144816632466674
-0.0640635894673658
-0.00549621510946435
-0.177967737907463
-0.0476413031151253
-0.0708629256668426
-0.189095296333001
0.00136616467650769
0.126340997915131
-0.0353979619831972
-0.128665114227381
0.0378805032121256
-0.127935300912774
-0.161636988756868
0.0401010316918893
0.0116807296690345
0.015789385376494
-0.0395244532836648
-0.0208016333631429
0.0434643324919757
-0.0363445710924131
-0.0638611464958404
0.235454352096095
-0.15292820131316
-0.038886347352544
-0.0473852672162735
0.0460698178508859
0.0429673509813972
-0.0612980992907075
0.0154904557074834
-0.119668082396834
-0.0195217715328318
-0.019691678853091
0.043770986737506
-0.0317946438424684
-0.0266395803089318
0.177058729259496
-0.0990410337922662
-0.00645780526097689
0.0352347069907304
-0.0873102988440881
-0.00507466044709402
-0.0391421800863819
0.186956738797903
0.10405291485861
0.066321379664813
0.189104248067286
0.050026365899574
0.0245957702724783
0.147692069956217
0.153246783673875
0.104147707250921
0.215981697296321
0.106824153445959
0.0683353446783884
0.179807596119454
0.131230455608885
-0.0580501793786111
0.131040224553007
0.0926789520727388
0.046016510097371
-0.0181748182310781
0.100972409291783
0.097513120717708
0.133465041705118
-0.00913947114085329
0.0771166562954673
-0.0100639327557346
0.197488941012109
0.116038306320122
0.115132811504416
0.174362099251833
0.0574262697386317
0.143286788680914
0.134029401010394
0.130267981755672
0.2122985518652
-0.0268383014768531
0.0123646954407934
0.0868812113225235
0.0626699799484992
0.389761645292869
0.239308980213968
0.218538277444922
0.0338918875620907
0.171119373018843
-0.00501519941402337
0.172159582964182
0.262652254638158
-0.0143911645068373
0.00244421435276165
0.122285841547807
0.206029226988169
0.150684091292417
0.146669987866089
0.198183901368437
0.241012314562289
0.171372976659913
0.210479710927191
0.0887568334513009
0.184112303698154
0.101065988098464
-0.0202329941225251
0.122535598119611
0.0895057667032719
0.192509667968172
0.264525266457238
0.220956993599614
0.1736299327445
0.249547704511746
0.198069718895517
0.159320632154094
0.187390769748903
0.237648721936778
0.199005670606018
0.153908094404764
0.111664692289756
0.211723578172491
0.223208106769949
0.217673786472032
0.365466282803438
0.243829860475584
0.0192359074093751
0.214389281780789
0.20362528960162
0.371978028770888
0.154610062024512
0.229959587885043
0.2811169133782
0.164046006485013
0.382095027887285
0.27219849209996
0.227616630437252
0.249123303328579
0.174708934651769
0.305637041780858
0.435815789066996
0.326362758319495
0.180126359717217
0.264185772577917
0.221654799341242
0.329731813146086
0.296471587256268
0.378091394731828
0.166338292529432
0.318251957179355
0.333076317626102
0.201288110674888
0.209566607222952
0.274703364670364
0.355629696632496
0.232546604952896
0.430977137310311
0.284577271150294
0.449729427142733
0.246768497572351
0.270406989574348
0.302346488005318
0.287428409932941
0.219166439401423
0.249706767877343
0.209036946366403
0.385622311713007
0.397530205371742
0.344197828297902
0.234979117702084
0.461166236577328
0.50509280083177
0.382847510951975
0.360679728339995
0.351567976340836
0.0824632830783796
0.338985980647655
0.38019453335452
0.159149678679522
0.423349621839891
0.326536947200615
0.348875964080029
0.379583894154714
0.335835514989027
0.411158365278369
0.274801242955805
0.346667891855527
0.299559997233717
0.311332390435959
0.392994598925874
0.307695017118311
0.382421549321147
0.369433336853485
0.25998623099864
0.433345040754744
0.339306369574009
0.275929979446039
0.331040468687106
0.351043725038818
0.397481750934858
0.482297450695912
0.339357387947083
0.38052677046034
0.386027094850138
0.491300767490297
0.433901596104043
0.384393266308435
0.372018302886337
0.419333999462363
0.36749731994711
0.384635943831231
0.494753879713916
0.288519053120959
0.486144300786912
0.39042370830986
0.391582254907101
0.379096067785329
0.367551477792239
0.469612863698742
0.427282123798601
0.489970833463625
0.325397793828117
0.255931983811102
0.370391569078282
0.607261048253275
0.375336938540109
0.575725824755759
0.349290221162717
0.285447962289439
0.332691624467631
0.450455093769428
0.417502489212256
0.401184112782389
0.342688967445836
0.462414188347063
0.457487071998749
0.638520349800443
0.453194399037783
0.50365995245792
0.493803210226517
0.375203117429094
0.507987026367977
0.445797447905819
0.363523486719091
0.537288303435938
0.62645808640197
0.243113643130035
0.506248768686386
0.447054673382437
0.593508236343332
0.31885966718283
0.425512883850984
0.542539987070747
0.455128507687388
0.515356831576714
0.507296140329594
0.393233999646504
0.554800768657938
0.52144400508478
0.521567122912594
0.249191395888603
0.422319700661611
0.425576788439517
0.340541524688999
0.580037775086127
0.420037906255789
0.480355609556791
0.539798702731615
0.418114494198581
0.341055066796849
0.585765234849641
0.448727219429363
0.391159555084808
0.571510811412764
0.47207139720713
0.477230233785944
0.326958660581768
0.470354164982636
0.576796649579581
0.474189675706609
0.54657984716007
0.527503407813437
0.461144396343976
0.447491282563855
0.569645783445776
0.424694164439077
0.542039739469979
0.559073814904856
0.573809650975208
0.497005755044085
0.488341650406248
0.475156761241167
0.407970043186
0.547876833325225
0.552469984112158
0.650710093563457
0.654173062602597
0.59669669059608
0.377291196351629
0.565133551651977
0.499857933387149
0.598769554651841
0.479593326168932
0.497381300847224
0.600219912694522
0.580588743967318
0.436861691590736
0.576387331131335
0.511306630827744
0.632251624912512
0.542133996535935
0.466624825676806
0.721755164522199
0.604678687891035
0.643799311390087
0.587030367664862
0.643919009961008
0.517689712853157
0.59608278522043
0.4542362267277
0.662573364499189
0.551776468252369
0.56479248904669
0.6341727368512
0.797296884138109
0.618345394192011
0.707490588312719
0.564499064205752
0.565397368141703
0.677445831589641
0.66669633118972
0.759459588962957
0.724278247245573
0.591781341277454
0.645699533562699
0.707911877477989
0.506013355818839
0.657466692496365
0.564666090076912
0.58937663874063
0.543264979582308
0.551885074542347
0.605257658042794
0.49839776219086
0.658658047713257
0.788918040250633
0.6021901579864
0.741304370933483
0.783715839353015
0.695323458455049
0.665374882124012
0.613316037248353
0.613890654957349
0.65889932408865
0.814371567658694
0.63941037757973
0.565615659898036
0.704239907052558
0.578585246315629
0.529951206678208
0.632388328038689
0.584210288296402
0.740698776895226
0.695531767879476
0.611833618555127
0.544391941762952
0.631472513504799
0.72942464828906
0.656598310989683
0.74273285332343
0.673314817764344
0.743633481845443
0.868388131005758
0.828402045129215
0.57929332885578
0.815976483257122
0.721312913895521
0.818907322362888
0.636271645077115
0.708104147675167
0.790111885658013
0.728906127592253
0.753877131995751
0.739115604725455
0.663752688229422
0.70484676979731
0.787626630223541
0.720256726694222
0.6861846364399
0.722412439133284
0.647323566946818
0.712680711931974
0.761446532205404
0.679051532055918
0.695534613597955
0.652340186763773
0.845689813686846
0.680013883954594
0.650385322559148
0.712460002027042
0.612838177966169
0.676239984973378
0.763631834730545
0.73233966684201
0.760810343459946
0.631185515728297
0.654950591181084
0.640523929350177
0.775631540882661
0.727920892455349
0.870765929590693
0.810102336882255
0.738530761570037
0.900176147943509
0.686947635393898
0.740341948910532
0.762558042142594
0.799732471308245
0.79671474751872
0.881063910163352
0.780421457699469
0.812990346092445
0.760763803237157
0.821564390530847
1.01056817454518
0.908183826500335
0.834169567071053
0.848268583367954
0.928579664772736
0.783163283175952
0.801798215141357
0.81282556300806
0.816724662281114
0.955308300525576
0.776092319139699
0.789850567258793
0.846707340498675
1.01438294755648
0.616129849616906
0.820906887606724
0.773982076670969
0.872965769719031
0.825970043957558
0.830129885650391
0.803570426550142
0.925683397785978
0.60414387124207
0.921801570746216
0.852189419855511
0.654286273010747
0.90241539237026
0.919735412022415
0.958986224890134
0.885721788118423
0.941119048366734
0.784494216180172
0.813550722629614
0.888827918791766
0.993640214885555
0.908550409785306
0.850495882879795
1.00071717202813
0.86331666012829
0.78880935632713
0.959073429678368
0.965601035932941
0.832572760474189
0.841072744044636
0.894341784620676
0.957343097973524
0.938105990367422
1.00213786600613
1.0053189312157
1.02346268054723
0.933681359666538
0.84649884520781
0.896551703379931
0.959220071763649
1.03834919201573
0.921227615958118
0.924430103711132
0.969412001199255
0.946945766704907
0.988649033926723
1.07142576755697
0.909414270952128
0.893255035442989
0.834481048915483
1.0023593717615
0.946598489510689
0.94310562857358
0.905197603975674
1.09222394451279
0.971500537200431
0.948447002933488
0.928121415166372
0.92744902527797
0.860250863053025
0.946199462515456
1.01981288505588
1.03329625629751
0.838847828171805
1.06178128324258
0.985454416115314
0.822437109526556
0.930767709176443
0.941311159272027
1.09614993923217
0.969136458426606
1.09568474723341
1.01866224379852
0.893113828821162
0.795445195804782
1.0097359513099
1.11389939161384
1.12548965082124
1.08012057572798
0.915674043263495
1.07753382970315
1.0245465187522
1.00307298791481
