-1.16295068764803
-1.10368555679518
-1.12064530423873
-0.88561263333532
-0.948949732036411
-0.947318583752476
-1.01741895559796
-0.91306612670219
-1.12517988300439
-1.02356191827214
-1.00462044773847
-0.975925122473142
-0.910513521567699
-0.84219581936707
-0.933328858111018
-0.981290468181306
-1.01761705035082
-0.983171245190962
-0.961979846441952
-0.886112011409124
-0.899377500721722
-0.982755695989441
-0.852573334539324
-0.902043898467275
-0.978113325535693
-0.822612149991194
-0.926160288092408
-0.88199977732706
-0.944003538210412
-0.971204697926265
-0.991325322544659
-1.03588751909676
-0.912788169061267
-0.916002302747683
-1.03840848442535
-0.937117342023919
-0.942633913940558
-0.898070894363094
-0.836113939265894
-0.831838960420316
-0.897954413534938
-0.793814946592615
-0.781524655328722
-0.807370731246393
-0.998672723623187
-0.910130873232291
-0.895016992023793
-0.961704612059886
-0.891418628074994
-0.87945221437078
-0.813101476681988
-0.965421741465382
-0.872842152105379
-0.881723799949288
-0.915305261014048
-1.05677686624335
-0.924398391853391
-0.934221459438345
-0.956258381384543
-0.916895629153055
-0.710298907138083
-0.933133186934372
-0.888345621330147
-0.764245716994134
-0.801087471323151
-0.712208009145579
-0.904631625103094
-0.848503901265219
-0.825505333001668
-0.822693012406227
-0.842607659539832
-0.836739566108126
-1.0764150267833
-0.976865909068713
-0.943024012649744
-0.922212430430658
-0.853310995852352
-0.7233975387399
-0.758187097813286
-0.847480001955165
-0.843595632531781
-0.849078158258776
-0.863427316488073
-0.826869170133576
-0.799322949585156
-0.736543843592816
-0.826997578059959
-0.869119944170969
-0.864911483655545
-0.793965771276281
-0.733414295531673
-0.713769145123668
-0.757167196616453
-0.623224677506844
-0.806199771818251
-0.906928613180184
-0.869330294355439
-0.715412169114869
-0.797854112992031
-0.742768250625076
-0.868261167917833
-0.782502405466911
-0.825591431234663
-0.870141744546103
-0.826758175886335
-0.852532158228027
-0.80111254540093
-0.788574997792107
-0.813794630717497
-0.797140068591046
-0.799363758040496
-0.793649575815135
-0.783779492743816
-0.612314104383777
-0.790438144435169
-0.875268884546191
-0.65796865522612
-0.708036861756242
-0.630288453335366
-0.660657563604235
-0.669705930209685
-0.788803901408743
-0.716728533016396
-0.783014053335229
-0.721220958715522
-0.685461453923497
-0.749822478095722
-0.567045803894078
-0.665964793423922
-0.790546303466257
-0.684160135904593
-0.891775126921989
-0.600566190327089
-0.621711295714923
-0.735312824270279
-0.820073751797631
-0.733950152242941
-0.708921249171216
-0.647238878061319
-0.756156331076679
-0.686422309008962
-0.777441508819721
-0.771580987569433
-0.867704229204959
-0.640726424422073
-0.743391626933638
-0.643457923060382
-0.777723780806195
-0.746422818241863
-0.729850145933513
-0.534201612361338
-0.632866889043969
-0.76371117612743
-0.573793440032367
-0.793837257153677
-0.72584100133868
-0.599682630716033
-0.723629988955443
-0.772354701974968
-0.760227478311878
-0.684859901527017
-0.788844845301079
-0.589813345832102
-0.594319019747252
-0.689242298360995
-0.559806110077485
-0.556288548002402
-0.724068471176445
-0.561425781911923
-0.777332498908638
-0.741286493324948
-0.642484784347288
-0.737091370517725
-0.563372497467846
-0.733701991852427
-0.665961282533528
-0.666804968998437
-0.587648271040681
-0.666204194917372
-0.646003022422424
-0.707097276985144
-0.602487403714536
-0.578033342873233
-0.576294802490683
-0.683955703633634
-0.643202915205165
-0.598094152476655
-0.674214976139576
-0.666498930682574
-0.847866244886838
-0.509461972807436
-0.674575904808819
-0.635157745872354
-0.646367127020675
-0.645619950991016
-0.652628630820341
-0.538303445306032
-0.747321988826942
-0.561442552997156
-0.573151251291257
-0.587975526781706
-0.712000164883701
-0.634250804733997
-0.649424251037626
-0.623523347822465
-0.680791315818665
-0.423312761146872
-0.518439955106161
-0.751837890870502
-0.660425586930137
-0.558336548202269
-0.468410203887095
-0.529463355803785
-0.508808884378925
-0.703799594171896
-0.419856805260698
-0.431244107418537
-0.716914266531312
-0.606604867667851
-0.553015887232515
-0.542432204075484
-0.483068732236669
-0.633581380742254
-0.407055933409811
-0.481339143827615
-0.645689969797821
-0.684598630118816
-0.475425749783732
-0.40651843643874
-0.41564353564316
-0.602570253251498
-0.562171536088853
-0.375706059432352
-0.560055897976682
-0.507145085550854
-0.561853552659089
-0.573143874165712
-0.422815256955996
-0.606218371909499
-0.500196205386237
-0.565874998615446
-0.414230312153294
-0.555549845743555
-0.470741933444737
-0.392799113232806
-0.515549464587703
-0.585453369203651
-0.561338806909926
-0.43281156586416
-0.472224436767794
-0.566869588479933
-0.549730789587975
-0.545951053956726
-0.538830017546714
-0.662006002506605
-0.477405090808995
-0.409777106575333
-0.354805377751277
-0.471894326916665
-0.549111696463377
-0.477243743578702
-0.413003723714891
-0.515199096288152
-0.375382023298086
-0.485377108355388
-0.425336686532871
-0.485756113199335
-0.494531325146754
-0.3593653627029
-0.342841604346013
-0.491044964179592
-0.564916585993407
-0.490885926024531
-0.32257163686886
-0.481544180702145
-0.440972488400614
-0.374972551120642
-0.502270290837085
-0.562795597992989
-0.464488315720539
-0.310372748411736
-0.374754712077036
-0.537881619196003
-0.435185189342592
-0.383285206892999
-0.343502503608094
-0.458388031833147
-0.462368587108939
-0.315920891048914
-0.349897563021792
-0.403701953453778
-0.590536669823292
-0.377143569795358
-0.411605038235057
-0.432572777520056
-0.323290616757735
-0.541119937993234
-0.382750818523302
-0.50319130387572
-0.485123770593893
-0.344954348947351
-0.392786060604407
-0.352545601359862
-0.396553455148521
-0.212134881777976
-0.215625174698743
-0.369454698054185
-0.434191702227326
-0.304188938390511
-0.489983458155229
-0.314782668859468
-0.595527253692045
-0.473801656833486
-0.27653179133903
-0.401774248294516
-0.28188380752678
-0.391559060544511
-0.515112901105613
-0.259558298191095
-0.286329201232976
-0.293900487083981
-0.345829944081011
-0.241161977494544
-0.22113496335743
-0.320989046471885
-0.337990291249748
-0.348020159043362
-0.28726721565274
-0.481285449530928
-0.34968693998414
-0.353929099998727
-0.328728693433245
-0.152714546493232
-0.395622531790117
-0.42793475673441
-0.447946394845802
-0.347219011502905
-0.381925415823128
-0.287230923356256
-0.406726878250169
-0.288135882917088
-0.405310011837908
-0.328372511039612
-0.274156323530608
-0.349251712472967
-0.271420986958361
-0.415063888346054
-0.31115512498648
-0.258718280514266
-0.273664993765195
-0.48594875829118
-0.356979323963756
-0.236599741108678
-0.229150754577213
-0.297040677404774
-0.334175728462595
-0.286106265742512
-0.347968344396211
-0.193354135488148
-0.316624103184164
-0.225989778979629
-0.388556858194631
-0.365047548969451
-0.34202125320387
-0.279107183164231
-0.391252311943474
-0.278044944239539
-0.245927802895814
-0.135164172369655
-0.133701098835655
-0.147908293508787
-0.313157405294432
-0.318964932315498
-0.218741245244967
-0.317649166738236
-0.165776554655673
-0.278909649606551
-0.0379951611443219
-0.288369961432011
-0.458872014100399
-0.333495899578868
-0.207680149067449
-0.178722934939023
-0.397878588037652
-0.37669841009771
-0.255978017334822
-0.169738718119345
-0.14384201654645
-0.259040387297601
-0.170663098224174
-0.27439044379871
-0.141171019927764
-0.129225127885713
-0.381579173076528
-0.168129738594434
-0.288412166867684
-0.196112505568693
-0.151985302393867
-0.175193129736064
-0.214416476675155
-0.104030601995338
-0.188607725367895
-0.326182058746246
-0.198960327780315
-0.0721227125362693
-0.33018996484907
-0.169583902685054
-0.187219559180029
-0.000966005418316333
-0.194098531453609
-0.164316631048469
-0.0806794045250514
-0.243863865324659
-0.201949143264027
-0.148355096799837
-0.368815465301126
-0.105293173465766
-0.328211299215795
-0.13356884104375
-0.0843140315655937
-0.254635187469592
-0.131243820311605
-0.232862996451471
-0.25888329440316
-0.268984246117231
-0.104935126156808
-0.133986009441311
-0.0215993201571352
-0.149761542400814
-0.0437219290623061
-0.22495796303682
-0.271523180263219
-0.254627205508505
-0.184083915225523
-0.222655940626964
-0.0719127620410671
-0.182853363247027
-0.0145238539533492
-0.0833522470896984
0.0589365294757926
-0.0154945474844918
-0.0988624968285212
0.0259652629009851
-0.192489384022697
-0.186239268008641
-0.145177244360574
-0.0950858341182265
-0.0211505723682051
-0.176427316213418
-0.0753314508281837
-0.12027067237229
-0.0298151425149187
-0.193224535110404
-0.186046144978866
-0.157237007239556
-0.0960281242221387
-0.0836409459400728
-0.0262484112590613
-0.190532170185056
-0.211390726319858
-0.14822196674488
-0.0297908095092815
-0.158165066052832
-0.162019918894983
-0.161856967376963
0.0301866482897475
-0.0950367904930572
-0.0517905532036139
-0.147336715343746
-0.178343960740788
-0.149816543894207
-0.145507112859708
-0.220433600232741
-0.142378497583199
-0.0710566554600994
-0.109442450030407
0.0882509148096643
0.0336629314909037
-0.132926468052486
-0.102567461197887
-0.13508485617984
-0.0245631597553669
-0.10359230039463
-0.193140412587604
0.0852053598870519
0.11302645476382
0.0689931214426052
0.043942148523694
-0.158055060703096
-0.0561457251651827
-0.0538548139373391
-0.0325685255248029
-0.0338198639261784
0.0446255003737619
0.0439438431436256
-0.145674643363581
-0.195711910854489
0.116490603808188
-0.0788436316924011
-0.021672914391402
0.0568750133405182
-0.108572583627948
0.0590348437221597
0.046642454775756
0.037708869811586
0.040057993923004
-0.0848476114422922
-0.199607814700206
0.10392865018912
-0.0915526311892395
-0.0361341713596676
-0.0227728963917448
0.0613114329222781
-0.102481781053754
0.0240621762418455
0.191027259546907
-0.0466512890708617
0.0441960385224419
0.128780916914421
0.0593464993549484
-0.0234432982120007
0.103930149300942
-0.00205476843293192
0.0434491313387861
-0.0111512792817041
0.215413166813147
0.155401852206648
0.125060095807684
0.0597768809165429
0.0896865929341667
0.10486295541718
0.0462209045672423
0.0351121218325283
0.126773607543122
0.054007521371531
0.118983452463916
0.0588329408234551
0.0277057636091148
0.112900852401767
-0.0147516819011722
-0.00805253932440743
0.156306361407543
0.0868536388213122
0.0342370341373617
-0.0644432732977637
-0.0156088548186325
0.174411387587752
-0.0213326235171081
0.146073221804453
0.0192634344355911
0.0364800993573143
0.0892612775494245
0.0199410669124776
0.183259313156343
0.0968225912124477
0.263750764991337
0.0444257255810483
0.181623061773926
0.0344642805109918
0.139797756094893
0.0287179345419011
-0.110952954387726
0.116605645381183
0.0785084177620338
0.200224577210302
0.234350964071244
0.240231305276539
-0.0102082371805401
0.117289275195896
0.242008478646605
0.147213491481303
0.107391963690991
0.128508805244864
0.100807563044746
0.160093117663981
0.153705790635887
0.0281078804008657
0.113982289138801
0.200591318974317
0.0740532234905617
0.335821039945817
0.0308088829724883
0.206814868343568
0.202122474867001
0.182578920247843
0.103365262255528
0.220155392051287
0.125759022817275
0.146911358321644
0.292712951016418
0.310515839942056
0.259597082076893
0.122138761620204
0.0767346235180178
0.146548417444228
0.212072202351186
0.11309948002495
0.205693234568611
0.152122298193468
0.296036223942109
0.107498988825033
0.0723487330782555
0.186288737988537
0.187395536550017
0.369597581611931
0.328103005753618
0.211614709463657
0.333728733298756
0.256461112821406
0.239475138341532
0.265504407498293
0.230148722535887
0.197473546725018
0.134838697462538
0.265470012218652
0.301860774123272
0.278075936707943
0.250031319557632
0.352578225830032
0.256566525823591
0.35596738695434
0.225920031581447
0.156124645689228
0.234512093185561
0.307205177417995
0.286826990078174
0.165672945566447
0.35949600108467
0.244786594274488
0.283652439830127
0.288965268320785
0.113998631386307
0.0855841322352814
0.185533350393199
0.391665273238071
0.27741547787399
0.259545541285152
0.319361330889643
0.350038017992153
0.205904771501519
0.0900120248480387
0.392285882374286
0.308018583051797
0.235366041588482
0.359749219970793
0.0828640061831529
0.31668212028932
0.208888519920457
0.246655066292227
0.270479103167168
0.268734366112895
0.25811208396904
0.41063651088468
0.320164262063075
0.405540609770201
0.392966352558524
0.440462863586328
0.219248838789654
0.379309552309144
0.281809041551365
0.341424033750201
0.212085718503607
0.375700858898292
0.228879354803682
0.525656967459612
0.459519197481698
0.284835396801749
0.317439184356114
0.364842619643612
0.362617278084544
0.248403544781946
0.27529146027529
0.313382844249622
0.342906508824171
0.40989694916462
0.387954656310586
0.277872271627908
0.467537050757232
0.457036270507223
0.438009446067836
0.48149657027278
0.498496587282332
0.350615112585722
0.39843309240862
0.527344899639043
0.175388096976033
0.368704237687508
0.425967356119386
0.270343128574171
0.2779039160762
0.244985244147496
0.527511433333455
0.395353435601538
0.308257516179873
0.48802661262256
0.40565471377686
0.38211998769015
0.37231828718561
0.426831614700065
0.348329084058705
0.509409230871746
0.418379259313173
0.458604095880738
0.396032751470125
0.436188044778224
0.363799192343211
0.368704007296768
0.458894483867969
0.391481928979016
0.402329968676995
0.420516796596201
0.283102142311681
0.406177821979993
0.392661264570592
0.491557639107593
0.400264315035124
0.462962632164213
0.398958024271324
0.433410785240056
0.447432812249108
0.276007471444788
0.428771470246752
0.543635165636588
0.499965539948869
0.550936903952986
0.63212950289073
0.446704899085843
0.451237361379845
0.328773306565973
0.534235350903647
0.478707829092957
0.37490445102523
0.564537714719152
0.478836237211771
0.471011184987081
0.560055690219768
0.45002739719406
0.532863299160061
0.537206564560307
0.574064061281854
0.436983132806039
0.547937720825565
0.432823933108611
0.545754173570868
0.431659525397068
0.39136458245691
0.454823884776513
0.726081217611804
0.52167956403211
0.488991214697589
0.437537140198119
0.488337966268086
0.552299578860755
0.541844098440377
0.394348170053299
0.581944129856578
0.701591550514771
0.448524136359171
0.453240486586043
0.446362511004929
0.381783665762635
0.527067828280733
0.557814063999667
0.471808514732711
0.530434479872117
0.503432477798229
0.451678584629305
0.429282701361944
0.531350410536532
0.545487956657166
0.596355764004091
0.635986120454986
0.627389187212081
0.371642072589701
0.507337844173995
0.569647526809357
0.605334447393646
0.577195026533787
0.431405261044754
0.551347483743277
0.619049086988253
0.602848498588869
0.551844473902442
0.650838946796203
0.5849593938522
0.523080976537913
0.619335102726032
0.556700078119195
0.657902031707316
0.564598290280637
0.59457012567249
0.37065850131727
0.464262485005932
0.601796915634401
0.539686547195312
0.631208744103346
0.517881648433381
0.568482897048986
0.527590677146805
0.554944663354389
0.626650036711021
0.58045515367929
0.440241825800639
0.837462595105281
0.645568040478904
0.587181447501004
0.593017056548154
0.697221012233801
0.50552318405963
0.712276493222008
0.60598940235154
0.585290559751038
0.586056656350825
0.621103404472044
0.608576695217828
0.647267398743336
0.739124852040668
0.564368060889089
0.725195748342547
0.542571800109988
0.604241197082379
0.687414067737518
0.601633922388069
0.59244704074806
0.759164835978232
0.746403228696735
0.594506657507206
0.662467549832603
0.673704490929162
0.710789047055206
0.707429483598061
0.667219854166944
0.742373932784564
0.774967837707092
0.739548782286349
0.569377958385121
0.604495658761534
0.706203429758391
0.752701465231183
0.735452944821363
0.658273960988809
0.519342227842762
0.62709971694164
0.773562207067935
0.631580093416712
0.721699772741896
0.708546849724821
0.803634217311029
0.65688248012205
0.613604302091769
0.569224052858615
0.772365355534757
0.756472057119333
0.630628651437533
0.659043483130788
0.669900235931585
0.706060506798959
0.718231982781488
0.643883473889619
0.744427561734071
0.581472234710962
0.889136428516862
0.632282722936107
0.540899350120731
0.782421167631405
0.733237386003888
0.757630344267282
0.688922602681241
0.849849567968134
0.691570626587338
0.739520393974258
0.723616389534517
0.733060677580871
0.708906661337082
0.834695049656406
0.881714162181819
0.901500702751049
0.737480928915762
0.659667417684601
0.561911422050507
0.733809621068658
0.718378044377358
0.822659890692541
0.756734514106146
0.677318817605475
0.881488669713329
0.701066656355416
0.863687727478735
0.770897312876921
0.663798820358477
0.848608588322895
0.725376927859578
0.93682947136267
0.757748266058192
0.665047195851496
0.818242893556243
0.8296130454769
0.690909998906331
0.764487918187997
0.757109713988325
0.83130917193536
0.783957589460528
0.812734146368721
0.658230994676115
0.639921293217249
0.843254994468024
0.836618850060148
0.792884261137537
0.853434072535937
0.848898511760605
0.924996790515377
0.838226733947047
0.798003114858762
0.909059812684901
0.9821736229083
0.749193096536337
0.905160268839651
0.68036184832918
0.740858966010102
0.832776763123127
1.02855352407122
0.752820002057917
0.879808003981697
0.8162558844501
0.695790962179518
0.852046414129965
0.918162054793852
0.79107544571811
0.780415979562487
0.895080240576453
0.86668602068119
1.02526911805647
0.870139569483016
0.899651443001282
0.888100951675413
1.00361608298188
0.825032813891897
0.862143106213043
0.94643310786783
0.757907822605071
0.936756896655579
0.951080987156392
0.665333156541912
0.881518247614392
1.04858464403097
0.911259576546175
0.741766552069267
0.941359043701675
0.798813527453095
0.914219645811016
0.864452687639877
0.746239560350616
0.858077532297291
1.06254010942752
0.841495452639738
0.821858448345376
0.985558884013228
0.920775224736771
0.859491930481184
0.948096620053064
0.897863155102704
0.891710259848361
0.923173662705377
1.04906570227772
1.0441512425845
0.822104766937152
0.921003411552131
1.07859010467475
1.05586719535512
0.994446881584216
0.978782677356988
0.947113566921374
0.829552688720348
1.01988396002296
0.966821527357839
0.894506224400665
0.799961946483795
1.01716244333706
0.997464077609909
0.804302841123905
0.765303631940611
0.822972165489365
0.976980262200003
0.856676397928638
0.972037299835125
0.833363656227753
0.96436699532322
1.01338661113859
1.0804910875448
0.998502913889805
0.984413191157616
1.00877297791083
0.966305782854744
1.04669295554725
1.05203404187932
0.997840773839491
1.06321763930643
1.28206538834223
1.14227397861118
1.01583828210261
