-1.05484849250533
-1.14003151249049
-1.02809687409978
-0.941538452422224
-1.04708751807885
-0.975579358205057
-1.08089189865132
-0.973184735514679
-1.150197988917
-1.0230199370173
-0.970895265199249
-1.02503346414497
-1.00812651351922
-1.13322260253523
-1.13250064651466
-0.987670979709016
-1.0285494385457
-1.08591410040393
-0.841496720344658
-1.01375359999309
-1.01441787904757
-0.913169559825754
-0.918527068385675
-0.971140828156639
-0.885281067854384
-0.856408447624625
-1.01296693407804
-0.843364500033648
-0.913643435442383
-0.86679787613922
-0.943759415538605
-0.92516227632675
-0.994038306068248
-0.845377584172529
-0.882026190970148
-1.04464246432407
-1.03424932567404
-0.952714104641226
-0.858950072764438
-0.975084346433701
-1.04554608202058
-0.782436761500139
-0.975649134008175
-0.961342617408067
-0.946310362277239
-0.940734194607478
-0.989113841011616
-0.93277558319915
-0.858432745852446
-0.971553939440023
-0.905263452212986
-0.952318663445561
-0.885245553991867
-1.04466853173247
-0.886780433080174
-1.01814311777277
-0.928392532992772
-0.73137253399602
-0.785028470947506
-0.884736915248211
-0.894022210355416
-0.893003802022368
-0.72192593135315
-0.874301248850269
-0.929733140367614
-0.863654927343724
-0.940809930152088
-0.992692619967345
-0.977664852044217
-0.838212189506999
-0.782124010199478
-0.887423970643509
-0.802723620646481
-0.817049399415367
-0.961007820000028
-0.861607325308652
-0.889806894351405
-0.642466492498064
-0.860029541845084
-0.742613515956005
-0.724629966792539
-0.761514812539192
-0.860126703361097
-0.899636805794457
-1.00164578904145
-0.809718992639253
-0.790287918844481
-0.882075431511774
-0.769248227414705
-0.8713051417665
-0.779766137933666
-0.837605561996473
-0.934157822421632
-0.788060330652242
-0.785903540249592
-0.728474644935716
-0.724876440351944
-0.731687994366964
-0.719130205706401
-0.713153558462424
-0.858694040440691
-0.764846658809461
-0.615895003344365
-0.873908343107047
-0.810952277692302
-0.806472653099646
-0.886326972894423
-0.80924642710596
-0.77468402060447
-0.706840794971079
-0.705272943833026
-0.810965017899986
-0.702460318801208
-0.86517246505337
-0.718507364542674
-0.900568104798781
-0.72777416258654
-0.874983545791493
-0.666751751531457
-0.856387812856191
-0.728881023897234
-0.822802191882172
-0.816977580468457
-0.962880255197183
-0.742029193219818
-0.855935218887558
-0.752356720611372
-0.633371948584707
-0.70965852316816
-0.708960686120846
-0.70198533527826
-0.784554892830644
-0.791876402354618
-0.889867135720618
-0.906647553275638
-0.816213384443652
-0.619746846559279
-0.628587828425758
-0.737528231532786
-0.692556047720811
-0.806224409496814
-0.46363998463875
-0.704214140454424
-0.759587784341694
-0.640840053436985
-0.501737918601788
-0.889440036034637
-0.552906540220208
-0.694287579297842
-0.59820942394991
-0.794346737354535
-0.670449249177895
-0.785902788973755
-0.7287312802964
-0.575268387532428
-0.620673322950477
-0.574139877045267
-0.627233975939989
-0.612349393152155
-0.68090579399359
-0.615707879016064
-0.710073070744711
-0.626403847764389
-0.529618628766132
-0.646776083371346
-0.627190816537863
-0.715152593660079
-0.599642451075593
-0.575390088377748
-0.691241997757565
-0.763765685388852
-0.623301730011671
-0.644992688036683
-0.652694735136724
-0.604438363224203
-0.516828857685846
-0.56102873990549
-0.570390754407272
-0.678209008526411
-0.683406323333681
-0.750653683017369
-0.71015474687524
-0.434087594690018
-0.585526903102007
-0.61413264994061
-0.691899982967677
-0.583465296693626
-0.584750868488686
-0.720124788296209
-0.583633415019106
-0.708209900861552
-0.6132903294602
-0.727254637068218
-0.682243970125213
-0.513579962312931
-0.643724221996375
-0.647543212913989
-0.672253708985869
-0.751317435628027
-0.505820656694879
-0.666982924568067
-0.638337369845869
-0.633839706954739
-0.609404961358304
-0.575702117946246
-0.510065802134704
-0.636158500861616
-0.576041168260878
-0.649815060931805
-0.475713850023898
-0.486809451430515
-0.481502757468439
-0.563022779527657
-0.492945467701848
-0.523359200993297
-0.540763490720881
-0.475029681929792
-0.494216671999591
-0.593965872667334
-0.589646691932374
-0.552558217692018
-0.590207785938039
-0.607954015174147
-0.534899086053464
-0.41435109660728
-0.572902476128209
-0.491308011819866
-0.581950228034042
-0.532152881977414
-0.48370042617642
-0.417435346686464
-0.606883983476246
-0.499399141128427
-0.534418144547254
-0.545262788973479
-0.460402627309281
-0.558258847575228
-0.522987815678633
-0.598301130396111
-0.525341443028068
-0.597218198567895
-0.555932400833473
-0.471379051984752
-0.635783117118999
-0.527732480191553
-0.520973942781924
-0.501261525260267
-0.554565153230629
-0.480119481367972
-0.532052363733961
-0.521871758021779
-0.60782836720974
-0.393628557932652
-0.63046450597363
-0.489223673062889
-0.581004084884193
-0.488273476282625
-0.528090377991841
-0.468754806250175
-0.483860282035183
-0.631952348330034
-0.609461617311232
-0.371466076527902
-0.559430279032372
-0.425428196221004
-0.491196057715532
-0.431918752005357
-0.542930638881958
-0.425140612159756
-0.409831654645837
-0.326855502496062
-0.434874846789754
-0.577551221149555
-0.436883488364074
-0.428441672230287
-0.342672205702429
-0.459584812140841
-0.502490161015988
-0.530533346556664
-0.434104085071161
-0.460945255490685
-0.531111063313629
-0.337493043845704
-0.426155083885436
-0.438914430864211
-0.365213333095471
-0.37836822771612
-0.318986734627523
-0.309432295703139
-0.362890729598925
-0.436399236475508
-0.271848030284288
-0.294408342607541
-0.539860984316248
-0.35971447585859
-0.398462931780662
-0.457338615332902
-0.238224431626859
-0.450316854323804
-0.409632453754716
-0.427937716214129
-0.393124179601145
-0.364993920646594
-0.496570872134862
-0.32817939159182
-0.381780985882553
-0.392792169819645
-0.477308876559655
-0.473404904137627
-0.367556475210603
-0.437743551089204
-0.304713918879733
-0.29100589869678
-0.404149159330691
-0.354545529030257
-0.315898979585083
-0.417132148060797
-0.199626207052055
-0.439799292263287
-0.264838410131807
-0.362784947396282
-0.420319568395121
-0.412813755746324
-0.385758044766832
-0.3495019858905
-0.467362102770219
-0.135042675777115
-0.345726018715398
-0.333925054884004
-0.16006360446655
-0.343583531345775
-0.258434683515119
-0.373069744580627
-0.333167069513569
-0.331894452481824
-0.431513914878861
-0.356144253628446
-0.405022151963174
-0.390181528707108
-0.23273897788016
-0.333457057372289
-0.391564995152922
-0.230064508190913
-0.442877643617803
-0.38393138924738
-0.220573861483523
-0.35916765949038
-0.480827466971315
-0.416631756173391
-0.215221332275892
-0.314268323875609
-0.28868116065412
-0.2049135244973
-0.265950546800067
-0.215018795718647
-0.260853294825245
-0.325150577284232
-0.279845126913964
-0.413441108494398
-0.224598482074222
-0.3922931052547
-0.388503187787188
-0.279543201015833
-0.269094099087083
-0.174672244084252
-0.400056038778817
-0.317530060685469
-0.341677373576096
-0.162662773122668
-0.202237341762366
-0.240738725837439
-0.292347215561608
-0.278652656778213
-0.40437851016575
-0.2375187493284
-0.208602265190139
-0.308649618296562
-0.247089804160539
-0.331809901195787
-0.369446653336775
-0.260401471970221
-0.231813795705851
-0.356768255941666
-0.239174491572549
-0.348719758981467
-0.325563787259632
-0.385056356456008
-0.203947469892906
-0.215045664715196
-0.224385365457124
-0.193405340521471
-0.143898783766077
-0.270975201760907
-0.053404986049218
-0.359208633948475
-0.237053903366878
-0.221148572243041
-0.132323071047641
-0.28497944469279
-0.316740693731707
-0.237727857632285
-0.136311040515947
-0.191748579508504
-0.288646916216251
-0.32975722924614
-0.0165587778805506
-0.0695517103470539
-0.368585756847798
-0.213000216287063
-0.225205015403181
-0.274083362105132
-0.0311566884399832
-0.168990566669021
-0.238441519282077
-0.201836049669888
-0.167956826191904
-0.226064541113715
-0.185387318781664
-0.0675622388926494
-0.163581970326811
-0.0970808164374225
-0.206411726182023
-0.141988899930438
-0.174218737448414
-0.213207129694491
-0.0687097035544368
-0.083975807009963
-0.165768935525309
-0.0799450330670313
-0.0227620657519973
-0.0883022463703041
-0.0754389875234666
-0.24795725519813
-0.151086912284926
-0.0679207222710837
-0.0380781881233872
-0.0757296337121643
-0.0659645445962054
0.0687587314547235
-0.00407468922006783
-0.221563532983078
-0.150616326764719
-0.0652472902267004
0.0789222612203555
-0.13425397005075
-0.0625595821491381
-0.156668758604392
-0.0610956393404041
-0.0646971738318031
-0.274856347932211
-0.133162217140903
-0.12190771412638
-0.131701499693883
-0.222468716623964
-0.0234128897296709
-0.117722621132707
-0.0240856765526197
-0.0420028196832801
-0.0269422912027762
-0.113402333416958
-0.1027227488765
-0.00440311939733239
-0.0582464196494804
-0.0604426360009583
-0.193372293194999
-0.106804665373223
-0.0413264816586348
-0.132353431887301
-0.144394183063367
-0.130176729423231
-0.0824963722648789
0.155660318359027
0.0806332252968598
-0.115222113838166
-0.000704427776544469
-0.025852109026547
0.0546010202213068
0.115186983720939
-0.0355243565606487
-0.065440823904705
0.0282376515588854
0.0928494011186622
-0.0157936139039701
0.0052355893411812
-0.027241221141349
0.00918277512834868
0.0375370530168762
-0.0775775262627229
-0.0511828732531436
-0.0233718031997241
-0.0369840774896679
0.0166777427354626
-0.141210062190961
0.114980068919023
-0.0485302807167346
0.0702143824356498
0.00331057996200102
0.0358952636902673
-0.0818390992442725
-0.0352595698587137
0.00396506840998962
0.109914711629127
0.0336438842522436
-0.0455310486964269
-0.14552455129393
0.219621663009461
-0.0128068748932406
-0.0246723775211864
0.108159005594551
0.14897985921532
-0.0101546045227478
-0.021358097717594
-0.0774473338633023
-0.0247212074924866
0.130924762179335
0.0502251125640065
0.149696199768006
0.0548105708357961
-0.0374043896295342
0.227150395264369
0.118813932708111
-0.0648391836748783
-0.0808150852124937
-0.0482798892673896
-0.0712896667014677
0.0464714431452483
0.103285621149694
0.188509145846532
0.12628542410548
0.0467773049726951
0.0673799627698981
0.0675728831052037
0.0519646404039442
0.110807933828184
0.342959025452715
0.11234685538871
0.0736717052134007
-0.0396069908459252
0.0799323489312423
0.0835104281086173
0.133109616861202
0.150470610320143
-0.0377198666859937
0.0663621379709863
0.203013562694657
0.0723393433831562
-0.00408756052259085
0.132738527989124
0.0330365413990466
0.0813608742909494
0.0945819231822943
0.1200575413164
0.149648456484388
0.0791510218442034
0.0710736774585665
0.0941451138648476
0.0423463400637839
0.122393376352384
0.117165577712245
0.126955565137343
0.204144374118124
-0.061027208162198
0.106479164760638
0.16046968902684
0.242554840241283
0.0474396742704285
0.0383938669575443
0.189006986855839
-0.00876556583598508
0.196283068548218
0.007439733584673
0.243772675362593
0.186323916321744
0.131266944679639
0.110322299860253
0.0896220397814526
0.250441397510871
0.0555688662734347
0.237023378513145
0.000231378342146777
0.250201615455374
0.21966072049214
0.121003204411097
0.0821401835235472
0.332153699222904
0.229384132541036
0.244014618444619
0.197758111439805
0.0822673235544889
0.0665267070155874
0.121348079521582
0.0285600619688733
0.241577882199624
0.295417657670895
-0.0428758327761069
0.255842131760719
0.300979190074376
0.238777416528158
0.23889133790929
0.18073122162825
0.148569339551311
0.177564981187499
0.246782619856184
0.0973319948035321
0.323352098479142
0.300596249532767
0.17255428997529
0.236263730840381
0.227985853537328
0.260787000018001
0.307502472577225
0.0828091079534996
0.205827052625134
0.276151720703306
0.270155706803787
0.402401349507618
0.254108953615234
0.226643295791942
0.283311655729073
0.234252210005362
0.134474321695292
0.260707888501224
0.2895103303047
0.0340374497655912
0.212992044086829
0.23580126766395
0.375100541831186
0.170414841356714
0.373810403697397
0.376797894048677
0.271813549445274
0.139347263159074
0.293136078094203
0.251853113443383
0.346968894315312
0.192655770108587
0.380562343926889
0.43553386233296
0.286497795629939
0.254044833780393
0.266837824127098
0.238999010271545
0.397518704145296
0.460404466669791
0.318116973014381
0.205445553982067
0.140075681728132
0.454705416830592
0.29044775992664
0.220556342799195
0.331964116824343
0.2721053947654
0.415313461832085
0.279942712498937
0.278943891929801
0.242030608552023
0.240266474904671
0.383721792873793
0.284896936850661
0.460417780131339
0.300174207617149
0.371697815909674
0.364047395063589
0.363511050935718
0.300196925249265
0.253860554391328
0.424547905636158
0.32360381579592
0.476202127588794
0.307707519785232
0.44117422505166
0.349641175900319
0.291630623946269
0.357101497781419
0.47492839874114
0.460074431895086
0.398959082489448
0.353455202655327
0.351381274281862
0.304044820455117
0.18277002083763
0.447294771540412
0.167678061562399
0.229011935773859
0.412569848400276
0.431792289311572
0.416319874782937
0.342453433147013
0.341863046653635
0.364809876721681
0.351878004127135
0.375672223396849
0.323458053689755
0.358264450106806
0.411169930606023
0.336426944167855
0.28820069511564
0.368783015523571
0.452184010799709
0.351999309353472
0.429344624856098
0.307855416140395
0.344499454180868
0.304574952258492
0.237730386068206
0.560140216626294
0.455086060180895
0.324877963873824
0.430654918256276
0.519670253729799
0.426770648444022
0.466415945870097
0.324914667811584
0.357618554267116
0.43490093398946
0.346273347881155
0.321711487101815
0.408015394695572
0.301127166694046
0.439544046287897
0.521213476923414
0.471882731436504
0.456411803007036
0.487522551867476
0.517037143113365
0.459708557349027
0.527057883745001
0.417715348785323
0.636544354380476
0.367426010666438
0.5278819542229
0.433467296716798
0.416490974760895
0.503047765832479
0.432509299438467
0.54436393906354
0.501923880727884
0.329305694764637
0.375475169302373
0.420839528992297
0.381224403098966
0.587784927778441
0.619433061585586
0.675162618352566
0.450972625648425
0.485225456979505
0.581655380480437
0.50556297935715
0.414009351026796
0.468728078507455
0.451098278996643
0.525415684741762
0.485627078653067
0.655303576669326
0.340037557999253
0.593944778290741
0.574013166108968
0.45406799483383
0.655480844372707
0.548444531589047
0.569400650445916
0.638624815137113
0.527019099401384
0.457662148414287
0.45447645650279
0.616440221380369
0.497685664886732
0.465252243751731
0.601137455459708
0.596522205995162
0.516408115601718
0.589939386666738
0.500717418111909
0.740304692508212
0.697791936963534
0.405788944023322
0.456174030265999
0.575030386866502
0.575552215576689
0.463088482167604
0.365143482266384
0.453651248803956
0.559071301255737
0.585990516268695
0.5744615002404
0.437903954063276
0.690583471239323
0.647388465571499
0.555935774746076
0.573235243079536
0.680438374192592
0.426610528391917
0.369252317066654
0.533946595519599
0.528870047234926
0.537645013239814
0.485876331203347
0.445099503794634
0.567518211901842
0.563186366872715
0.838131569664903
0.663756949819535
0.574701027723635
0.622552012096818
0.721930741124204
0.653722142369009
0.657085712822898
0.637398509545682
0.579342086992717
0.562885402847498
0.561979892821864
0.6804290368028
0.509221730043966
0.681585959347705
0.68761789630661
0.688078859298913
0.739432606512325
0.570702801797082
0.685782470714915
0.621607971578419
0.662100866887798
0.581453014448149
0.739975245630947
0.824208667235728
0.812100830499366
0.640069951641689
0.612893153336445
0.681448351223448
0.801476718835315
0.633996033405263
0.721138760045666
0.699604240662786
0.658349963525571
0.567584802315586
0.61097341863359
0.649890762588745
0.588519673119999
0.804291831816408
0.580371680274376
0.622769446178123
0.476135502372855
0.619363333655889
0.635835194525257
0.506746470716938
0.685208953927421
0.636801320916478
0.736975173345662
0.618833182554632
0.722710664686742
0.641486743364735
0.532003074333328
0.613459626802389
0.755180524536682
0.798895122618348
0.811819920591979
0.713828995341217
0.734201605364457
0.767860470196499
0.623242705350106
0.602247714781781
0.765213177323903
0.72649055970191
0.721711028952277
0.758250454659261
0.793637715109525
0.679414671714386
0.793310268870259
0.811783848531342
0.672692958552993
0.636912374820882
0.667586264533435
0.693563443845338
0.85350792784307
0.850106874280316
0.581153677976152
0.701182754407535
0.875006283522977
0.797320900054037
0.827173353875961
0.654248127083279
0.865499974711681
0.793909556701736
0.81134940680652
0.770333039603114
0.786686190761005
0.904262525297407
0.65664028119668
0.82699052748155
0.802469655012355
0.773747241725384
0.734766684289413
0.775981477979937
0.864958953342871
0.788026304325768
0.833983080688466
0.795452287550154
0.772712830356762
0.739863197852746
0.76722652857914
0.850508269166301
0.712627761172084
0.570091891965213
0.955503412105582
0.69311460412912
0.889112881314834
0.848604459136934
0.868029251249148
0.720877446848252
0.833483084619067
0.894293897980285
0.719886563985444
0.808622843635285
0.828562168932799
0.887604015229352
1.01658545266044
0.845753517924503
0.648594895163919
0.765517792798083
0.812985223725856
0.908329986273893
0.804611875863402
0.84314086469303
0.869220193952239
0.836764709494011
0.71518044883106
0.88583602119831
0.844986640426912
0.960747203218916
0.890383489402622
0.732486782171715
0.961307917759318
0.862744258813721
0.799127070351816
0.747036601483885
0.847906249270057
0.81167319895977
0.868810738562578
0.953180780289982
0.871435477343156
1.06442931648617
0.875769054944347
0.878497458584855
0.681656968537346
0.975157790141368
0.977968530734247
0.93687059885119
0.850741777587665
0.938645072217262
0.858336513331314
0.839090236054966
0.828852999844233
1.02599126212311
0.944212614138145
0.869077393315797
0.903160700219766
0.872747601078491
0.895888053360339
0.934344557150841
0.945379664063189
1.03742377911964
1.02434279475212
0.891041357814225
0.808678153119103
0.840704091505513
0.898336613250995
1.01378104695714
0.915620848567892
1.01333432905436
1.02393027918885
1.01635837158065
0.887435988717934
0.836784697633217
0.873409721748557
1.00939440109252
0.859677203790773
0.927772193267518
0.958442085164253
0.89793358570888
0.84080349334521
1.08374988021639
0.905126560773817
0.774605159905542
0.886460524188356
0.875130097316686
1.02624361509776
1.04396718581913
1.0549495798962
0.949574741412734
1.05336203123388
1.09766518917452
0.977725822870102
1.04075855431834
0.986836813752279
1.09447249871326
0.965884828279345
1.02694936529787
1.0116827306946
0.931142930054976
0.955679253984444
1.11313339361481
