-1.09054088447334
-1.02410462614636
-1.04783032022498
-1.02185446053254
-0.937038199699866
-1.00133308858688
-0.886482812849914
-0.95719025136733
-1.08279269027011
-1.07558094254612
-1.01002603773815
-0.97955083433822
-0.934285852824921
-1.0323056847422
-0.905827437318484
-0.979739664443399
-0.909234243856295
-0.997754751473775
-1.00320949351674
-0.908977790553387
-1.09913300108941
-0.990047311068178
-0.889990008251621
-0.861556095446343
-1.05993572622654
-0.91594576337648
-0.897644591139017
-1.01770406634631
-0.992418243060767
-0.920854123377897
-1.07016086538062
-0.882481793193054
-0.908247523830863
-0.812258673066391
-0.837215859559962
-0.900831104276315
-0.802046818472502
-0.918755388329623
-0.869056170184622
-0.948893420336513
-0.902485106825965
-1.08567092956947
-1.06999036188059
-0.952334900954578
-0.844157861531402
-0.94267483731744
-1.01291558494794
-0.841268193091294
-0.787022374361571
-0.891193103698468
-0.897139845281614
-0.870529922825988
-0.841976480242228
-0.863666578152861
-0.847864125660248
-0.84353653503659
-0.909358151627126
-0.824791211870444
-0.979369094400328
-0.960170084358387
-0.845010436767949
-0.870436357368375
-0.900544668698292
-0.852036039206469
-0.883356661918406
-0.941461668181316
-0.928720671678743
-0.829291606094773
-0.891952046104784
-1.05126427439206
-0.953884201169941
-0.869930803410693
-0.973281113355072
-0.814682038833267
-0.83463580656336
-0.861070955140611
-0.898677405326323
-0.885266716472497
-0.872466180051644
-0.680666936051387
-0.891152590751511
-0.83261609144159
-0.823853447088724
-0.852011372200576
-0.891823349822838
-0.834115670794327
-0.781362663785296
-0.870979834452427
-0.787377695729967
-0.912136877789212
-0.804727338713673
-0.720718465338836
-0.856030996939557
-0.839687352262671
-0.767370417397462
-0.843338285665137
-0.840998138842936
-0.724399447977212
-0.782590916200796
-0.715691079757317
-0.841586959242543
-0.743520385555618
-0.75567782931075
-0.691732046626054
-0.741702198655048
-0.899169350983035
-0.632880916325885
-0.70667157735707
-0.7371441166399
-0.792778743910264
-0.851286796966457
-0.866234744971004
-0.791152269982464
-0.82657185612863
-0.877603431937912
-0.826970648396005
-0.885224974569007
-0.602860382718913
-0.76902944585193
-0.765804519877501
-0.751574013653565
-0.887974707239465
-0.815389769997287
-0.594953235847237
-0.473463950983691
-0.658660431650108
-0.700700348090296
-0.739637245322568
-0.750118014589089
-0.819663769771273
-0.769032032541211
-0.729091044354169
-0.745943779026414
-0.687288441620629
-0.646755638206971
-0.794976650016003
-0.796854623689719
-0.827262144672496
-0.563076399546902
-0.66665109144015
-0.664531064767639
-0.716293267107077
-0.69465678296137
-0.697831977048709
-0.610471467909161
-0.747919014800286
-0.816424447491346
-0.775331471082946
-0.650573477505816
-0.571299856662633
-0.537124585092253
-0.656153206069641
-0.667766698775165
-0.610647450029807
-0.713294388684303
-0.699856222708081
-0.832157106582925
-0.751937995841084
-0.565855696599656
-0.656756674824697
-0.682574024987182
-0.679141074974046
-0.783357816710431
-0.812204892011738
-0.720923216062934
-0.813994417046143
-0.608688082183385
-0.550170085832194
-0.680314436484842
-0.537277552936485
-0.644627843050573
-0.622153417381197
-0.646796729701676
-0.615299837885004
-0.632353874778589
-0.661328634862768
-0.517281193473368
-0.595427853075982
-0.554832441087161
-0.726931080792731
-0.689652235674168
-0.688751736580195
-0.646001167500017
-0.607378608634084
-0.584283598070336
-0.609293450258339
-0.639044270787038
-0.687549125082552
-0.554707496160096
-0.714366070160238
-0.617822991563895
-0.597961162238696
-0.622624521539592
-0.481397777778022
-0.585124756845979
-0.636305928669556
-0.604863326721132
-0.641420692167676
-0.687157534581899
-0.536855071794258
-0.565820455017055
-0.59185563465213
-0.64807383246794
-0.597761478975729
-0.505040521559487
-0.656609841907701
-0.555041276719951
-0.559593374530073
-0.42424211781596
-0.547140533576953
-0.598403190111786
-0.548510988611469
-0.436410854015939
-0.512068004990522
-0.562776006457957
-0.50717719584187
-0.359788959762683
-0.541836971315104
-0.558982152521164
-0.485391796241714
-0.591840843871891
-0.55430579722395
-0.716335472498912
-0.551418330728504
-0.572978808153697
-0.416566607040501
-0.475007253056108
-0.665175475867454
-0.455624176521514
-0.541651649699382
-0.564665265493756
-0.591239398060823
-0.422829501721216
-0.558328613031178
-0.542231080408824
-0.542081425544756
-0.359545783547262
-0.441858616758236
-0.505557400548612
-0.527948325156244
-0.471698969459656
-0.532469504122464
-0.684456770495751
-0.555547839470124
-0.43189337320774
-0.689480308950835
-0.330508488950853
-0.589270561805652
-0.502383734867588
-0.544509507774219
-0.381336227119435
-0.647117774157945
-0.331707380012001
-0.720265828265566
-0.58885530117107
-0.464030430741433
-0.472389662689706
-0.502216055025168
-0.478308188814538
-0.49042214999816
-0.435163046827357
-0.488359879528636
-0.471534318393005
-0.281838086047183
-0.516449499476885
-0.604107705566995
-0.441266597248819
-0.415813787316263
-0.50480312691722
-0.477236529321813
-0.316174431869093
-0.37686014247988
-0.521932239146874
-0.573858258205447
-0.351322651461294
-0.362847523778105
-0.368703331978665
-0.410296694233595
-0.595744474761997
-0.508846302503483
-0.570355851777169
-0.300814079935261
-0.535220092978047
-0.394266812345471
-0.349265477149939
-0.316483118825853
-0.31851872428955
-0.635001363612
-0.364466997704486
-0.526864253791946
-0.677030077638237
-0.316835549665204
-0.527256962370216
-0.43324233730135
-0.43713066669414
-0.410571822789705
-0.398485321277245
-0.428018505221246
-0.414720263784248
-0.311070079467257
-0.31205969463051
-0.52692414738258
-0.431915188312586
-0.49022589857227
-0.501696125286562
-0.398465397539992
-0.33773764345843
-0.310881517604023
-0.44226776821725
-0.297858253679921
-0.447363025382503
-0.412936997946972
-0.373662183649492
-0.419975972295486
-0.316650922833009
-0.469448660458111
-0.244138064523194
-0.232667387239174
-0.316102032145958
-0.473330848893155
-0.336081974275075
-0.448999810124114
-0.419417303996749
-0.377203414572894
-0.479316113679419
-0.311677183835142
-0.243774019686694
-0.29415762179245
-0.404416601697066
-0.310114829611943
-0.350291015546086
-0.360627639832284
-0.311098560718096
-0.134423029678404
-0.420181026161027
-0.308757594919256
-0.319295693753386
-0.391082821826559
-0.539380059783723
-0.353484756146667
-0.437000401809205
-0.179579671152416
-0.3353050122766
-0.348204013366181
-0.204421126545291
-0.141654433080879
-0.332690579169766
-0.167096537841476
-0.38944250813698
-0.293353083178107
-0.281305803804119
-0.404004635570735
-0.121093878478527
-0.209774304300951
-0.338480907907558
-0.313211550801809
-0.321300507230987
-0.360200484997584
-0.324588355601512
-0.32562081727686
-0.276560037463586
-0.421133094543552
0.0160142518932526
-0.404927889817757
-0.215377287434799
-0.32285032610244
-0.308941007517031
-0.0874893133006829
-0.36030595289259
-0.310565861914698
-0.29155756210943
-0.129428011453592
-0.200045837559245
-0.136847617131485
-0.188483375596015
-0.190290986684857
-0.209890794657818
-0.252084579633157
-0.252317521347284
-0.450195983548688
-0.216466242352748
-0.29972766813795
-0.180878052906233
-0.0638377994976378
-0.331096149931024
-0.197804355855228
-0.336221542439831
-0.254225264186659
-0.281857995748382
-0.306724459256229
-0.273789044829792
-0.0798942094185043
-0.0911685404433385
-0.189385948413024
-0.253822250628332
-0.175692835773455
-0.254999342762943
-0.325932142313665
-0.182866908003992
-0.263156206997078
-0.17299917843414
-0.288239407199062
-0.118884297288461
-0.35244865431084
-0.190513748523257
-0.197131447941154
-0.250807620793607
-0.164550742827717
-0.214351159813441
-0.153171523233941
-0.168885129195618
-0.0936672065454096
-0.0265139124497317
-0.16407607543163
-0.133596867789678
-0.0248269984042011
-0.233059599490477
-0.208061208448167
-0.178932058270172
-0.171912405976654
-0.0647821296937539
-0.246402599232874
-0.156543542313398
-0.0829761833970532
-0.248960595847055
-0.210417640751398
-0.0718168902152063
-0.0394871774890635
-0.1518654163915
-0.144625995101869
-0.145011627269126
-0.184470925626904
-0.292518593913472
-0.0989635168340146
-0.0883807201823441
-0.158035419169311
-0.223365906824859
0.012791377964747
-0.189862250037751
-0.180013225701815
-0.101360222284995
-0.0803248747254498
-0.0271681425840519
-0.00990334778775157
-0.154109781423034
-0.169593334843693
0.192456500242964
0.0162680066966798
-0.0788197491535981
-0.297127629761327
-0.201973928735074
-0.21985046075796
-0.133665106329444
-0.164311846553101
-0.0710351047601838
-0.160531995694684
-0.0545053117522391
-0.120889536325916
-0.122479537449578
-0.129834401333423
-0.0625891781806499
-0.00876872559843558
-0.140506208347039
-0.147556876909419
-0.138541712969383
-0.0312539585185784
-0.0212520389650785
-0.0991270106648873
-0.00618019322561466
-0.120330543511781
-0.0323350282774232
-0.0592210797942766
-0.163726354121804
0.0468409295956217
-0.0645802372147764
-0.102735556704028
-0.0311584209835525
-0.034782330272383
0.0235102531935187
-0.137101866174837
0.0695113044096906
0.136161872966717
-0.109906604676726
0.106504392712874
-0.0594747086061424
-0.030956909234045
-0.0717006820853679
-0.00699591763851965
-0.0447187091805357
-0.149476906069514
0.0038069655990082
-0.067006936904657
-0.0371284615586446
-0.0323889193005674
0.0994944938287911
0.0782639053733782
0.0276668167101551
-0.080414972418616
-0.0296061629118008
-0.0870512336650461
-0.000460925351310652
0.114632651373234
-0.00843704190565429
0.0196731007444542
-0.126317620569244
0.195884078594243
-0.113932486919467
-0.188662409212881
0.106786024604215
0.00536607044731351
0.0662871678143745
0.0672941980399352
0.0410426165028897
0.000888479301304046
0.03612933441649
0.0178053167949303
0.0814809711257457
0.120132461145742
0.0907620990593119
0.0418095968222229
0.0720033318492239
0.0561237731154708
-0.136802935756157
0.181848305714335
0.0754947887460665
0.0245148896850726
0.160095872543453
0.11407404817051
0.0618040796151316
0.0197607659661642
0.106865557944367
0.127668554950058
0.121465961210158
0.091207545387567
0.184371641695208
0.0171320173601799
0.0335968466537345
0.0137821454363108
0.131491126467287
0.16270813099814
0.131268156736271
0.244532769328343
0.116339616613787
0.0190989501115355
0.0814069092258883
0.162277134970823
0.0803777672770361
0.0434945302650884
0.0315935224160054
0.0426861010488815
0.118905340652133
-0.0205521137219908
0.100828350382095
-0.00217290659460715
0.189925304917243
-0.0420430235897155
0.143502366561773
0.171659089667948
0.117927481403988
0.263918705785799
0.300816952026236
0.205407141781943
0.164550767324103
0.139625941029825
0.0456009422803387
0.209478166107109
0.0596564869522567
0.052470375789631
0.170193711476817
0.00944697559269178
0.157965421239815
0.146731752155261
0.0519107459355932
0.128916296983857
0.15814373598257
0.0588946728693529
0.267681518444978
0.250443588627072
0.122019971818833
0.114240514750504
0.0956290278091322
0.101171941324983
0.205470788985024
0.187436763612092
0.147335615724869
0.251021613847118
0.0619788778767612
0.340635531110301
0.244796308025678
0.144632112737378
0.191127421393007
0.113044867663148
0.191452402585701
0.272833546314446
0.0516204418422369
0.257156891543706
0.183846956099917
0.0316405777183423
0.165157081025521
0.108727171883313
0.242601734763046
0.160915733518494
0.288091733694084
0.264605104310464
0.130988478578846
0.400775197469114
0.296873505203275
0.073454300751863
0.176706508866729
0.118202772728776
0.234669182177282
0.274547801583034
0.236956037022505
0.311028566764744
0.329909944975131
0.250548936524385
0.253886725645227
0.311876919052419
0.273818896622877
0.126748272556349
0.170130899491094
0.251771456346255
0.157878611644463
0.309512533673833
0.295804513770142
0.338599718698159
0.283774677895023
0.25130507139675
0.271132084147353
0.313727322553041
0.299870888828766
0.324454412773963
0.265482478528681
0.304282063931768
0.298430224050127
0.222601215771326
0.316331530029768
0.326329500207669
0.266718281903783
0.209838087299352
0.272787794069662
0.348439696524374
0.37338463860102
0.450552166145372
0.273086127262088
0.249741784668315
0.29135862211785
0.377995386663782
0.311999588867706
0.153337965540491
0.34378104209976
0.174985703363046
0.283642311043182
0.268598584309427
0.238849045529519
0.375142268346572
0.379292504143127
0.451761340527149
0.209787098860896
0.335869473023801
0.293090452350878
0.304585813236825
0.286741560890526
0.244675429069352
0.232155311803211
0.406086063575008
0.426151885116647
0.213714871772436
0.329469875575878
0.230620882602419
0.222171603566713
0.206506126005657
0.259570311234493
0.430721379338556
0.387392318046639
0.341980971089737
0.302671962220247
0.245729337067914
0.479121744393973
0.430594655023013
0.552811241165016
0.499496417139015
0.298160885194823
0.409264868480253
0.469804266894693
0.365237317452441
0.416400806883212
0.517198154494541
0.282532746531552
0.326180627429615
0.463973922085405
0.364888804713033
0.35310368994077
0.509949512243169
0.401724122850843
0.28921797154487
0.253540910238859
0.455958180811221
0.295522018482252
0.295607754155771
0.374912714894384
0.319621829967892
0.428928509620453
0.436295627841009
0.336591260468647
0.410384919967456
0.255182662149814
0.393413978384282
0.326908422344661
0.543719327069458
0.442584628841136
0.517540826701419
0.400925297775382
0.370921762435333
0.267617035510234
0.447148766448329
0.533839591624686
0.391042984285012
0.376523705792842
0.451067594553822
0.475524803873392
0.461819128629945
0.376119379760837
0.481318084498676
0.51511405719755
0.50441068019501
0.286585049301593
0.439452420661208
0.425554513567797
0.577357683820884
0.546126462872053
0.390647844320321
0.410584022999193
0.480241052193553
0.457410865729524
0.493084622799277
0.395168749329886
0.455367392853523
0.485031941301442
0.610758441743073
0.523370206850158
0.579697275111549
0.420821090479897
0.580506553538473
0.518367907646009
0.509891388759477
0.487890612829092
0.622992867835016
0.550049227563123
0.495375581972123
0.359905948609128
0.341849795904222
0.471428788454018
0.405061785483048
0.575675757840646
0.440918736824777
0.596574198913174
0.517913621466409
0.489993381688937
0.695804424828482
0.627794953393424
0.631107447759312
0.501987060654038
0.519034359946365
0.412583912006057
0.565550151025885
0.527052902092229
0.508926781786003
0.641213992547166
0.586050768363968
0.550269330838685
0.484747436685511
0.660101320007796
0.595256502833839
0.528364738833305
0.505409762144959
0.641483508804095
0.57620028170915
0.638815738791408
0.362827181590849
0.504488586154512
0.682855348569059
0.543719432791386
0.648671922680394
0.562806799201205
0.658352293020687
0.599363487714369
0.70471538992118
0.590101435090408
0.617961941823358
0.686459110412256
0.551810294707151
0.548989925658099
0.57280141554525
0.521793840578982
0.531526692390343
0.544320575083127
0.629321110455375
0.628099148309017
0.519771264084869
0.616120334050913
0.484720101680544
0.663421526195915
0.657416182307653
0.545912746064
0.575226097686436
0.459733858595736
0.534010020552272
0.629767797957599
0.649265268730333
0.563377155802523
0.656195193182135
0.570643309085688
0.684600562862998
0.758687067869959
0.435681599929415
0.503366251478675
0.535457978268541
0.645054120953915
0.645964829028239
0.574637023614259
0.585811879367981
0.622290221590051
0.644548212359196
0.65378899841205
0.76270610886127
0.615843844044553
0.75818542193406
0.502073244355299
0.615174671903959
0.713024812217987
0.71601862460534
0.616396928979212
0.560298039049612
0.735709817994241
0.811131529855723
0.593583583868695
0.829433904082425
0.763877267154655
0.614915218764022
0.690869496871356
0.825808470786024
0.780742919465474
0.626194756215264
0.644070988508945
0.680438895826342
0.667868380509969
0.65162505522594
0.593730864930771
0.718713191833969
0.540102521788192
0.779452155950463
0.839835334664312
0.685938426637444
0.578245423018087
0.654711987500731
0.700710686988101
0.679643646768162
0.631940314340444
0.615218394848411
0.668777770295626
0.612978227537154
0.784460829419054
0.715450586400482
0.680650870320027
0.709108940550136
0.604132350028813
0.556318408554981
0.717011586452329
0.857426691681563
0.7868774702857
0.751296394507991
0.637804615785308
0.782543273262673
0.531993807756544
0.860352410637306
0.740868170915471
0.790180793612172
0.647552484716991
0.640473772432262
0.619475484818933
0.854178618774036
0.658874555174917
0.886261684636598
0.765107718737162
0.727840215455944
0.775595477918756
0.67433095735686
0.75335536462821
0.783835713908776
0.730844517365551
0.68581447879695
0.787317327482665
0.755272522058336
0.741580636590256
0.790692639381628
0.808764023520943
0.806819891335311
0.921734913646583
0.803705032151622
0.855083543097909
0.864612038484887
0.833157064132347
0.802218757659273
0.735434250328672
0.624946135997367
0.928274884971783
0.856959219379051
0.886531733258827
1.05160751803842
0.893665800595688
0.846151165662186
0.767312671817123
0.800324104740113
0.912218448183819
0.768717060899702
0.788195719271113
0.865695814560542
0.983499497606711
0.877643526530349
0.820263172412005
0.733360554381152
0.852982326009773
0.890062158374018
0.871198336067529
0.896555391526646
0.738805160899212
0.727299006757605
0.883986362646155
0.884052842605879
0.943426959923204
0.818106749326372
0.939390436688326
0.871173155264592
0.894892966801374
0.809584148261662
1.00192919173922
0.84182876278393
1.04807232552856
0.760902748726313
0.824211947245014
1.03544946780564
0.868908566582387
0.996550181059333
0.933160902765878
0.841411759401701
0.774870980310721
0.958349731224535
1.05511016769151
0.783048409424068
0.924448182504545
0.886376627823053
0.854514085117478
0.983403837447619
0.992347721936834
0.928227482659305
0.857555778153979
0.890737755899254
0.990683019675494
0.845452465386702
0.840955465698805
0.944434602220473
0.926326926866477
0.830614638391287
0.923917766727989
1.03575412461729
0.95320586575321
1.00344613397935
0.864945523138291
0.836311298782102
0.829442884367875
1.03042545391375
1.01214367914541
0.834314367640286
0.949486115031862
0.915686518563639
0.918084095636242
0.916124121835453
0.927097394250299
0.905539993494849
1.07187010822129
1.08173752215194
0.906416247294016
0.994882100149452
1.03629742705815
0.923332679701157
1.10878525679697
1.01023515225591
1.06311262265688
0.983573800683046
1.06458432557203
1.03277408064197
0.90337940676272
0.948422883040892
1.03690052744458
1.01580698428216
0.93557114906827
1.0565256764716
0.960435386702777
0.91376311087795
