-1.05977108994991
-1.13984369734961
-1.02008025644411
-0.946474488697121
-1.04144163828683
-0.98358727621815
-1.07878687968485
-0.959170303300814
-1.15715939369614
-1.05155389124802
-0.952375844359608
-1.01905289791958
-0.99443644371419
-1.13477976772971
-1.13318615734203
-0.971931473071607
-1.06203317575065
-1.11038947765431
-0.842947096615355
-1.03592618925152
-1.0053534722174
-0.889699513094172
-0.927126976824197
-0.978554028589128
-0.910331978483566
-0.86178922301655
-0.992939335099955
-0.855823779207616
-0.931239940448298
-0.859722921909654
-0.941187205811922
-0.92979835773529
-1.00142948496054
-0.826635546087649
-0.874514671881685
-1.02814679667046
-1.05134221814329
-0.947114789318552
-0.874458014159888
-0.997626676811638
-1.05206238116681
-0.801944955711239
-0.974304666043356
-0.973381712283173
-0.941566919279477
-0.934812911102555
-0.974279744248316
-0.928846431706285
-0.864390449827991
-0.984889625750507
-0.912697472683277
-0.963396776520356
-0.86650547270279
-1.05412801213442
-0.868324112795484
-1.01777164353064
-0.926480097437624
-0.730144958684327
-0.765351070599945
-0.885845096807551
-0.876926261380546
-0.882743116285604
-0.709203066290999
-0.884114381865392
-0.935811312464495
-0.878597262731957
-0.938245221959311
-0.961281592297332
-0.96390011206821
-0.819584238454999
-0.780887098454877
-0.883875730792548
-0.810534326675965
-0.83238641025581
-0.951788879390135
-0.859718299837834
-0.905719526413466
-0.657331844867259
-0.846085501602686
-0.734852504621511
-0.717521536775817
-0.752590173281768
-0.862135888414991
-0.888726218219987
-1.00819258990337
-0.817349050840489
-0.793900523612185
-0.885863753583775
-0.77981073875801
-0.885969434086873
-0.768973659204462
-0.834109347070942
-0.926012160234547
-0.785273071118007
-0.795394946268825
-0.734863511461447
-0.73324067909683
-0.713396792845849
-0.728232436738688
-0.716606065405603
-0.863110634099934
-0.733897673107983
-0.626643764810666
-0.879658671124016
-0.811527568176601
-0.796873987594891
-0.849571143936508
-0.808281737979719
-0.763374079988293
-0.700771994514812
-0.676691260573684
-0.803625438861916
-0.705763320923328
-0.868731558519535
-0.711249977746917
-0.919794724249653
-0.735888616600394
-0.889837556457054
-0.661590569119514
-0.874280086830861
-0.715336417375959
-0.816257488820194
-0.826708684847975
-0.958497914226999
-0.783477756612038
-0.861124934672496
-0.727279768132096
-0.634597523279091
-0.71330335540154
-0.669059934129101
-0.709938347193951
-0.768772171894734
-0.809492845567656
-0.893105050831287
-0.909176415852348
-0.785208720654186
-0.64237559306899
-0.621581571682374
-0.746140933895565
-0.680746096168905
-0.794240512821834
-0.474058547296548
-0.674771406741941
-0.776741952000488
-0.638671106991594
-0.519485483634305
-0.872826991141121
-0.569307139853405
-0.697090084552637
-0.616968200293829
-0.796752371707701
-0.672959514652581
-0.794635195781469
-0.712946227161764
-0.594939876277983
-0.65636092745565
-0.581367339750737
-0.64179317042178
-0.627051215411186
-0.683102781607122
-0.605190070935741
-0.71813406188632
-0.602108245390297
-0.539868519015418
-0.660886012340754
-0.621359160773493
-0.710135047664652
-0.609102522800192
-0.569921019873583
-0.705946008775572
-0.760554333530627
-0.601054667009855
-0.631680254131469
-0.648974353916548
-0.608004861174763
-0.505591246180428
-0.579706133522562
-0.585929691413894
-0.635637684845906
-0.663891555033868
-0.726075739813273
-0.702284406418023
-0.424583737087961
-0.613158834593829
-0.638288404855502
-0.685357947313186
-0.587942053136619
-0.582533736290804
-0.731000688814449
-0.584946380732726
-0.679273469243228
-0.604666220123266
-0.743798407972221
-0.699436614077876
-0.491724759511886
-0.656574254109411
-0.634058692177055
-0.664284172170375
-0.7225733667882
-0.511531437624933
-0.670053940100398
-0.611455315188989
-0.67164558074029
-0.612625769919326
-0.591474959533106
-0.514472920122666
-0.663296830959964
-0.602089614910039
-0.615781691912004
-0.492520335030002
-0.501810356792
-0.498745635807815
-0.570398668708716
-0.493060094682794
-0.523933315271971
-0.537176436031154
-0.481939490461348
-0.494968045031751
-0.602779378523346
-0.564622180412385
-0.557662911213174
-0.598962080887095
-0.623181764082583
-0.535415576400395
-0.409082738502206
-0.586613060301794
-0.482554110030624
-0.587216897690986
-0.536389136167102
-0.486346561670454
-0.420163507511512
-0.59336930091677
-0.512620260188141
-0.526101922262591
-0.529474412099341
-0.473512181111378
-0.540025149028666
-0.531489042037082
-0.589638331696981
-0.51554019910555
-0.589804417143622
-0.56529984546574
-0.482399843675122
-0.633260664475348
-0.53062601221716
-0.544751596127353
-0.511308146697632
-0.551000928225998
-0.482505338413599
-0.525006131709797
-0.523925162260129
-0.591654955203795
-0.372161046924916
-0.641065363685898
-0.473961128681116
-0.573802749751006
-0.493987173079723
-0.529138082887299
-0.47166840243673
-0.498924091992591
-0.603903763366479
-0.608151124370148
-0.337265349857846
-0.567357294125856
-0.42394932422876
-0.484768711061798
-0.436509162662896
-0.540986741410429
-0.415123638740399
-0.398508082207109
-0.320320157298255
-0.434282428308379
-0.5618752764602
-0.442362769872939
-0.422738256803368
-0.344422088648845
-0.464753260688306
-0.483419303591703
-0.527782288797111
-0.435640906459155
-0.464478309854013
-0.521985825808226
-0.310814459789259
-0.417394107739274
-0.427226298399723
-0.364764038638471
-0.378462424056899
-0.310693297094165
-0.345721213522003
-0.339536134413529
-0.454748155993173
-0.272810916957423
-0.297497859829072
-0.534738735851529
-0.346637199201616
-0.41416287267515
-0.474843624886499
-0.245263588212991
-0.444467230698967
-0.436178249357812
-0.426841210402392
-0.37740075720416
-0.370863526305561
-0.495572345075848
-0.320299520088384
-0.387104948917811
-0.384456586217888
-0.467814541193891
-0.458328904305926
-0.339253496529853
-0.429367201579306
-0.311837022311268
-0.281006024036547
-0.412723361379547
-0.348970457887619
-0.311399387824
-0.42327713423104
-0.176214934237488
-0.444757582962315
-0.251321095386405
-0.373867708341816
-0.409914670563268
-0.39472891009859
-0.404915274323773
-0.376092130429022
-0.479142584291133
-0.144767180709148
-0.334800664628165
-0.344906299205959
-0.182652725628813
-0.343597398072588
-0.279032526123764
-0.366819023126235
-0.325934796288315
-0.364389348170532
-0.439549535455957
-0.344348996096439
-0.407194911762005
-0.406148201313717
-0.237406135870779
-0.333525411288067
-0.36518111828213
-0.246451115471338
-0.431120910125342
-0.368043312493905
-0.230280800787856
-0.372285870911691
-0.481579650070108
-0.424876630197423
-0.207105961674361
-0.291257101164116
-0.286465268154451
-0.209217327358541
-0.278145278995163
-0.219149446298644
-0.252851681924214
-0.316100145572006
-0.29536778739226
-0.423688895570444
-0.218004465416588
-0.376624646587427
-0.392036235951522
-0.287138748249381
-0.272264494882865
-0.190171799704743
-0.414606601473233
-0.295476498700301
-0.347510221732379
-0.156005563761812
-0.216087707580176
-0.260345185470493
-0.315165980345735
-0.302009594253347
-0.406851686896691
-0.22753282658625
-0.217270039395866
-0.304119455068611
-0.279715770123312
-0.323711143879722
-0.377657557442299
-0.299966397857621
-0.246165889180736
-0.376643043322665
-0.22713043184956
-0.35409935759028
-0.312886352976077
-0.390186025956365
-0.188155114263477
-0.219528346881485
-0.214067841753932
-0.187814684684475
-0.161311823021858
-0.272904539059981
-0.041347863930268
-0.351167768441063
-0.216323489956456
-0.216561704399023
-0.144717784363149
-0.28920517982957
-0.318076062600954
-0.23863525407049
-0.129786332037456
-0.19068134047544
-0.28874138319255
-0.33622590303637
-0.0259620582137912
-0.0672480292671887
-0.363476085297655
-0.21628301382819
-0.214780361238931
-0.268125251571955
-0.0243252716853163
-0.181038803071037
-0.24094101742237
-0.207004874428896
-0.151246448264031
-0.217236422323099
-0.162246267727931
-0.0637998678931269
-0.149568806065134
-0.0999585564833286
-0.182396441528409
-0.156907043255714
-0.186410157661187
-0.205402132430116
-0.0641773536815036
-0.0864145606948435
-0.173762750301929
-0.0860387889667961
-0.026513100604633
-0.0827428308345764
-0.0904401197821136
-0.257097421421169
-0.170947670167903
-0.0815831201425699
-0.0543860063679035
-0.094281374483635
-0.0586916066294526
0.0605589067942926
0.0261621825380488
-0.231756088032603
-0.137799239765463
-0.0674465011293988
0.059116037429811
-0.150594979052575
-0.0580141103124654
-0.16470237458944
-0.0482279690577936
-0.0813071253297105
-0.268509217339216
-0.135073927862886
-0.12852403322354
-0.141974086784188
-0.199811987413744
-0.0315352890071736
-0.0956568676083573
-0.0306507379222622
-0.0309088036309598
-0.0357508555911161
-0.0994058153560162
-0.0783852156925112
-0.023516907547276
-0.0435998451362389
-0.0702093709354634
-0.202248592906969
-0.11390644167154
-0.036826224957069
-0.127116260277577
-0.11991881452793
-0.154300782603465
-0.0754679072053885
0.173262718972411
0.0961746488876067
-0.124772645055879
-0.0201432197019116
-0.0543390679020705
0.0441378377672579
0.127187939444498
-0.0171703765962704
-0.0526541037452862
0.0259393232960574
0.107619097040697
-0.00530545597822014
0.000519866470768032
-0.034107883300854
0.0270984612196101
0.0511674892665622
-0.087855116641427
-0.0707754302044477
-0.013205885102723
-0.0161274548462398
0.028157220070787
-0.151359884504105
0.104609604147012
-0.0462322874107518
0.0444885234188169
-0.0165430989924881
0.0417140242417927
-0.0780979997568748
-0.0373463933201957
0.00487188818152422
0.132483285076307
0.0289444069664329
-0.0501722931777228
-0.109191556160653
0.18728030841968
-0.0121202332826569
-0.0197098961761437
0.0862932979426703
0.153476272423393
-0.0135816549718905
-0.0232014679198972
-0.0807118000476943
-0.0163675048790751
0.140289211430467
0.0376653247611611
0.14976524236484
0.0616690098633052
-0.0100661904558318
0.226317060565689
0.127371018127276
-0.0476337823218325
-0.0947809506828912
-0.0335978064278689
-0.0657017333198244
0.0485008075757986
0.111461142415493
0.161823112060625
0.133135178828566
0.0377760643271347
0.0486149162992966
0.0619883680006058
0.0275362590400473
0.135118696060509
0.350707126262559
0.117457131604765
0.0899497503960167
-0.0227515447317361
0.0546140744782728
0.0881519007147369
0.111571124786706
0.172949040295175
-0.0187206066331143
0.0775651545800736
0.186961741732632
0.073008807062006
-0.00919651453997593
0.116384701639797
0.0251029898124058
0.0999533507145416
0.0865037537970199
0.122960410044258
0.164126104367985
0.0635300658195549
0.0634601327061473
0.0938768973578997
0.0318757692580827
0.140720009102924
0.121594489296419
0.112989609847893
0.186355467261629
-0.0674273384752379
0.0875347223047085
0.170072112959137
0.251875481140132
0.0471295788474858
0.0277186560582114
0.187303796589783
0.00845731736451494
0.193856218263557
0.0257051265652411
0.257232472268818
0.185820722413609
0.144887551397714
0.12647529037806
0.0810728228700377
0.258747606367217
0.0770518062521034
0.248525621862899
0.00149840616153332
0.242038708577533
0.226302293287622
0.112751708905142
0.0762688595532464
0.338837173439922
0.227573686832488
0.233716372266575
0.180408995539205
0.077732235074849
0.0620400782679378
0.102500577708403
0.0376185918787819
0.269703386090463
0.283409284284694
-0.0411755672212772
0.257035652285885
0.301520634467119
0.225734105147032
0.232055640079484
0.191376366824977
0.137967638738379
0.158837078222532
0.276721520555692
0.0749876418314973
0.340859164714917
0.310816423745858
0.174774169207345
0.216790852211794
0.239864987839347
0.277884699757787
0.313765705186885
0.080913641979994
0.204245002135854
0.269723502163379
0.265005962589298
0.385665296077225
0.260032199756186
0.225800488781759
0.26003119175513
0.249665920746437
0.150076079323919
0.256293559263935
0.293658451689149
0.0601919951328686
0.199744681823069
0.244659959507355
0.386313078142257
0.183341378244568
0.380993410989648
0.360587555742516
0.267890351098418
0.149191351274218
0.282558081787733
0.242219995625348
0.331974668255828
0.166340961130231
0.393492508122341
0.430261552293797
0.278482713024745
0.240093837419871
0.258355536645949
0.223394484610216
0.413352472519217
0.447058939903862
0.331763161722704
0.204305301820856
0.133902125373674
0.464021214975241
0.301821506943595
0.213707324584567
0.335255594177196
0.268816702098326
0.419617658336383
0.282865919305475
0.273264206564068
0.263286773756194
0.260630689628881
0.385888607915622
0.278745608034097
0.487692003402473
0.300543332461736
0.379782284002792
0.349975744073721
0.375072006596887
0.297162635780398
0.253574972552264
0.409252473558777
0.322033903041597
0.462287210765131
0.314566318557076
0.443224968035958
0.318696594128421
0.283507647660063
0.353958929035081
0.465576980345307
0.440927098400241
0.388529567000287
0.362547114954979
0.347896333123296
0.314342572443995
0.160438791986129
0.414932672331697
0.212343619577575
0.201877704499443
0.424429744299888
0.436015826108926
0.405229443823954
0.357239135961448
0.344106377707561
0.354549672278629
0.38141182058537
0.375047921598078
0.340363944365352
0.333841683520914
0.372178511092536
0.321217474411775
0.28473423916496
0.353820640621781
0.454101694691336
0.340894900633841
0.408422175718749
0.326338752139696
0.355226792789376
0.304442381018161
0.233817391497984
0.556693815991668
0.459926492491665
0.358678333600844
0.417717427356157
0.518852485142761
0.437946510517588
0.480249080629212
0.342050525752524
0.364148435503181
0.41392275132151
0.33792523261287
0.327295716064045
0.41422064230631
0.30219488925931
0.421121884332027
0.52766308825003
0.460081676796542
0.467173926924572
0.477725435052889
0.541740164624884
0.451144423974827
0.486075593442809
0.398714273302278
0.626056720756276
0.369674584605438
0.542729267519717
0.437118702455214
0.408854300182063
0.526091590536187
0.428619542260896
0.555166702436436
0.500869450117352
0.326819605591898
0.400644218102993
0.408124811279797
0.406992789133935
0.58120426193873
0.620571228877437
0.677904199081683
0.447056082080757
0.495175693924119
0.597064361812823
0.506027294561136
0.423465417004027
0.483147895311912
0.476795023651286
0.548884905114442
0.489928579970712
0.637040349941761
0.358649209931618
0.592813224661139
0.564593359782712
0.454496856411578
0.612570166464002
0.557150777340516
0.580244191380214
0.647848180514403
0.536748926867408
0.447744051580608
0.447530399230757
0.601626507902672
0.474223728883893
0.482914213716493
0.617441645818903
0.570029093082485
0.52237351953983
0.584150122108474
0.493911747362973
0.740845594210904
0.714515220286765
0.391993414134956
0.456860645532182
0.566832005682021
0.547680114591302
0.484794139649981
0.351960328646535
0.463292087631225
0.543688640199854
0.584337881641172
0.613795397390025
0.460293085160156
0.683151247687262
0.652783643315653
0.575136397467842
0.574756052428849
0.696430741606683
0.437626291811099
0.361577843489057
0.53711382981734
0.531385086114138
0.551393801751399
0.472014956819201
0.423684451266059
0.592473815261478
0.546749293729173
0.844702142715229
0.668170836264344
0.577051133122036
0.643677139980318
0.712675562098732
0.631244632155511
0.652571241234348
0.6556855849408
0.599296278831949
0.563058613790203
0.541082480448717
0.682753221603985
0.504063705098129
0.680791854134259
0.669694095477958
0.672822106212713
0.758002545840342
0.572338994301245
0.687820375334938
0.62255466130629
0.68511004332005
0.589417460002432
0.733215140979309
0.83421807008792
0.837960498737634
0.644734626788654
0.615307280918671
0.665179292963661
0.797977667639004
0.632802045224147
0.719470923852487
0.698706231747147
0.66055772875705
0.578472275192328
0.625440008481444
0.654760264346581
0.563750784967131
0.785298771619118
0.58267651603464
0.629428310676197
0.481437135541463
0.619903505227005
0.639262128187371
0.528327523855063
0.675168273626078
0.636084480828742
0.739677060014557
0.600731541326546
0.723547262790692
0.646324375757861
0.538042194952049
0.622399423316466
0.761283448078873
0.78975403409808
0.823835382851527
0.737066264391758
0.72187699799903
0.794809197242502
0.628917895239202
0.613781171562526
0.770469731190685
0.743011420952867
0.726268475269407
0.769314155464534
0.803813135740412
0.668312270136135
0.804180442735919
0.814796975264624
0.659648036159081
0.646069176906391
0.688636794464284
0.710160748653982
0.831689412419682
0.836391448095207
0.573855855021426
0.688592996377406
0.871097267249319
0.796060997130538
0.808600765187776
0.653728950142578
0.857621937562239
0.775166614779926
0.802641405962411
0.762910619634752
0.800498301860592
0.910913407752057
0.656217491100691
0.85301025339789
0.802176319577209
0.785606616137923
0.724562970567881
0.784337603957456
0.883343229433182
0.785545995742983
0.797849696463799
0.788453791623118
0.767484135886743
0.764567622034144
0.773822189904288
0.847306224587646
0.716059081156488
0.593168036521629
0.971979215463234
0.701286234381834
0.892242240779543
0.875062230248027
0.874386519612229
0.704749741384399
0.832064229889883
0.904114339047816
0.740848185640082
0.814607297073801
0.843265569652441
0.895894473144319
1.01184208969096
0.872849647332507
0.660502124987386
0.764220998395056
0.795871336157255
0.894727567716763
0.79080787787294
0.81608942227817
0.84899919712889
0.821413405755086
0.686381651944443
0.869180076426075
0.835216717610576
0.976801432683786
0.908485758130801
0.733266061506589
0.946879004750467
0.842479241928378
0.800219919687643
0.741779202222207
0.852581854565601
0.808128383241464
0.846854548129856
0.942636660028078
0.871747415122081
1.04202157135038
0.845911933452583
0.892904738829936
0.678794654725401
0.965249732499235
0.942630801074881
0.911199200241614
0.837882988694038
0.937989080395982
0.857416552162868
0.823510006273763
0.839211111175124
1.03347211064808
0.93737464644385
0.846517035511714
0.917162835747424
0.87247950334701
0.912560546107849
0.941407464401839
0.950375244848695
1.0193211811045
0.991742135641186
0.90398721141268
0.803019841650445
0.832779757578752
0.895171032191866
1.03076255385746
0.931516079849855
1.02603402428045
1.03397623298955
0.998393485476092
0.89018558869311
0.81985042589317
0.86363522565687
1.02600808139881
0.869406043642666
0.925737812539997
0.954667157829802
0.907090979655911
0.85769119949344
1.07852446313371
0.928057589415194
0.768961812688102
0.88487605364599
0.87452396642984
1.02583020750233
1.02548016302032
1.03938124388926
0.94338307461799
1.0402953913341
1.08513414833568
0.961083451256195
1.04824901120927
0.989050221884135
1.10004022881501
0.98528803664172
1.03502204074459
1.01403980972129
0.931241378693038
0.95166812737766
1.13499583005482
