-1.04812415364045
-1.12634472476276
-1.02850101743615
-0.934657122553003
-1.03318902920538
-1.00040723696061
-1.07992591219584
-0.967328972259351
-1.16822326770425
-1.03553912392338
-0.973030726992024
-1.02060545325111
-1.00477581877888
-1.13935942244283
-1.11142434461839
-0.990857740868834
-1.05057735249669
-1.09957715480026
-0.862376284691116
-1.03538261037253
-0.997558143206573
-0.912752525571355
-0.900553669540104
-0.977923597028882
-0.895419352988959
-0.870181142142916
-1.00550427417853
-0.856506995952278
-0.924327354292136
-0.887145408564528
-0.91977150561702
-0.920195859324332
-1.01955983293788
-0.813443346293703
-0.863899406816506
-1.07819518398829
-1.02892478436625
-0.951473000702295
-0.874194252918093
-0.977482780035776
-1.03503844722293
-0.789319060274714
-0.978472327384936
-0.961692372772809
-0.960138617694243
-0.920527959389704
-0.993563729225403
-0.932143153998744
-0.873830001910157
-0.975364667032328
-0.890414397765443
-0.936923072216359
-0.881390255683865
-1.06026169839597
-0.895893054969642
-1.02188354406057
-0.925362199928402
-0.72172313296267
-0.78989933705846
-0.887964290735318
-0.881250787437612
-0.888263657595106
-0.714605842588501
-0.879616922107559
-0.939141126216861
-0.865944203968148
-0.929670485253918
-0.963517648804789
-0.979599364844249
-0.826642865310208
-0.778459411023487
-0.879624342818366
-0.812565583944595
-0.811446123599465
-0.952043703245899
-0.852770045054759
-0.881047128236083
-0.640346554830202
-0.854160740009088
-0.722664727395695
-0.713712109925624
-0.746077906966735
-0.866567278665722
-0.890047339143732
-0.986660179957058
-0.815871575128682
-0.785754146481744
-0.893999728592856
-0.786080555926495
-0.868378441255094
-0.795677685097129
-0.849081601242586
-0.910658591575525
-0.80511145898978
-0.770815328393179
-0.725878268245243
-0.730827401306269
-0.722099112279403
-0.72178931629211
-0.726462820050302
-0.854571990142482
-0.73006605819875
-0.602129484221699
-0.870794500900742
-0.809196203250527
-0.802522480004362
-0.866683909112554
-0.79945976855678
-0.759954965691829
-0.699674459710736
-0.718022273174144
-0.804177239672391
-0.708263993754177
-0.885709450373141
-0.710129757174159
-0.904826505249644
-0.725943089696908
-0.871169399934083
-0.662839017634392
-0.891910566344127
-0.721380819522344
-0.812753104509285
-0.823991590751796
-0.964762293675466
-0.759339549066446
-0.826463348044763
-0.731924535414839
-0.617588457308582
-0.709950202713785
-0.679596800560506
-0.716222171857799
-0.796234339589255
-0.796958549906096
-0.871934759577004
-0.909258084121413
-0.796172314788985
-0.629695725705926
-0.630845421947341
-0.769250556057862
-0.688932374958358
-0.795736049107991
-0.481193803031825
-0.687107786991944
-0.753887578433426
-0.647832859564203
-0.514994200064169
-0.861950282733297
-0.544639064912389
-0.684285149180635
-0.623441465397447
-0.819949788321576
-0.688523639707481
-0.814813573953914
-0.723709623975263
-0.605514918536964
-0.633731105680333
-0.585670635833544
-0.643474002522227
-0.611565924185838
-0.693679368790831
-0.631726003418909
-0.710016829532849
-0.623704576490048
-0.517995172588162
-0.639280095780517
-0.623378178539417
-0.715963111250218
-0.601558037245575
-0.577391384995006
-0.666838073557315
-0.767692339807234
-0.602726121107761
-0.658827486584717
-0.637975300939403
-0.59154901040457
-0.505445048768371
-0.569846578406582
-0.586249404445258
-0.649839347266777
-0.681715208899234
-0.737321846937763
-0.693810433468031
-0.420045211779447
-0.613221612526914
-0.610238311516084
-0.700113487099988
-0.584272247196278
-0.577207144796706
-0.748672358218676
-0.603959640022889
-0.690966054134761
-0.619347777467806
-0.730806609195315
-0.69618007468488
-0.531640868108164
-0.650248289136658
-0.633334235846491
-0.670422283499481
-0.723281523397908
-0.524665043175468
-0.664715042773213
-0.637531323778107
-0.647206878467265
-0.617864899126713
-0.596161362240006
-0.517191419294893
-0.654682736050533
-0.585920064676408
-0.6444601094293
-0.512720322617364
-0.513276861244995
-0.513704252183996
-0.575935205700749
-0.504990313821156
-0.510556072412928
-0.549298756492017
-0.460442443913259
-0.488135484108317
-0.589771406718288
-0.591313605012152
-0.549057396097537
-0.57558923929802
-0.635401442339823
-0.528852329628055
-0.388899510121111
-0.601917050497904
-0.499435834039914
-0.588599706260984
-0.527328085747076
-0.474400444670033
-0.416492051310035
-0.60928346128199
-0.482820908315912
-0.518458033074053
-0.545510819595576
-0.480104571624686
-0.520269692596672
-0.530692673530873
-0.587019588387345
-0.508017602161639
-0.577947101474112
-0.57778093030409
-0.480978025593508
-0.643070780932966
-0.505116574291023
-0.535987327835215
-0.493316970015213
-0.573259590173049
-0.490562510479031
-0.52951338704534
-0.520609292132131
-0.599897488739515
-0.385782027723336
-0.639258574224375
-0.470218402263053
-0.563552126739775
-0.501064215506
-0.539605319444434
-0.448883010176989
-0.496615165531707
-0.62865137725548
-0.619553033058222
-0.355272461829364
-0.565754314211353
-0.389863156193193
-0.490314154554189
-0.40475107033275
-0.516917617850031
-0.409986050864252
-0.386472039841271
-0.329286382283858
-0.450575690186853
-0.56179076078531
-0.453852380235031
-0.423539540476168
-0.325387734103096
-0.444295333948183
-0.485258588532939
-0.517540384228936
-0.427035467257822
-0.455000171179658
-0.528949297206955
-0.322539715352196
-0.423974168060341
-0.427196049749647
-0.371965863004357
-0.368445430679474
-0.326411831147191
-0.349611801623015
-0.350324027031686
-0.438513558212629
-0.283079241397675
-0.313151826372863
-0.528660548188948
-0.355973498750616
-0.39686568555787
-0.4417470787497
-0.230162603015688
-0.433396130190739
-0.41981489397618
-0.429183089865426
-0.362729251936131
-0.380122271634445
-0.474308955002391
-0.334477991862657
-0.375933976606759
-0.363300734262046
-0.447364254354204
-0.471804726677725
-0.35016106386589
-0.43000640896659
-0.312153489858906
-0.286959621297398
-0.408001242816994
-0.353352932082102
-0.319502983800326
-0.428706403025717
-0.171170272907523
-0.455173592474806
-0.251859212005585
-0.367640419218962
-0.429994862552611
-0.40054497811608
-0.396462575939859
-0.36659525791974
-0.462386522779443
-0.138754955427403
-0.344509297615536
-0.334732870449198
-0.167936283977002
-0.344335668748249
-0.273021373497389
-0.359338871471261
-0.310222523811349
-0.35041967097845
-0.416880485822763
-0.334465982640136
-0.393676124105969
-0.409766799842731
-0.229472412885123
-0.318084995025434
-0.37398238663464
-0.231050601131579
-0.434282868124997
-0.382158745346096
-0.249312742816127
-0.378248199194431
-0.484320341774588
-0.435397451741145
-0.21170020054419
-0.31103879813557
-0.287319771548418
-0.226586615677663
-0.277347635890977
-0.205040598985687
-0.249935951630607
-0.316236997868939
-0.285718916379459
-0.425255315319337
-0.232598579323483
-0.386886708560358
-0.37448424018639
-0.300054639681554
-0.274568156784537
-0.184031218308344
-0.404435592336257
-0.294231822365515
-0.305453359383328
-0.175720484075734
-0.204067479782195
-0.246120843617164
-0.320694599403285
-0.268987808747878
-0.408133687672834
-0.258866471079674
-0.208170347213758
-0.304460959337489
-0.264172521413716
-0.320065406765941
-0.374027661949174
-0.284332823144583
-0.225123130396086
-0.367986153534695
-0.223437539949757
-0.351175371891643
-0.328352001331236
-0.378322963934145
-0.172445082994405
-0.220089152446104
-0.203223954273904
-0.200268006286773
-0.168923782569704
-0.256911038232952
-0.0607155281855686
-0.363909700525701
-0.231119845374904
-0.190433136432919
-0.139884397361926
-0.288855940156715
-0.314361348675605
-0.244817518135608
-0.0991830860627544
-0.210554309348963
-0.281904458420827
-0.33649872348198
-0.0525771715969938
-0.0765840747463121
-0.340695500490856
-0.222826582151916
-0.217377019947077
-0.269816402151086
-0.0375520041576487
-0.157994268188983
-0.240185673801851
-0.190114536304567
-0.158021770990295
-0.231878396024924
-0.178459748424437
-0.0616613321194238
-0.143799614475312
-0.103069210656313
-0.200697897270792
-0.136402471986427
-0.184016970305657
-0.213652763722727
-0.0653665321305701
-0.0638284093267238
-0.19424052648127
-0.0883314431757149
0.000810042583790621
-0.100336872827753
-0.0990686693987616
-0.249454147590253
-0.157019489002664
-0.0738032681448902
-0.062821596540798
-0.0674058967067829
-0.0385325949432942
0.071680958172504
0.00526845065625228
-0.231033950980077
-0.13154067667189
-0.0690862421890229
0.0685999035510382
-0.14596361153367
-0.051997601302746
-0.154407606779505
-0.050776093129684
-0.0604413738151143
-0.271276805149077
-0.13194121696113
-0.114092694088822
-0.110581720829163
-0.205267673345399
-0.0299947667834568
-0.10182788519264
-0.0426098115935691
-0.0318756565070596
-0.0552583225702516
-0.102592523353093
-0.0876646914251619
-0.0205076789347939
-0.0313512528067634
-0.0440053948778209
-0.175949751785574
-0.112410140002979
-0.0500533559886766
-0.13412377537439
-0.143349588403082
-0.127013710861734
-0.0727374861981219
0.180737108106507
0.0783734501901605
-0.111831134898984
-0.0299034682359657
-0.0537953856079615
0.0483571068086118
0.122387660012536
-0.00114418893676359
-0.055882014438489
0.0141514535538579
0.0994127946880237
-0.0178357971871141
-0.00989574778273396
-0.022510729584458
0.015940129784037
0.0382618204174413
-0.0958718566780956
-0.0655356635660353
-0.0219321542682583
-0.00695996405149118
0.0248486917895632
-0.141663238697588
0.120316574787351
-0.0214338021575755
0.0812040457688371
-0.00387749612778927
0.041737712356873
-0.0700693521466648
-0.0267449433351123
0.00850452528616655
0.12687935432658
0.0489632795488146
-0.0355061331208576
-0.110036405089507
0.195676719824584
-0.009849399584583
-0.0327467246187028
0.0914768381411803
0.142251065685951
-0.0273486849682206
-0.0276985408797629
-0.0721542495624082
-0.0132575968979403
0.160071934259974
0.0569438929149754
0.137764635157027
0.0432379787596681
-0.0349021356655276
0.227726524470993
0.111343748311477
-0.0617859519284913
-0.0770616880147968
-0.0574175975220116
-0.0587650699176294
0.054747263293925
0.0926705978915893
0.177695037391783
0.131595726399774
0.0263540299071807
0.066195889434068
0.0482055212426098
0.0303471483346219
0.119935785050933
0.343893990096074
0.0940416371258795
0.0816958716637004
-0.0300566446125337
0.0697115042947398
0.0932110417134568
0.12177968845938
0.152331136708003
-0.00368852649679018
0.0768552153844799
0.215005007464583
0.0650834273249637
-0.0227180416538468
0.118530358602166
0.0291550762038621
0.116472362087876
0.0868349264262456
0.109742539023405
0.161661752486844
0.0619030660158243
0.0510406145503591
0.0987268886037182
0.03777427933101
0.118025586275064
0.136685676525781
0.134646071942557
0.187973657920907
-0.05446269459909
0.0934272637748293
0.16654663402969
0.247867926250664
0.0381492959766577
0.0590373731917103
0.191762668884375
0.00799535020595043
0.205273843708475
0.0203185115134724
0.255845525921433
0.164097988632965
0.141917824461843
0.136569018358507
0.0854910118383134
0.253777252223302
0.0590921256542433
0.238983692006579
0.0271777338262846
0.236448734033146
0.225651191747559
0.12728895607974
0.0885086308925966
0.332487984065457
0.235423504431123
0.233066280590058
0.186289880520391
0.0910018270955575
0.0408581329794342
0.110651087448862
0.0223751313815881
0.26924528615159
0.300924784493967
-0.039735535343755
0.264529209944632
0.306301730332021
0.224481057723757
0.222072347145642
0.195679170623391
0.130696757575377
0.17907735971251
0.291211639235087
0.0975694489127371
0.333042238464718
0.299339025773816
0.17583063984651
0.221742941406514
0.230318748530546
0.263716018944444
0.303734214394773
0.092354355134634
0.20519833543902
0.278513806819942
0.264536784826489
0.38058153261329
0.267153122854213
0.211692028866383
0.283603990144708
0.230765485564614
0.14842402016314
0.249686591128964
0.296134759360409
0.0631593154368723
0.216217843200776
0.259336042181511
0.37744714775339
0.171424217215208
0.358204568650949
0.368401518906067
0.265594338569179
0.151140444761403
0.283620677991529
0.282508747886835
0.358539569601265
0.179352241420095
0.381896875644441
0.427673892581854
0.27299050744973
0.250260443168313
0.250999728870151
0.233744467588213
0.41159637803638
0.476897700270781
0.324821853484456
0.203223995887211
0.122067231881384
0.443197724666969
0.280957293019889
0.223048453633521
0.325843810319042
0.250548229494052
0.414092342886278
0.275149205201948
0.274392497907656
0.2744655865122
0.25678225850739
0.379648308326927
0.29695934293454
0.472928716017778
0.293770028098871
0.393980304519348
0.369435793267984
0.387192476778787
0.297120453186957
0.267973236473307
0.405116638066794
0.328192916548339
0.448139839693798
0.332601019046117
0.454369898686231
0.340619940802914
0.288449808278902
0.38427380427525
0.467700046306588
0.437487968999861
0.419778991407175
0.36851853310297
0.35005207649148
0.302101252007125
0.169361526702467
0.42507924086603
0.207032904627846
0.209189921912751
0.415977289298944
0.444989580400914
0.421325608920301
0.352593358859805
0.348979833361976
0.348340373434357
0.359237955144967
0.372444102096502
0.317051528374768
0.350357762856279
0.362677983104563
0.334881946809021
0.276581098106688
0.371631196501073
0.446877152395785
0.386134744921986
0.424374520252088
0.335127930381871
0.339126070443489
0.302559013894719
0.207542415891145
0.566268875021912
0.472796589915995
0.318115449769525
0.393653408050284
0.511019004567263
0.418722925972075
0.456024420032738
0.327549976088576
0.351314014142229
0.416513640241199
0.341855875690789
0.328051716218604
0.402538605050704
0.309657078166535
0.429889592922572
0.500904414348022
0.462209059264086
0.465677031949547
0.481117860723363
0.545945802206827
0.45299452277177
0.508171741957747
0.410996177017899
0.629293700445825
0.377755037040977
0.536455356648772
0.416024734523132
0.420212882418064
0.511610645736595
0.402784399109296
0.523498563170478
0.497981968481121
0.321737390848397
0.368141967215324
0.400968472557245
0.384082691315018
0.602657842865571
0.636836316437039
0.673193116471625
0.446318342773032
0.490872758048629
0.606506373223988
0.510599017824086
0.436947100231978
0.479012187528814
0.470756798517528
0.536830713969586
0.491161469351254
0.648252838396015
0.358191478947785
0.616215445099397
0.5967779898804
0.459569416633174
0.616878535993973
0.549229501211555
0.592381632835287
0.65054018763836
0.521683029404841
0.451869302415537
0.48004984177169
0.604915400870918
0.466099308857234
0.480964770548257
0.600440446679835
0.578694209161108
0.509703846862535
0.568427598385764
0.501009317279315
0.73405333149209
0.68952742453256
0.406559262698011
0.458443495275423
0.582246361317756
0.595230638772116
0.490489210551358
0.361913027946805
0.459736555429824
0.542955085183322
0.589781095623318
0.604860624599929
0.42887495241348
0.674047029259474
0.662757536967448
0.572352067497646
0.564268802335759
0.69086262516775
0.413352198882545
0.373305933987703
0.546595007249048
0.536760385441074
0.535719989047021
0.484884239499668
0.439227952374352
0.571951200806305
0.57276968012299
0.854310366744185
0.680013212069742
0.573091173257695
0.650135849642053
0.691634046726553
0.651516593148092
0.672230822179265
0.635083528832338
0.576754044582818
0.594399721805942
0.563174194026814
0.671914662397644
0.526570579773398
0.682775078049587
0.693921061948662
0.689587634724049
0.750509754053682
0.59496291156156
0.675729405181432
0.637628503668406
0.674542698380276
0.601088421125957
0.734041370019722
0.826322100731617
0.831842923223512
0.652981946235973
0.610225870208417
0.681234973250228
0.81268042401131
0.641933772487545
0.71406909835768
0.702858081123517
0.67208853037562
0.564919981690019
0.620223024502905
0.638274698658133
0.586241884463537
0.784514133244627
0.587645930083173
0.618413742704542
0.474875458050697
0.618508539974519
0.632710334362683
0.515601617032568
0.658731517929598
0.653176620661021
0.730058943683216
0.615238176299741
0.716154079110817
0.646730348771083
0.534507400859919
0.622678345916872
0.755023198744852
0.778177521013671
0.82162816382968
0.736509107931786
0.71913677013474
0.775905513554832
0.641999599285302
0.604213150117244
0.767810651535769
0.727125514969412
0.723341861771183
0.76624155099702
0.816385979461365
0.674645923161169
0.788934474964587
0.802737947347941
0.67838988392892
0.664106111538373
0.668571180001132
0.706415318564195
0.838403054149906
0.852845811452126
0.584813091502953
0.690114532550927
0.875441672735092
0.785557374120933
0.822390180465917
0.644205869622928
0.864429267378861
0.771202207982538
0.824151602965538
0.74873484855994
0.795421404295663
0.915922740801414
0.656869602332177
0.831426800545907
0.787266179534855
0.770839249422189
0.724171296402545
0.768100300653959
0.872485238410879
0.802478052897471
0.802133635100077
0.782840316658037
0.778686058039257
0.753812205075271
0.766874940230199
0.863046177417338
0.695005750884775
0.594600022261762
0.958289641580209
0.69214668324472
0.909306978019959
0.865046933512043
0.857975508648742
0.705749917550132
0.829123746094803
0.882283585557125
0.720010223357465
0.781815518006317
0.833345467873884
0.891272549221033
1.01753097392058
0.86003108618131
0.656936821371005
0.743978669205953
0.784602573628897
0.890052325633324
0.783337568104387
0.836706301655124
0.844049246737596
0.829999029415809
0.690385877575231
0.882609652545884
0.830998344772951
0.956705567699789
0.898132652124791
0.739158664739499
0.964378981309354
0.838084716508695
0.810067541412101
0.739661493221217
0.841043453902438
0.784538748185301
0.873439246517653
0.950550026562128
0.855306387098587
1.03109490358168
0.874666329048677
0.870875224724361
0.679603718559301
0.98507175023505
0.968671380586322
0.947745279205495
0.852943833118308
0.944989235911161
0.864433582027531
0.822053980797512
0.815166946275796
1.02944831710644
0.958069664992144
0.876396945570239
0.899983318154492
0.882654978563401
0.92746821989749
0.937585654875133
0.941086404715213
1.02212188301951
0.98563567632522
0.909407535592613
0.811593225305498
0.847669285820201
0.924670587163867
1.00887461189501
0.923767475213811
1.03111434580887
1.00936656466898
1.00177636661785
0.90673296082349
0.822243425200451
0.876081364886627
0.98431383347185
0.849834789139278
0.907871515451575
0.962980362121468
0.914703685957326
0.85291369960676
1.0702210057206
0.905322762098125
0.769707439889252
0.885900870917847
0.864703657260733
1.01622818583839
1.02131619331224
1.05844030586698
0.935113459688002
1.05908648967962
1.09337106443014
0.961400208915178
1.05304218808854
0.972013613768446
1.09682889612096
0.971169942309514
1.01919636831136
1.02560771043766
0.924473821636272
0.939477192067685
1.10111312633467
