-1.07040621772544
-1.11966663824369
-1.00540897714613
-0.941913366631997
-1.03910772806796
-0.998826038648157
-1.08048322258924
-0.976772395442859
-1.15360597483654
-1.02865677708492
-0.968794858430579
-1.02586936955773
-1.00653669880162
-1.13287773062688
-1.12891702465024
-0.981179004868118
-1.05155592045205
-1.11683239941604
-0.852145182431687
-1.01908885239016
-0.990494556444068
-0.893422327737475
-0.926306557039632
-0.975698433358719
-0.899851937348925
-0.856707890775601
-1.00369310683245
-0.865110444473504
-0.926804989716765
-0.889609148765867
-0.934043774546316
-0.930806691252706
-1.00424848419765
-0.828599461664168
-0.874787725019486
-1.0439304764109
-1.03365465580978
-0.943552702068937
-0.877511650457626
-0.969043399920231
-1.05121230684472
-0.811226801610455
-0.990129641302928
-0.98140709171278
-0.943063761825654
-0.932462709118966
-0.986888577283624
-0.923252805780435
-0.88197907745253
-0.979586798673065
-0.894629968084677
-0.949187753338331
-0.885732661528782
-1.07127624246585
-0.877841448375347
-1.01649562703996
-0.944089456234825
-0.73637573021921
-0.798057966455326
-0.898883567453611
-0.873826813985644
-0.889561221910817
-0.7185955091834
-0.884531289535807
-0.937496891727014
-0.854604157070793
-0.935506346375967
-0.974908909855798
-0.964264378950119
-0.821812188408932
-0.768819433049875
-0.878262605215304
-0.814329989521678
-0.821225373457399
-0.94779999320416
-0.851950987511168
-0.88495226240262
-0.651041277290058
-0.844494297709541
-0.742215401928969
-0.705857856567579
-0.735248189754318
-0.870568772442085
-0.888194768925058
-0.993572974404876
-0.811690476390993
-0.785584526253599
-0.881454449394575
-0.786099022936099
-0.88024943186768
-0.778962527931161
-0.850157073792627
-0.928481360972766
-0.761235816520225
-0.784865712180233
-0.704018360866955
-0.736092051878159
-0.719876231037514
-0.726348222612021
-0.731579613796433
-0.87300381239198
-0.756157810615679
-0.629111339344161
-0.874168994674528
-0.818517842182435
-0.80243824741853
-0.879105818444549
-0.784357805332012
-0.775814742649094
-0.697906402113524
-0.729651200748885
-0.803732128292654
-0.705654995844595
-0.873402132867837
-0.68410681339896
-0.912067187434642
-0.730672801021507
-0.885007757928998
-0.671747681994134
-0.890563172801972
-0.719067518430433
-0.804756721629862
-0.823326175886166
-0.967298142133586
-0.750327336076513
-0.838026218677663
-0.741422253730946
-0.648744400533933
-0.715359917798796
-0.681994249717803
-0.697634812338252
-0.78550390457012
-0.80202959116892
-0.877531512156353
-0.887659490395188
-0.791922578662638
-0.627594850838339
-0.612448805723504
-0.733392107592905
-0.691466497134106
-0.772649346464752
-0.455218844178189
-0.685697416586646
-0.752110317755047
-0.63126041634793
-0.535200606321145
-0.873656985445004
-0.55861993870471
-0.691123418097194
-0.62159030584608
-0.804572354797736
-0.702514691165321
-0.795440930667869
-0.740591407199181
-0.617297359744322
-0.649050895819979
-0.587826147684844
-0.630037881415286
-0.611635189678778
-0.69479790019994
-0.606600715728874
-0.726479332889897
-0.640561182064631
-0.527453544352674
-0.640226271114058
-0.61534872551461
-0.722469207028176
-0.59742529608723
-0.572716799186361
-0.689022730350514
-0.763255515822292
-0.627781995021958
-0.652342667465049
-0.636358915237395
-0.608078768154194
-0.501377183845944
-0.581601168325334
-0.576295721213404
-0.650516700731651
-0.677948204737322
-0.736567506010006
-0.694922096097153
-0.438784520911595
-0.599535515929645
-0.627730960002485
-0.696627922675056
-0.57809414272801
-0.58629293896331
-0.751009227730277
-0.598527694312087
-0.687950570176458
-0.610815824644868
-0.741334807165816
-0.705605708137301
-0.501548509506809
-0.646080354973518
-0.641957095120777
-0.664049504017205
-0.7214781786186
-0.502640638620322
-0.663036330283876
-0.631805078925627
-0.647459654791244
-0.617326597332204
-0.587988415435124
-0.521191162187123
-0.628958939523464
-0.574943776913078
-0.654568940948942
-0.492075296457818
-0.490703812374525
-0.493916382650258
-0.567914489926306
-0.496380412578631
-0.505136924569509
-0.535902292381851
-0.48274293992164
-0.496708574549279
-0.60484132685101
-0.589327368197487
-0.556227393559173
-0.585616552304714
-0.618788455915545
-0.519328310919833
-0.409134320693286
-0.573695544123609
-0.490713254628558
-0.600383219206789
-0.54158906654735
-0.469690970894813
-0.410256952656099
-0.59806464394766
-0.496484422081494
-0.514841890984025
-0.525912050928737
-0.482594496942897
-0.524537005779889
-0.532074106436313
-0.579316335478206
-0.512762878441864
-0.607089180464949
-0.568424913947995
-0.478878996943995
-0.624603994235127
-0.521092171260103
-0.551284027808403
-0.518618664855101
-0.548674553178097
-0.477989851385872
-0.537318134816893
-0.509284497822541
-0.588741521288225
-0.398512525290923
-0.617846657265231
-0.473300857934176
-0.572257895540357
-0.49756874893112
-0.530006284915453
-0.46043668238868
-0.481704254335367
-0.61304277230069
-0.615563352507796
-0.351167089682675
-0.557555350938584
-0.426042244898439
-0.499610976608481
-0.424079581177051
-0.537055778102983
-0.413696470214134
-0.386142274522609
-0.328917620801783
-0.429929684511111
-0.572099794017774
-0.443013334262293
-0.425436035077313
-0.334490326292253
-0.453591461826701
-0.502072358062984
-0.524800353218742
-0.420091377696649
-0.457776933544605
-0.516829658818962
-0.310991595607196
-0.42235549728336
-0.432629076159012
-0.370661290047453
-0.364894198320592
-0.324240863754241
-0.324995634385184
-0.34483782759727
-0.423312195411722
-0.279987074760729
-0.323459958745207
-0.519003642266891
-0.357503804476357
-0.392676044290871
-0.4564466376577
-0.235598392188131
-0.438960346984334
-0.429893688948411
-0.417853373201659
-0.376407123616004
-0.358159042247214
-0.480710200466599
-0.3071896428223
-0.372703724376863
-0.389849480828953
-0.464704217565593
-0.465193849782072
-0.348731922417413
-0.42321025700376
-0.310726717341675
-0.285748879993286
-0.404974311241225
-0.326687045037162
-0.321667014270675
-0.450272382588615
-0.168021782619253
-0.445448208082892
-0.255470635581911
-0.364169203205124
-0.408858476634529
-0.403141457969076
-0.403392336017654
-0.354916327441848
-0.450950152782375
-0.134210137175398
-0.328257766378944
-0.349761833691975
-0.182648866542715
-0.340048390659457
-0.258393343766298
-0.366257622982553
-0.332651552364931
-0.347905930545648
-0.437092680326015
-0.313692310291322
-0.412043190116516
-0.394910897390423
-0.228835351822969
-0.351369284054802
-0.368764903642936
-0.238285357221857
-0.449857961349759
-0.376689869447617
-0.254788993986311
-0.34752086589539
-0.480827059662062
-0.405360617322741
-0.209095778744012
-0.30134121217923
-0.299127641087417
-0.200748621264597
-0.281267726448294
-0.206749078493493
-0.265139100389365
-0.313550730445002
-0.282252281504227
-0.416510249044719
-0.226918280054429
-0.376724873752407
-0.38050951950456
-0.284725066783308
-0.288208387504679
-0.180135000719284
-0.420041962356002
-0.314702274294018
-0.311782736196138
-0.174603154072879
-0.195212168984044
-0.237774138936796
-0.311607725838315
-0.284449381053533
-0.413316866763236
-0.242322516124743
-0.231247566923788
-0.301126317008299
-0.266036746810178
-0.323851884274064
-0.381326360521073
-0.29080155688307
-0.239349653913294
-0.380666197050535
-0.231153475738825
-0.332524322803694
-0.32687204350272
-0.382974006124684
-0.189899731429607
-0.234153413712548
-0.214586573016439
-0.201819348198868
-0.162499567027914
-0.261493414029087
-0.0726147240255002
-0.378767863238572
-0.234316770496236
-0.207881914024602
-0.149214565933156
-0.301200054360018
-0.316033352817225
-0.245327106560816
-0.108014370272862
-0.212353827421237
-0.282991725926302
-0.332843951281989
-0.0383690556039887
-0.0690783234257476
-0.36795762997233
-0.227761850082673
-0.229118208592671
-0.277437535486815
-0.0390325759298071
-0.164079638624627
-0.237933392465212
-0.205154441748266
-0.152004654025725
-0.239212564537254
-0.179761811894375
-0.0698045463570171
-0.155230983894295
-0.0777246513973951
-0.197798976472834
-0.138780816312772
-0.197971239739903
-0.226165406841367
-0.040742940460484
-0.0705545324829417
-0.185573787368124
-0.0934754092389467
-0.00550471597762638
-0.0928817149747128
-0.0953695478546434
-0.254017763802374
-0.162558101112369
-0.0571058177319817
-0.0662591646997351
-0.0677696082499093
-0.0581211542565291
0.0631613521884933
0.0217594577934056
-0.22429307489217
-0.139871156042008
-0.0501360047764309
0.102469473085928
-0.139962904333603
-0.0514735412799073
-0.14305662460931
-0.0473660266507829
-0.062570512134901
-0.286475084103314
-0.134330814767347
-0.105275957559832
-0.133449806290121
-0.185190386997688
-0.0223455826435855
-0.0946640203797216
-0.0280123172342704
-0.0522990882440909
-0.0443851155099639
-0.112035260274994
-0.0750389211888085
-0.00356688489248779
-0.0369764433088336
-0.045571578573684
-0.192566985171079
-0.10304676073973
-0.0659940077557459
-0.121964527904067
-0.141372331473705
-0.140820581157036
-0.0746488848895781
0.16243406770184
0.0929844944727253
-0.109547672090583
-0.020516006028552
-0.0460667600121251
0.0446686566508601
0.11259752361316
-0.0191430927270788
-0.0683897534413622
0.0163630969433555
0.098709066547811
-0.00451248834834262
0.00161293521829331
-0.029647737722908
0.0103980356196618
0.0563944442160467
-0.110230625750568
-0.0750697570482997
-0.0199023121158891
-0.00879718109846215
0.0252080298669653
-0.124177887873984
0.129110236786003
-0.0338180486847103
0.0433597729860714
-0.0220483102325077
0.0286638769576682
-0.11552569526092
-0.0329022118675711
0.0185981389923276
0.13921720529268
0.0391778487015703
-0.0456828937418539
-0.114937561809762
0.213551775366247
-0.0149183216816842
-0.0433943076763569
0.0627564064290581
0.135267391463358
-0.0206434262837354
-0.00609472367807113
-0.0789709571194334
-0.0092719030255561
0.133426247602965
0.0492041551916552
0.13597748823578
0.0425870790485138
-0.028183605059575
0.217553467072314
0.124408067591491
-0.0404515938683603
-0.0829928995617899
-0.0537129722659483
-0.072379563451169
0.0441226333279588
0.124340946506691
0.185036891233002
0.136712538826386
0.0288025431622131
0.0740753461830302
0.0752967176670182
0.0497423677740032
0.123275935901682
0.361304003484101
0.111084021537769
0.0597835168323548
-0.0143203698567541
0.0669657246752033
0.079805591674881
0.128305053963372
0.154716044417819
-0.0501894429396637
0.0692655280722811
0.215610495502223
0.0946081039724687
-0.00866106705402185
0.126171614056804
0.0156549605226818
0.0883657011656587
0.0936332892623824
0.118113133648218
0.161437681028336
0.0741172285690192
0.0771802071228635
0.106779302188617
0.046188149364513
0.119913088796445
0.129086018586483
0.107601938891935
0.207631441376498
-0.0471556335172901
0.0987134378341861
0.182307633174876
0.250350746289758
0.0199200320491096
0.0370251156511143
0.175653917357012
-0.0178542812143617
0.186458623828309
0.00456263014080213
0.285694498905989
0.167909708035332
0.154214912503443
0.119238873697876
0.0947894745729473
0.267324079467375
0.0595055234520618
0.226659456375731
0.0256693169722794
0.245997306382592
0.196199668521426
0.119753654972754
0.0871153146069025
0.335339241331381
0.2315558388946
0.233655824972876
0.164879130919658
0.0916158515584765
0.0585505628353683
0.100470179288935
0.032511744581579
0.258690411210877
0.276046321154091
-0.0592357303747918
0.268697221340171
0.309908083623254
0.235554828063336
0.235395899037047
0.189849011367103
0.140080933536981
0.168396606655997
0.283518844158636
0.0795168396365248
0.320709815352707
0.286908323405817
0.168435201182267
0.242248996131375
0.241869382586082
0.261167647614721
0.309406961880611
0.0884638895473318
0.213089998747322
0.272082521112514
0.264307818381718
0.391770302122091
0.266808628545991
0.219127858693566
0.258025926470937
0.228002627797619
0.135748858410235
0.273275531682632
0.297815283914965
0.0672673988415214
0.197129242931722
0.224481170712616
0.369266094147623
0.162317256827007
0.379534042310348
0.378823754308047
0.280972007135086
0.157288842352945
0.279717413801453
0.251747225469061
0.339328746343321
0.174508575477865
0.379549389121625
0.423327229630575
0.278343536477168
0.257071042582872
0.251838047406788
0.215297612120117
0.39522806829272
0.456293935900239
0.333418785022428
0.199265254178605
0.140742967346722
0.451195233548495
0.307923820528831
0.217714026335084
0.317020748635898
0.25306874674209
0.400499114162372
0.264533317497093
0.287622606505832
0.252029259160795
0.231615423907548
0.385353184337158
0.301615982745525
0.47337703669928
0.308342680169845
0.369256651320131
0.362615515634666
0.382069653900706
0.311926925667947
0.251190951118589
0.414718718976146
0.336611782210237
0.454360163690359
0.315930642983042
0.444179302548663
0.330848237758032
0.300011044439553
0.358516641366729
0.461122901290226
0.443135892784351
0.40865002183637
0.357334905161143
0.3441123913779
0.315065095715258
0.166537932063559
0.421407238289692
0.199836991916225
0.206297507543562
0.421807922394303
0.432989912021803
0.4117146730141
0.355694885951953
0.338318881516255
0.354837877755129
0.371538561627614
0.356883920143428
0.323394168263566
0.357006710353161
0.379016129399718
0.322265211690693
0.281830753184253
0.370785200371503
0.451912468198263
0.358742140063591
0.427957735601169
0.318756175291774
0.354652011527381
0.300788486529168
0.22568390313555
0.559026698343041
0.468701387246389
0.332735863886454
0.435819066816241
0.515126301795382
0.427883907899253
0.4644274191107
0.341351535477266
0.350565106968739
0.416124500056228
0.361181126473472
0.317523853226012
0.406225684730519
0.304436730643056
0.451928024690799
0.493819321562022
0.46648825385848
0.465847859368729
0.461985930344848
0.538961072279395
0.455064384944163
0.496716034360955
0.424230109063349
0.638234229969256
0.369221749245776
0.524076906565748
0.430451487512421
0.425898858417142
0.542018723859093
0.40924405423059
0.548876328363779
0.507674077585337
0.321755729262649
0.383245284027082
0.420498401843499
0.394351257228387
0.578942526160211
0.623921870113342
0.683924813848956
0.45249829457002
0.490155308697574
0.597080050689652
0.500965999041116
0.432360202593186
0.490659431983344
0.461921053978612
0.526249881086833
0.50100225418114
0.644530047353361
0.349749254745748
0.600926439916551
0.595507287775863
0.45074692817824
0.617727483353468
0.558630329885878
0.590656166653418
0.64428171940037
0.516139684481435
0.452450949741301
0.48054328880711
0.59446746091296
0.463114161377659
0.486157944315187
0.602334015227663
0.579065774744381
0.508669154079968
0.553843662624584
0.49225738674727
0.737200958407536
0.677743672791993
0.396786524762677
0.456276142088741
0.57975960787651
0.592945614993465
0.475713043276613
0.369501645320999
0.461820323927351
0.544037512881839
0.584529177612493
0.587564107090386
0.436868205053668
0.716266671483328
0.654745861396377
0.580670073197328
0.56965233548358
0.702183281702748
0.430511824064135
0.373336592495417
0.543102276739085
0.531277779266207
0.535791891281854
0.493358407086493
0.425493547386213
0.568484738008843
0.571722579280008
0.83994398750743
0.687571160944203
0.573161779755901
0.632349288993941
0.713020165215497
0.622941383895312
0.666480504568871
0.651029698349847
0.555959785069889
0.565712415321826
0.576874061490141
0.691962568855994
0.516206613195467
0.698393040301228
0.685111510194071
0.680956233603839
0.749882459860547
0.575676525914941
0.70016390519694
0.64531638216674
0.672879761578903
0.589453769212015
0.744203323473942
0.841929679309936
0.842044153093514
0.62489721419307
0.607009491335476
0.670862649927382
0.807657860384422
0.620106558497172
0.714642082177644
0.698881873728397
0.668294682208212
0.576137568614485
0.591034751803957
0.627379124883518
0.564635255818528
0.794945061586533
0.577867747278304
0.640160475990525
0.482698340158153
0.630278456038462
0.655064135701243
0.516912074007958
0.674940347768012
0.63287128033837
0.735846113057389
0.634920505328457
0.720056825001132
0.670015840598756
0.530936099849975
0.61411660240288
0.742643280056438
0.79998726461667
0.814788435135474
0.728210646999663
0.719317523176405
0.776454254051823
0.625635543071895
0.608937893493463
0.76922235698266
0.727672340137625
0.730231252857611
0.761308267567069
0.793087020372627
0.683527786507877
0.78148081547813
0.809318273188692
0.688616806365102
0.648358203320814
0.672228154948805
0.692966823855873
0.826707131369017
0.840595501703298
0.588868433830379
0.715024162750997
0.899055899275221
0.787482937825691
0.812680962447686
0.659301812241593
0.867027720123187
0.767671553416002
0.80005651173488
0.756845367998504
0.792248375712976
0.91681567407078
0.658655781166801
0.833091859942348
0.797185166652109
0.76809448946711
0.727730313312715
0.771988703202761
0.877648769460724
0.797718126197524
0.804714889723537
0.793530695962019
0.787608307078372
0.753644848443991
0.774088350266515
0.848391242628409
0.70772912658785
0.600318732466165
0.95354419069594
0.694091201169932
0.893263168875576
0.872109334881453
0.859165028619637
0.700881312539244
0.829872597982589
0.900725468184628
0.747675610888609
0.803454041682538
0.83796050314376
0.879375277380643
1.0231742193691
0.849191971698898
0.652931216031913
0.771956162692932
0.797983920299818
0.891568288639911
0.786182453080597
0.828771427334332
0.84924070229779
0.826228778146948
0.7112042525467
0.886054662973803
0.838228949476043
0.960715954712401
0.880222885601975
0.752415432918916
0.959251509115285
0.847573080983735
0.808855280896415
0.744448050178538
0.854504057397456
0.787579915479588
0.855964115567957
0.944958522625926
0.861953368584321
1.0536222045845
0.866165968624229
0.888020952978486
0.700181047412568
0.960090009270796
0.970703161644159
0.946079556986884
0.85300538558605
0.927498097142654
0.833454500044687
0.801012759856973
0.806162698060613
1.0406519261981
0.953570542835518
0.859046469880237
0.904683708377541
0.873845968370132
0.9057108028229
0.95092171310896
0.914803659186804
1.01155908985263
1.00910931401427
0.910468491350096
0.826254163567205
0.837093949977669
0.914501672706242
1.02316943171193
0.933193688461312
1.01493130405383
1.01090836795835
0.986562350196398
0.91183753356315
0.825987223277096
0.899849803554898
1.00151243345868
0.852036393637358
0.923129517971257
0.976584002919294
0.90759351588649
0.846918754037274
1.09369708186986
0.923044407194215
0.753085833207887
0.88624706731576
0.865333714262096
1.00569589915356
1.02629604185856
1.04814112533817
0.937658730838947
1.05302289120024
1.07589589332642
0.980600111686994
1.05591836379205
0.989046025345403
1.08359058005015
0.969202876865826
1.0219342429966
1.00878440625056
0.920945201000492
0.949810128026492
1.13408900259754
