-1.18723813198988
-1.0852207263916
-1.13034417137955
-0.887842238425307
-0.932681201736553
-0.949707969584519
-0.997685434177053
-0.909758714030022
-1.14414186851716
-1.00395766966157
-1.00352668425372
-0.991014346633903
-0.89997008174409
-0.86783129885477
-0.94108472696805
-0.971004322951172
-1.01051949873409
-0.980342007784138
-0.949097518261958
-0.903606973858394
-0.917033565408052
-0.985624435583785
-0.862916949737411
-0.90371186093658
-0.978446476084118
-0.831670832009283
-0.935016765550921
-0.889767966549912
-0.916456989160605
-0.970098910724694
-0.978025081033793
-1.01652687272232
-0.926648186935809
-0.906330694524676
-1.03688942766856
-0.948264405686024
-0.930284437771574
-0.920580636023536
-0.815927499074353
-0.834498705893199
-0.911713138000395
-0.792877909353069
-0.800997865368852
-0.813452728481847
-1.01496842773732
-0.883048550375389
-0.898074614219222
-0.942673593576501
-0.887840381391742
-0.880391865571833
-0.794814233842838
-1.00252872717743
-0.864276644162921
-0.861006097328084
-0.916433135847615
-1.04176743662836
-0.935402947159064
-0.921762760457776
-0.960915680786689
-0.897996512374991
-0.699437384531907
-0.929802810054597
-0.895896351267474
-0.751924946396759
-0.808876112515318
-0.697594574991642
-0.884462369251003
-0.840494175847213
-0.825847669484526
-0.844797249180736
-0.858121539294716
-0.827775857868748
-1.06880434615249
-0.960389098714792
-0.969819446785804
-0.933066749426364
-0.850816309793923
-0.714419381400634
-0.769176084355049
-0.840696087352865
-0.817809266294208
-0.834082601632799
-0.860931284679553
-0.831638049163834
-0.794775242072408
-0.723475133437454
-0.813079559911432
-0.876754378827443
-0.852134448053386
-0.791392140450959
-0.718673413019143
-0.731248168017642
-0.774693273890343
-0.640028127943359
-0.819372333223396
-0.913644486470203
-0.861762743341171
-0.710289715845324
-0.786260829765269
-0.727411329547667
-0.876631421892708
-0.803138211785663
-0.826512059705747
-0.879687615072486
-0.835352679995824
-0.874801427276478
-0.775933098176434
-0.805513541932364
-0.821808432492545
-0.771366655398271
-0.785836820890196
-0.809001115421792
-0.765765610349211
-0.603578043558399
-0.786546900438074
-0.897667250860486
-0.635741358393902
-0.683744827171422
-0.630185855044811
-0.672062045710948
-0.652489850817091
-0.771132032942158
-0.695475091448943
-0.777149818001624
-0.719407039058141
-0.673686444452118
-0.72349217106241
-0.588974831021422
-0.681686528677222
-0.786671481409976
-0.672220588637085
-0.864121625031399
-0.615264621950136
-0.638570594667145
-0.728495728678706
-0.786030108070509
-0.756529790078014
-0.704992407457123
-0.652580737680167
-0.766173510712574
-0.685793183060446
-0.771174101865798
-0.802525607816445
-0.835000506718071
-0.617905442377043
-0.782340816935675
-0.621586213115282
-0.750255127923177
-0.758613449928121
-0.725035625735952
-0.550098907508691
-0.63912529361111
-0.76462702967634
-0.589246611281929
-0.755886129876441
-0.726235002513269
-0.595998638551855
-0.704300369955864
-0.757851238561156
-0.770638491242651
-0.683152161170452
-0.797125112640227
-0.587264336042762
-0.595409387113109
-0.669678019746263
-0.574358554002271
-0.55867617156838
-0.722584876610664
-0.547260986272111
-0.768161749757395
-0.719426607864393
-0.652362883921928
-0.720834455813385
-0.571431373459674
-0.712442290929604
-0.658544386002138
-0.68398077052039
-0.599474259153287
-0.664602353455444
-0.662412960836604
-0.702833922727488
-0.617315329238481
-0.600011794014946
-0.582244389907338
-0.686109728163585
-0.624848464128191
-0.599000539484691
-0.668328240429777
-0.669474463783857
-0.834104001496061
-0.526491219188734
-0.665141381904033
-0.6452052885341
-0.630413629909731
-0.634881407272765
-0.677145684980059
-0.548700373059173
-0.730317020125855
-0.554458858891721
-0.574461238496744
-0.606301611560548
-0.7099709001048
-0.633187710916337
-0.648972933945555
-0.629290784069698
-0.661368270671738
-0.422709489321638
-0.518846597819245
-0.739983156475343
-0.654812597269054
-0.55997312947266
-0.475746810704424
-0.520661131484997
-0.515266774548083
-0.686296625749889
-0.432342135170502
-0.415202164234662
-0.713780475855798
-0.607099511076916
-0.546812087686709
-0.511935190473595
-0.503273733217155
-0.627894278298656
-0.414129019432296
-0.47632611675458
-0.644660844908237
-0.673004887430363
-0.466092089146683
-0.405437792527343
-0.445910937142317
-0.624020593183552
-0.570582042266309
-0.372998388576336
-0.584681194423111
-0.520618960746432
-0.54313719812122
-0.575135407304202
-0.414311836099906
-0.561513427325869
-0.522346254470271
-0.564414491598344
-0.41153475316651
-0.568816226555014
-0.485669812064454
-0.384930568795159
-0.51162041996691
-0.584073067126506
-0.572173208924455
-0.442241869290345
-0.481229094297609
-0.571716347563262
-0.516776874705175
-0.551377953741358
-0.545101832776963
-0.666736925227667
-0.477975505776462
-0.424398052509041
-0.364370478584139
-0.474582692876797
-0.531046972071651
-0.479748812274669
-0.422032316714242
-0.535633448404118
-0.39261307977588
-0.50376645024077
-0.429537112252492
-0.469674756805934
-0.500353599069346
-0.370686322890927
-0.351675587057237
-0.489037972790163
-0.542701351217081
-0.479805951297791
-0.317146901326137
-0.455000509559531
-0.425592804432806
-0.377879233447338
-0.502615588802124
-0.543599530452046
-0.440900213982477
-0.30534389485904
-0.395856567046215
-0.542761974256536
-0.432097144500793
-0.396871107932271
-0.367087641981768
-0.474795305521591
-0.465188431427857
-0.29903969665898
-0.380994892680378
-0.397349618226463
-0.572735416963861
-0.393238761736037
-0.406732784688189
-0.411411283417144
-0.309001806920928
-0.548940550029659
-0.352549680134418
-0.501782737703564
-0.470083355699705
-0.335524868932474
-0.404769679315869
-0.348541719165892
-0.393017733623442
-0.213486476359777
-0.22942095617938
-0.36943332858107
-0.446106213816035
-0.308363070909018
-0.488212767381168
-0.324039611474
-0.57143549657575
-0.469765783829285
-0.253715186146115
-0.405974888706013
-0.27352107514664
-0.393327852783132
-0.534617911914258
-0.261838686651846
-0.298110439752869
-0.302718477265605
-0.341455940463402
-0.236059371907184
-0.228236525021522
-0.338225342558066
-0.332200013613605
-0.371683795274456
-0.296557837844522
-0.470676428764767
-0.349157689172525
-0.334138193732468
-0.307811027782593
-0.132986100950803
-0.391690813033923
-0.441407058874045
-0.434424722774311
-0.344461879583517
-0.390089656191227
-0.320301038648467
-0.409425897366166
-0.302660465998156
-0.391516229539615
-0.341145574443391
-0.270194286490133
-0.342762186457957
-0.268384470602707
-0.428171757638617
-0.298152876708937
-0.256502727342323
-0.288988605606033
-0.462910671010505
-0.349696079934959
-0.251749546751657
-0.215122648880913
-0.295896861246426
-0.32067869229846
-0.286557332541406
-0.34945873846993
-0.178922697027815
-0.315113870873771
-0.242068567085614
-0.400876439419304
-0.357695789390221
-0.344203049321069
-0.262409140148025
-0.397552561937143
-0.283822424706428
-0.236874831955906
-0.144321819294794
-0.138268813171471
-0.150183591547226
-0.303693265128079
-0.30052842702547
-0.215073506144959
-0.309674387088778
-0.153789792828903
-0.277264979827546
-0.0409727113540379
-0.278799161652905
-0.459704037700933
-0.328433870784033
-0.233558570950039
-0.18871124910882
-0.38568476241593
-0.393557918295565
-0.256898775872475
-0.186906268627324
-0.137224455246325
-0.251330336140484
-0.172445142769008
-0.279624362569395
-0.149085009063037
-0.121315418266176
-0.35698280291606
-0.182019495468404
-0.293467313497083
-0.189391274059494
-0.173772892960011
-0.187035065141049
-0.21671943329304
-0.115335091414776
-0.204518208437011
-0.340809483922223
-0.209356504147479
-0.065118637207334
-0.338873928054154
-0.19156404080083
-0.170257055556822
-0.0101584771390017
-0.172288879956778
-0.154659189789515
-0.0846250582411351
-0.249344757874435
-0.215856149969815
-0.156992217480599
-0.362407384535731
-0.0955909724152743
-0.305725999648836
-0.1518552931131
-0.0977091178237501
-0.253885881030069
-0.136325012789018
-0.205726605356451
-0.255578274315355
-0.261803501314976
-0.121308771383838
-0.113626548935506
-0.0351305606278889
-0.165903440204848
-0.0348734318060968
-0.231367500342454
-0.277865858209582
-0.241188631874337
-0.179223605003616
-0.248398345864395
-0.0542789317919025
-0.183101594756059
-0.0187860219397427
-0.0826598719196292
0.0526714024610418
-0.0127520192410339
-0.0913290790400653
0.00525552584665857
-0.17722270475587
-0.187280123379555
-0.129381663139434
-0.118054682522272
-0.00807215351565304
-0.192633745571348
-0.0831851669819752
-0.119544646030126
-0.0103443539428428
-0.179876129376412
-0.182818802490789
-0.159349265079693
-0.0656224566505473
-0.0720043469738614
-0.0164235773364724
-0.203202520080831
-0.196224706967642
-0.131515323865663
-0.037756573194539
-0.18836884619937
-0.176050954498755
-0.15824003256172
0.0323025161403294
-0.0885398641644016
-0.0401293000089002
-0.133265357533011
-0.160745181683375
-0.15089026007146
-0.144719731263309
-0.213025966532942
-0.116595182290653
-0.0934413516338047
-0.108993615392592
0.0993685780664956
0.0230518634998773
-0.140729260931181
-0.100852253278297
-0.135239351452369
-0.0229319991490001
-0.092705944602639
-0.188006505086786
0.098953028012591
0.125605227124317
0.0549844135363781
0.0411764277137298
-0.173204438152182
-0.059823855886417
-0.0430547983685097
-0.0369552418323901
-0.0219594507400289
0.0396478995439874
0.0495563122827259
-0.152470231348432
-0.168202784739236
0.120367540443572
-0.0846502699653176
-0.00358810250470666
0.0617520939581571
-0.091891399306346
0.0444542873583187
0.061718367440601
0.0180814703098194
0.0255476085327353
-0.0883926344793731
-0.180084836850301
0.0982756423977382
-0.104470506874375
-0.021458383191963
-0.0195864753270189
0.0701291837479205
-0.105951532730554
0.0317475862300783
0.189109342596232
-0.0534762402944972
0.050995541479086
0.0935578901412585
0.0565656271277742
-0.0291786019560164
0.122997716111769
-0.00789373867046272
0.0333450390896634
-0.00653505323565113
0.217499466937995
0.12379526787419
0.118013216331767
0.0473879728810996
0.0679520885885695
0.107353646920087
0.0590116429775801
0.0351580810351575
0.126534756988621
0.0412534750733917
0.126716216294654
0.0408751753895469
0.0458794570297818
0.10950140659883
-0.00609017428744481
-0.0170240201103649
0.149114123988475
0.0863654537333676
0.0256989413573442
-0.0528407165841804
-0.00737535771037603
0.203147290787249
-0.0236114486376234
0.141111305377495
0.0133691920706462
0.0354815802117565
0.0790692670044074
0.0182312841982808
0.166505038612541
0.0960497533146483
0.245097894917498
0.0423440553380297
0.184975746972327
0.0309937348063559
0.149064264038701
0.0257082850106563
-0.0973620816820042
0.119630333281644
0.093700752367409
0.202730529415866
0.243782693466917
0.243158024049551
0.0179596311329531
0.129350188855594
0.237749515839299
0.139089394552786
0.097810963437222
0.127126494843859
0.0951643974219802
0.152382886218938
0.16477619913723
0.00709685901004909
0.13780976725803
0.193063554131347
0.0762679698812847
0.329995058768628
0.0347736704724723
0.209399188808881
0.210321869966843
0.156796792925532
0.118355942198015
0.205420776513506
0.10336266585633
0.165048375912047
0.308954525586152
0.311883004274733
0.259902581703313
0.124887969711269
0.0820204936094577
0.147719507291152
0.204896338597713
0.113322152978206
0.205781696664749
0.149145145962296
0.281401835053707
0.120702137132608
0.0836921422038366
0.18740858726466
0.195480375248731
0.381978368643278
0.336731530271298
0.19526228919582
0.338713404411971
0.221869432084837
0.221156887542471
0.251313588582991
0.241825121305977
0.217296288504674
0.124325429721508
0.26192655628483
0.305487013861374
0.286234597697947
0.232539679817948
0.352167623447265
0.239607999861546
0.347256367187424
0.220209963259981
0.151803628931269
0.229966177392658
0.270054080583219
0.303557097040868
0.124944691128323
0.332647560641039
0.239098074789658
0.293016536687641
0.282852082543845
0.130521057738044
0.10604562584263
0.17777671921294
0.388291128506568
0.270996710754945
0.250907392465671
0.314631816881079
0.355690821315922
0.221555014732102
0.0958728198968516
0.374741578924643
0.300720747380453
0.220182662846105
0.361037653181707
0.0804812250405402
0.337907054658732
0.197560246879382
0.218198840040862
0.287283880569186
0.259419160135961
0.257635129339653
0.387021612116392
0.341682855518719
0.403767812849068
0.377741741983393
0.449747501502802
0.238910295072921
0.39510723628221
0.28589063171039
0.340063391474436
0.20607038214328
0.371331120950958
0.227511904871134
0.510752108610216
0.452686358287211
0.292839470631177
0.327408834867762
0.376759680228186
0.365631762963971
0.251398974936307
0.271899436172407
0.308540650028496
0.326992866689915
0.423549842073357
0.386373399549332
0.275976693070328
0.462471909266438
0.446532520576202
0.403733720928052
0.494847461271392
0.492506833156316
0.347794058019532
0.400703818458463
0.548881558959643
0.161435760834605
0.363239656086581
0.413839589842649
0.283650547621499
0.285157119949869
0.233836928109341
0.525237290411434
0.386903377027918
0.309584649497012
0.502008040313947
0.400546098196773
0.404077861009938
0.369471857277846
0.448820052133802
0.335263392559086
0.51618553634927
0.414001753409251
0.452991400793597
0.397454538161319
0.43625129244503
0.357194785738014
0.382361542270913
0.440029854026991
0.398454702286422
0.404878354825316
0.430297875276527
0.291174635293356
0.385123181369509
0.407848031446187
0.511223477981361
0.399563671144979
0.465935498193235
0.36760838625877
0.419513381804705
0.442742980562096
0.291519352945413
0.405658142732603
0.552906281886276
0.46698305157741
0.54749259752591
0.609514323148012
0.440308248757543
0.46434465771903
0.337505975984487
0.548259332881794
0.465003494140927
0.368386737003343
0.559176231871857
0.509622282903526
0.47170276647471
0.572867182403933
0.45346131142153
0.519099714805293
0.533207019418365
0.558907897448448
0.461520345913266
0.567101322202399
0.431127547817823
0.546356695681118
0.409219575073657
0.376927855778397
0.443763194626003
0.74443228152551
0.523650851236411
0.491567641826667
0.429268936311539
0.499036211426076
0.575006496537598
0.553661983332266
0.380571878891502
0.582625283677701
0.668559477204317
0.453996578940384
0.452536313927197
0.436249660626728
0.383927365598014
0.50923417656815
0.568451676988396
0.461268538449604
0.540218342279932
0.488843603720887
0.445772259614087
0.420504311766098
0.522819675602871
0.550240834874831
0.601672322127249
0.632210399712506
0.631389792766931
0.381471484616039
0.523748853612687
0.549530979909166
0.587081483672756
0.598158551791144
0.427923848804822
0.552817075359551
0.605990123135597
0.61152908204424
0.555427827940824
0.654198206612489
0.565690198756008
0.523983720370594
0.628722263854011
0.553181338485438
0.647931451908585
0.585700480031881
0.575339265754016
0.39419696411496
0.477258778269506
0.591192404540263
0.565834876297361
0.623454673354131
0.511672373876591
0.581073384414773
0.544320490057439
0.544220931167636
0.619471446962596
0.563977190066195
0.444668089119768
0.826696750931671
0.689071934075305
0.580601559656436
0.583540720676986
0.709144933657308
0.500537356725261
0.682079498731051
0.608208468795557
0.597645874291661
0.58185114623882
0.637374702531794
0.621574388512386
0.635130224517054
0.723318127434876
0.577478064836433
0.738859477412626
0.553118475512536
0.610876654339506
0.683025523659468
0.5995115699197
0.579743332892921
0.768581772110838
0.754275536182731
0.603234564198929
0.6690175680485
0.679578886037285
0.706492198423191
0.708093584112125
0.676487545565133
0.752227843992839
0.765971680830988
0.741394638678839
0.569632047549226
0.605645830902605
0.715378755675992
0.757290371215949
0.741720362580362
0.662206705431859
0.513562696898132
0.628596159710648
0.776921353145868
0.609303349940053
0.722657776974452
0.688800326769959
0.82273359789149
0.67791759590909
0.638345215141373
0.574680943687826
0.769730105185599
0.735662169100002
0.607880871751757
0.66543067080261
0.70632221861625
0.694690033498069
0.730617955734618
0.651459716500612
0.74900448451944
0.564729474997858
0.885265248191963
0.637854854618478
0.555251193618664
0.767214758819561
0.738373025432581
0.768261746657851
0.687993775594499
0.838211134240792
0.7069505076873
0.736047234714936
0.713466840009609
0.72647612547144
0.728032090229689
0.814288605892612
0.870709007249662
0.858017839837472
0.747002485874672
0.667569442408242
0.552287865685717
0.73336855337289
0.709529462438438
0.840007743399702
0.766430768113745
0.68371862593155
0.88505825999294
0.70304543806284
0.8473794726746
0.767198518847738
0.668703201053102
0.841729665371715
0.69820489500828
0.941903720062575
0.750848775881138
0.656632796865821
0.844701324165909
0.837994676127373
0.7049944375983
0.775273880851175
0.743832555237549
0.853633148692652
0.767244270949472
0.820381829625406
0.685746366296294
0.658408722552148
0.856410329605889
0.845747646568548
0.803489339148698
0.844744810583894
0.848875771208336
0.913988239785618
0.829181125241244
0.799786091666694
0.878878789202423
0.94882866099063
0.784716774502912
0.901099454340171
0.675342268103919
0.75730030504899
0.831908392574708
1.03007891465209
0.75103113393815
0.873461565642531
0.805408187864461
0.687716731338102
0.841448714626028
0.910095063218961
0.797274681404808
0.765487615449856
0.880260261339618
0.89590415121576
1.02072501163976
0.883333994623415
0.908030437716531
0.896417613562012
0.993548725097279
0.811794660535854
0.853787549625938
0.954665463458437
0.764090106713735
0.97194934235542
0.950742987496191
0.685452911320012
0.891377503378587
1.02311804814905
0.908478880305957
0.732178500403619
0.951926904692145
0.801336570999732
0.896980656615049
0.886449405448529
0.752526200302301
0.872989743130684
1.05455736144631
0.840728399505015
0.801283753879236
0.990847897286626
0.932891271702694
0.870589439639744
0.95314625942335
0.883274474287694
0.885432903951764
0.916721574573645
1.05563623701116
1.02918984518892
0.841403494680937
0.915467314984951
1.07549420638111
1.06328609658583
1.01667733662353
0.977397720396387
0.942738358155703
0.82930931989587
1.02360638160126
0.985732747058369
0.906666390804983
0.794256969889086
1.02974651166546
0.996493768489679
0.786897209875293
0.76832203887398
0.832054841062395
0.965017974173355
0.823385063890381
0.960711860232458
0.824267616862863
0.979555914775297
1.00302484406178
1.07616508337569
1.00809944132516
1.00026298307065
1.00282325802862
0.978045673544232
1.01540860486255
1.028536507181
0.980441761866183
1.0672603052576
1.27014145306918
1.1384002172089
0.994443800630186
