-1.02000937010568
-0.890743015487243
-0.969946493301427
-0.926530686916068
-1.02064592406121
-1.0901490281463
-0.973701345130642
-0.81566319903718
-0.907971214572991
-0.941174998165779
-0.997654873239087
-1.02996699261836
-0.979806481726206
-1.06122115137268
-1.05913385546065
-0.965733986620297
-0.994157903839253
-1.17107021401002
-0.997500769678512
-1.00633675066035
-0.972870825496901
-0.956667420908212
-0.835945956125859
-0.933273759750291
-0.838561384821125
-0.934458809106398
-0.911845120419649
-1.07081161248526
-0.941859819885014
-0.758787728996357
-0.900366545116114
-0.856057556251705
-1.15745175066105
-0.861976673330566
-1.08753995212768
-1.03707260653106
-0.853301513808488
-1.08653609695088
-0.941361363604308
-0.809797977500528
-0.953350281580849
-0.857354466304125
-0.706452765627832
-0.751577343687104
-1.05292355977854
-0.856888776469321
-0.965682806725889
-0.998938394802173
-1.0584677854859
-0.796746575003702
-1.11479268580847
-0.951894166491409
-0.964351641685833
-0.707355712386012
-0.938754938991528
-0.781939213951847
-1.04962394507161
-1.01124694345516
-0.743422754351064
-0.911852876335582
-0.787613579704724
-0.983028461454234
-0.836912626062686
-0.842181587245465
-0.842593995164392
-0.800871289589635
-0.813758315030339
-0.939982031640644
-0.831911481543213
-0.803305584100418
-0.898165459161659
-0.823269127790321
-0.957167245442379
-0.70279110919091
-0.747047240209235
-0.733521418758992
-0.838389053403161
-0.74988494826981
-0.832263636450111
-0.821312273079348
-0.831807763711698
-0.753791701775205
-0.880613079504879
-0.756026732571963
-0.752819555478593
-0.680057796967637
-0.744490217986149
-0.984403055158685
-0.849796030443652
-1.01458361782141
-0.828557411296527
-0.80144979446243
-0.939350945958502
-0.785240173602161
-0.809617915121427
-0.672211823886724
-0.789416200598071
-0.905224626631263
-0.73505963135137
-0.813947136419626
-0.784903585365614
-0.840627274658499
-0.848325878414019
-0.828492154198874
-0.799393247066751
-0.860698734984035
-0.817524182760254
-0.97181371059856
-0.74633781055651
-0.758947350154457
-0.773198615241602
-0.813753136206775
-0.723597926446651
-0.825356666241338
-0.760550674328963
-0.666832647384777
-0.794339962209069
-0.635095148826218
-0.768029442583217
-0.670605479352144
-0.774268410729451
-0.817271568296831
-0.712516358652084
-0.8607087681646
-0.66579182528524
-0.637164883197076
-0.807930007113938
-0.76586091867781
-0.848872006826332
-0.658997196597168
-0.544128054736573
-0.757582610954379
-0.681180371157943
-0.875588509927052
-0.488258717072508
-0.739692210744138
-0.746165292891675
-0.78116899384897
-0.659240603642708
-0.671566982302589
-0.556626588847368
-0.588672852030382
-0.669737266848017
-0.669171610839964
-0.821346801416132
-0.819369260883845
-0.741116082192838
-0.711372400457332
-0.658790144317731
-0.845259168167847
-0.702120402668601
-0.750151285365132
-0.68609012555526
-0.791986752630972
-0.651327320242114
-0.613603738054163
-0.774980086140207
-0.611579169594625
-0.645571358108088
-0.693167764697299
-0.636347504715307
-0.667268859819837
-0.759279073122426
-0.699785428995376
-0.573329123381613
-0.604889090361297
-0.849797191623381
-0.527208120643341
-0.722210644705484
-0.61169483455792
-0.676083367113058
-0.679405341187429
-0.580026488113471
-0.647361622941992
-0.566618773659842
-0.685222261025594
-0.665915003385892
-0.490540312513349
-0.787715246366332
-0.641437462625458
-0.687700404752657
-0.581849569472785
-0.656419049538719
-0.530735246317579
-0.589080039616569
-0.56846941845705
-0.646732185551965
-0.541583995568757
-0.662861766227992
-0.578764859093788
-0.50857195517135
-0.732574023164718
-0.665522285369815
-0.637797711452539
-0.598273554840657
-0.742701174637035
-0.563020339016021
-0.618717269430183
-0.647192251807521
-0.704866494758138
-0.468160807633488
-0.573089647663396
-0.711949226436765
-0.603113853824626
-0.698498052781311
-0.649877188811708
-0.776854060285715
-0.657659728499102
-0.571661736991619
-0.513078385197822
-0.637587632123994
-0.525242386896945
-0.584193856812207
-0.535214884366028
-0.56860207600782
-0.54328618361164
-0.568817646350734
-0.644021127580447
-0.602771630549877
-0.692558278791851
-0.538725564616668
-0.586847141696557
-0.579563242733481
-0.597810543536989
-0.480612955659362
-0.453725601116802
-0.648471641253236
-0.564655752667446
-0.592340309846819
-0.509942359363959
-0.359491606375284
-0.517683575066421
-0.403759280179733
-0.609975071740001
-0.435188015290868
-0.653304408772735
-0.52539663304415
-0.527034481085417
-0.541806929375233
-0.608460326796552
-0.465497770860958
-0.535628826376041
-0.645121324084493
-0.638168920704694
-0.428945399746629
-0.45311118884735
-0.449807296717287
-0.559492241924027
-0.428833887194491
-0.469303999313857
-0.523901184037849
-0.50579495713364
-0.412294587367138
-0.589189249234044
-0.613265405203045
-0.520624881625756
-0.472431974767282
-0.453963899903465
-0.445433125421397
-0.356951515249863
-0.435073032334078
-0.594804096831096
-0.371569524640741
-0.583001512784061
-0.557147885089137
-0.480642955140465
-0.42004167321006
-0.27313524119843
-0.349893372627651
-0.295397917457777
-0.40129841997975
-0.430027893805127
-0.490982566364545
-0.541668707785235
-0.366010033474231
-0.494609389011112
-0.53510467463292
-0.422810024202857
-0.431090697365323
-0.457750203606761
-0.497729438443108
-0.358103973260099
-0.532044583457533
-0.269592827772478
-0.359263138884506
-0.390912102446605
-0.433203122428383
-0.443830796163864
-0.505809817308872
-0.309950966215677
-0.40192130447285
-0.471744576407121
-0.492651791893263
-0.429230713803243
-0.496778236692836
-0.306222796446458
-0.435116549830915
-0.44028008027153
-0.596754066803278
-0.409685156374943
-0.431423518312663
-0.408573550345258
-0.278559373547121
-0.305175722932193
-0.386440306738422
-0.371543608351385
-0.321456718072616
-0.26382634112109
-0.341021952186937
-0.327367700944604
-0.501647957145293
-0.445946953341285
-0.140246768756663
-0.520871608717438
-0.326189537718273
-0.350968289760668
-0.397488954648498
-0.456184906881148
-0.442152194076353
-0.357321654088799
-0.378115328871565
-0.327148728313644
-0.25185363794417
-0.362327554620666
-0.320282844631372
-0.29962789137338
-0.114989704284682
-0.284639487140321
-0.352249030022446
-0.169777233022281
-0.495719449443099
-0.38850542342161
-0.307547933525904
-0.275856371111898
-0.286636777191462
-0.222863308434457
-0.403783859044622
-0.283534643393779
-0.340306948986948
-0.362748553090999
-0.317185880196407
-0.208056795304367
-0.271808870399489
-0.443900841980154
-0.215718920089001
-0.204583092030687
-0.227853173801952
-0.213180649481284
-0.344615658309902
-0.283025646065695
-0.211939921886268
-0.394570232656231
-0.217241192890179
-0.337693461354436
-0.314021990928396
-0.264437100725289
-0.24412936118238
-0.309815248347296
-0.225631820744709
-0.334914113344246
-0.411691223459043
-0.32346543182127
-0.345509169931356
-0.220359485068403
-0.196395706715121
-0.172238750190456
-0.328312933083333
-0.263973851994396
-0.215956589534389
-0.165676495878231
-0.303440240559276
-0.236081677002121
-0.458680291275065
-0.183162569493282
-0.319943526047524
-0.286719773534976
-0.176804246603521
-0.290111178533532
-0.218044274095069
-0.247508537100444
-0.36509130711804
-0.262771830716066
-0.252822574995186
-0.354306930248669
-0.257943342346214
-0.263836149664458
-0.350285171839706
-0.200463075494845
-0.0739956741231466
-0.24117660855611
-0.170876520252243
-0.302471627195418
-0.0957745481282971
-0.130595566445691
-0.278214409428632
-0.301189139075661
-0.154525736893215
-0.225413256762661
-0.360782320396486
-0.143293309633592
-0.195515589215883
-0.216698689825805
-0.218973895340594
-0.243603669204428
-0.306517428288289
-0.127525671082634
-0.069277927322906
-0.323245026104715
-0.121510999742029
-0.15511171626462
-0.124487547624593
-0.224167307882069
-0.163232887811728
-0.258410952584156
-0.241628646826182
-0.0320743673234664
-0.230725948543383
-0.325441538966536
-0.207824775727428
-0.173296327059809
-0.0291216554620163
-0.222730222604966
-0.187803210241169
-0.195120401207381
-0.263160195492091
-0.177449207132325
-0.21504813436667
-0.158103242928251
-0.134523395546549
-0.0757725526450379
-0.145702078596669
-0.140193549488926
-0.213109672223494
-0.101141982841812
-0.0546758931018818
-0.132635782478308
-0.118859789906005
-0.358350757739261
-0.0876838603359306
-0.196592381200318
-0.0511957600898327
-0.160515005233273
0.0074507951323127
-0.118038458531063
-0.0494411472465968
-0.143431855951723
-0.100006580823521
-0.141964742443153
-0.0919672518150531
-0.049748889466756
-0.265566934524143
-0.141097518608568
0.0723173834222951
-0.0439468512643727
-0.0221998626394476
-0.11599380138284
-0.0654535766950342
-0.0672583210223179
0.0195874344744589
-0.0131313767529597
-0.0593872106941175
-0.118110022864425
-0.0655120900083772
0.000479884551572199
-0.0712735862785286
-0.108886253735216
0.0621137523284362
-0.16657185855166
0.000684151359330889
-0.0190676064089079
-0.091685244524493
-0.132290612539794
0.000438033438932455
0.0493220181193102
-0.0703950627590535
-0.158379479243728
-0.287042601279095
-0.0658577021884007
0.0651603156606793
0.0084947709219044
-0.00340396487070732
0.0445742266947376
-0.128704223397624
-0.0899328900807267
0.0391428598673002
-0.140680407497718
-0.122424166718508
0.0743891190157857
-0.235285339783844
0.0911216049473419
0.0547236206506511
0.121742427958135
-0.0894790452771144
-0.0462057787619697
-0.0751750697400475
0.0796882862834228
0.00862478422299732
0.0324843637128992
-0.201352016972699
-0.136074644093171
-0.067142505740346
-0.0874219107725999
0.033273983316557
0.0208602548895109
0.0455358479676664
0.0846752626342024
0.00875375021646544
0.0937214038943686
-0.178872333952427
0.0201985541765653
-0.13946515435122
0.0592291751539534
-0.0711119889086632
0.102550360425591
0.0618552138131731
-0.0383479998184836
-0.0793205851979756
0.100750182486217
0.0326908447208745
-0.0280387511212641
0.0421095125660541
0.156808069423658
-0.086527744122255
0.0803087165330344
-0.00246111634210493
0.0645866126622191
-0.0694461225462839
-0.104956812133261
0.076073240892464
0.105441481968875
-0.0371214856289093
-0.0706175669753544
0.16669905384325
-0.0209923474521206
0.08062176051144
0.0223009283117649
0.24096675722845
0.0813802880936232
0.0253600524163144
0.036489904408546
0.141866006492455
0.0295045245029839
0.0594246071861219
-0.0516148611061094
0.0203131009024578
0.0729192541122117
0.107157768640285
0.0633598981305018
0.0928024781135557
0.22012479352197
0.0757444879605348
-0.00174438231232614
-0.0839340982537362
0.0213996569161659
0.116404772474871
0.0913176092092467
-0.040928326734021
0.192316158825387
0.18705062890168
0.0695315535224844
0.0907951755336519
0.0795022566181072
0.183792986476171
0.277519904735078
-0.0297564741782281
0.241154391962207
0.183765376007827
-0.0922404678696805
0.149846911057615
0.135841816312909
0.0857218159151733
0.153847851777099
0.203051975839863
0.0904708330476039
0.0312644497921168
0.0804941680458927
0.310540480332346
0.25428059255776
0.174692355224571
0.172224980379909
-0.0294276662040496
0.24680186858362
0.22258382806532
0.0624129894235525
0.0595180602844464
0.0643940269706368
0.171374114017012
0.207173716548319
0.201270288333713
0.0693660617632156
0.138412702292717
0.296264537591284
0.133665213963173
0.236287945048802
0.0752472756925774
0.192806604894554
0.284917289248767
0.267274743694767
0.175249274634591
0.256650548530441
0.112344722907894
0.319515215545943
0.149262134933885
0.324225738845252
0.201604262063256
0.0130573987396963
0.175395007009308
0.291482519048675
0.271948478912627
0.361278124784281
0.209503167292012
0.197395718061488
0.360156463016287
0.301652723652885
0.28155745670517
0.143963215391744
0.0941886854396087
0.279388937043393
0.26444561085816
0.0222632596449387
0.238488986498306
0.248169916821433
0.173386418427067
0.295286783013417
0.190108761333209
0.266186102928472
0.110894919338105
0.280832419832276
0.213352678067054
0.35862449873359
0.401427381388569
0.254714509725915
0.0924677542851839
0.26173967019603
0.232748424302794
0.343817474460301
0.136112118693519
0.42566702133166
0.293142681490728
0.245302358772926
0.146512751007393
0.295204430263647
0.249110529112948
0.278863921123754
0.140735694574598
0.246060758504044
0.281865172751866
0.358704755978959
0.215030334872303
0.29935127884355
0.40910999622086
0.286453387452552
0.42115373714544
0.4205562041115
0.345069701224529
0.350940734227459
0.309206464438222
0.366517882815507
0.40444738830521
0.252625317532929
0.296598341081952
0.306345970572691
0.352180228976467
0.386305305754284
0.552430834741197
0.422348408879405
0.337699970811752
0.338712666843857
0.295387906806401
0.47643114718122
0.327915364139727
0.398648124396676
0.322612681691109
0.446595935215748
0.24216030962211
0.398061928701776
0.21258729902202
0.253378532796566
0.265169462277156
0.277511917550627
0.432077031166378
0.239232573661122
0.341955340254104
0.298344856115623
0.356603847614905
0.489884631105031
0.433979489898829
0.337728327404124
0.416678090032084
0.430089455793698
0.286219259078631
0.380089486715186
0.324139957467195
0.317253448172405
0.421577815116339
0.437041075425048
0.336255474206333
0.486350892871855
0.477551370606011
0.26867389218672
0.42836379960413
0.511162180654912
0.461944415227697
0.415432366894192
0.345180090957369
0.369502351493087
0.364634801294772
0.395959397185105
0.246807115659071
0.436366918294114
0.561266218728634
0.338520409032699
0.472553981150734
0.577401641840415
0.516549230868682
0.45901017448705
0.35086523690074
0.549994575897212
0.329842835394129
0.402041913318056
0.483035899722064
0.322304725811389
0.467121504943114
0.348574902947308
0.467977892370822
0.37818674990922
0.549826331448743
0.528754307025957
0.364880026619419
0.450226466818597
0.485367459040398
0.450729829285743
0.493626478746822
0.553320793401906
0.371456045930449
0.435516940067594
0.473502753212835
0.59451821610867
0.278322278193625
0.478535393496326
0.438035267157508
0.62998191072747
0.618932882097853
0.408353567070667
0.706667772150718
0.495896370922407
0.552834202518986
0.584059157766564
0.419796379131562
0.474244033926165
0.447652118807066
0.48066831342885
0.497299668470866
0.456777213366751
0.518844993700578
0.407812274933116
0.513395057659367
0.549312638795824
0.38818420427789
0.534140613850457
0.571585098906794
0.506540141569239
0.561842103431907
0.484018737581767
0.498902315306272
0.476228117882251
0.617537681636121
0.554226642610725
0.621767001494983
0.470040045578017
0.431429815739796
0.553564704079012
0.529287853679179
0.529819150166242
0.509037442294882
0.525512410712853
0.509436059158581
0.542284059681947
0.62376121952388
0.561399147722297
0.536005739714503
0.469040130368059
0.55974511170294
0.444654740830082
0.562743324342235
0.496042707826736
0.550359454082236
0.694343566343839
0.528673081587719
0.618147170153346
0.540125477991657
0.52910772747054
0.594650197515218
0.675898895817589
0.519350974373814
0.509376994228873
0.562982148891294
0.624733271957834
0.490420883446427
0.597020195018902
0.536282404778484
0.661506861347436
0.569082134873072
0.610300568439408
0.589132685652265
0.720935232624657
0.58847392367633
0.548349132031016
0.485459353392357
0.70186971362218
0.645063220327658
0.56741734031019
0.682235267266124
0.779992985744038
0.665326385246159
0.607061118879531
0.679959638314974
0.649752824797424
0.502985700578582
0.584602170954888
0.613712177107114
0.723126874652197
0.593220342561085
0.689603885476075
0.645829329634149
0.508404813822969
0.742821440733146
0.699569598333638
0.732205090464844
0.704650835496381
0.564745698525218
0.595120808752698
0.63826077810709
0.797992364701671
0.592266537904842
0.624162907955117
0.683291525456813
0.857150683681645
0.666591093462075
0.701300610673553
0.722447117842851
0.768025991759136
0.635146032888772
0.793037612028564
0.663882163395518
0.835631091330801
0.668348679972431
0.82536471259676
0.683116441049248
0.601293507454187
0.717645128239922
0.671778036196916
0.819116810021191
0.672944709453571
0.773440139623699
0.976924054267252
0.813437047489258
0.589551328884183
0.678837945223646
0.787419457907609
0.639165687212372
0.609834070503019
0.655501155300215
0.903995081285146
0.763171141672911
0.711046209718061
0.62821781855334
0.834603954715731
0.72623495231529
0.673155793636565
0.710555356149827
0.797483753965639
0.721392575016215
0.711722269316175
0.785850491859374
0.630741701743318
0.811887892949581
0.769071809200469
0.964904286787576
0.721022664961076
0.624156212729291
0.831516527352827
0.765907063057513
0.69086056030122
0.861880044326938
0.873221170220014
0.752241526776006
0.57171463932146
0.884615651221486
0.720073604597226
0.760272041917517
0.727620337620844
0.895702792355916
0.70760145068732
0.808733799473629
0.822587305717285
0.725156486963006
0.840922719122656
0.641984944389108
0.888191992386993
0.867985864740849
0.741871792208968
0.717114208257953
0.788443902283426
0.746501869362297
0.631400820727402
0.807196288756549
0.884938445790709
0.79717691200946
0.83114717386808
0.878756592842473
0.866601305330264
0.847734857525073
0.865693844771677
0.81870731703655
0.702646283483909
0.836229179248693
0.888831514121398
0.88470347450025
0.807246949629797
0.895443033786961
0.9809592008576
0.763002946531855
0.846704981969243
0.882725082731159
1.00729742822862
0.778977037485284
0.823820960165835
0.789656617554167
0.833807643684085
0.850922198408703
0.7337906242626
0.822261500880928
0.855171668894812
0.825757928192272
0.690788922956172
0.756748272957392
0.819022319957051
0.814281661922073
0.789113325582449
1.02681179960415
1.01763156766814
0.925687671520453
0.864834180825785
0.778793213156797
1.00673532548847
0.81303497658116
0.999655639786716
0.941648186367923
0.756256377426337
0.95267567058625
0.890037883849371
0.819564178173342
1.12136895867871
0.738983015547984
0.886857871575943
0.87071472226511
0.917539129802308
0.891466559723274
0.863164727998223
0.961193954443137
1.0174389908657
0.90723603735118
0.803200543691597
0.932073125686667
0.827068881417511
0.766827763886306
0.978094169186601
0.858901283389214
1.07146542170667
1.02825247969205
1.08009897177035
0.982104845604088
0.819374831049393
0.892440157959779
0.948088657247932
1.07437122755375
0.758762127573159
0.886976194532931
0.92259680696752
0.901302010108427
0.856882635809746
0.900587991190603
1.05034491947756
0.966046956773186
0.931906505487401
1.03710133683221
0.99661468612054
0.861012488678091
0.928621013865437
1.03572877765341
0.899322091597456
0.966455074307733
0.938540460451317
1.04207814330615
1.06054219119554
1.0338806979408
0.955876762213547
0.963388935635145
1.21958657640254
