-0.938110639181951
-1.01794336523266
-1.133332932549
-1.0829475905441
-1.05227309913702
-1.02092812728945
-0.91728767088492
-0.882403534855396
-1.04322433422173
-0.940539326549916
-0.933974749567734
-1.1100580935485
-0.953299374525665
-0.855762554413329
-0.799252922506847
-1.02984789839426
-1.07682140724423
-0.919879411771025
-1.00417561124799
-0.799990647765481
-0.815659943811944
-0.879007787711118
-0.952758431337719
-0.96656017896162
-0.838086410427032
-1.09201703035255
-0.955520974969873
-1.1076886922864
-0.943604391273343
-1.00373962632099
-0.923877741352025
-0.878108854515806
-0.953224647235152
-1.00682292808987
-0.864808067184966
-0.996397173779553
-0.875414353310556
-1.09763154165275
-0.859441863575977
-0.927591043221402
-0.969131458045152
-1.04927561702917
-0.967697021112033
-0.979077821109748
-0.886097712216399
-0.944861302643664
-0.90132536131114
-0.68099874978261
-0.883692625258796
-0.946448574543177
-0.998174615031728
-0.89758315424195
-0.809086902321082
-0.828635019515204
-0.907226777166654
-0.917849487458379
-0.836585254148432
-0.885283008163487
-0.892311184199113
-0.770951070224413
-0.890186859146955
-1.02213442659834
-0.904923466960154
-0.842834381360132
-0.897118101031614
-0.866818682803467
-0.805468489626915
-0.857971744714684
-0.850818781099938
-0.93350358384874
-0.708960815989222
-0.725354280063417
-0.998768293310293
-0.908562794178264
-0.776701513287407
-0.870338945491514
-0.957381250348649
-0.738099825870104
-0.897313520577261
-0.778433685193931
-0.825762708468815
-0.75574249241174
-0.98476163217838
-0.741540600119201
-1.02778660308221
-0.814397380272198
-0.995131774305341
-0.833019958498591
-0.762754225581992
-0.754681790463763
-0.794543588690037
-0.813747176941865
-0.832413761123922
-0.824168069636287
-0.782048386464202
-0.784344678779786
-0.765161876584508
-0.662137878996564
-0.909942812100316
-0.725394093178538
-0.759593515172934
-0.816959467794977
-0.600280527469379
-0.694529728259398
-0.802087531269963
-0.790903012489693
-0.731779761808379
-0.67456963310303
-0.810306304484673
-0.740537341058099
-0.579917568556662
-0.834723201598489
-0.85161496315869
-0.783409005792318
-0.860331623833854
-0.857432269047598
-0.765824864284299
-0.7728170429223
-0.585708832739354
-0.765586780323969
-0.650591037959633
-0.894039900872044
-0.804601559785497
-0.850772424384388
-0.870461665131729
-0.685405076445568
-0.853310233224614
-0.734573255475983
-0.817583184282107
-0.689727980274008
-0.680683687456139
-0.731751272956909
-0.672248735220418
-0.855077217870208
-0.750821267893237
-0.755237754778122
-0.660865898007301
-0.795422484068678
-0.652324531197888
-0.655018777891139
-0.642831615674267
-0.577324854626044
-0.886995886586297
-0.555816536127886
-0.657749991442638
-0.765199494115571
-0.76894717308086
-0.68431187618272
-0.658832829762275
-0.645029733868969
-0.581387524612847
-0.599496974114141
-0.644136709298079
-0.752283864019456
-0.738556658768031
-0.640389437765071
-0.693260146702803
-0.627827605723173
-0.692074830527125
-0.660107892917661
-0.767688877636059
-0.625260838721815
-0.656786077589799
-0.569845026692588
-0.60442414049679
-0.731388183225052
-0.743677093073722
-0.63251542480289
-0.732614241641062
-0.722934096250942
-0.578986689526247
-0.631186521958313
-0.523559374537469
-0.67871974774095
-0.694468343002581
-0.629275639642656
-0.697282529204369
-0.613679170962055
-0.80172784881321
-0.633011935575637
-0.743361696497913
-0.61478771703819
-0.627388423665505
-0.667806937621216
-0.680484861971202
-0.60184609962604
-0.636292127712488
-0.586516550708761
-0.619534568258376
-0.742176513049227
-0.641336528546252
-0.722485610971068
-0.494939579488309
-0.625762678937265
-0.656143968920749
-0.59560729683837
-0.678775413460663
-0.583300485017178
-0.644493304551075
-0.697114083699378
-0.696322567277408
-0.530062219484972
-0.545337653030799
-0.52213247395274
-0.667186383663386
-0.643084136863338
-0.38175401473034
-0.59378296534397
-0.483955867318121
-0.316579115904877
-0.520751991424953
-0.510530412893811
-0.644644539289507
-0.518661630648971
-0.629296464972986
-0.544002153073741
-0.335115275890856
-0.502694896135469
-0.709489917318945
-0.73396969351591
-0.626254405718756
-0.587523089720607
-0.403458783547419
-0.790859648911005
-0.699502610252128
-0.608701560795065
-0.439177490347747
-0.508780848306667
-0.373501335643201
-0.55880458118961
-0.66220778238506
-0.660148849709067
-0.617518153002205
-0.587594929712331
-0.54384518938151
-0.434954446663721
-0.699752793120113
-0.451179828593693
-0.565852374792443
-0.474235612724513
-0.524308881984173
-0.596501468515405
-0.515219455543878
-0.581409428181964
-0.589229619944606
-0.374307630945126
-0.531703618505945
-0.448287536129396
-0.433582067377444
-0.643342548273866
-0.395214846006786
-0.474940350637379
-0.429671070354267
-0.39847893649184
-0.639765356347705
-0.465012661518477
-0.489789290306433
-0.495248227930223
-0.463288759837758
-0.382387581104235
-0.570322113481537
-0.516042589375317
-0.248402642060197
-0.524134024740042
-0.63649616734923
-0.553625573042082
-0.415958667566253
-0.530222318860433
-0.553991387052562
-0.449432302582616
-0.464171373982358
-0.351440226243983
-0.410158265842492
-0.417861783659722
-0.434089293901955
-0.642829079236633
-0.448263549880533
-0.46758331784374
-0.46076444864533
-0.462359206292722
-0.411786728319622
-0.451796010756597
-0.509596980247727
-0.428530951140226
-0.456785345374924
-0.504926751686363
-0.374667099163686
-0.433566562106813
-0.329825918090843
-0.64821262043725
-0.466873635294324
-0.38879384392681
-0.591253688985972
-0.440399999024843
-0.399271894305193
-0.449583368855785
-0.44225458878786
-0.461260491160819
-0.309466347626894
-0.536201203075295
-0.46692781243861
-0.450494158297294
-0.350436620249816
-0.41800424985988
-0.256952563280445
-0.369941221946497
-0.547793487172387
-0.203652606280988
-0.328885103017802
-0.326178147116192
-0.347330584300462
-0.332777143304081
-0.403227556135015
-0.222818095550095
-0.422392678895784
-0.356884609365943
-0.351351943497131
-0.18914471082289
-0.463578300469043
-0.397364191485175
-0.295423318584088
-0.36058523997425
-0.328956391023407
-0.434821378647758
-0.423492028236891
-0.423265928853608
-0.201552723870893
-0.283048962165604
-0.374175478578196
-0.480670147827613
-0.188151287477208
-0.236678767036713
-0.280452546021183
-0.302599005881981
-0.285509736391251
-0.351987207352443
-0.285667084883126
-0.25195570380845
-0.338384960658238
-0.252189410144181
-0.301577472032193
-0.251943763463068
-0.349194114272171
-0.204945740135728
-0.343136577417321
-0.345153600737192
-0.283860476889046
-0.373625155080512
-0.272416160544672
-0.419610299864499
-0.212643330203361
-0.299558981836381
-0.30579880186076
-0.156988327955365
-0.413090659253894
-0.294328527692025
-0.252570008831602
-0.324519945408293
-0.25767392097956
-0.27124737330475
-0.254575748354717
-0.348353450171379
-0.286320484155608
-0.134250124378814
-0.206286428161024
-0.282693807668475
-0.31935219317406
-0.213851369525997
-0.208459924206437
-0.295573654955403
-0.215581511792911
-0.279278480834621
-0.155175697259576
-0.128180873739124
-0.288667797688785
-0.278653937691851
-0.163384463028642
-0.328502028093316
-0.170351333630525
-0.21934166348997
-0.239497943406526
-0.310848783580817
-0.139844607535129
-0.184837964760793
-0.200318729035547
-0.262943448817145
-0.296837798380009
-0.252368377547913
-0.272006524035361
-0.16958953905584
-0.294196841742425
-0.141226293932031
-0.21931993291108
-0.262267417494305
-0.265625979708699
-0.219574008574086
-0.0515796671877497
-0.304958009300004
-0.239064169241496
-0.0333940051610356
-0.133677735712787
-0.321460270358977
-0.0625079700923433
-0.154428962267697
-0.280114663447348
-0.279261260064154
0.0187095076703984
-0.304223344375959
-0.215019359241575
-0.0905656704448463
-0.181115111038654
-0.111115254274064
-0.165205368577963
-0.173416954041011
-0.125801391270668
-0.127776028658904
0.114415317855003
-0.0448389368164683
-0.0900362779881706
-0.16501948012827
-0.134128180128702
-0.121262802385213
-0.145627039921554
-0.125577411904364
-0.127542010934201
-0.198490723684855
-0.00233413054149414
-0.0539938827574475
-0.0360073554659925
-0.203619958247665
-0.233389094553855
-0.178459785349616
-0.101849349637315
-0.0943886092238786
-0.123614827415806
-0.12068483582249
0.0509222604017169
-0.0504005528649206
-0.129483931637412
-0.116444825816188
-0.123827455623914
-0.218824633400989
-0.25018408414182
-0.200854697265236
-0.156872627857938
-0.199997434342412
-0.178432065708283
-0.281467767017593
-0.19299440466875
-0.134376510747821
0.0748021670159379
-0.062877628105057
-0.0329517614776833
-0.150898874020637
-0.0158021854213135
-0.109537392793162
0.00759412752937908
-0.124635527340842
-0.133474439580753
-0.156586648232215
-0.048337122565355
-0.0363605585291838
-0.0903181510175371
-0.0799888337561346
-0.178533266870074
-0.174331895139813
-0.129172694502502
-0.0285788277171654
-0.0317496454267933
0.00983844893633124
-0.0853877034254513
-0.126991144013615
-0.0086388470994231
-0.00150265337500179
-0.295007360563415
-0.136790460365539
-0.246225765460549
0.0354919528529682
-0.0666447032177976
-0.0379223504377903
-0.0146950359875664
-0.0999559989480929
0.0582587463979547
0.0285072317741173
-0.0522262812395606
0.00231725183561451
-0.171443711269068
-0.046276966469326
-0.0802833438785181
-0.172825589554634
-0.00225738799819273
0.1160576850848
-0.0119998028657978
-0.156963610254621
0.0699199207259417
-0.132999357973888
-0.165321797710433
0.0381544658043532
0.00980738626257357
0.041033157169509
-0.024511346148944
-0.0363594196145728
0.0166260844526795
-0.0383453355892909
-0.0619086695361331
0.227817661832663
-0.149295072605945
-0.0457498450645055
-0.021343883639226
0.0545116341302926
0.0439329113782921
-0.0610307524654709
0.0339444510515433
-0.144259932954149
-0.0295436414666672
-0.0265266962367171
0.0598409429894646
-0.021158522716827
-0.0164777125532239
0.169613932767799
-0.089493463723793
-0.0315675573949629
0.035677989743877
-0.0851434791573427
-0.0229176588602244
-0.0364806129829602
0.185880149673966
0.106585689664369
0.0789572607192251
0.183237977780136
0.0415807272711429
0.0142380417956746
0.144126479385863
0.123826343045877
0.0832797625899742
0.197626793006438
0.113445648819869
0.0445544473929059
0.179947935949207
0.114886985221561
-0.0801600941200673
0.127407777487562
0.063795157024122
0.0625577755436358
0.00995133138093882
0.102929916843938
0.0980182439015939
0.14396032595086
-0.0124188086637609
0.0766220134119207
-0.0135414304192117
0.200621352220101
0.11070834903866
0.131797791759509
0.191916265355136
0.0490937214686671
0.11751683599104
0.1659956732406
0.141577221323521
0.200600237970712
-0.0201701405453451
0.013005699018502
0.068388998499008
0.072888870107814
0.359247428627954
0.245307907704745
0.245395773687138
0.0311181330801282
0.186808494479512
0.0186437318943404
0.162667528189551
0.268202200246795
-0.00549552798361872
0.000481480398109352
0.115568681776021
0.212006275086721
0.156733834929755
0.134730224238682
0.194528942292383
0.239121866094586
0.171035155329432
0.236946610235627
0.0869421154781002
0.184886576778224
0.106755075795759
-0.0233275704864635
0.124813724010867
0.0719955742436839
0.185890539492488
0.275208512868937
0.203849305711454
0.199550538157285
0.26100658492037
0.188113629630204
0.179164654145952
0.177056233287025
0.234804352473975
0.202910809511071
0.156157809572708
0.104117905336835
0.222883408024103
0.218404689382423
0.199178510665373
0.367985574188349
0.247151381747511
0.0115224575035751
0.215428401777271
0.199143651655053
0.370345592877322
0.138413532519702
0.226642042260153
0.263723240104024
0.145337442911865
0.376345674313306
0.291241070721123
0.230601729451159
0.234672729218148
0.142704149284226
0.293781250759011
0.444209074024454
0.351015372520366
0.169790731076913
0.256081873440411
0.253422774980857
0.317166653051314
0.296037049817068
0.373180548067022
0.184170243307012
0.328565160962479
0.332172443215388
0.196117263129098
0.203525646735062
0.249067205340686
0.342133979341651
0.242130941122798
0.411968116014591
0.276238138527006
0.46025218034042
0.254819978929942
0.273701747414117
0.309397834887887
0.297242009434734
0.239442526091276
0.235830257315088
0.210250104380478
0.357061804223009
0.41302995946808
0.352894750279125
0.230725154625508
0.449987122372439
0.529458940594483
0.404606778959699
0.368890327097619
0.34902004054746
0.0809614257940416
0.355873063787602
0.383962149313265
0.156678915153032
0.433231662892768
0.339795093168012
0.359167733111518
0.382098151039791
0.305304654159288
0.423198096091454
0.28211486945428
0.333883480415045
0.290674825113964
0.307947463106553
0.404048758461785
0.319436800615985
0.390253277840911
0.357776303058912
0.256729263683853
0.445898528915422
0.355772283097117
0.275990083144483
0.305157442063534
0.36205330538735
0.388345289943473
0.453021588622016
0.315419331299272
0.372151964591642
0.39333735840822
0.495543435166939
0.435336875094558
0.360000027929625
0.38612353949658
0.418454968129718
0.356326855746253
0.388011244429283
0.493025981994322
0.288004092728705
0.49946017022783
0.384008923382721
0.378114281038482
0.371183743894665
0.358844201990715
0.460282576903992
0.423511340355186
0.498379809269579
0.341560528438798
0.261142234788506
0.366437090555969
0.617355947015538
0.366204699909013
0.551256143676974
0.347024137913043
0.287475533830656
0.329689915982743
0.442049242001236
0.399788966156091
0.376583826414298
0.350096645097656
0.46205753646829
0.454711416886287
0.642400348976029
0.484968984608796
0.483981492081488
0.480242089681437
0.396032044264761
0.489510128390072
0.427429287378894
0.350208630334821
0.543884687293403
0.629517580318284
0.281254174152617
0.522831845898021
0.453459142373691
0.620551315349069
0.329588268630517
0.431213135891584
0.539043648192822
0.413910936849612
0.508061894924596
0.509773625008174
0.392584897459799
0.570428784337902
0.532716029599271
0.555843616230306
0.270714798514689
0.440187991618234
0.423919719874935
0.327644098973046
0.561885584072361
0.398809240139407
0.487465874876217
0.539248146519947
0.436028293674323
0.348498127286848
0.577890510441249
0.459467792811857
0.405691357660889
0.56293402888327
0.476466716303567
0.475791354738499
0.357932220324754
0.448901870625727
0.562915638740828
0.48335870021174
0.546146827458812
0.516026062832693
0.464349638131389
0.455066253526173
0.547065244269456
0.427182763186434
0.53781805823707
0.566771940318484
0.570477960168517
0.504939654658995
0.47109515679731
0.500363827402511
0.409830748343663
0.552457647457051
0.543381289781624
0.654088511530443
0.65600475491917
0.601838607018291
0.353980664440134
0.562150351976802
0.498205506601928
0.594488060595091
0.498031058857855
0.478248548433787
0.594137076142789
0.584933707069296
0.446043973707168
0.581576761741188
0.518313669512143
0.64086218848243
0.563527303023689
0.469865046547892
0.746959184469421
0.623084672403802
0.618168287406032
0.548738164142557
0.6247128558516
0.51850204698643
0.603133962881401
0.449095434494285
0.664706656961802
0.541020199074198
0.550637907712914
0.640698192636168
0.792633164997454
0.61550304678258
0.695874515366347
0.551359554309399
0.565236026255669
0.682172311316106
0.674921440925369
0.758849822214381
0.721054831868861
0.597545027184668
0.632929460517633
0.705209603649882
0.513121132097915
0.658836433922624
0.547603347533967
0.601634911711104
0.53985629498487
0.531897093052719
0.619469088617739
0.502164690434425
0.645001765178556
0.761846173219638
0.574643061688177
0.71854002921376
0.750890093129725
0.686670479183118
0.668157415015016
0.626982041317842
0.601263571046949
0.664204584455657
0.809615891896366
0.666979633332395
0.558544960979358
0.711621411751084
0.588799136301401
0.516365023020733
0.636859274257956
0.59204364636958
0.778029506505241
0.69777412909429
0.643843556310532
0.538178321308056
0.609741852198477
0.728129824046726
0.701586503395785
0.752371115847184
0.683312856063657
0.721063082746746
0.859646917961721
0.853554336526248
0.570589618578614
0.788950315707633
0.712763283484917
0.779013663678675
0.648670115895285
0.717781082724199
0.792039964031121
0.737883742154329
0.742818569460185
0.735788346373571
0.689691995689815
0.727316946738504
0.76750872734272
0.718250562211734
0.691027183381817
0.736675432842243
0.644038074059642
0.711994603654615
0.758499455147075
0.677828154353529
0.683491493026436
0.658606648078984
0.856666723652288
0.694106413107123
0.675583937132656
0.738683425938702
0.598346486586367
0.653058903419246
0.750028649984509
0.707135094881581
0.774027387681438
0.610507609000043
0.637871742820973
0.633633591906473
0.789772921512127
0.727467091530583
0.867745977025948
0.78637916789791
0.758515234906071
0.874451019539653
0.679270625173189
0.753906516735186
0.783922680536779
0.784330955970681
0.789811252774919
0.877678189450003
0.749353763784451
0.833971039703091
0.750730691646573
0.7894279983408
0.995793207000742
0.927110773008999
0.847142911951996
0.840409944431526
0.928896635209
0.76466057617984
0.803349237828501
0.793984604000806
0.840847487675261
0.931100401922205
0.788174946798587
0.802156679060197
0.81495535308559
1.00115337100427
0.628710059789832
0.842797548213518
0.779396573705704
0.881531312184879
0.826410545194914
0.817515866487468
0.78514941539702
0.923644692883658
0.621294963010164
0.929982714214249
0.867193474934357
0.660526552872059
0.924275171858376
0.912670147939518
0.951392904000138
0.863894742583207
0.950762610245291
0.784939700890237
0.785580585758517
0.86513334246155
0.991691609213428
0.917696329447923
0.849034850202887
1.00210881240921
0.838482433073406
0.792091137841851
0.967770731278107
0.954545647872944
0.822094260920425
0.837596577613681
0.908595109001176
0.992326578743797
0.934455493160611
0.996868813294721
1.00896203319527
1.01829349920799
0.905079855856669
0.817663483462273
0.926643920392982
0.941486716501538
1.05628851478957
0.929283187780541
0.94043702615609
0.981329866682134
0.937771210893179
0.995095270611394
1.07917537703481
0.910256742579053
0.916127311536587
0.852571870161899
1.00716035650222
0.961022341717839
0.928254972537766
0.891774802338004
1.08133204103621
0.96931522486672
0.965177405302894
0.922704065085531
0.93861224317932
0.882170668170674
0.944501473180175
1.04039125560677
1.02058035879417
0.845270781319788
1.08421783729943
0.982229102115045
0.827740584528787
0.916341609276315
0.94385844977933
1.10331541738353
0.95617426700938
1.08802544833615
1.03043881177477
0.914690642686657
0.799725424481455
0.989931352887588
1.11695733054401
1.13477820720061
1.0890044306873
0.929229576315885
1.0744434630702
1.02225153246298
1.00255649466653
