-1.10913176025178
-1.01062979849694
-1.0442125944714
-1.02331617303024
-0.911762115927698
-1.01425125991499
-0.905068910415605
-0.947509965599139
-1.11652630524263
-1.0714554755824
-1.03388286133505
-0.972620588163092
-0.918849453238457
-1.07114208239346
-0.88785894251888
-0.998353448314678
-0.880510574771601
-1.00298363907614
-1.00507447093109
-0.902769070465679
-1.08849853962587
-0.995472196845875
-0.885543430074597
-0.879797766595116
-1.01497270016061
-0.908202483718639
-0.879267283867517
-1.01992205495038
-0.954223027692921
-0.937708158378405
-1.04495402554287
-0.880873458229921
-0.89315290521571
-0.813513497709127
-0.844623189285011
-0.886874446018073
-0.789921493577617
-0.917381374002474
-0.878962898607179
-0.942683101159745
-0.90701212752276
-1.06875340390587
-1.08489877385965
-0.95114721875461
-0.817146031808656
-0.941349932837967
-0.997191104450861
-0.871275025331443
-0.795356966170928
-0.903221045885072
-0.906621635260468
-0.871984450772673
-0.856769427621442
-0.839139562560136
-0.86091128480324
-0.831258208932082
-0.918521777311657
-0.840021595772603
-0.988526740243451
-0.944546651506598
-0.848131052512032
-0.874125671289844
-0.89795360715306
-0.840835416207767
-0.878257858938842
-0.922264241435575
-0.935586736601547
-0.814443710523798
-0.901443964605017
-1.04186474428474
-0.960088776175071
-0.894592049398848
-0.950794781443033
-0.7967196169951
-0.836160648186809
-0.867087790565072
-0.901566837389144
-0.901385545913064
-0.878341076696172
-0.65357390383241
-0.894035216088771
-0.831068114062269
-0.828289176181612
-0.84957874332503
-0.897781353061565
-0.843489322122609
-0.793595955574745
-0.859898491016067
-0.807290649184565
-0.910162347242236
-0.812102372891651
-0.726007736225792
-0.849802980376633
-0.840595306004776
-0.777416119391255
-0.840653756119933
-0.844511669066213
-0.718459720943023
-0.792751295366418
-0.69506272756257
-0.844657370810239
-0.747364332349314
-0.748859786455703
-0.682579934502174
-0.717844442685603
-0.905355700274193
-0.622720742916671
-0.705774183685456
-0.736446443353274
-0.766934471091038
-0.827617331481509
-0.874531565738412
-0.786013283693093
-0.808287779395074
-0.877723406808669
-0.831042852940375
-0.879929145306946
-0.592863254958763
-0.771790551947372
-0.744323530918925
-0.763816247293354
-0.887329479528019
-0.807692400941199
-0.610909209440338
-0.475669327243981
-0.679693936804273
-0.699007405164554
-0.756180777411774
-0.751029272027169
-0.826374322050125
-0.769865706869546
-0.735267490483934
-0.736958890112102
-0.706850822350075
-0.635376829059411
-0.788629062369671
-0.822550416252785
-0.825182064873342
-0.578255153722978
-0.677997334585202
-0.639796492154978
-0.737425162985239
-0.672881867517048
-0.684052240119076
-0.631314149486472
-0.748561004251304
-0.815967376956652
-0.771660995857342
-0.64992894296411
-0.587152798859211
-0.564977017407084
-0.656177206045876
-0.684405663746503
-0.620112006348811
-0.713651903206971
-0.685824208496713
-0.832031003688122
-0.763084367611768
-0.559479290973449
-0.643803123945478
-0.70896846800522
-0.707150873350359
-0.792952962803423
-0.797545101385978
-0.70323369991199
-0.8039475319272
-0.609378543621801
-0.545153532526632
-0.672312321640479
-0.519279013703305
-0.654807252336293
-0.627331835474215
-0.645269761782773
-0.598971445670134
-0.651871280431842
-0.661670820405587
-0.541959310605149
-0.572041428933549
-0.564050754025302
-0.741458183855127
-0.704029011422062
-0.697793406730108
-0.640355688156101
-0.602115000538671
-0.569058921448647
-0.596618725630898
-0.660478076822578
-0.666467976848445
-0.560289668093816
-0.708503254334725
-0.613257197393471
-0.579836878794876
-0.622139211042483
-0.499906500133872
-0.575856498791083
-0.62846880850455
-0.605997391808341
-0.624392164547921
-0.676687373328251
-0.534077277610305
-0.571681297329747
-0.58845837318981
-0.667800506709219
-0.623145338561936
-0.500977821449609
-0.631010561104069
-0.546951841559926
-0.556187336498974
-0.438102288581987
-0.54322188779283
-0.590104172810158
-0.522106763651687
-0.43930451781098
-0.517798954199082
-0.546690437107535
-0.489927991000422
-0.36294998896867
-0.554089112412039
-0.555087759713004
-0.492274962573917
-0.575252617596187
-0.532979986857554
-0.699301987660334
-0.552469187943456
-0.576823715345347
-0.416837584742079
-0.482833732696245
-0.668407541795682
-0.451408497833437
-0.546983484421206
-0.544839378187619
-0.588302478958801
-0.455233541326026
-0.565889078993473
-0.54218056975349
-0.522972147692028
-0.359649182158271
-0.435962481014362
-0.502863322073135
-0.532000114972011
-0.498553617670567
-0.532732009765263
-0.668897689382339
-0.581575651722759
-0.447189586248694
-0.714295061567348
-0.323059043554837
-0.583804295217463
-0.50169832876342
-0.534362365998651
-0.385932885862963
-0.649382666192868
-0.324575867877811
-0.697195147118668
-0.600044944722154
-0.474956708245097
-0.48850320537282
-0.533166664018128
-0.475782746161657
-0.500193339132401
-0.421074659508204
-0.488281061012387
-0.472702025406618
-0.291702666048409
-0.518585028026645
-0.630626734559755
-0.450045867990417
-0.422961612916635
-0.480138455913361
-0.470196538832416
-0.324344343361995
-0.38002174770052
-0.565031393352168
-0.579827874881433
-0.352904671679328
-0.373099289162522
-0.352808195535518
-0.416982830733884
-0.605283178960167
-0.504666853576931
-0.554908405568812
-0.285055896103886
-0.556716784523872
-0.379857744662374
-0.354785745853101
-0.31332358396584
-0.311715909015275
-0.634547673776487
-0.355156045668837
-0.519794446130591
-0.682115074614372
-0.3249623116379
-0.552632292093805
-0.453753762524823
-0.44366424626968
-0.409587541576466
-0.398176521370814
-0.449974292187319
-0.407070560416336
-0.307771312821908
-0.33175199463341
-0.548749474530477
-0.441331590330029
-0.495509934300745
-0.505693353345733
-0.377665327020809
-0.376463545484079
-0.300323317361089
-0.456325056894017
-0.304351027694212
-0.444909921433118
-0.388822141433194
-0.35363171145178
-0.414616002192009
-0.324362298814239
-0.47188383613072
-0.225638622014295
-0.234796178174691
-0.335349039754011
-0.465807297545958
-0.316449135767136
-0.437940160859803
-0.416878403093382
-0.340748671250459
-0.483462292485538
-0.330690594625026
-0.250172818711191
-0.334378721361097
-0.406140387799958
-0.31225506541097
-0.365120759735223
-0.343750165459098
-0.314373998444298
-0.134171037490686
-0.415274170275792
-0.290985257612134
-0.326406200737893
-0.398613438431391
-0.550289079739517
-0.339726720793931
-0.438228769693451
-0.163895196876337
-0.308597235701991
-0.330737531984841
-0.199296835715647
-0.127759411167795
-0.3503880646091
-0.158939493313867
-0.38031994275151
-0.286616117732667
-0.287806633101448
-0.398329868690133
-0.10893404803138
-0.203478826524149
-0.340747334168207
-0.327865280257641
-0.303818775486477
-0.355285546183888
-0.305224394053879
-0.323717342569506
-0.284029820952957
-0.407435936065729
0.00962630295741564
-0.394632486532066
-0.181761483273986
-0.326033110043166
-0.289138639272649
-0.0863801901838357
-0.352368505931486
-0.291730822932187
-0.283309527492239
-0.129465427410042
-0.196671157895506
-0.132031965261886
-0.190280217829812
-0.188535978075857
-0.195968233626593
-0.253999393432616
-0.240760154687288
-0.445295310791033
-0.245730595523629
-0.303338914026615
-0.188963242601472
-0.068671733240069
-0.328255773620579
-0.189922298073909
-0.339510786241621
-0.269204398812868
-0.281242654325596
-0.304439592572418
-0.26712477190179
-0.0782063478803249
-0.0985050037409424
-0.174798629107975
-0.256167311343176
-0.17645127873197
-0.248594203408447
-0.316350554700856
-0.176279833280215
-0.283213786330092
-0.197885632805149
-0.286965147422123
-0.131641708984631
-0.350678927628746
-0.184556859212693
-0.218613909843094
-0.268748407234989
-0.167834731899987
-0.199216873153715
-0.111267674914283
-0.166083292533629
-0.0802644182298693
-0.0347798294458258
-0.162069831120339
-0.124643102713953
-0.0419004074781973
-0.240219881262951
-0.211684250889092
-0.182470647010133
-0.201788702302915
-0.0822396394838717
-0.231790758372599
-0.134931575218367
-0.081491661837737
-0.256506595798931
-0.203813899907884
-0.0699851481330915
-0.0476285208346945
-0.132795620247755
-0.150863312968103
-0.154277013690214
-0.169269270156743
-0.26852833201594
-0.0956226491421931
-0.0879090062237738
-0.173321443708013
-0.209258286406998
0.00945146212468538
-0.174171491697073
-0.165532653195298
-0.108913533593854
-0.0828197793509391
-0.0155565077720645
-0.00368850856461745
-0.136762655639461
-0.164013956571005
0.201465005490333
-0.000127037372926844
-0.0598513252555684
-0.290006302638105
-0.184713096779381
-0.245563460864261
-0.126937439918535
-0.151983035000159
-0.0828194444349655
-0.156814066839742
-0.0572632890433841
-0.117501338352174
-0.114582231829942
-0.102642210432103
-0.0478453705799335
-0.00290795808904319
-0.145670662660768
-0.166261430392766
-0.116030157516822
-0.0172288477397925
-0.0427481749538654
-0.0903402393296832
-0.00151188206195952
-0.0999541563302805
-0.0249547486224795
-0.0542436196847709
-0.148656294866243
0.0404280149166884
-0.0661802526430026
-0.0975283320463519
-0.0612678835743501
-0.0232914572302529
0.0396016884809604
-0.128490449924864
0.0728774798247096
0.137254552418717
-0.0930175686346997
0.0920497085820318
-0.05108536291859
-0.0146910492202964
-0.0674305611255234
-0.00972154975591995
-0.0538689385381153
-0.149383283537436
-0.0084977584008081
-0.0716923197035692
-0.060629543123592
-0.0193498155658912
0.108787902287666
0.0748300132750517
-0.0046626585237136
-0.0785029424903403
-0.0144494362543317
-0.0909562126962886
-0.00214773923555239
0.128006259225558
0.0124342034938506
-0.0192472442941515
-0.131599079875748
0.184025367181323
-0.10968396350794
-0.180110764560039
0.0949992057516927
0.00721647974726241
0.0551256536387864
0.0850549915022306
0.0419400297724483
-0.00809130824164807
0.040383876845601
0.0427114529462248
0.0765997214583176
0.126361944431095
0.0851635221419058
0.0221101666118586
0.0662735046479412
0.101991553642538
-0.12232177890183
0.188235009388427
0.0743793548416227
0.028022682998823
0.135119615449528
0.0975597059750442
0.0627973613588119
0.0131525294546734
0.114668519517551
0.115906233608217
0.10308585330394
0.0884603484216094
0.180997557835775
0.0203880993100261
0.0560517252902086
0.0105887784738434
0.129759949150243
0.147767839608008
0.119151895784871
0.237529110305779
0.128321125547691
0.0306756496186313
0.0801126169312374
0.148010685823539
0.0822942561495028
0.0553959897669706
0.0259647932089589
0.05387795898799
0.134916756413841
-0.00811593771726628
0.0819565815063468
-0.00498087892388728
0.190029830061348
-0.0442678278628243
0.151863263265198
0.186616003060227
0.128482132804372
0.2741832690234
0.306583003757689
0.200162535551171
0.138065148766579
0.121907376560799
0.0590181724598185
0.191865141627027
0.0463915163055684
0.0459696820507105
0.194578329782826
0.0354210998241906
0.167740907378511
0.128213390053647
0.055547607775053
0.124978386531899
0.18001580852463
0.0924449395669391
0.273783602989357
0.263993863674712
0.109138772039966
0.100994209407791
0.100194756217092
0.102992799966038
0.197241154367863
0.187038469099761
0.137629408462682
0.253454620512357
0.0639473578354146
0.349296125753227
0.202503487022749
0.147284412099337
0.221231195844476
0.110469855346476
0.212893722747509
0.292954818923558
0.0519850383591018
0.244253604922047
0.173962310692367
0.0327353163894238
0.18351338146888
0.127611610069681
0.230887897646383
0.149935582353029
0.28122190588286
0.262492098794243
0.128562337979774
0.392406264314495
0.298785517715538
0.0797334344725265
0.182346204187903
0.120235813952476
0.228612682250596
0.297581935485826
0.234645477734096
0.332947947931683
0.305549002762131
0.254224932515503
0.267858303045543
0.302120161812586
0.261735704170716
0.150271930518498
0.178429858072857
0.245537839579314
0.199569665477466
0.305067038700983
0.297165844098033
0.319849506582355
0.282295881350124
0.273718717534563
0.26029251357725
0.313895826360536
0.288825223830417
0.300967373367692
0.308651279993106
0.316496180921249
0.29670773241968
0.238390147786826
0.326833196303925
0.321401461136695
0.266156971523398
0.218615243516366
0.303035252225869
0.333202117876862
0.380051007134091
0.437585799616702
0.276731793354954
0.248232311837198
0.290027706024341
0.37608000167224
0.305073996676387
0.149877664406684
0.365008482978701
0.186570308500392
0.270513014019563
0.279013493709946
0.234914142400549
0.355901302656788
0.399449236324511
0.447996642622056
0.22595148345085
0.319594749625
0.276577220555181
0.301810500575328
0.268643390108553
0.257908664813071
0.22714360839684
0.401615991711087
0.403030427361382
0.210039718638339
0.314278196413601
0.242308541042091
0.239218059311924
0.209372716433645
0.256852951067527
0.426836522175902
0.37406147710837
0.33877382079906
0.312680809839982
0.273557571156697
0.46978566835516
0.41616747456035
0.543211852519625
0.504780679102316
0.293772998461162
0.383108634734009
0.46064020396837
0.36693125762974
0.420801838923861
0.535336184896801
0.296283978155663
0.326976260356258
0.457682143650432
0.375479170557247
0.345747045378867
0.51231775520164
0.39926450755191
0.292689822057374
0.243720307829022
0.431560610018688
0.287769212187113
0.304209764909777
0.380395572518513
0.335936554696844
0.444610426204015
0.440731948542285
0.341509944724446
0.381072612903331
0.26511245880853
0.39205659870534
0.340601417094211
0.545352396123919
0.453432819952193
0.491624359028863
0.403441044879943
0.384556658199839
0.290863275973067
0.424295690744844
0.528956856606718
0.38936249520481
0.369487767895004
0.458020292241324
0.464992551725353
0.45026884006508
0.359680127951181
0.486607686950579
0.52617552430165
0.471662253592473
0.297543801027347
0.425058350730217
0.424150763683549
0.578952318916325
0.540227296722444
0.378034393534099
0.398030654782955
0.467988127728139
0.449121606052901
0.49906752757105
0.379324703611309
0.441776081302892
0.49689497993358
0.603717413281018
0.531559124295402
0.598617469106674
0.413916139379523
0.559983456863394
0.525753235759045
0.524139650157945
0.508271186517004
0.619223798142873
0.562727292085129
0.511697045985037
0.375167653681276
0.344212490830076
0.487228835893731
0.408944063050593
0.566281342168747
0.44565457785208
0.588295940936936
0.545171755362955
0.483763542123027
0.690337808289855
0.641725337102257
0.628874203225101
0.478188266003675
0.535266448675903
0.418329047179106
0.559137296634869
0.520090328502036
0.51671519038165
0.625696384295954
0.560995301261099
0.54319007470605
0.496418774265757
0.665126017857056
0.594621564602536
0.535284671692001
0.499080869194393
0.62687988310754
0.591944482905833
0.63842576886654
0.368561606860249
0.524426489817375
0.697979204429873
0.550490541203452
0.638146143171539
0.590674198735277
0.622706335665606
0.610051543558555
0.706193626704522
0.596014367812298
0.633398336620035
0.693060607615624
0.567555104566482
0.533596872468874
0.571548834121312
0.512355684866728
0.518746939007672
0.550001919424458
0.618769062545469
0.622469119736989
0.484880625678707
0.593669364250552
0.490177277027322
0.682220173540123
0.635433563909636
0.525681480338586
0.580141793409699
0.489656756133236
0.5253570223253
0.659780161371035
0.656494267277362
0.580388770580634
0.656280615059497
0.543430753071827
0.680874344884037
0.757117731516928
0.435461828849123
0.517844904590272
0.546112768522679
0.65334369802584
0.637367195612811
0.584042850847411
0.585733674711694
0.627087049525945
0.645221323553056
0.680100478543748
0.727268546576283
0.613241996930122
0.753488893585999
0.49552486192165
0.63276044554783
0.737166765979403
0.696438722635314
0.613839648477219
0.563844797217244
0.747435130985174
0.820052176265611
0.598253739782548
0.834950730840341
0.771028331204816
0.621280088787034
0.695489630829966
0.841124702299954
0.773581471252764
0.622178308774299
0.655205704327176
0.683143415347169
0.655881804673458
0.661303472705234
0.582389887499392
0.710927422360876
0.523153016683022
0.786758025236053
0.850515054930767
0.659937745275357
0.599331538344293
0.656298832304137
0.713039221020426
0.664869495046845
0.66832210570208
0.620454202398149
0.673348098797469
0.610824983981871
0.777208966732903
0.712505562428399
0.685702005924968
0.717441880175864
0.603177313520053
0.569825276192337
0.707166276744369
0.81843904828284
0.784543692123489
0.777317809667689
0.636824660530969
0.792869126294467
0.528857977801718
0.878014742106412
0.766038683166701
0.779337510586636
0.648613190059507
0.612963890998909
0.616025035784612
0.858022888629163
0.655914009791955
0.879908589189508
0.784596142291886
0.704462208202057
0.766813465429794
0.648486361045204
0.744396686332113
0.784957850720814
0.708594858003823
0.690912109232646
0.782764302951131
0.756447588661882
0.739596862446644
0.792793704550521
0.824568928657102
0.801867715753476
0.914896979389427
0.794290009232258
0.862161132943072
0.85937869554269
0.839092440078942
0.816378564154887
0.746802922292658
0.636972355223048
0.917836620691843
0.877804790467184
0.884653402334925
1.04706572628836
0.918219191301784
0.880680223126204
0.767552524846298
0.822808738824044
0.949687395584398
0.752132973476307
0.801853306024072
0.867350939421067
0.979241053662603
0.839980804927899
0.828538266045332
0.759733384341663
0.849378219824876
0.873845807324044
0.855472645046273
0.90195042000515
0.7223357181276
0.754467062766288
0.88564552944158
0.866873274886005
0.950175377992687
0.808912311176822
0.941559862642013
0.882973200350857
0.917189856016833
0.8011519899821
0.999448460496691
0.835889262636755
1.03528859469296
0.766803797873034
0.809144945329723
1.03228563191748
0.844293833664806
0.986612520174703
0.936993762065629
0.844962516428642
0.79731677357668
0.940948855547846
1.0610387266534
0.794554341335365
0.950730123152441
0.871572205340707
0.831120482191381
0.95512659578987
0.987669262041176
0.911400476001653
0.880625568435594
0.898801805069036
1.00512773181475
0.855376734825456
0.838366196190517
0.918104588711539
0.953029385340022
0.829189587733382
0.930581501349702
1.02837240367477
0.946251841493837
1.01360670612727
0.88629684673561
0.854459984939119
0.849343098237996
1.01064555266655
0.998540131986416
0.849735815520395
0.932081481832223
0.921832344539098
0.918797567064904
0.929762844769961
0.924936645823637
0.903729839590077
1.08401929701923
1.06118038369622
0.88479999236103
1.00453428072171
1.01806194051476
0.90570947361821
1.10521293505286
1.00047129513921
1.05903455794014
0.983371489405835
1.06464835917268
1.0523553364889
0.913964495521391
0.933489875354626
1.0430303582011
1.03214587079946
0.952622759086036
1.04874905434534
0.966046916505683
0.91216991662933
