-0.958487509519188
-1.00995368600065
-1.13435545123786
-1.095242650922
-1.03821646755509
-0.994789764450562
-0.945807944799575
-0.910062776628896
-1.0485461440557
-0.951036450765385
-0.953514667968721
-1.10314624987722
-0.926586940930839
-0.853088432207643
-0.815452407717793
-1.03133617768962
-1.07694470882577
-0.923368493136886
-0.993187063960475
-0.817398941942109
-0.823929920785486
-0.884638360417542
-0.951601009337215
-0.977304098614929
-0.826716111722656
-1.10017816710889
-0.965782932737235
-1.10795764295475
-0.968205173936687
-1.04606454337938
-0.931677533924008
-0.877535005931941
-0.956927626021054
-1.01985412008144
-0.883092855265821
-1.01162256626264
-0.890553426902546
-1.0819746959464
-0.852479214396786
-0.91544883188723
-0.953390526593638
-1.05613444248464
-0.941720870933568
-0.964628613352084
-0.912269057732142
-0.930285636103262
-0.893118177789221
-0.699018159973229
-0.879194281848606
-0.952314839632916
-1.00871359593127
-0.899173237032782
-0.826154213485468
-0.819285842230948
-0.924980195496767
-0.918910927946614
-0.844005184389875
-0.88501258353917
-0.874097600974171
-0.782341375210237
-0.883892041159583
-1.0352885167906
-0.898032438162641
-0.830963506591099
-0.897220370158443
-0.869722807005732
-0.79482023491237
-0.873611395208755
-0.849512237802912
-0.97293351768434
-0.718386314981625
-0.73422236997855
-0.994573667901007
-0.890364317956813
-0.800095542220744
-0.862449968156826
-0.955583691791426
-0.711058525742513
-0.895608924402714
-0.774896647206603
-0.817995989298866
-0.776030614261265
-0.980811838343097
-0.763308630779599
-1.03638084046667
-0.815355586708027
-1.00953108733664
-0.820061296382079
-0.740277165845841
-0.72785360185316
-0.783160700362896
-0.823968809817523
-0.826230182711537
-0.808832165308629
-0.80392464450908
-0.807776093003487
-0.753808111681843
-0.676233891425015
-0.88915155493475
-0.717747613230006
-0.75180256563527
-0.806548951102562
-0.601577220731069
-0.692238213078336
-0.775641528298761
-0.779775238669241
-0.738805888430202
-0.688489288284249
-0.839020143729655
-0.746697091390777
-0.595855658479839
-0.831610888764236
-0.857767087386927
-0.756539818350907
-0.860052698699917
-0.849363514054885
-0.763016251633278
-0.77519985064663
-0.600958635898461
-0.75336765720744
-0.635821212662306
-0.907317168246937
-0.821644862731988
-0.84893972481374
-0.853544978515321
-0.684065531942544
-0.856702470005981
-0.733613219848017
-0.803021015089729
-0.657142224897145
-0.690832083949328
-0.727306956214648
-0.665915942640442
-0.843540127159538
-0.723287468388736
-0.748544773770717
-0.662298834531502
-0.808555639037462
-0.654470605201774
-0.654789039796188
-0.640883064794034
-0.574207992696705
-0.881655566843699
-0.55139887776576
-0.663540798909947
-0.774839081225562
-0.748947619350101
-0.701928024692072
-0.660807670428639
-0.635104792368416
-0.581220469686822
-0.581898601224029
-0.657515114014915
-0.766410906414353
-0.757323532133543
-0.643090287690315
-0.706755242935883
-0.634690181479943
-0.692688711197826
-0.647680687823735
-0.79217565891312
-0.605959728066039
-0.660013517836621
-0.571871619341942
-0.579641963948752
-0.743720764175107
-0.737803653599349
-0.605121823439341
-0.755654841251084
-0.732089650138363
-0.601552421551049
-0.626532727642639
-0.541335878511908
-0.669266395651098
-0.709119350938856
-0.638547314798914
-0.719423629999119
-0.640086702696984
-0.797567965020852
-0.644179267149976
-0.732066328565687
-0.595117090894213
-0.654107662241907
-0.672479468643685
-0.670847856759802
-0.602233120395163
-0.623802205294691
-0.578101250334848
-0.620803517860812
-0.736585969793459
-0.641948317971284
-0.764032243127184
-0.495427715095393
-0.628352429622015
-0.651598942499258
-0.60582924855166
-0.655614921964595
-0.578815345481395
-0.63148810005193
-0.69870720861409
-0.711213335104986
-0.501544197012188
-0.556176513661752
-0.525994182459392
-0.648814996447703
-0.639825508416208
-0.37939088345844
-0.601005853369554
-0.476802850891191
-0.312683957311774
-0.510281022300235
-0.534086283596142
-0.653795229260065
-0.520707812524548
-0.639422871799492
-0.53733299709228
-0.347399141503702
-0.51258405499408
-0.723777170100729
-0.724436506928186
-0.611171386442528
-0.594750900130167
-0.395119011257339
-0.791382112386039
-0.688274495439244
-0.597189575059968
-0.442848065633385
-0.511077025682033
-0.38544500352042
-0.579718911192357
-0.668689598170203
-0.64655740379305
-0.601956912945715
-0.596955483677087
-0.536859478498058
-0.457136352573605
-0.708146416057582
-0.449593784714236
-0.516544700324724
-0.471930124694282
-0.54072173718825
-0.581695802922017
-0.480463372021951
-0.587740568491773
-0.595961352430564
-0.356358289536579
-0.516637990771556
-0.407946139125786
-0.447570914537008
-0.659877383786523
-0.398985701341894
-0.467127128242371
-0.438586778737161
-0.406674281760988
-0.619067121480065
-0.461993691344667
-0.49334975205622
-0.482764348179415
-0.461148624954601
-0.390902745504711
-0.589179877404569
-0.538125022916714
-0.25266766331061
-0.545270718744545
-0.638160039883937
-0.560840315199445
-0.416374776891695
-0.541632606638097
-0.540700510619819
-0.466062044914352
-0.483059867282968
-0.348827383476478
-0.403687789036222
-0.400488392132023
-0.437445047406778
-0.659792931567294
-0.444555053830497
-0.469858379349978
-0.437219719108909
-0.457236024553056
-0.416943497384259
-0.454566140610073
-0.48962080110639
-0.429982457628418
-0.476782344966971
-0.493835029368065
-0.369240490374586
-0.419796824746084
-0.358253390332372
-0.65052331107597
-0.481744460661683
-0.395290501244968
-0.585523031057816
-0.464088229845309
-0.373327839457599
-0.443139863518644
-0.448340707613415
-0.432664970938896
-0.312701832573576
-0.543666798037404
-0.449255662427871
-0.45346134163474
-0.336639500751827
-0.416622849455513
-0.234130211452962
-0.380681239798188
-0.553536705464294
-0.187186923376427
-0.340588946655703
-0.316873676090122
-0.340626531247677
-0.338053881167198
-0.389666538157969
-0.244530611137271
-0.405555073140759
-0.356079140760964
-0.325948489001258
-0.166630526542454
-0.453788538751989
-0.399839150898232
-0.300178633496423
-0.366223794806736
-0.336461732632462
-0.423847851112404
-0.430009597089619
-0.403680063344006
-0.189415139884283
-0.29848551617575
-0.398810151941514
-0.463610090267303
-0.193053740535417
-0.217538774874847
-0.283554814280811
-0.297943308531817
-0.303873591386511
-0.359712470862549
-0.298814537215113
-0.250342596365923
-0.32680239530377
-0.246970093360178
-0.302728792346092
-0.258396851887525
-0.358560831594615
-0.2156037052643
-0.357324244005647
-0.373788437382716
-0.284438707314405
-0.378572297623263
-0.282646377497605
-0.412892059026754
-0.206219647420753
-0.28400900549944
-0.296992165620274
-0.156231642163214
-0.408974767111916
-0.311772001619636
-0.273392551009859
-0.323560540425061
-0.262684595908657
-0.267682084419447
-0.259512395160234
-0.35878148573306
-0.277514072572087
-0.113762905015575
-0.185348241876642
-0.28770005648293
-0.303868006419571
-0.219760576114931
-0.194582860802508
-0.286367062792257
-0.23558196446584
-0.276618366450268
-0.14440266807025
-0.130122070421156
-0.292929779962668
-0.267490894031162
-0.142988215803827
-0.333644232967439
-0.172751388036488
-0.228120723917497
-0.242131470733173
-0.312937387533927
-0.162258522552674
-0.192141359701886
-0.181999347647044
-0.25157260170857
-0.271858279471185
-0.250966579013224
-0.250866371807828
-0.184598627757821
-0.271113078358866
-0.144507434826514
-0.248858043468062
-0.270012613980655
-0.268610671275174
-0.231028362815441
-0.041133509949797
-0.326107521161034
-0.236310733197071
-0.0287854117262556
-0.151371049514439
-0.312701504009618
-0.0625561191838347
-0.169516237477799
-0.280053595692863
-0.273428677434319
0.00428791300662662
-0.331617455781325
-0.22116569287927
-0.0930979098743575
-0.191795055104141
-0.100847480869574
-0.169667433264325
-0.18550131407312
-0.116531366875848
-0.129074881803147
0.11825079571594
-0.0196097979198937
-0.0996559043073063
-0.191588404883398
-0.14398956581065
-0.164285283701176
-0.147935677204471
-0.137767761170566
-0.137774414543847
-0.20802678890281
0.0268313626675934
-0.0478058872621033
-0.0392075170361909
-0.208325274017169
-0.241636975700168
-0.168310334312301
-0.119008669303745
-0.0777377150741411
-0.139664503875407
-0.125095385840855
0.0565842275122247
-0.0485671443446569
-0.107953750089649
-0.114179268695778
-0.105476059480799
-0.206994194097281
-0.245505018066856
-0.203858128727797
-0.180130567889778
-0.20508186916512
-0.160867871005397
-0.27564771296435
-0.216872660746854
-0.125322457509656
0.0721365966776723
-0.0625373629909856
-0.0127046617472045
-0.124369842395418
-0.023625156107803
-0.127600463380778
0.0179164234319383
-0.114822612402744
-0.155074817097844
-0.168855044947926
-0.0904514698732328
-0.0281886623089767
-0.0938825577560828
-0.0643436651631553
-0.137945066171695
-0.189241101072917
-0.131266489768123
-0.00545800662708238
-0.036421586841451
0.0125043749948175
-0.0749755320715223
-0.110672096031541
0.00227038644464265
-0.0140623686307514
-0.319896670221423
-0.123393634561282
-0.261328564109652
0.0102955718614001
-0.0717978860354746
-0.0448411542121597
-0.0219465815010988
-0.109044245798072
0.0464454498253546
0.0250534524296736
-0.0745820186592705
-0.0134157053107683
-0.175779659363404
-0.0423108559205492
-0.088122312464691
-0.167939398442139
-0.000616807191920988
0.121160685763784
-0.0214185873688298
-0.147212303782407
0.076618447030756
-0.134801526873718
-0.174560489970252
0.00614424861799769
0.0131792309403626
0.0148861290288593
-0.0302144655685115
-0.0264937994020419
0.0337358215297565
-0.0266016283758508
-0.0599857317528867
0.243430299028225
-0.140276206705695
-0.0255848231537235
-0.0306244213206723
0.0578203589629527
0.028213773422795
-0.0606761395283746
0.0238650433265234
-0.141602214979931
-0.040371357089219
-0.0126741005488457
0.0547071132965403
-0.00893500046398371
-0.0329408366881239
0.171476425720155
-0.0829788891789117
-0.0347073928451531
0.0299000199025141
-0.0855060446769846
-0.0108316426595907
-0.0451345430143059
0.199856287885458
0.100344220854635
0.0746123770965347
0.218714457242361
0.0456332077834806
0.0425459215827291
0.14302875877615
0.151668140885763
0.108337879572221
0.190989406189475
0.0891584577189063
0.072616804199709
0.167999420742914
0.121717767120512
-0.0763054918260658
0.138084482557517
0.0913438403888438
0.0645159385400015
0.0160195050458606
0.104532533538696
0.09431201444265
0.122234934292119
0.0119830531656067
0.0747140414324449
-0.00275014133874266
0.179466614782101
0.102428346603288
0.125839561089217
0.177555164988302
0.0643151591062784
0.142973483750389
0.158883299069742
0.108247812208331
0.207179472746955
-0.00813451909643285
0.0227980426682748
0.0634832528970694
0.046611334698862
0.357728590628273
0.245859342339324
0.232818252597085
0.0197717626277907
0.177355917357513
0.0168132813816052
0.134362682212069
0.262860609949445
0.00192256468735511
0.000187255660991298
0.114537626518909
0.19638819772961
0.150539064498161
0.143382203776813
0.199958695603893
0.246557200547601
0.184534943047769
0.243223100477067
0.0745912367153731
0.182336206754427
0.0883565873345211
-0.0117488022414005
0.120280979500705
0.0719470622238154
0.182809025427968
0.267062643095732
0.21615331387932
0.184556368235258
0.281526850291387
0.197133511615916
0.177068317598818
0.221637901895439
0.230497377629263
0.202471192293579
0.147856106647974
0.105013656852584
0.214385719208774
0.243262145480856
0.217602032917629
0.344146540283509
0.234863339226821
0.0212588255411802
0.226682384840902
0.218486467177021
0.358472276384976
0.14877888885227
0.231012946954071
0.270402568967304
0.15686829904945
0.379977750229392
0.288674659254326
0.213515488869224
0.266187364524958
0.153558385910718
0.311653443568415
0.437530658830778
0.348627455389945
0.159987338552385
0.256660780828742
0.206301565476043
0.311025203988613
0.282180237158693
0.380830103580797
0.156144682262906
0.31939346582178
0.333375204966645
0.197373837805517
0.181689522053432
0.262310412223389
0.335675589255936
0.247741666307524
0.394718779480559
0.307747629922475
0.449843980399657
0.259926927382398
0.279114201194976
0.291492955141309
0.272831765198129
0.221647303388535
0.267587789298386
0.199599696563685
0.36508923160765
0.403644096959598
0.364781088582616
0.216603718511096
0.457384831475066
0.526900055155861
0.392254751283207
0.350821494600157
0.371838772749336
0.077270170121067
0.351286112762759
0.392366757650776
0.183618427319362
0.445992085071539
0.345908164330959
0.336588977815318
0.36427076595778
0.312048882409443
0.416963895544939
0.296632511874559
0.357269589484757
0.314666260368668
0.313490671368939
0.379627142901102
0.312262522003783
0.379674225851097
0.364584243745531
0.262049379640863
0.43770871220356
0.326923299283308
0.264218844303286
0.326617422348967
0.351063669407597
0.401085493913846
0.450734223769983
0.310584517156291
0.374728207403975
0.393141650419917
0.484309490254478
0.429470302402653
0.388310999312027
0.397609256665105
0.405475144582578
0.347533120900223
0.358728936707708
0.47861658281774
0.28185594710053
0.486621215994523
0.402037619479383
0.38191600918528
0.345569627810494
0.362113271547685
0.466304165923662
0.428360134906566
0.484209804307487
0.333935502327771
0.271242548329656
0.393247598960966
0.619945263020446
0.388118614295096
0.561570852653508
0.352765145773906
0.294849254747786
0.325280951381782
0.448294492217905
0.424079947481359
0.380799596944873
0.346006746340344
0.475607969168904
0.462896742475259
0.657108896752716
0.475811299802393
0.49082384588408
0.467786742480884
0.408213720964848
0.504601076215366
0.427987979322033
0.342818082207972
0.538354555587564
0.62128665020357
0.271245306923636
0.508685064840379
0.450421319767825
0.608739159771104
0.31473414373628
0.427897105856244
0.541106082758501
0.444138777174741
0.508459612641041
0.521545301470037
0.374799693950169
0.556355195442754
0.532256064974549
0.543913535151747
0.272747024977774
0.431178066900804
0.438228588408681
0.344934839061738
0.573621618455411
0.416110591606329
0.478054781299956
0.547326684855627
0.428790536337118
0.334852746733711
0.586091856690381
0.460526314697622
0.390503220289614
0.560315889780212
0.470610325249722
0.492299212018594
0.344951717179137
0.491782572036125
0.565383251354567
0.463820925087677
0.555328402773165
0.549903524411299
0.46588810003294
0.439324071490817
0.591089422194059
0.440131164685676
0.533738520607474
0.546798982083871
0.557905584431857
0.509827253676375
0.49491860840989
0.494953694991236
0.421682207947423
0.525524470604816
0.526757514922989
0.646282782372439
0.628337045857436
0.59751811916628
0.359020400770471
0.555305217809289
0.509776642149995
0.607590983221099
0.485305708270879
0.472442671694461
0.587494895704129
0.582650735388604
0.434603025754193
0.58157964330878
0.504553116048167
0.619574263459862
0.547825064910469
0.462419843178379
0.717123096701735
0.611771232866693
0.627101352016466
0.57361004989814
0.620297040238117
0.517154398761384
0.598904570029091
0.456012234383446
0.662508574999674
0.552238538184294
0.564273764876969
0.638166129304208
0.783412923271818
0.613555532890986
0.732147995585696
0.565456206694146
0.581378555342578
0.667531225350574
0.668174141351691
0.766349412824122
0.73469513983768
0.593768663217329
0.649844707220928
0.707039017300107
0.496247980616893
0.65755608453777
0.549967351061756
0.590760109571094
0.528223691681229
0.534696687452934
0.636607604617868
0.514697659253391
0.630645693478447
0.793455329147652
0.559897120396585
0.727733311886316
0.754869112449085
0.680457985150165
0.662738193110095
0.607562402482488
0.591180646029228
0.667255078536122
0.793514870298343
0.650358631921938
0.555684866267409
0.705195138156126
0.573961323257338
0.52370856677055
0.632803845449878
0.598736261920351
0.745285736469499
0.70526576143986
0.616365839207089
0.561711363213568
0.619203373426402
0.710322932159008
0.664371896902402
0.751152393385831
0.684082815040271
0.730353006631433
0.860348682807938
0.852690513012305
0.564448448819667
0.778577471342902
0.710883180182415
0.809818963772286
0.647285584607643
0.705059247530984
0.776168234425693
0.744048190933422
0.741279591068524
0.723462128621121
0.669619939969003
0.716159638187736
0.76974192411135
0.696829748298142
0.697877336191776
0.717481032695833
0.617210960088149
0.72578962814508
0.743671863336519
0.691226037772189
0.696235629131863
0.677994749699167
0.831331717303039
0.672759860669359
0.642870083921194
0.734336847094846
0.608005610884013
0.666953237766949
0.731723265744172
0.712510931112499
0.762971926458258
0.613912675006023
0.655223984858157
0.615757791722177
0.78770500985814
0.751563229721624
0.852601949488744
0.78394514063084
0.752960598260913
0.876850930813592
0.689927708158597
0.739740396741093
0.783595646497516
0.790402669071994
0.781706737268955
0.889826601967388
0.760966674605006
0.821071531062061
0.740530198777089
0.795078355594973
0.99367524528403
0.932196962423687
0.8447081312871
0.830388694715442
0.921696312364035
0.778960999770414
0.808285209903989
0.805475920414431
0.808034626208512
0.936937279925317
0.776187073596074
0.801946287985586
0.85202521208436
1.01388465255665
0.639944142271467
0.831549482598467
0.790477267551186
0.883043032071204
0.818103656385806
0.840071320296078
0.780862009520919
0.918337770328619
0.623627288391352
0.932662749497342
0.855704117045811
0.667340673206272
0.915569989168927
0.930975329649168
0.923268863192566
0.863662889574797
0.9446776544238
0.782410904728186
0.802872401293005
0.890260972659946
0.958938123337219
0.892317951149154
0.860994071629203
0.991787618139116
0.835613609791138
0.780422869153824
0.966560098509863
0.965620455111538
0.810692087083884
0.840833528015589
0.887534568990327
0.949787627148625
0.946382533106128
1.01180677928989
0.995024029182606
1.01964479936993
0.936735057946315
0.824289738517303
0.903078786921537
0.959706069954179
1.05663724204867
0.910434112246899
0.935732336446286
0.976022075546466
0.946139260826616
1.00998120890231
1.0878218007702
0.92374758548741
0.886937217128395
0.839406736462974
1.01970175688138
0.955097140446445
0.939191037677495
0.895440577160098
1.06340435473651
0.963553042999194
0.94636215625391
0.91151290569875
0.941099140776827
0.859288256835065
0.929244035368649
1.03589647028773
1.02196479944668
0.857232904195461
1.0637391409243
0.991852890461816
0.81753247367039
0.931782928786499
0.937502718551276
1.09619310109433
0.975612975799655
1.08050704408731
1.01153281884182
0.903117114329723
0.781137548428448
0.993228678381209
1.12541402500004
1.12472352234586
1.07676526078142
0.929362478543459
1.07531075846283
1.01609473721751
1.01743516079289
