-1.18582383759264
-1.08756778027563
-1.12125484884432
-0.885070624946117
-0.951552402156446
-0.960867334271713
-1.00716965417244
-0.902920940354254
-1.15414055230818
-1.01184132367623
-1.01674343110173
-0.988555909391077
-0.926949708617871
-0.865383497680688
-0.918165357324681
-0.980510273610435
-1.00120070131888
-0.971791673992817
-0.956358478819373
-0.892785989847651
-0.924404723507313
-0.981572795911247
-0.872099360905741
-0.92167594540176
-0.994557945925657
-0.823937737910891
-0.93400386768526
-0.87671016843846
-0.93286031137405
-0.950280605134651
-0.970453155768574
-1.02228205963198
-0.921539184060629
-0.908217873294222
-1.02584856030734
-0.946429578760194
-0.902750564408441
-0.919262009059299
-0.820363542848941
-0.825139143703515
-0.900620073025061
-0.806716580660587
-0.80119035902115
-0.810816517473613
-1.01171898930948
-0.900941418879201
-0.887521389587834
-0.944678066140133
-0.889115375582374
-0.874904829992448
-0.806130273991164
-0.992101378643115
-0.868801564496441
-0.865783720647493
-0.921958373554697
-1.05970574432128
-0.918805176529146
-0.915033668364787
-0.974568354513704
-0.909832254983447
-0.700165778202551
-0.926273432335842
-0.914402508229545
-0.783919369575801
-0.800506858057166
-0.705173428926497
-0.869842974617935
-0.832598268492704
-0.835537150019898
-0.826828638386663
-0.870669862696431
-0.849806249250728
-1.0765578239806
-0.949372363411137
-0.944457875337987
-0.923537573955406
-0.841965890439489
-0.721600613571895
-0.773529771535236
-0.830634076457262
-0.842502219009456
-0.842130668888299
-0.885127428277767
-0.839851589443081
-0.816470847215252
-0.739344241260429
-0.824402871975087
-0.875375236302088
-0.862759514434874
-0.809465162087168
-0.7100894630992
-0.728880827208725
-0.772417828227146
-0.639186315582268
-0.802460207780132
-0.915979385577025
-0.845261041616775
-0.71171632615781
-0.787281711784238
-0.712872668767311
-0.876784873490856
-0.794376825122569
-0.834171861042059
-0.865698347548723
-0.825397835096209
-0.865163871898874
-0.787693234987882
-0.786581762927834
-0.833208853347123
-0.749590598373225
-0.800531019102582
-0.810702197660698
-0.77948787485776
-0.644065560342828
-0.781733373410578
-0.880681042453525
-0.646455028659884
-0.709901501520865
-0.632502821061468
-0.656993940565093
-0.671816608065045
-0.787959439627192
-0.721144294918125
-0.788396368202896
-0.706477231108895
-0.666027516145726
-0.722612007795454
-0.592210020494015
-0.68265598837822
-0.799904986396233
-0.689018958757077
-0.8805643606273
-0.612428234956882
-0.63049527564781
-0.743746329665279
-0.791293987516596
-0.737855813430349
-0.705743956015428
-0.642338024701516
-0.763835361051457
-0.681337117895562
-0.760359574384439
-0.812309361996412
-0.879182602618688
-0.624159773330328
-0.745676807572387
-0.643857517390071
-0.751536603412862
-0.767817658486369
-0.740663383202061
-0.568550468759491
-0.66712919653969
-0.775843793663815
-0.572910034608752
-0.771706907425973
-0.711108952285323
-0.608222020139888
-0.709157597957827
-0.770517252594606
-0.739256209340371
-0.708935641480166
-0.79083221123508
-0.619394637529151
-0.59452528882359
-0.689991446470905
-0.581403843017202
-0.56728905456769
-0.693815768174622
-0.562390294523713
-0.76707968788507
-0.711397619742263
-0.645775890662024
-0.742934741584596
-0.564761516946609
-0.706722034607421
-0.648746502160355
-0.677903114948868
-0.622985212817452
-0.686012626530435
-0.656563977896306
-0.697023471977847
-0.598369602348623
-0.582583736393923
-0.595218745290832
-0.688483299757017
-0.624328721699864
-0.608074604804469
-0.660102601771274
-0.66913681792794
-0.832095061649552
-0.535564506103853
-0.661319821973673
-0.623373603027195
-0.642139171143001
-0.631340080368615
-0.664143561041854
-0.545401870048663
-0.721076356706365
-0.554156938861957
-0.575416815818401
-0.60179774938072
-0.696737290437775
-0.650461660599563
-0.659543511227835
-0.611191946880117
-0.647870659363376
-0.439321235361068
-0.524694306203032
-0.752509837121415
-0.672510941128902
-0.572927206269919
-0.484538336273499
-0.523201419107626
-0.5118469666882
-0.698076232599257
-0.42822368872677
-0.414280399602258
-0.711612986803651
-0.613159466202523
-0.551858050944072
-0.533442926114539
-0.511489377348729
-0.638744514272086
-0.419412270241209
-0.499847111935741
-0.633466194487952
-0.686933219913632
-0.460895287280974
-0.416093215743789
-0.432100657771336
-0.614901745414931
-0.574224073052854
-0.3836981676326
-0.566041930648848
-0.519291490334635
-0.571997721678844
-0.584356171781825
-0.41746641105258
-0.575859788909765
-0.523795012168137
-0.553082142177604
-0.420321466219326
-0.563754552454654
-0.483989961799596
-0.390257066948931
-0.509947324267945
-0.586964691754469
-0.565710842621485
-0.440245124051508
-0.478982556876034
-0.567367535548457
-0.526111387749203
-0.518356646585292
-0.543100447490286
-0.663120887776851
-0.484648622390393
-0.420396715888549
-0.386220711898749
-0.48084018443359
-0.536864362528537
-0.475801166644978
-0.423455820550298
-0.52698610878419
-0.384607194572945
-0.499276262612402
-0.427264649428263
-0.46400294929515
-0.488644912061206
-0.376935965558951
-0.353168861919321
-0.489124819742138
-0.538144523238525
-0.477830283385318
-0.314735701547552
-0.447477486146651
-0.405767021401563
-0.373565268812819
-0.507502137125789
-0.54930729469687
-0.445018972882487
-0.328566892225777
-0.376409612698331
-0.547791372244056
-0.419944908046436
-0.3814998535394
-0.367365432013412
-0.436001921126401
-0.466376421636998
-0.316014585221811
-0.360937846657271
-0.409279784969804
-0.566756279870288
-0.392860775070886
-0.412560179794468
-0.416277716499826
-0.321706071461893
-0.557361909250587
-0.371210695587304
-0.468882933229533
-0.493464054476641
-0.354454930677414
-0.398774820169428
-0.354073443651338
-0.401370561120872
-0.224410522441117
-0.258559603869426
-0.380033681895765
-0.425397178323391
-0.308326123847033
-0.475259065145835
-0.304942207087999
-0.570675326621438
-0.479685688865399
-0.25011822181235
-0.382570234806423
-0.264054209875145
-0.407736175017494
-0.531614991760963
-0.258546217421253
-0.302585037459846
-0.318764498590985
-0.332930575329624
-0.24866205078887
-0.202689257183
-0.335945438267936
-0.328443000480611
-0.356634666397449
-0.296829967189152
-0.471507298567456
-0.3496563148749
-0.326775952068117
-0.312938843196775
-0.142846864139222
-0.413015083716572
-0.448485272428581
-0.426313232808181
-0.339205996629901
-0.392693649131163
-0.301092712663817
-0.412631638497026
-0.272750576687802
-0.402295441036018
-0.317017961723122
-0.258369892351651
-0.342896450020357
-0.267815417731402
-0.41736726474108
-0.303329267656479
-0.261887133880076
-0.277900152454333
-0.457197643612986
-0.342590217405088
-0.244856124743744
-0.227521736395897
-0.288006871247691
-0.337371947373539
-0.289680312340083
-0.363481158388172
-0.207895652870978
-0.321442995715631
-0.241396729511088
-0.388571171389638
-0.359630159000338
-0.33222764445672
-0.274288212191634
-0.393302744690625
-0.282069866318344
-0.249896471510601
-0.147527271865395
-0.154561663472866
-0.173764578875141
-0.319246275951351
-0.32351736194673
-0.230572156719558
-0.312435158380223
-0.177993199630921
-0.291281916409283
-0.0562152719309001
-0.27383731156859
-0.456843325828337
-0.333955172929067
-0.239836734168829
-0.157415749900596
-0.394763180653842
-0.367003051286118
-0.259614255979324
-0.177795316234454
-0.142831327418867
-0.236093001524712
-0.186504946036806
-0.286770478213363
-0.156852954237905
-0.141507206937202
-0.374837180748582
-0.154525744096203
-0.322927419643239
-0.204262470985307
-0.16357685562003
-0.165025463200677
-0.206246547237091
-0.115952193466734
-0.194094994586988
-0.337388575283318
-0.217933798069523
-0.0671365388323143
-0.336469788619773
-0.171860344256597
-0.180557628816156
0.00733731242277401
-0.180207240722566
-0.164675528441946
-0.0833157764447576
-0.260111391824281
-0.193690985175286
-0.146867339204175
-0.343403876993204
-0.0956363001370146
-0.289117997675765
-0.147984866398388
-0.0984650127809946
-0.254569676839603
-0.150394243674743
-0.21592076816585
-0.241614412245063
-0.254624569978642
-0.100419347661577
-0.136798326562662
-0.0192540888752035
-0.158313836856307
-0.0421174720984081
-0.235569692834611
-0.276725292788668
-0.238906399500278
-0.206703836114071
-0.233001933867422
-0.0791018849351182
-0.168277274692446
-0.0097175133432555
-0.0773909808874175
0.0399068144979188
-0.0237453627728452
-0.104455740238754
0.0263549879896754
-0.188214200016251
-0.198626247846486
-0.11975370600942
-0.123733734813461
-0.00504419460365098
-0.182309631732908
-0.0828384074813727
-0.12292019391082
-0.000349567010508602
-0.160986349617263
-0.167016935864561
-0.162357739274024
-0.0641756511062493
-0.0825773886225015
-0.0222751532934739
-0.19878327834046
-0.200183061153763
-0.127917754448081
-0.0358239767509157
-0.17543563408452
-0.200335761244959
-0.181459547825109
0.0409225721770918
-0.104505059096054
-0.0387420962052801
-0.146409707481241
-0.149020194159457
-0.145678855341601
-0.135605599897354
-0.217747619525599
-0.132362045436698
-0.0735603659873068
-0.108337715450607
0.0941727427966083
0.0251858121362819
-0.131124239815196
-0.0907025653243854
-0.137148254446222
-0.011434877569597
-0.0732413456779342
-0.194665435309066
0.0894609466530754
0.107575864730857
0.0411484773901843
0.0524728976997962
-0.166006357948616
-0.0363230328324755
-0.0311382726052616
-0.0507358472762306
-0.0159595461835084
0.049016462583059
0.0309292023309039
-0.136671325382027
-0.197253822156158
0.123075743204886
-0.0758725121116986
-0.00946665787669606
0.0368667260560831
-0.105069001744544
0.0636074832329806
0.0650346423643029
0.0382208273566082
0.0266600246282896
-0.100001855133427
-0.177344674065007
0.113358483658506
-0.115165094862722
-0.0433111709306739
-0.0147345598284709
0.058615965176876
-0.101188249927112
0.0442141525028261
0.1924196604047
-0.0351537598664255
0.0478365443201473
0.117046672112134
0.0706292850985343
-0.0285062101765876
0.122636131155271
0.00821840168516172
0.0365105353599513
-0.0268110104802379
0.196115832127378
0.134144805551992
0.11901944505538
0.0544006189944346
0.0714718352749805
0.104447335756871
0.0516037055900158
0.0408031623550621
0.131195568971855
0.0557048035608379
0.124807941868706
0.036842152649397
0.024690476241262
0.108926157208983
-0.00803860040557166
-0.0164398625694851
0.145535414290313
0.095943626854297
0.0359530386496268
-0.0461656195112497
-0.0271934520563258
0.199879250610875
-0.0047241894761847
0.148239619621997
0.0166846914161456
0.0255254316440309
0.0939114966885695
0.0331554512393139
0.153885240761038
0.0860640622853335
0.24664243125441
0.0424936138909953
0.189598457491538
0.0463342118115905
0.157587495849231
0.0394608374448817
-0.0864171296347813
0.108967063282554
0.0981987170934778
0.21009735310728
0.239206120391343
0.227763890892805
0.0247652564828956
0.123522411483712
0.24109899867683
0.132386947017355
0.0989820537659542
0.119360537905575
0.10642232432405
0.149869482455391
0.140671588268576
0.0286872783012811
0.125366258071172
0.186565749007118
0.0881324954370409
0.32797410404
0.0295633285535238
0.199525317739635
0.207520812294288
0.153951366054695
0.112360238837649
0.209826853014254
0.110392496932569
0.149213270655507
0.298550993696169
0.319511582804488
0.263209857026825
0.129313002392719
0.0738733508309897
0.114729683074591
0.1972710385244
0.120329238351921
0.215580899442316
0.128047443675836
0.280382387186622
0.10737562281151
0.0941497023774644
0.183932321719762
0.169283936273608
0.36273171637144
0.33170597063603
0.179778090627038
0.350417373412644
0.225157794171234
0.216207167505678
0.253867203649431
0.230986356339642
0.225585694300701
0.134014120172998
0.273465873093063
0.308751766047217
0.289331548005365
0.236274970537225
0.34791739719149
0.251350058755004
0.361902476660761
0.200143131007887
0.143929865410426
0.235795401050868
0.301207697882399
0.268977117620363
0.161289296093685
0.340900917286021
0.226145144990592
0.304997979832573
0.280230893596971
0.113414022095966
0.075355064836766
0.201255634858363
0.39387469130562
0.277721070870062
0.266689268697127
0.293796605885409
0.355644162261077
0.223211574601361
0.0808332123924458
0.382777230307824
0.315150966034997
0.213581319880665
0.355674152964421
0.0711569730715324
0.312002037996096
0.184401371979623
0.222655988443969
0.278059722169301
0.273771656400645
0.271422048532743
0.391996929875686
0.288887967458876
0.41750501616817
0.400550794712258
0.428986624219465
0.23442857025331
0.380834869410191
0.292600478017598
0.331020333966132
0.216408321647906
0.373755560443499
0.211135848423354
0.530033426667881
0.462754230021081
0.29301140287285
0.331742726234955
0.367966053243214
0.379631366614774
0.25396069499578
0.252952966484112
0.317856890372187
0.333985457622085
0.432671737431628
0.387365705141187
0.283248749461134
0.468637844027729
0.448866316751922
0.410696021319767
0.465723840678291
0.484606073532956
0.35534662136589
0.404283033615082
0.525942275521076
0.171590743859258
0.362994358675467
0.431032805590627
0.273939715615352
0.313137307236086
0.231216161169548
0.548027424360158
0.408757509628177
0.30578909527996
0.501293416854013
0.3928978346625
0.3926763365649
0.392168284040905
0.440697863684067
0.355526895488708
0.500057144570057
0.41641869288512
0.443759671677494
0.393704028224014
0.454194899779023
0.370928091768275
0.388829243357933
0.443052136942043
0.392811399692075
0.405873237129195
0.42264975766234
0.283164204511635
0.396438105207839
0.401940200807347
0.48707438513761
0.409198568451592
0.464678280862209
0.355115327113277
0.431244488080268
0.419988318615474
0.281380944173314
0.389213912069122
0.565272786874114
0.486309046423539
0.555484494228185
0.627605069361644
0.456734406757491
0.474252198062952
0.322603630994297
0.544446688246263
0.492639705409023
0.348006141442192
0.570065653653921
0.489954113033062
0.461955902655722
0.575222217917558
0.429354879121889
0.517025552444716
0.53371517671654
0.585998044212566
0.460725385664697
0.572258942893082
0.429847471401708
0.543880286890246
0.411631740155899
0.380467763018807
0.451554776803092
0.740142461031388
0.524774510396073
0.491549436887566
0.441652813363925
0.497100359132386
0.57275410539253
0.545466733314181
0.403537639065465
0.567867057468271
0.677624075719705
0.452868558710656
0.459453566961229
0.447858569693407
0.369355843053127
0.5114568510758
0.542300165096905
0.459607773999725
0.534777858431451
0.508551977763419
0.438094872342322
0.439248526184504
0.522795888851647
0.541079310096444
0.626537601389751
0.649617452935153
0.630212540534696
0.372311409706693
0.530048534825896
0.569810045691128
0.600319285912822
0.595848590951561
0.447533997623535
0.537283965870489
0.623617842743366
0.620071768516464
0.549046405334217
0.650351212332098
0.561433366131432
0.549923234172916
0.631446411477437
0.566399397263674
0.667735211156729
0.570759163626166
0.585218959173051
0.387653859715899
0.472586398267893
0.614699554358626
0.527405082918948
0.624715101087642
0.533979223237564
0.565937114618496
0.541445019942038
0.546804083645715
0.599495466726761
0.58918027168756
0.438588856288749
0.824939090168737
0.654357376520087
0.591852517427201
0.611114971177651
0.697820840668293
0.514825164371786
0.708911619175403
0.597065470442024
0.588812393454785
0.57613433799583
0.627168260706201
0.60470113482581
0.634197322540743
0.715439274582998
0.55657922078887
0.717591147454562
0.560574183165996
0.612176251807516
0.676467180938514
0.596796827893745
0.593226631566839
0.756936378132575
0.744836587487583
0.611767400676498
0.664741420242827
0.672587052250926
0.716239757215327
0.7182455737846
0.668688751918557
0.758281784236854
0.775422353100152
0.72688909858898
0.578154752958431
0.600623640296934
0.71167940814419
0.747592141655661
0.750889501080178
0.660698673808304
0.537447104005624
0.626289150130596
0.776336046438996
0.588724212243267
0.71547568306501
0.701369352508844
0.825189705815643
0.668454617741712
0.627305092566398
0.581465011007877
0.759896663318075
0.735755393508176
0.627218556597817
0.6660086835336
0.680702579087119
0.6961233034438
0.723648274411685
0.647316114626671
0.724499282608004
0.57374483612367
0.876245451649424
0.646148728352699
0.535750378690699
0.784763808003854
0.733176773636248
0.773835344437093
0.6925177511742
0.845605247785252
0.700531989941961
0.737318197380839
0.722596673559304
0.726199512069047
0.693120760059609
0.841692482384328
0.890327829095208
0.894447966622473
0.733936384012322
0.680387154826164
0.557698391095758
0.73006972915826
0.740898545611625
0.834153377650793
0.750666998337123
0.697445463215876
0.888827624725144
0.700615420027618
0.841149798600454
0.756884262533057
0.668630715125993
0.845380262505745
0.709261067177509
0.968542618223079
0.750675541930932
0.646984633741486
0.821419305957397
0.840940791999174
0.69339763445919
0.76702355396653
0.743217415260936
0.865228629247039
0.770005284474029
0.801779282224968
0.676127986090587
0.651136068106626
0.880703882192446
0.838794004617251
0.807423363675387
0.829307474651562
0.861994253957858
0.919267528966412
0.845269498321903
0.795925316908883
0.900260000654241
0.958491071940875
0.753824755238203
0.907156575930037
0.678273509113054
0.743381109938814
0.822447935861242
1.03772635725928
0.741244175456831
0.885769777919746
0.824042758020816
0.679585997962522
0.831730414528781
0.904247188172653
0.797747347194756
0.777893237661123
0.874699454254374
0.871050833104151
1.03301749083947
0.897335908640864
0.880914340510013
0.885054896747666
0.999282451977146
0.820521295339502
0.849502213662241
0.956970092610442
0.761024230423329
0.963123437451733
0.947874330473045
0.677955645901329
0.890685359800982
1.05976833761808
0.889205290842744
0.747632634962296
0.941475557939601
0.798268525161585
0.914837684074708
0.870490474435246
0.763618277539549
0.845191318886097
1.07843794112921
0.835920083615388
0.826723040371961
0.992092362994043
0.945166748718805
0.876733816292919
0.963461510099897
0.88819359491922
0.876427746759374
0.932242799019717
1.03056591734137
1.0480532278618
0.838346332338946
0.929044650034006
1.06693035365826
1.07812857092049
1.01442758876255
0.974039280078291
0.940677124499921
0.822007536076898
1.03242143394481
0.970958043978147
0.899521510955248
0.806962759406354
1.01918332324435
0.997078865901316
0.779443174874995
0.770653897635599
0.833987255552029
0.954360784545541
0.846631317038231
0.969340146528814
0.813345209992048
0.968702645524223
1.00854823543343
1.07658960286236
1.00695136585575
0.982787345463136
0.99419114226398
0.975794034950561
1.03219824688632
1.03708746333533
0.984513296097183
1.05556410230507
1.26450896804369
1.13001081708392
1.00676263686213
