-0.939339155320756
-1.01253477808808
-1.14372219065576
-1.10296595920636
-1.06262253802177
-1.02656666941489
-0.912299872322785
-0.909172237934396
-1.04406835781349
-0.959619164056212
-0.942996633881692
-1.11801786884162
-0.939490124961223
-0.850573636969051
-0.808766525639167
-1.0412473817313
-1.05774863806885
-0.923448055631457
-1.01813306512629
-0.831192501936529
-0.820354559925361
-0.872671656802151
-0.966550371481717
-0.970456800493615
-0.822861446990706
-1.09851058490822
-0.971373800842039
-1.13527481215476
-0.94987788166445
-1.02734185337575
-0.915480157722762
-0.897470116767191
-0.956545561624237
-0.997785342016886
-0.883976878673979
-0.999803676368938
-0.88580601255744
-1.07384280513283
-0.845560367032563
-0.932024702417156
-0.984899280267336
-1.04568635381575
-0.95595781429693
-0.976330196493279
-0.897718464085988
-0.930708713891239
-0.904765556539802
-0.679639748396062
-0.902981149495657
-0.947442493681652
-0.9953835026551
-0.885950118426563
-0.823182907836512
-0.8135798987138
-0.917477607485506
-0.945261913931433
-0.816854724561119
-0.866580769667555
-0.872154675327445
-0.794252795572533
-0.865362066864831
-1.02521406545274
-0.906335807517258
-0.835779701241781
-0.896484703131852
-0.859940096728814
-0.799274392149246
-0.886837211739629
-0.840535061749578
-0.967785497159778
-0.70287105702546
-0.734755771128287
-1.01658005255784
-0.90767627102003
-0.796492045298326
-0.859857773108397
-0.946137674479215
-0.733513291713734
-0.884929942404704
-0.787331828716241
-0.802933978170687
-0.778708425923902
-0.991216959470564
-0.756173994228995
-1.01976841165581
-0.810970936621682
-0.98623278795949
-0.828963123188109
-0.743317503510565
-0.74697615841674
-0.794532506549182
-0.832556723193013
-0.815661199739885
-0.805472583886291
-0.789725946930266
-0.779959150113616
-0.762825197113453
-0.682774417593984
-0.902963312003795
-0.705043463863509
-0.749931564113863
-0.816788700925322
-0.609136562741274
-0.687875949276702
-0.755008031220482
-0.784767388949912
-0.735688151090552
-0.70433574208997
-0.803879485671606
-0.744648251555028
-0.5699156406487
-0.831987436974114
-0.84599182498749
-0.76795364719487
-0.867396320893987
-0.855633472246719
-0.769627709619107
-0.783358165948351
-0.607053979378932
-0.769258842636311
-0.656521906553843
-0.889960355185642
-0.806061427070649
-0.828728709450402
-0.867825637339245
-0.695405749976282
-0.880958493089981
-0.743018204807134
-0.806721083223963
-0.659425725328581
-0.695259912376106
-0.747290510231149
-0.668314625169877
-0.837350166803094
-0.7635589679308
-0.769381020696176
-0.671987730078908
-0.802198879176701
-0.657117394571291
-0.672747984316571
-0.66028174727659
-0.552914808983573
-0.874503998832627
-0.568031879570019
-0.652810183393781
-0.773316252031696
-0.775383023186166
-0.700371153153638
-0.650751092752669
-0.657039137458562
-0.57785899658697
-0.589800243519504
-0.640170314383708
-0.765093131920366
-0.724006555481506
-0.640043477869237
-0.693709645567236
-0.609033796910607
-0.690761468077803
-0.643502824409785
-0.784356703621241
-0.615799306453334
-0.668848644470846
-0.571035468329427
-0.606640836783604
-0.738422789495983
-0.759409928096547
-0.638202608782577
-0.730499523187576
-0.727763463460282
-0.573457998037611
-0.607643735482429
-0.514372491889977
-0.679484316160293
-0.708555970482771
-0.635193228794921
-0.711345135443795
-0.627021974987113
-0.814353094980634
-0.647740070705221
-0.737639025138924
-0.614256832179987
-0.656340224026048
-0.692293870745443
-0.68292323377924
-0.593834963336302
-0.61500840507591
-0.572918986432226
-0.623750915519501
-0.767928051613
-0.642825202141616
-0.734377525728974
-0.493512835809809
-0.61929499652498
-0.676016626723275
-0.589050737034723
-0.659969554321979
-0.576760989981938
-0.62814953625188
-0.711829702394549
-0.712197259058174
-0.513394904550309
-0.54963978453053
-0.530643156757361
-0.65179926132727
-0.616136844053274
-0.385734866254824
-0.589126780719767
-0.456606144058952
-0.320221390624099
-0.509545105276124
-0.531559402988785
-0.636931305195938
-0.5436151266575
-0.642598482673846
-0.52460429590519
-0.34893854441403
-0.521470476060406
-0.706974277784399
-0.721317543074433
-0.600744122481229
-0.574854634852865
-0.398132659439014
-0.814550727722067
-0.68977832019128
-0.620261717312137
-0.459735313662441
-0.514735328920394
-0.402027377947441
-0.581772342891348
-0.666208201021311
-0.66139132175231
-0.590668216892699
-0.599770706587892
-0.552818427974813
-0.434949055379251
-0.716670746191663
-0.460690895652789
-0.540127885806699
-0.460767594511327
-0.527853929616584
-0.584005414628499
-0.517794616991309
-0.578531532967894
-0.604546795348401
-0.365527449796298
-0.530178931587023
-0.424683223201277
-0.444351157858977
-0.653230855127235
-0.384718836901036
-0.471310107677146
-0.44913580108854
-0.388769588511379
-0.628701147680749
-0.476433551137044
-0.497329706070276
-0.482769388308516
-0.465014161412482
-0.381371595706017
-0.597710362944016
-0.530961894529956
-0.251473057944086
-0.529219810477394
-0.628774475493277
-0.55423703520466
-0.440212871373485
-0.539895509043024
-0.563931885321862
-0.469658940722437
-0.489684760596392
-0.344210132339962
-0.400521607711723
-0.395012813799593
-0.450289096108817
-0.651600161970808
-0.440524328852026
-0.474134969747483
-0.455762258519863
-0.446850214731158
-0.429912774007871
-0.444255917752945
-0.507829161977343
-0.420429785866915
-0.483172937460969
-0.51447619906554
-0.386086047449962
-0.417564562610608
-0.357828729757797
-0.639283885282279
-0.475310425217532
-0.380294157701283
-0.582725693160157
-0.447630506411302
-0.38031946129827
-0.448438917991629
-0.445407697366649
-0.456455319190958
-0.317554431662511
-0.531615329130415
-0.485066426361536
-0.430743054735892
-0.324152734488345
-0.396610170014683
-0.230482731851681
-0.379014405144499
-0.545310558400119
-0.190994279184269
-0.330409500997134
-0.296597246695731
-0.334986352864585
-0.336065599659505
-0.401083396674206
-0.251333577631964
-0.409825670896248
-0.356502326543105
-0.338262106612645
-0.171797541679576
-0.469180324602262
-0.408516557869902
-0.328876935590937
-0.36965616149175
-0.329226190385222
-0.425148046557381
-0.424282615790323
-0.410690578757454
-0.19415031292793
-0.289678109371795
-0.364941907217158
-0.444909022301524
-0.190562729247536
-0.220098220194298
-0.272175864672664
-0.272126500898265
-0.286864710081114
-0.368175077054185
-0.295097688951013
-0.26622789735367
-0.321943251469823
-0.22809806293128
-0.297597513907354
-0.253633885624092
-0.379455461744943
-0.229373184089102
-0.358431041482694
-0.359551507522762
-0.284751910621721
-0.35825808939749
-0.278652585774507
-0.406683165318438
-0.196647654945536
-0.306576995716918
-0.310793491227838
-0.161849968042806
-0.442385955865544
-0.300592053373351
-0.256054004574895
-0.307660636383187
-0.23844248324539
-0.268915252364459
-0.271908608126625
-0.353178551043764
-0.279022997336709
-0.13377664300081
-0.202922131114623
-0.294719195779781
-0.291164163503824
-0.219605733137904
-0.201377806119355
-0.276079452290331
-0.213207598667973
-0.279178564173997
-0.142455381195391
-0.147110411462991
-0.306405576160846
-0.285110149520654
-0.195240132535496
-0.35543311147684
-0.171038279448061
-0.222283721393139
-0.255347072035523
-0.318947084874607
-0.154422078932612
-0.198736920541171
-0.170798330760636
-0.249301667974203
-0.290190713196327
-0.252842906204021
-0.260543557941967
-0.179542802226909
-0.276600279229264
-0.165908839879157
-0.238717988638614
-0.262398915197504
-0.271845205896992
-0.226348227694164
-0.0474499342125902
-0.32049368594824
-0.230345037995904
-0.0146719641850061
-0.15302804757301
-0.313356612406361
-0.0645640335236793
-0.157498417305095
-0.288304100907965
-0.260384763676183
0.00711052403558072
-0.323008177113156
-0.234949350161587
-0.0880314609369989
-0.188498032138592
-0.101911856409991
-0.193100345030402
-0.201792103408554
-0.133141706934978
-0.107698826388941
0.118757029601471
-0.0428911018425779
-0.0716161393427455
-0.182044276012012
-0.140968588701313
-0.138348294668683
-0.157847581993519
-0.121173755588679
-0.142415113109536
-0.208965787424679
-0.00328962590810456
-0.0608694070238964
-0.0431712613860085
-0.190536244341149
-0.24732123705804
-0.185453087560185
-0.100790792985835
-0.0812812102148084
-0.0985295548936784
-0.10655386855631
0.0474374619691576
-0.0649027661141805
-0.096204697162504
-0.123396998251718
-0.116707170276173
-0.201814068292792
-0.271284580251183
-0.207546523300819
-0.190115298942333
-0.218566053227065
-0.163845369014693
-0.281792437065089
-0.219026079009344
-0.119497080221063
0.05645370813912
-0.0801434998121144
-0.0176604734835618
-0.146201586930675
-0.0394338223628302
-0.126833314351842
0.0140186651492344
-0.117410344351378
-0.145000697602661
-0.163147417573937
-0.0776818918063867
-0.0264956028674524
-0.0802598930211379
-0.0672291287476472
-0.170822503363462
-0.18787795675191
-0.143474543662366
-0.00571984891225602
-0.0316749725387526
0.0206735212551065
-0.0833595269301953
-0.108664009090326
-0.0371472056858502
-0.016553069258268
-0.320247100907112
-0.124900798110478
-0.251956736361443
0.0338944821186347
-0.0437737831176099
-0.0565555748202679
-0.0198859767346543
-0.104245024745988
0.048996147537778
0.0320095943369789
-0.0492760831611162
-0.0124625511399788
-0.188359453578875
-0.0158279072206791
-0.0867046023461678
-0.18866787449754
0.00808838774226855
0.109619550536444
-0.0379356602120208
-0.135996007843036
0.0624394269493536
-0.138524867459802
-0.177194255934318
0.0313032776232846
0.0166295138432669
0.0251631838636561
-0.0321916099776688
-0.0311203656183322
0.0289757585304652
-0.0355576470266028
-0.0676731825493238
0.221854535860561
-0.174984324785845
-0.052351183786004
-0.044077197784975
0.0550307766825227
0.0506780331925448
-0.0566517078767331
0.0181951016468165
-0.110050557293164
-0.0198659428632735
-0.0146720311746388
0.0714819411537592
-0.0260760946577995
-0.0155702036453059
0.184902903401936
-0.10547260231362
-0.0321961091365227
0.0172237453477978
-0.0782803469626911
0.0063362684225784
-0.0549564576425429
0.188275868113774
0.112305176675942
0.0758639307411502
0.189010113339183
0.05037702757685
0.0236759767656483
0.148237980231886
0.138589295521191
0.126990091624838
0.215587237030699
0.111759362415268
0.0575273594961446
0.17622327139582
0.131254559383182
-0.0657210393593481
0.128759131498651
0.0837156861350884
0.046695347273225
-0.00683248619705789
0.0870429103818982
0.0943057789598365
0.124995059767665
-0.0301466962958626
0.0796492394740884
0.0021211512758052
0.196095957346866
0.102853452646437
0.111051365829929
0.201002320784456
0.0486004101463144
0.133379429775442
0.163579579333849
0.133450826617113
0.212021947884522
-0.00510822913710683
-0.00743392106040776
0.0696322597962585
0.0551295048452185
0.362789009371789
0.258710716134154
0.231668431113491
0.0302292161044617
0.174134222781446
0.0115721377299849
0.137973047308015
0.256576615556008
-0.00433795199005453
0.00936550013482056
0.121969252878739
0.20638283258105
0.135295150190053
0.137931882909827
0.201225367620849
0.242009839681663
0.175244796180711
0.230575888634783
0.0759914075629871
0.179787351869946
0.0843156426840015
-0.0193409006120207
0.142671615134354
0.0874561183030162
0.199414161499944
0.289868907238327
0.228697843990095
0.194661618992821
0.266461603256061
0.193932000226252
0.169326344141884
0.198334996190144
0.241650345780068
0.204791537821348
0.157259241321288
0.0965789103013321
0.209670958165256
0.233686465228788
0.199754540941202
0.353010733388036
0.251998804309984
0.0187027553397912
0.227570597952367
0.208028276160631
0.383270382835364
0.147978862021309
0.224981581239348
0.260197715188208
0.148021648472363
0.378733864592682
0.298890267930085
0.210364466934788
0.253069543006134
0.140819884560947
0.299340694525642
0.434642559976387
0.344426373792694
0.161853803884293
0.268720313104904
0.240543417665714
0.315658988152534
0.279166086132577
0.383365174279493
0.167727853226587
0.311015329442404
0.360507308245441
0.21122197243948
0.197997683893194
0.253557004052963
0.347066976116882
0.226264915411774
0.39983314603759
0.305555959434225
0.446495179168622
0.26298214157852
0.267053571730579
0.291542105876659
0.29801004461236
0.239692134141078
0.248414904209439
0.214844441893875
0.387212923822902
0.390732466651315
0.333761729707836
0.234313839744079
0.457171718090731
0.529447236994307
0.387222627766321
0.364627977134212
0.355532146573674
0.0735469240074779
0.352889230352655
0.400373311249493
0.1948841876084
0.433533654425675
0.336169522527562
0.346811365796824
0.362132649127107
0.324931099900818
0.423765796700319
0.296900198858061
0.343593096188754
0.299916053868324
0.326333777124028
0.391554873190508
0.318086752285525
0.370101666131336
0.359337500620529
0.268566992579122
0.426749347376193
0.327923286689238
0.272758742960586
0.340178695261016
0.352573389001251
0.388879137793436
0.461664715830762
0.327208020640295
0.385774626073358
0.371546674374619
0.480032396804146
0.436086683296156
0.402734673548982
0.368975359545615
0.425877865551694
0.362486558330984
0.378355517839922
0.478506170717384
0.299943293113102
0.480844910753615
0.395437613216614
0.37854659508809
0.353209812636418
0.391957820240739
0.454006326684054
0.42734055421553
0.496062412942615
0.322426211460592
0.257295200569911
0.395018172903879
0.61040569963509
0.397251484525264
0.565563881358045
0.33907581195338
0.308694135000517
0.334742529853606
0.436211082771814
0.424303348974886
0.38651008314594
0.356224743248315
0.455341880515184
0.449922448238806
0.648947458885663
0.481488963701074
0.488632482979462
0.482161378338123
0.400227563246073
0.513573237113962
0.429623061598925
0.36682146738366
0.546635994672432
0.61939983501367
0.262741882282673
0.532497268893032
0.469791841568694
0.611582856325017
0.301578860920658
0.432009307059263
0.53985096816485
0.426485360822745
0.494612650958751
0.529660328630934
0.372555050253172
0.545647995074076
0.516258099318233
0.539159096206095
0.266382433582103
0.44275120435091
0.441904897296577
0.343286263505373
0.583556316062442
0.416421788241323
0.484669572840214
0.549244633124151
0.416457047415232
0.368956121976444
0.575160948708179
0.459834883825937
0.404990177444009
0.552825882161136
0.465233397561593
0.486058408708316
0.340203838522861
0.491973114020289
0.557993413869951
0.495931158293644
0.551153289720961
0.524942580937899
0.477162891079977
0.448534849577338
0.563767112230466
0.432306866801989
0.527963066222188
0.554430995754032
0.567344346315355
0.50395023976937
0.483840891684763
0.486784918662729
0.421461809964371
0.554231189278796
0.548629886612826
0.657118983781265
0.636614469046482
0.589808838306962
0.364615511025033
0.552700477087459
0.50279369675931
0.598949274710671
0.500381752391261
0.468909093265536
0.61722228180037
0.58422992025306
0.444970326803372
0.586475744161498
0.506528227693182
0.639603662283553
0.548710931628815
0.437207395134768
0.743392534886272
0.630621291467714
0.618679218171928
0.558767296180502
0.638484200048446
0.509979451626867
0.581847888473632
0.45080378081943
0.689376173384407
0.542178874303239
0.55477482978499
0.641360806972874
0.776195920639262
0.600141025075465
0.724958972286488
0.578194264432989
0.573745959280477
0.689747895042897
0.65758134453742
0.775381930945549
0.729783289289539
0.597214696324789
0.645013434701804
0.696883473457643
0.522684144174682
0.637543488921121
0.540138990206622
0.600726021143587
0.516155184679507
0.532177622002227
0.625400021132225
0.504415789257826
0.630505451031616
0.790574190394981
0.562437323662712
0.736104176535951
0.764192733562554
0.676424150411623
0.687294631550865
0.61363146197169
0.608284940108515
0.684174413737152
0.811780876235374
0.640298082186937
0.556423338200188
0.695795808513686
0.598022583627657
0.511794120644897
0.649954943637259
0.612243352842358
0.745760017814118
0.687473338988076
0.616632661510679
0.571788201691773
0.610796040882442
0.726474875506848
0.660116620404049
0.740963601567706
0.690416842896431
0.726817336030277
0.878194427501744
0.847881195007972
0.555824092731379
0.801331644045722
0.711278978685839
0.781536123066077
0.632717114696916
0.723505794245616
0.78635180596331
0.730671424990695
0.774542673519174
0.758792782025407
0.675880748376143
0.739492592931445
0.755125565933745
0.68760849956641
0.69687516300963
0.718965825212706
0.648545506904583
0.72341550245247
0.73513473304964
0.684424144310079
0.681130763495252
0.661839982871263
0.828622039482775
0.677996739152613
0.65986015533657
0.728890867414649
0.594721667935827
0.671322232364169
0.750638193572843
0.730361958546876
0.768218329658035
0.610508606914603
0.663574080582977
0.61749411333469
0.778331405129958
0.722922874490251
0.875699141901065
0.769601226588818
0.751475803518602
0.858870626713552
0.688546780400769
0.752881319624475
0.780890524621584
0.77473616174659
0.781585364571751
0.888546239258
0.768176730837671
0.813283924183598
0.746187750322437
0.824504404967537
1.00489666307055
0.917623205320264
0.857077008266751
0.834395657266625
0.922985820121407
0.795101985103732
0.808599540768121
0.80322813692641
0.827166355757617
0.940044113932167
0.793737641854603
0.806253429764512
0.820623103641412
0.997440457648278
0.641930595434555
0.831190054015754
0.775941508409432
0.869566877666028
0.806075411442289
0.833634601038051
0.786725203271814
0.922400257821849
0.621978697819153
0.932187186852134
0.855612851751979
0.652591927362137
0.920092497909949
0.928286592804535
0.948807174680245
0.878363935519927
0.965572349516402
0.758708955405531
0.791787522478962
0.878988557043892
0.96955143317622
0.897112785392615
0.865538446139279
1.0028066142269
0.828205318140332
0.782353300598474
0.971657635426269
0.957842844987593
0.816790145697972
0.84038405476203
0.890475542580439
0.978667468609714
0.956737300661492
1.00139219035105
1.00263126071811
1.02619863021859
0.922919641363332
0.843973034504941
0.889972058633915
0.971260764460554
1.06621279657449
0.927587986107445
0.928699203154027
0.97624538638094
0.938797577307408
1.01197661026051
1.0689464287742
0.919744630091461
0.902059786016024
0.829805946180488
1.00751656297192
0.960548041715794
0.935448476843174
0.879660210027076
1.06767555798653
0.973667038771365
0.957834785561473
0.928114139117663
0.927831216053335
0.887988456005667
0.926803202853524
1.03907188479971
1.01959286882593
0.841765157455864
1.06728512473615
0.997219672622434
0.841730971972225
0.940172478089936
0.925539906427861
1.11747824873102
0.980835598980962
1.08401030700498
1.02684375227009
0.910348739967628
0.782917647390972
0.995305746687184
1.11912223764668
1.10050145057037
1.07129066408415
0.938382582319685
1.08704697046792
1.03812006383475
0.994160169986663
