-1.10158245497598
-1.02194865564314
-1.04275151969059
-1.023431311922
-0.942336174721259
-1.01305603681085
-0.883446671992905
-0.954257810906133
-1.07518852697275
-1.07828862150188
-1.02225830402148
-0.97399110903934
-0.923830296128182
-1.04219929900142
-0.885724746620254
-0.96867523548633
-0.89632247837553
-0.990069279421513
-1.02357244258652
-0.90723996385694
-1.0950474007372
-1.00543309767534
-0.898948223628521
-0.857043717061751
-1.03615552729089
-0.903489588190201
-0.902514989500704
-1.03401083629796
-0.987109654688263
-0.915933269215369
-1.0595683876774
-0.871572309440635
-0.901651670759067
-0.797125735811174
-0.854378865624118
-0.886778970051419
-0.791399008385231
-0.923901359033988
-0.865160603765002
-0.950324644893085
-0.888536672913088
-1.07219745480639
-1.07390482858134
-0.975974795876419
-0.843269636935779
-0.933596796977306
-1.0123435325659
-0.850049145794958
-0.792593782367823
-0.90816320626309
-0.885293666609801
-0.869335126669311
-0.834284273013823
-0.847051116658612
-0.856251314498671
-0.832362137728052
-0.893427673169661
-0.807010034869749
-0.971458005860542
-0.963872372826202
-0.839747685387365
-0.879789803417212
-0.897256425245837
-0.845739127581205
-0.884258102030227
-0.933329625210405
-0.911069537605402
-0.816552740817883
-0.911369759120896
-1.03764824644847
-0.932577005097037
-0.901594405500872
-0.956946146577506
-0.801875949418502
-0.846909361158368
-0.865341699051977
-0.88551636915712
-0.910693320811095
-0.885603380647123
-0.659460250233126
-0.879790280319619
-0.842826791050284
-0.825250327853641
-0.864287894556114
-0.913269268648065
-0.827604463800717
-0.797119865757821
-0.900102145990232
-0.7966996735773
-0.92079408438094
-0.798257165776373
-0.730871135788659
-0.86257637790391
-0.843325544439222
-0.773070838889913
-0.854096833877062
-0.828184975921333
-0.728417142710979
-0.76654540114305
-0.6971725207608
-0.853068875162462
-0.764728990230694
-0.739713357869521
-0.691821549641097
-0.710934462767186
-0.905318538135018
-0.63386610767903
-0.724691611475436
-0.740267247655329
-0.787587044132767
-0.846667046401746
-0.863863348407588
-0.787583413262145
-0.83389587236881
-0.854630265152257
-0.840024989282345
-0.873143569262334
-0.592704162057332
-0.783114938220944
-0.745793678633831
-0.76608307020985
-0.888907057833687
-0.820634470174057
-0.614542486184652
-0.469261554078141
-0.675012987796454
-0.694584640496417
-0.744558645274638
-0.746141691884834
-0.821511671737551
-0.762476722913826
-0.720513222666181
-0.752815558076623
-0.726616600079143
-0.648670454219937
-0.80210089565875
-0.79279981431612
-0.820628075856041
-0.562711480301942
-0.673493730530486
-0.665196716354092
-0.727338495932901
-0.704331869955635
-0.677531835766048
-0.611466995514394
-0.749290755640553
-0.802671427173464
-0.757104012723181
-0.662151294892076
-0.589893737145601
-0.561703093987276
-0.655174474346527
-0.680325962039889
-0.584618652429261
-0.714794985403398
-0.685671517091638
-0.833372546291316
-0.762270896084825
-0.559859549063462
-0.654382198546052
-0.698855124892606
-0.683283915604136
-0.803211980664021
-0.807324508220647
-0.692771523484947
-0.810834180800212
-0.613675326330552
-0.555114892581041
-0.663519305319919
-0.52008225958391
-0.644462142002367
-0.63044236914022
-0.642205489565808
-0.584167106469622
-0.642721850458794
-0.64985847710188
-0.539683132195587
-0.586774070868695
-0.533029473901253
-0.758494508109216
-0.700452650635443
-0.709135607085247
-0.660440483334238
-0.607773640428081
-0.599063651065169
-0.607664839577788
-0.642136328603603
-0.684654463897418
-0.552530850599303
-0.705892086973894
-0.599717396699097
-0.582078481945862
-0.626257847601628
-0.466035673200338
-0.593473300727365
-0.655700450870886
-0.61952369016184
-0.631384099018358
-0.66027730964031
-0.556739657842319
-0.569183666683361
-0.593581814551316
-0.659904658491202
-0.610163873776684
-0.489427110415949
-0.632536112897915
-0.541580741362282
-0.561894406111302
-0.42459427614651
-0.55609465327041
-0.605102747476737
-0.524968082326434
-0.438828181475822
-0.491967633475726
-0.556768498544072
-0.498920088468597
-0.379586641054806
-0.53602712404418
-0.572311050231982
-0.49206529805305
-0.577695421325226
-0.526047717995939
-0.695727545326826
-0.557056458088027
-0.57108508888402
-0.444193727517731
-0.470473874359906
-0.673927007714319
-0.444027028680545
-0.554714293118187
-0.549311741934979
-0.58524878416879
-0.449288079677467
-0.570466113161397
-0.532656984967844
-0.498173968954159
-0.366695542032385
-0.457168129799921
-0.519158176877797
-0.533850525834988
-0.493130631571169
-0.531553320994372
-0.686517331399807
-0.542130019425521
-0.43522996635434
-0.702357728709687
-0.308807644192857
-0.623435594499242
-0.494398748184033
-0.538897700799652
-0.395710918774222
-0.642167976803679
-0.333318917652591
-0.692743485100578
-0.61050215221132
-0.471768319082042
-0.488039461354101
-0.532772553913634
-0.468149677039709
-0.513831750437393
-0.403864647598223
-0.503671024981491
-0.471271733351116
-0.287018932382417
-0.528655088396109
-0.629654810415003
-0.458556627141642
-0.417010262994334
-0.507334992023467
-0.473405460704193
-0.315382383842777
-0.377077349274206
-0.5498872712784
-0.563846095727666
-0.340727698068744
-0.384833297399045
-0.361829752547279
-0.426212469830108
-0.595205344784121
-0.491176162152408
-0.55058669348717
-0.305082588944408
-0.54977450309348
-0.377590237479275
-0.351885283225644
-0.315136604458741
-0.320739860186977
-0.636434326687896
-0.36765427394794
-0.521664569063721
-0.663827030356948
-0.333214855858121
-0.551732659077228
-0.459701514121457
-0.439067471909397
-0.373778576017013
-0.400103887342736
-0.443282466382484
-0.416852697212378
-0.299101167267068
-0.323385541015629
-0.523765372305526
-0.427020910114447
-0.486545226280612
-0.504835513861724
-0.403785869438437
-0.364147923842475
-0.296734461967987
-0.442298787048426
-0.308729120280028
-0.442829738320946
-0.380969595186161
-0.368896631679274
-0.425960008244944
-0.315050034697393
-0.462236103359121
-0.234072042079453
-0.239147604487551
-0.315471247609831
-0.470879157312667
-0.330486207618979
-0.432050789360628
-0.410456302775616
-0.362819163208249
-0.494721819208162
-0.310380605874703
-0.228542428281433
-0.319815592294454
-0.407472707846858
-0.317812689608614
-0.372234974950236
-0.33512568801604
-0.2933139127268
-0.118558274630017
-0.410714189682264
-0.289774510667684
-0.322212559615502
-0.427427890352409
-0.533960436050613
-0.366612464468327
-0.433543385113085
-0.177893090242818
-0.326500234686092
-0.333474037551079
-0.190844387519629
-0.146530570741452
-0.333893200642655
-0.160996764411082
-0.385161510888963
-0.304561399415063
-0.283733094776239
-0.386173264010549
-0.0912191474646119
-0.214089516235429
-0.331075364941949
-0.327244835180035
-0.314177366816603
-0.375257669020556
-0.313878113436434
-0.322233566305066
-0.282409699911058
-0.394247252345905
0.0245802551101826
-0.44228552737668
-0.183920859730997
-0.33107079761036
-0.296779286678254
-0.0961163214460627
-0.34598961206463
-0.300146827348987
-0.291227131399157
-0.135897289344864
-0.185197258370578
-0.140742355010487
-0.175252999600315
-0.201835673409098
-0.213691437999055
-0.23738846703819
-0.273127308713151
-0.431615200520442
-0.234194131638002
-0.2952824447889
-0.206273208051488
-0.0687567242228302
-0.346248499173445
-0.180068092822916
-0.354107967726864
-0.248103375054187
-0.28548144287724
-0.308631201635961
-0.274219076414589
-0.081752385467343
-0.09466177905053
-0.170686211739489
-0.284671878588487
-0.169034868582692
-0.256268467866919
-0.34340297057007
-0.183436596791152
-0.270677337615315
-0.169779434636677
-0.300684964024876
-0.136418027603492
-0.360777145612413
-0.204177675042947
-0.208351872541392
-0.264663466175617
-0.163554689970457
-0.203339711029126
-0.146719738450509
-0.156277920336206
-0.0780872635340439
-0.0377207794656791
-0.166901857753774
-0.147400421001555
-0.0333573287854512
-0.225251160882767
-0.230228347700417
-0.173407776727946
-0.189838074322001
-0.0670763446450331
-0.250233931505352
-0.153620662476769
-0.0761502400506165
-0.230064376883406
-0.196414329203501
-0.0633714515258164
-0.0369317819848583
-0.157081158734782
-0.150253934869859
-0.133186746909017
-0.163859111930096
-0.285097186299609
-0.10816050112443
-0.0789584603148209
-0.172811732500203
-0.223774788800444
0.0195606470730466
-0.185646273429016
-0.163508224712112
-0.0863757943468246
-0.0721251001595464
-0.0315093606443101
-0.0183640009399434
-0.139080478532494
-0.166043729501948
0.167595862066263
0.00341738840460494
-0.0524859289067518
-0.265288143420888
-0.209146256944258
-0.224548140399205
-0.140951759701274
-0.186272737453971
-0.0900205573660828
-0.115040796682819
-0.0421378442327162
-0.109883595957949
-0.140421190293378
-0.118342813853126
-0.067604051838886
-0.0323206297769664
-0.126813294925125
-0.150092411149673
-0.108079997114969
-0.0325137350466952
-0.0279689974707465
-0.0794238724903911
-0.00536669057828875
-0.0904552992177421
-0.0140276000636222
-0.0687442266145963
-0.162899276627839
0.0626331081186052
-0.0785948476696165
-0.113210174596062
-0.0355924248120663
-0.0235268971644172
0.0522297666163626
-0.115410669185006
0.073897694173294
0.148081715711013
-0.101517019000253
0.112466413515015
-0.0601274276714224
-0.00488174684733991
-0.0950303053370666
-0.0174916652247124
-0.0335153727338337
-0.148820255175574
-0.0184714416979352
-0.0809678558628935
-0.0515738803274425
-0.0407250221502046
0.113367588962769
0.0718093819379058
-0.0111414929718642
-0.0720438265895421
-0.044092814611126
-0.102270843159004
0.0103020570966789
0.11511018289199
-0.0145729852282476
-0.0236748417076222
-0.118645269347324
0.20923618244051
-0.0975567400280065
-0.185057834631512
0.0914972918890093
-0.00848468757106723
0.0520063837655956
0.109481908926552
0.031097970742932
-0.00922976040530325
0.0391045498518272
0.0570193594669464
0.0778544590075598
0.131406145047266
0.0942080918525763
0.0206396945368441
0.0803362801172363
0.0908748373582471
-0.100693178312272
0.18268476670111
0.0852277426592106
0.0125506824083184
0.152094181350833
0.101235786501441
0.0444696308134083
0.0114526762950107
0.114097766062594
0.118563923081398
0.108524953720076
0.101632072162021
0.207046915860304
0.0227861792493595
0.0494302658286219
0.0181744122102709
0.139370926621367
0.16845456864936
0.103844968335251
0.233397196875646
0.103636191278062
0.0438752335247739
0.0624479183945927
0.171028287588799
0.103121469641373
0.0512330598497676
0.0231031281313926
0.0446072253128858
0.132383832790794
-0.000589252855997794
0.0723594246718137
-0.00783459783227965
0.193896646491492
-0.049983477416223
0.144368320625649
0.163692361491654
0.100748470225926
0.277307382026912
0.291360634352625
0.238833598808896
0.151605299453756
0.137975340771463
0.0416833444791924
0.186364293455892
0.0568236856432284
0.0363513317230893
0.16808842939834
0.034998820917901
0.194346266781943
0.128227296019122
0.0785738549773997
0.110450608888114
0.19068124872386
0.0713802945949136
0.262284859288909
0.253932361914654
0.143278737737441
0.103441575871352
0.125538333436401
0.0882830082790627
0.230605363218652
0.186433583044666
0.148005810891259
0.251305233043643
0.0870966930317956
0.33197150551104
0.232794663690941
0.131220741085204
0.183150186908804
0.138287609515144
0.201508370487262
0.273092095614183
0.0546508010964732
0.245188464566268
0.170652161185693
0.0463953603055116
0.164847867361847
0.134278488300778
0.250867908028953
0.157877346087956
0.284216826936461
0.258525133076444
0.145609754184126
0.39760448935694
0.292332856364054
0.0810921570990836
0.161068110929273
0.116051038947299
0.248829795637863
0.267912022217857
0.2331340578814
0.333729858918791
0.322594521514029
0.268317809012157
0.270981239249067
0.301968803951513
0.271929838331738
0.144826216730718
0.190809292971307
0.250718951607225
0.198793566474284
0.314838940874363
0.282614718122483
0.339903556841437
0.272890352778996
0.277163068135973
0.265030785007442
0.314469572538615
0.296237785163494
0.321718799541659
0.295206538396797
0.310076424595603
0.302456678548341
0.251016991650149
0.30953414462887
0.31426331270377
0.277459588740723
0.221135632547946
0.274051874406802
0.341882029805854
0.375695668529972
0.436511241234246
0.279277797461616
0.260278050399059
0.287763582152786
0.387768509793596
0.312667603237738
0.150616577250063
0.356557095725942
0.174798138895227
0.27110934015933
0.271972697955382
0.244379672303762
0.391328722061332
0.365758818147355
0.444626315480459
0.217094486138877
0.336971612431458
0.269550005144416
0.29717702195321
0.268118905833967
0.253184019165754
0.231733045612112
0.385793323225481
0.412557576958387
0.201859945631
0.321841606211491
0.214717721472747
0.228776165426497
0.18307346333185
0.285253868759051
0.397630792967838
0.379546310987907
0.349866912284689
0.300307530741184
0.25903342134853
0.46788994092003
0.434504733150165
0.573407345512725
0.517197250723161
0.309555166647145
0.404158598961378
0.44880719391036
0.34748909163768
0.413208089317419
0.510294919520027
0.29411316105076
0.355001422585762
0.453697653486513
0.35119110599439
0.339506742422013
0.519529827411483
0.390913108854659
0.292356742931132
0.24108906742503
0.465715958572467
0.290292943158318
0.294351589741189
0.368518115428064
0.310175333835083
0.450225414135619
0.43032166524456
0.335170649900666
0.418129689652313
0.260359495567191
0.379398857205063
0.348532854973593
0.554993951575065
0.45173336993622
0.506044994796287
0.42070302331585
0.375581920923319
0.266081534939478
0.413654441688114
0.545938198413593
0.393382686093463
0.343521410974243
0.446840738605979
0.47520899155104
0.467879937629369
0.370644962810102
0.47378884432417
0.508166541527631
0.489847149324682
0.291742166483726
0.427496522536944
0.422778774706915
0.56345378872573
0.555252262661463
0.401585910457584
0.402602019998349
0.477650772655261
0.44496491951066
0.491895066806986
0.389917369361423
0.445504903883522
0.495975109988525
0.583897596296603
0.538289416800654
0.600663759156813
0.41639320899395
0.567695603388294
0.522884699132092
0.538617916836217
0.481890051209295
0.613802090724936
0.574859111473355
0.510627173294152
0.365397205738967
0.344023034602292
0.488486799607186
0.407953401482036
0.566275315534075
0.439417803594166
0.601773984551537
0.504103103641581
0.48415899384075
0.691796144257356
0.620284939667569
0.659988861409817
0.464348630819328
0.535308016239091
0.417069747789871
0.561565936050259
0.531875317129998
0.523365140056863
0.625773854212982
0.573672671918759
0.550204474070144
0.518652742254393
0.666761139286728
0.59072873227533
0.511776746409597
0.497615344833728
0.642166112182226
0.594241153412643
0.631604717549961
0.384179242909949
0.509623065134906
0.707374139065773
0.539636052480351
0.636028069988971
0.582011354707457
0.635513534144334
0.619905221258504
0.689336871996126
0.602232907914069
0.637026805103827
0.698274133458025
0.528706541309816
0.537317339098748
0.58646312742219
0.498932019855718
0.526849502646141
0.535205229204219
0.634410724867265
0.643130472335415
0.484181533211048
0.604647932149506
0.492397927849096
0.681648781972769
0.646970059931668
0.516493391880871
0.593384026571344
0.489814742318254
0.522707187327507
0.627410611078527
0.636438008617641
0.574001722709174
0.642646069638636
0.563295521762713
0.690871490886361
0.767122398360279
0.426491284505594
0.514131186594759
0.524493789451434
0.643391161210205
0.630162278493651
0.577974969880874
0.590829213282618
0.618244619388643
0.653349385976763
0.660838006343298
0.752819193013347
0.60299016862032
0.752549396820891
0.518826274387231
0.625464676344001
0.702462260815383
0.725614003983335
0.633637544967371
0.574366489013586
0.742445573202933
0.815867733097124
0.600925414177259
0.833454057162099
0.764301442136852
0.608531092439444
0.698556253226841
0.849460790771029
0.759858873178796
0.62203166368208
0.653945428140619
0.693223186355706
0.656076942180718
0.641199675043674
0.592852135172032
0.722069702246164
0.538678156411514
0.795949275936285
0.84224458923798
0.684659463311023
0.58744112444572
0.661547300316187
0.713688409299696
0.65300968930744
0.655879649674281
0.620958871206597
0.67840768477645
0.595589432979611
0.787945271397859
0.715846666239454
0.674283119429718
0.692064644548678
0.609043452643026
0.566400918774845
0.708299620007631
0.814143827961458
0.793247791405026
0.764997803677125
0.625484628071436
0.781613163678527
0.525524730426271
0.876074709237548
0.754144665256643
0.774807527909824
0.63921069376579
0.620779316212169
0.616388598787644
0.859448725512275
0.686703875614146
0.865449057971274
0.772115012635169
0.730827524404198
0.776402400413301
0.670279355945493
0.732497526772347
0.797786151081384
0.715698169760026
0.698234911322289
0.77474032011023
0.74421693459427
0.736018947468873
0.797134688615906
0.81712282993263
0.79345110756387
0.910068539029812
0.806424623675811
0.840821821783018
0.843110162487259
0.816968474401399
0.803626846191006
0.758710310250232
0.629157994417874
0.921089491457094
0.869544161940428
0.900806478478855
1.06052457437036
0.896486462734454
0.841135300193194
0.760684595274486
0.816026624104504
0.946090696991114
0.752146482853852
0.776387972553461
0.869740894849762
0.984835503942823
0.839316956155364
0.834301028108542
0.7477235761529
0.865211423173624
0.868511782089625
0.861740681182712
0.881321184101371
0.717938965535361
0.754158605699616
0.881217924157998
0.865328590889714
0.950971185497313
0.815599541198496
0.943715351589323
0.855825160814758
0.895299001875179
0.807343226628986
1.00191130152247
0.849429179921168
1.03674030926866
0.766711232843623
0.802421306816556
1.02934727779326
0.846695103159171
0.979284240925038
0.909378064240118
0.828750868040892
0.757188804582275
0.961251296527305
1.04919553125143
0.789089150878104
0.925929711877868
0.867366422553657
0.842110105649205
0.981019093175567
0.97530681293459
0.903085109131951
0.877898635027882
0.874691279560079
0.999697976873171
0.848725055039145
0.829111864388486
0.930134817346422
0.93306646752507
0.842065416512339
0.917513064087739
1.01012597024448
0.947899855534048
1.02373777479062
0.868470438262472
0.823536067432825
0.833397757003323
1.00805583573566
0.98423005300558
0.832982967260146
0.946601924776531
0.919084325967594
0.90390665318716
0.913925082906214
0.925249284142875
0.8955238895999
1.07689677280524
1.0789736757437
0.880553495463637
0.996123469074967
1.03023708577807
0.917448144196198
1.09874978439562
0.990725982755018
1.08813508455879
0.980251687234018
1.06438152967938
1.06570375756104
0.908807857063548
0.951668135426972
1.03187691201407
1.01923562591495
0.944332244131609
1.04522027432283
0.966707216831636
0.89666389743184
