-1.02734576557566
-0.885418228186539
-0.969095662879395
-0.943005260753637
-1.0018526707679
-1.08689147118238
-0.966746731148049
-0.807239310507872
-0.917437070374265
-0.952118107838504
-1.00787579051153
-1.02425674986959
-0.978872675741035
-1.0603919673063
-1.07285755717611
-0.961535468741735
-1.01497377160668
-1.17269837116597
-0.983235285717633
-0.99199834317172
-1.00504033064306
-0.9417371234381
-0.832769222956386
-0.941090386922485
-0.834723270790314
-0.950840880789454
-0.905613836712757
-1.06108341428414
-0.951754224219445
-0.76984136823964
-0.893999761228244
-0.839213526768826
-1.17728809134694
-0.859021354773533
-1.07233581851215
-1.04116195039156
-0.847118270233464
-1.07811057112914
-0.945484740848857
-0.802128604653845
-0.957156484755155
-0.880017993874102
-0.686321250207892
-0.752939025153004
-1.03103490459819
-0.850618389839052
-0.977365482386815
-0.999447041325241
-1.07609756556825
-0.794751579257914
-1.11583599265866
-0.964596560897428
-0.950152375498317
-0.713261159839297
-0.933131157207578
-0.799314616712007
-1.03882137844297
-1.00002272051777
-0.772002352331949
-0.935014471770432
-0.786953793698017
-0.96838079160072
-0.843827003855582
-0.851923293195751
-0.86968083774307
-0.799898238435514
-0.810271416104799
-0.954279474246714
-0.82377960452215
-0.801679684585493
-0.918762780163707
-0.812350374667056
-0.940896350373017
-0.672428080379596
-0.73978923152266
-0.723652936958134
-0.850041812987919
-0.740302498603039
-0.848298736024828
-0.808123106686671
-0.850100376352999
-0.76419433307194
-0.905793145472647
-0.764208722501689
-0.778886066936258
-0.697383266984271
-0.757301653317977
-1.00049689539646
-0.869299694626611
-1.01945552985182
-0.835112571056822
-0.803353229000114
-0.917624271293648
-0.800354511041667
-0.798639661225075
-0.671981662900076
-0.783104554391123
-0.912884764665293
-0.72918996201009
-0.821401067454511
-0.78823912072373
-0.840308892907352
-0.843662390943445
-0.819780596755961
-0.821401325134232
-0.83129900755883
-0.811074410878104
-0.989210974443879
-0.73013879493696
-0.768815127144017
-0.783742689899519
-0.8202790957026
-0.69977817435702
-0.813768210142375
-0.742255211056978
-0.665540656270445
-0.803172335667409
-0.627536518288371
-0.769231313886707
-0.682512312874951
-0.777586057391598
-0.827812210672663
-0.728438462355802
-0.858374614176975
-0.670808601000785
-0.642871451178449
-0.789419108163272
-0.775387273957579
-0.835138864161292
-0.681689059488074
-0.53640766113018
-0.748689624204707
-0.677624792963362
-0.880494945411092
-0.487432269571363
-0.759352384471494
-0.744294530575008
-0.785045614755448
-0.671847608548564
-0.64612399151585
-0.545441763608714
-0.570774611935521
-0.649225412427731
-0.641559333604165
-0.800328110568351
-0.813549786707248
-0.758737315414315
-0.711150389903455
-0.647023678229534
-0.854373343416395
-0.689303192237071
-0.747324438180669
-0.719515268787944
-0.792854000862571
-0.633995501794898
-0.620420827032537
-0.771024192543435
-0.609382907447052
-0.669354970908838
-0.697079524963066
-0.637201777639048
-0.645198017195416
-0.721910547536001
-0.704541013886936
-0.579393839801682
-0.606765107656607
-0.85323270691402
-0.523262196873867
-0.7051773579588
-0.620272122433049
-0.663056954778309
-0.679436831193353
-0.595621388530597
-0.641553244096034
-0.595461611136533
-0.655723119544321
-0.665516322549516
-0.487477105840087
-0.798602800332568
-0.643949761282793
-0.679371125357939
-0.570148851927329
-0.638009814650171
-0.530719374489353
-0.596558996521318
-0.574713278866432
-0.649249952418673
-0.510045434354792
-0.656335731766588
-0.562348479211292
-0.50372949795896
-0.696819310287669
-0.669732804482986
-0.618585880713734
-0.61555092259683
-0.730443714144483
-0.570862514286289
-0.622056725680013
-0.651157550517624
-0.702636708430987
-0.476442770257561
-0.554602989950023
-0.709614631221248
-0.594087116762201
-0.673272377985286
-0.638821748026908
-0.760522213620143
-0.654051545641467
-0.569055572366415
-0.510271746166569
-0.628822659182886
-0.544133236380932
-0.562424943164471
-0.566747175573759
-0.579838904496147
-0.575057648121247
-0.580047129362087
-0.625700870822048
-0.601296460286925
-0.681057432649022
-0.550006976378176
-0.559392312960461
-0.584352983799938
-0.583399867049985
-0.480001224295686
-0.476631707874925
-0.646412530731771
-0.551133437772808
-0.584485693490616
-0.513695333112373
-0.331193765977809
-0.510430889007195
-0.368488810718332
-0.623752803648963
-0.431263935378428
-0.647163745032201
-0.518297913262508
-0.475112046851051
-0.53734275171874
-0.589520109957724
-0.481387369313795
-0.540086349633435
-0.645250617248689
-0.63243962800176
-0.427926924013766
-0.455910489495153
-0.438206613549359
-0.559464711848578
-0.407096677331889
-0.45226173326053
-0.518399684431695
-0.508990902758893
-0.418294133540075
-0.572528052744295
-0.611670628127907
-0.546361461762705
-0.437513887715583
-0.436092746864539
-0.457861736552335
-0.390618125195189
-0.420865375649978
-0.595213562933458
-0.357328889945029
-0.577858703674428
-0.582092596694136
-0.484594392975483
-0.415644219802746
-0.280380837400156
-0.334213431051001
-0.304240019700766
-0.406525804483389
-0.428391128779565
-0.500093556455861
-0.539150130772543
-0.381035197210303
-0.489734250617537
-0.535734310719539
-0.435331540103538
-0.450880528889638
-0.4556941286075
-0.499833672057319
-0.375453252994015
-0.52379535379806
-0.282307468685424
-0.362913197595235
-0.385912806419539
-0.471515885353126
-0.447308789511582
-0.489825097521019
-0.320282861417249
-0.416300558554893
-0.462009513409657
-0.467642460822981
-0.427741513987496
-0.515092289398355
-0.273422498739147
-0.441454469736391
-0.44652628457518
-0.592624649670858
-0.420965221391321
-0.449272656485898
-0.40864297190702
-0.277689429214145
-0.326636046718902
-0.379518695286254
-0.36273741551541
-0.324593177733473
-0.299739045210701
-0.339256761743066
-0.323613939127016
-0.523988004428227
-0.447709461474596
-0.133499914409676
-0.522099745768968
-0.322910748362614
-0.365781951001733
-0.390960507244924
-0.439053012040652
-0.432294611167185
-0.352996526040127
-0.366193800198429
-0.32970726667996
-0.249233921026313
-0.349163545920901
-0.352868185355711
-0.295040741052522
-0.110629368101309
-0.297309958395227
-0.335017267455357
-0.165846053307102
-0.492670148902402
-0.380468369311288
-0.320081011468041
-0.270069027603639
-0.277433578365615
-0.217234013624386
-0.430002327931152
-0.304438775264568
-0.348310588089978
-0.365237041732513
-0.310981819121549
-0.208196542156009
-0.264313125950637
-0.453172967150463
-0.219648601292055
-0.187748439135635
-0.227985460813721
-0.219300264948966
-0.339342712151513
-0.288657258415661
-0.207385490734924
-0.380641953542252
-0.205691530815346
-0.332997571388448
-0.304057801231152
-0.27953506936348
-0.229202493710867
-0.311429760479233
-0.257517894885625
-0.314020516705396
-0.362926201589034
-0.329325209540632
-0.347254150895662
-0.20405910902545
-0.1921191210007
-0.194319734787841
-0.344937010432344
-0.27322682276378
-0.237836321069848
-0.172215632057957
-0.318983781922842
-0.239223141897202
-0.463741157046641
-0.199441337803731
-0.287625399645894
-0.290920204094132
-0.175133629470361
-0.28643966098378
-0.194917110855456
-0.245560691289969
-0.352103518626647
-0.255922206664184
-0.235611272592019
-0.35487684413172
-0.273082499204372
-0.265912611390622
-0.363763298310473
-0.207904382674019
-0.0955562413037519
-0.241421528851576
-0.169484130130139
-0.291316494257705
-0.0778118507892084
-0.148103646462686
-0.277795476122557
-0.297577779126783
-0.131373446155689
-0.222484569516712
-0.358452615612632
-0.148708990521171
-0.191347651608334
-0.214605414481541
-0.202725153058225
-0.242572495851184
-0.290752931497713
-0.122299278076115
-0.0668860456967063
-0.307278679892348
-0.109508277977039
-0.153650657755723
-0.121613976892864
-0.230748671796625
-0.159626580094689
-0.237493761958095
-0.24464158551989
-0.0612080336832936
-0.231858071947415
-0.324876031350136
-0.200549458643819
-0.157019131157988
-0.0409512476233765
-0.235859688518734
-0.19722032983628
-0.197990386394895
-0.277029805240142
-0.189599006594266
-0.206004121326865
-0.172712189848483
-0.123312055680112
-0.0621936182000673
-0.124773669785803
-0.134340527990811
-0.220369072941499
-0.100620667313091
-0.0345378710696725
-0.134935827512924
-0.123014106140076
-0.367785216456195
-0.0848728467701955
-0.206296958924809
-0.0466222991980108
-0.156023851987392
0.0209823103771028
-0.116081260806844
-0.0562964478641017
-0.157389230615651
-0.122854822962575
-0.158448383049587
-0.0949871548568585
-0.0321949550308984
-0.259693724199758
-0.144766512543729
0.0706884583019258
-0.0565851341075411
-0.0262494497424601
-0.0914707467849779
-0.0979543547414041
-0.0564989743597022
0.0224355766701896
-0.00179297374806989
-0.0527696393994812
-0.125604070789225
-0.0549750927987808
-0.00644985404258701
-0.0904149387973699
-0.109242437006548
0.073287681869339
-0.157655852105958
-0.0413386568748781
0.00891807315037925
-0.0972037307780726
-0.139105287339553
0.019838400890101
0.0223705328498729
-0.0435897394151969
-0.144983952278288
-0.296554241252591
-0.0670791047938296
0.0691827693143041
0.00891240740129305
-0.00850632680252386
0.0549983220913993
-0.137400147244694
-0.0905351336114634
0.0527704793123252
-0.139037514585959
-0.104142484798525
0.0837249193032055
-0.243965221543294
0.0673029989143132
0.0183402057258537
0.107703358963638
-0.0850513729025103
-0.0598231797688034
-0.063868804257423
0.0810796224859178
0.00144352912201035
0.0342398449466614
-0.184489970906071
-0.117695108433888
-0.0479975606184714
-0.0949851687655379
0.0142622224211537
0.0127076373935148
0.0607907744767349
0.0508159069733679
0.016547488293163
0.0948551069998928
-0.202785865267972
0.0170110720962986
-0.140103253089014
0.0663631833642759
-0.0599843843711261
0.0823634641507097
0.058435585835741
-0.0332572782013827
-0.0936904025924617
0.0904823600435405
0.0273924997168654
-0.0293635940191991
0.0445849121691929
0.179069481154706
-0.0904591791868914
0.0684407782550137
0.0171564739740389
0.0692748154044576
-0.0676390281479459
-0.0953102696328213
0.0644622048958606
0.102450275149785
-0.0346489967116318
-0.0629822807571561
0.167174771507334
-0.027161007753892
0.0787337135074796
0.0103402180941501
0.246636221787606
0.0812386266807927
0.0295342661199125
0.0511416800401394
0.15117560463487
0.0309665903709927
0.0489292053602377
-0.0249111229775077
0.0112956458671035
0.0620568769753688
0.10512683988988
0.0661986902561068
0.102285898265567
0.199618623870124
0.0852349962540886
0.000989791689406359
-0.0996510700518676
0.0313137083672978
0.145550120547308
0.0885732699846414
-0.0245266173621592
0.173439996606232
0.180656880644433
0.0607473397765754
0.112959272662266
0.0629227111879301
0.178197434787515
0.268094296653433
-0.0452554158039533
0.235290698161434
0.186758826046404
-0.0918257534730605
0.13229798013863
0.135939526910962
0.0919250507460533
0.155091979811515
0.245299724782901
0.0914118384636736
0.0382564138252432
0.0819546086436516
0.327430904259965
0.264746832922922
0.153782920684909
0.161256001657456
-0.0289579680361069
0.256430475763371
0.234486904455294
0.0587831909592416
0.0987620050173708
0.0828423891119835
0.170778004872038
0.19477426879724
0.215451793260884
0.0583822329906597
0.107287046946101
0.271281956733938
0.140800719438956
0.229618653674109
0.0669296878023332
0.185961278427059
0.295603499651018
0.239774704001395
0.147730634704791
0.275383042175165
0.109794876088704
0.342397502214562
0.16253945825358
0.320499202687941
0.20868921121482
0.0291010612717611
0.162689577604025
0.278810538202838
0.259068950423557
0.358114019912368
0.189368557510287
0.192619027513008
0.377757347871139
0.319728055408073
0.29874551483265
0.152715120103331
0.101634437837696
0.275108646181344
0.256748518215904
0.0318555459957207
0.245554569725329
0.25185801377728
0.177820285832583
0.288486442922508
0.191299833125909
0.27433391140784
0.111523301590404
0.28187425801913
0.200827139627348
0.384831689687204
0.403404080220846
0.243433575511749
0.112044961020295
0.271586917246263
0.249950432458586
0.306768840772842
0.144050105202032
0.417493234527966
0.278868736770836
0.233028643680322
0.160256040740217
0.296510269361114
0.262518923242655
0.296711203924837
0.164803671265245
0.242763249245284
0.275019348319014
0.365689992606549
0.244492066534337
0.315457846355239
0.394630055582919
0.279595094708899
0.428798109700758
0.442340608013363
0.335960477853037
0.360345167745616
0.305797988650759
0.355524062882622
0.408371474844097
0.264236283322135
0.305356396620885
0.276282516652048
0.363903557405718
0.384058705972384
0.527811126286203
0.418269624689205
0.333211948418203
0.324126685745255
0.298305268832067
0.469645309448407
0.31284637784876
0.391702082429133
0.322972257479433
0.441937918883079
0.246345352366098
0.400768365417035
0.228083833910829
0.246034732036505
0.25717878792799
0.290707252437139
0.441423471037551
0.229077016145976
0.374229109983468
0.305951967157811
0.347437082471284
0.468549851807972
0.455834837809212
0.343617213826195
0.404578412732004
0.42651475049273
0.302946771000051
0.379645319402883
0.328494518071391
0.311480463909371
0.417305334745434
0.418707786612786
0.369777174382961
0.504391560855163
0.488590973228218
0.251882941609059
0.440100475683914
0.516484057338111
0.471003657406739
0.405851253426465
0.353048170319584
0.387312698411556
0.386312870010931
0.395972696685713
0.242431091743345
0.442606409484529
0.559051495135747
0.34420360852463
0.439576048384587
0.590188081254945
0.484612893947117
0.458578457686638
0.361120794569935
0.521393017815272
0.357846113459508
0.415881285817217
0.486148969771628
0.323293977121558
0.475736254473085
0.332687711003021
0.439010929515821
0.353410985166578
0.555626317261116
0.526554392976131
0.36780448977715
0.430358427000731
0.5126382916528
0.478641116185043
0.483096243256774
0.543747498043903
0.373246325982568
0.458861697899278
0.461787074834933
0.600706669398214
0.279119414354853
0.480526372511225
0.446262109196745
0.628494494292981
0.60176043770619
0.4090393536008
0.695296904531367
0.485855730461159
0.558320581841151
0.579663884003578
0.421446807593949
0.485545438941331
0.452311679742398
0.463887528897083
0.50536694011148
0.453740132992077
0.518147589962903
0.394812112624529
0.535005235440059
0.564420715018067
0.407527532369432
0.523057416440531
0.545131743419424
0.510967750924453
0.556917570810743
0.497452433488551
0.495467934888308
0.493134134667143
0.625150645079507
0.548111533969352
0.646619547997497
0.470987269935639
0.418594640619092
0.538666178484293
0.5296033899228
0.53145972026421
0.517164782921368
0.540683781401704
0.504510925460767
0.537314426402578
0.588004425936168
0.561367799032729
0.537102834608493
0.479086356487829
0.55361068562777
0.431032660170166
0.562866706004183
0.496268438381541
0.533339242575828
0.711269157840248
0.510274614866238
0.614433776488165
0.551973863012463
0.528124333423509
0.57460671191111
0.683617382529773
0.51615595111895
0.500581380097574
0.5748444836325
0.618016929118477
0.483227627169941
0.601034332267656
0.53325765860091
0.662020354012469
0.581187701006948
0.620375890953188
0.583216429686832
0.731325355645238
0.590607313316852
0.552669986039048
0.472667119778143
0.696899328753999
0.663057816621386
0.552904343546569
0.684529118354341
0.76515205642955
0.654406021811745
0.625780207580175
0.63369678965096
0.66246134837074
0.511761061166039
0.589837337257913
0.614170091675886
0.723608208871694
0.562693639162711
0.707412474257016
0.64163917373196
0.507564453534535
0.763129842647455
0.702555903844349
0.731884728881221
0.711648439731962
0.561598297281551
0.59306353403668
0.630595232748453
0.812018389334517
0.582071447610178
0.645724449393834
0.684134213940941
0.872171489102472
0.649211689398417
0.69728888444984
0.728864412184735
0.755624176935108
0.629992094509377
0.771114944953635
0.661000018666093
0.832125225005778
0.669843613143446
0.839955030262613
0.703639782606701
0.604457996814036
0.717796926561237
0.656490675970999
0.816176817821719
0.660654884704248
0.740225187166831
0.9529998291796
0.802849061765367
0.580528717252346
0.686564615403289
0.788982362603482
0.633097113308484
0.625043724142212
0.657953581435961
0.913799832040285
0.739409369207557
0.699465073943875
0.628850025487722
0.822080682586596
0.74755327459666
0.698793521135139
0.71488466419715
0.796324998846254
0.713820742178605
0.708015751075374
0.785195034949721
0.631758022712959
0.80885729906049
0.759755817395583
0.965719372994295
0.72200847730506
0.616627544063024
0.820702037116786
0.756923999249156
0.700189884752775
0.836168441357167
0.890867908319924
0.784433214488342
0.589283208453408
0.881936882531687
0.718308507687325
0.781652123814049
0.718319277669666
0.88087294793861
0.697135406591332
0.843694955878565
0.812845470936722
0.732941674928158
0.829729627355926
0.648038082454248
0.890566281458943
0.875972017742062
0.729933762091316
0.719108071260812
0.799127960886813
0.768095024692228
0.658016697878975
0.809873556499956
0.872416151236617
0.799299363080875
0.84762594337844
0.862888363671788
0.864474809705561
0.842306630988361
0.861175881981289
0.824764424956798
0.693647417883085
0.804839330858828
0.876060148755755
0.89769041198398
0.833599505509651
0.899011613017265
0.964333754413873
0.782262674901594
0.837606391017969
0.863532242081229
1.01422029714193
0.79652009971611
0.844082160728392
0.793335564982591
0.808093944509457
0.854210682553031
0.737383559228154
0.827435545347212
0.853953450527264
0.792419098354299
0.702993151373864
0.760609002767061
0.824049245956426
0.8092357645501
0.788506443205781
1.0076049626715
1.02246584054363
0.913329091351646
0.852880341187803
0.756530555299592
1.02876283951411
0.783548354704127
1.00148066980231
0.936258066643999
0.762895950823424
0.960232159363689
0.88435092088754
0.815041065380586
1.1234015061297
0.737218438818788
0.876875913133186
0.871218710818231
0.922292522536409
0.900877492567092
0.889275046211812
0.965257296969902
1.00738929242803
0.919310524571911
0.798417031630356
0.936302048067092
0.843065659428134
0.774436516407873
0.978537271188386
0.865688881063711
1.08056525200092
1.03800182650427
1.05335703836437
0.985461938384653
0.818562439052643
0.922749268160629
0.93772966689498
1.07375230243128
0.785014774065527
0.906875537519705
0.903915276812316
0.90542470951184
0.859386873482075
0.892444392483394
1.06228590149423
0.978311775355812
0.924636251165974
1.03861345935541
1.01779886931421
0.853634062700522
0.944087399680763
1.03786876271645
0.904813371088781
0.958516323091092
0.920097877806852
1.04387552332749
1.06749986327608
1.0313373381218
0.958488206112873
0.963951450704634
1.20666248800124
