-0.929841284093782
-1.01045328831994
-1.14375588677621
-1.09541300342949
-1.03976587926826
-1.02003433639074
-0.942695241126268
-0.896562234053636
-1.05595958940179
-0.959904464959175
-0.938133287488495
-1.09829329469303
-0.919188331140856
-0.855140013475701
-0.792322973405529
-1.04005740496808
-1.06727258865485
-0.92432876003483
-0.994297382943787
-0.815004094023811
-0.848759077667534
-0.910703436246653
-0.949432817796732
-0.963554497682302
-0.833660252285731
-1.10147103218152
-0.97488331562045
-1.1166965491937
-0.933085481109383
-1.02208004089169
-0.930533234490709
-0.892920620063371
-0.946055252603476
-1.00707346357009
-0.866027478820932
-1.01419070337992
-0.883967508726644
-1.07550260385488
-0.86818681769105
-0.919805134103822
-0.943535630795679
-1.04226540181496
-0.973059591063036
-0.97589633229138
-0.884487177733033
-0.92224137144789
-0.890746953632864
-0.668512567931823
-0.883109967373195
-0.941133879711529
-1.01308588303511
-0.90713283879595
-0.852248275720033
-0.819149377274478
-0.914424073724913
-0.897996971301588
-0.841726817521441
-0.892242783923691
-0.881359005404132
-0.799864707722693
-0.873313473486262
-1.01692630526714
-0.89216682893138
-0.841349752885826
-0.890136764519985
-0.86377302462001
-0.79160964696887
-0.872739498460744
-0.85351367870212
-0.972655875819161
-0.717572619598397
-0.727899790217911
-1.00389364340452
-0.898234211572512
-0.790487447664919
-0.8625882191504
-0.956656583270286
-0.742394450497236
-0.902931225019646
-0.800632958493069
-0.835350160407973
-0.766322055730053
-0.96368167630398
-0.779950535168616
-1.00703649009093
-0.805262409335614
-0.981030746723664
-0.827108238201963
-0.742249997696641
-0.740932597601061
-0.779402398805768
-0.826368525490571
-0.830696858252722
-0.82453565224165
-0.788168324739041
-0.791359653312314
-0.770709594579679
-0.67806073499026
-0.906935544687007
-0.730192381586945
-0.753095526863535
-0.82034386349897
-0.613487899477603
-0.694640247623235
-0.766697691960165
-0.767549130245531
-0.732812309040428
-0.704225749858278
-0.822585359358815
-0.738804083482119
-0.586889468867463
-0.835086772454276
-0.865648375361274
-0.776799846610914
-0.852031757958879
-0.845753565489348
-0.764235115128452
-0.775132102309091
-0.618328563103083
-0.758522517340609
-0.627210513007496
-0.899177275486329
-0.827248857718429
-0.854193469997234
-0.843255916825523
-0.690098507374529
-0.881140587340963
-0.757168441085128
-0.806044882610732
-0.682111270789699
-0.699264448498843
-0.721586986123783
-0.675046673903988
-0.831147912108585
-0.741016399641903
-0.780535724784807
-0.641765805651992
-0.802834481974775
-0.65775327219106
-0.657666118418895
-0.640614942771739
-0.580259970018176
-0.893750488678691
-0.562603442348016
-0.669503733464748
-0.757478390548337
-0.773335526699429
-0.71025518540464
-0.663096711923394
-0.640706963615265
-0.55955198865296
-0.562847874363406
-0.638980239967328
-0.765187718707156
-0.743896232804616
-0.632963648611321
-0.687278307527576
-0.593575150949223
-0.679766366677459
-0.64739237461687
-0.77230511045284
-0.636568811456982
-0.664737606018611
-0.56603649233892
-0.606750116126034
-0.72493424994119
-0.743948524320951
-0.619385196438236
-0.747038837779246
-0.725891599776264
-0.594070925854553
-0.617894409815487
-0.539020928823471
-0.681071396637844
-0.705034308546983
-0.633819719742163
-0.717460164907161
-0.630450056170905
-0.802094935137283
-0.643818013751354
-0.725143184693098
-0.590407488869057
-0.64621872210902
-0.682043281145254
-0.679273614187947
-0.608504305125808
-0.634688787111696
-0.583949998884576
-0.621310759501319
-0.740457276257035
-0.644835716012439
-0.745433972567509
-0.520621767679377
-0.634525947735151
-0.661025806786986
-0.619347894830796
-0.666420372484047
-0.573069303717744
-0.631169393286687
-0.678672408805058
-0.690803879808775
-0.515152434579843
-0.571191466273644
-0.51050258118192
-0.644451001305871
-0.625077353976141
-0.366083116147834
-0.599783673793449
-0.485417013087657
-0.326350473373631
-0.53283968695772
-0.526454569384671
-0.643868943864583
-0.526498391834879
-0.62147562044143
-0.537926157052652
-0.367059201921255
-0.517334390776089
-0.699971604913308
-0.721489609023546
-0.61300117184573
-0.600469172386836
-0.41103086304466
-0.798796173743973
-0.689235241186004
-0.612478960592131
-0.435589090804695
-0.500289132194819
-0.378383413302667
-0.563589196012223
-0.658343254214625
-0.654023908580203
-0.603672177441724
-0.588168719390743
-0.522805603737613
-0.454522024812343
-0.716968490044141
-0.451437646901616
-0.519467763520722
-0.482413737868377
-0.538347922085063
-0.593107582268001
-0.51033952293144
-0.598473710905338
-0.598124896822942
-0.34741859305405
-0.540863811688341
-0.423482910436662
-0.430310442719765
-0.653858791667674
-0.392558960249813
-0.481827370792181
-0.42726976498907
-0.392841872260134
-0.625951515402753
-0.492193173635152
-0.511029814809907
-0.489657135170544
-0.453764869024109
-0.397917917118494
-0.606838466513919
-0.528054522561698
-0.24716150151652
-0.528860328334852
-0.649577207119908
-0.571897719856971
-0.426175014324762
-0.558279283160285
-0.560763222341975
-0.458360451093686
-0.470700816441765
-0.350890272398157
-0.428768202803012
-0.388254951503068
-0.435043288851412
-0.659787545142508
-0.480020350890902
-0.474348119462824
-0.452999643258936
-0.451848410636034
-0.423094204969497
-0.417713408459779
-0.507043858164515
-0.442042128825621
-0.484367202120259
-0.478222774308562
-0.377229305727882
-0.406918702420157
-0.348961002874248
-0.639664700659515
-0.478516708178646
-0.389022384414913
-0.613502453473523
-0.456211081879125
-0.368342005506718
-0.456977025896581
-0.438020523161869
-0.443232402430525
-0.335730980788474
-0.521441641362594
-0.450330456962439
-0.468810920780788
-0.333298049864778
-0.401334499980817
-0.264853568017069
-0.371530292266928
-0.553125491356195
-0.178832958591601
-0.321385374182335
-0.305020926497873
-0.349271677633389
-0.333601556323508
-0.393257992154726
-0.239738802942114
-0.411983644559751
-0.370143392584894
-0.330969447381181
-0.169083206671365
-0.457053524572936
-0.416534213534035
-0.306446430515516
-0.382039950743119
-0.312673115949512
-0.422436194376327
-0.418802145866647
-0.415356446081232
-0.181962101678318
-0.298201785930825
-0.389333547800136
-0.463079253426667
-0.191734295675193
-0.210834656503481
-0.29817693385276
-0.292455354927477
-0.294008686710695
-0.37008978791915
-0.283720550692752
-0.25803311268514
-0.329846406174056
-0.237790922143436
-0.301816343549679
-0.272184346963414
-0.347887826803149
-0.197645541051885
-0.334720725161617
-0.361935351970813
-0.291514816838707
-0.376680172858065
-0.279488842263516
-0.419720463809284
-0.180579389547541
-0.295281346841918
-0.307644433335941
-0.151190267977867
-0.429302927678421
-0.308059514881514
-0.268889217473836
-0.313353742745687
-0.235902370776951
-0.268713002315756
-0.261625534130877
-0.357560935188846
-0.296582668688151
-0.112687023543427
-0.21322563509704
-0.28337549714193
-0.3193498062201
-0.210382259181967
-0.208643452203872
-0.278579694689294
-0.240143405372094
-0.279683096444725
-0.147595594544095
-0.14538466696283
-0.296489032130866
-0.288425131261723
-0.157556374769068
-0.311252111842386
-0.159765749426296
-0.231984445228004
-0.236521579374959
-0.297580830843572
-0.151943373876022
-0.198245090885158
-0.185815802975846
-0.264440489118988
-0.269223633497284
-0.237476046175001
-0.259028523660031
-0.17349931304567
-0.290799260821752
-0.149436752368731
-0.227543851549278
-0.266760666185658
-0.287857202457682
-0.229109582441902
-0.0431539285349697
-0.329265677027511
-0.233193052942068
-0.034674647174398
-0.145022976845429
-0.329734522353023
-0.0640532590078161
-0.166574082888996
-0.298339736737848
-0.263600367970302
-0.00746451512996537
-0.311177962021034
-0.21512490184398
-0.0836211634618078
-0.207347577101735
-0.107368554238034
-0.186585532700924
-0.195452958390173
-0.129640760379793
-0.137518725594234
0.112194436922779
-0.0229344330759402
-0.0764636257677715
-0.165162105494259
-0.142227972174174
-0.140013066984692
-0.137444144634456
-0.139783381490548
-0.125309954178654
-0.22720914363985
-0.0124190551062043
-0.0545932987793499
-0.0529571290511544
-0.197711781258605
-0.232536402928012
-0.173434123091163
-0.10046435737531
-0.0927159592419785
-0.123790731779193
-0.101904459245544
0.0404166100827598
-0.0543037626555474
-0.113536955213208
-0.106810727138155
-0.0926712767227619
-0.199672317043791
-0.249176455077803
-0.215112763278412
-0.162528185092767
-0.220195248628807
-0.153555086078966
-0.270635704106505
-0.207777003009022
-0.121683305406008
0.0775717597545777
-0.0629797835193206
-0.0220486186997234
-0.143742304131495
-0.0124298429537537
-0.12334966300649
0.00671631441842761
-0.12454919348426
-0.144509417222406
-0.158297242501385
-0.0937818169710923
0.00311213358281383
-0.0800580183686002
-0.058956108586674
-0.170329371040444
-0.173076785401937
-0.130106018985737
-0.00524610838498841
-0.038708242718901
0.018293664863806
-0.0907916038347411
-0.108833113453387
-0.0330445944307534
-0.00122640730333601
-0.316308802923433
-0.13277884146009
-0.22954229585072
0.0303169321596198
-0.0758865222490537
-0.0457005331473445
0.00544250767730888
-0.100514813985277
0.0575760218999429
0.00801584339436258
-0.0517762296347943
-0.0104490732505283
-0.164446780864445
-0.0412191995658578
-0.0784141860094242
-0.174699393388895
-0.00236491444025174
0.11120131435902
-0.0378345789462688
-0.153334726684287
0.0550556687320868
-0.152019782518965
-0.181767268051853
0.0420417864177161
0.0171616920235694
0.0178952261374002
-0.00995985937916383
-0.0377803517498201
0.0234868087958394
-0.0414662609201488
-0.0709526997820237
0.241346470212492
-0.13436047215462
-0.0361158801183554
-0.0373652855414124
0.0634580346318092
0.0481811188792809
-0.0746384413399034
0.0380745390499411
-0.127375383389438
-0.022641633129465
-0.0183558032018129
0.0764297043682649
-0.0389966669275553
0.00843352799527412
0.18436141304223
-0.0835553867907932
-0.00237088570192778
0.0129930047262682
-0.0813735981861794
-0.02917742384698
-0.0504719291703453
0.179629824147029
0.0940308605027934
0.0631256807483136
0.19089942414771
0.011899845321812
0.0254255453238941
0.180049817117308
0.133244242138296
0.10478586475444
0.196157543797403
0.0854003332168135
0.0534058246555689
0.164819149143544
0.113503810437587
-0.0552363290010716
0.12688027962253
0.0858976966943533
0.0346534984816734
0.0255261594261403
0.108138760584684
0.0742379270544566
0.120580481226418
-0.0144492266039225
0.0744645544310609
0.00531563039076841
0.196875973011684
0.10846433377369
0.129349900099594
0.193614886287665
0.0407862728621282
0.140092739602221
0.149622897999554
0.116745496073913
0.198287275666726
-0.00113221046499819
0.0121291423078988
0.0674623825339811
0.039067529785317
0.381937776496174
0.25394023987195
0.233315391258838
0.0190495170891851
0.181314455393803
0.0160021142258663
0.154168056662188
0.251016739353505
-0.00517480465285221
-0.0171789888338189
0.106433275932611
0.193324283718847
0.149320247503757
0.135256035272123
0.19522367936754
0.242998304623493
0.190003697872095
0.24319380353102
0.0848548396406069
0.158546231104054
0.0924317571666681
0.00235740184445169
0.119361727402694
0.0862923737308647
0.190097103685988
0.268471552653257
0.206186556601368
0.187813111636004
0.273977661120202
0.174013417126212
0.169101119354794
0.192394270351306
0.231220061838757
0.22424498886434
0.157802870827057
0.10992576142537
0.217024423536975
0.222641978808045
0.191623790510666
0.359765771956488
0.231709662608563
0.0227659638788418
0.224148089808785
0.215460467513664
0.364613156528993
0.140687472772045
0.23882734539192
0.256769189655905
0.159405727551131
0.388514649853095
0.274526129897811
0.231080664464587
0.24731819172102
0.134723065800784
0.309153069642496
0.434323226906817
0.335255412088631
0.160058511429442
0.28089946351417
0.212840225311997
0.31215527423644
0.288864433944281
0.400257345936318
0.158482035610985
0.328345206419634
0.350743575948713
0.193014400965102
0.188542559225222
0.262086130659183
0.356398731722342
0.241663355606879
0.399638813137067
0.301306974821432
0.45216991518135
0.262563327790522
0.279831860115494
0.303886281776814
0.272878633320535
0.232188086051582
0.254131238377797
0.217945704414731
0.373373657900065
0.419901551767803
0.356494179046943
0.229359367043389
0.467070181169312
0.516057455341658
0.405241597154717
0.365310402717234
0.341459287424086
0.0760393739020924
0.344223904064428
0.372816424828784
0.184493641303666
0.436401311282686
0.319671486741397
0.352231435709404
0.378163885744497
0.318196600454071
0.421912743250018
0.295951803564304
0.356737800226929
0.291494268906384
0.298456935518138
0.393990840110517
0.303135012055548
0.378617244750575
0.350288360355379
0.251920531906447
0.440936072167744
0.331291381180528
0.266048604347116
0.323096311511809
0.335324736533538
0.38649541286444
0.478928898881936
0.316173670570554
0.364318380143118
0.387626043206884
0.50180485906619
0.416288056719648
0.392309415296335
0.385730650699732
0.433694031143641
0.361078927128208
0.398021097264622
0.495030154595315
0.279970892279273
0.474554588692572
0.376030773207112
0.384347935715995
0.376180653087033
0.387339571326878
0.462809367685737
0.429275338556489
0.48884897885904
0.321902887438588
0.29632845810947
0.374958837693182
0.598541422937615
0.382401160790282
0.568071019134436
0.345761210110828
0.295425275627121
0.348778807130745
0.439612521687895
0.415472427245893
0.401176039242711
0.345794156601488
0.462730745936992
0.455638133601876
0.656462448983703
0.467734519024662
0.489215744989296
0.464758182065663
0.381090255356001
0.502503903075485
0.444041511118243
0.367126559418342
0.533666056644411
0.631955695971205
0.261688154276535
0.510053475251899
0.457843590281613
0.611032906517677
0.334580691507137
0.41765990853357
0.53747487157023
0.429696942868996
0.508964341412427
0.515879241056638
0.400575706414213
0.559506214414831
0.515033619722304
0.524860481847081
0.281319349674046
0.434758669604333
0.417543275502321
0.344246667296357
0.573338506817484
0.418202591824676
0.4991344190412
0.542372258102723
0.420636787055517
0.353636262865025
0.588497818479522
0.456951741415582
0.406404373014825
0.549344812477163
0.48489392337728
0.478061747693702
0.330703076614944
0.476758058809839
0.564318808436862
0.488652655437264
0.542710951904395
0.533954305551141
0.451442088705297
0.440794888843061
0.579813191928539
0.428359709229128
0.536910315163773
0.550448692726639
0.560683770715302
0.514224981593994
0.467441895081322
0.485284238828885
0.398863885858602
0.547379840091078
0.554722154082056
0.649341534950819
0.629986766550916
0.57091966689373
0.359155525085174
0.558540151502984
0.518023065832853
0.608408170082203
0.495002540614415
0.480404828760447
0.595540113668944
0.587535788953608
0.438935550501891
0.564320901594624
0.526288575843564
0.629842024854274
0.549239427233618
0.465770346581158
0.714934840078805
0.605299202592237
0.629942724787201
0.572448160135867
0.601637437820135
0.502852152091228
0.593950974773739
0.428027306853131
0.658694128052355
0.547165023845201
0.54358799016578
0.656784251719712
0.796352994984796
0.612466641993271
0.726144795151071
0.569774086094511
0.552639041571344
0.675385875608288
0.61608689451701
0.751471710668124
0.727580819612666
0.590639885755649
0.645113102541875
0.69743760867193
0.506481553826739
0.650611572360753
0.555291343072454
0.59518538925062
0.552283835541819
0.524218566756945
0.624514311619321
0.506505632847839
0.631328043623989
0.79019336572274
0.54723284464708
0.72530379118655
0.761640048681053
0.67289273211992
0.648066588030103
0.611308412826508
0.603248924459938
0.6748210521896
0.811007564763937
0.666831693480242
0.56795101629297
0.699138812689462
0.595002479039128
0.528306762349492
0.642892538634618
0.587480675046173
0.751066184496051
0.692867365908162
0.628512472134447
0.539024910432281
0.627897500389022
0.715043579683494
0.674542373208681
0.757747490783807
0.693953265368632
0.732514796314
0.862320065386348
0.848459844156999
0.566547734670495
0.792069618030071
0.72924956498162
0.771764732418144
0.666250762724586
0.724284660048881
0.753660145465066
0.724491185345505
0.745905703062594
0.737113538929112
0.69062567503798
0.709138038138035
0.786422813430821
0.68817739727314
0.687460870287389
0.729178158058976
0.643700149853565
0.720112837564233
0.758392598903295
0.683397182259479
0.693370456577112
0.652868325093519
0.815049911007244
0.691857553531315
0.657103449701657
0.731030424589756
0.616802776569483
0.672907083652398
0.756344845116114
0.725323210614678
0.762729918716259
0.619285843619416
0.646115069270868
0.625809385832472
0.77288526370326
0.726139615365556
0.872526878418013
0.782047817238756
0.758617544736247
0.883136047145584
0.674575659748694
0.753458691122537
0.766450401391508
0.773270063285624
0.790824072840212
0.872729910982446
0.772834431779955
0.80113873684274
0.743892443630892
0.816076589196757
0.990856631651276
0.922864982867772
0.862450515879864
0.828599359363037
0.924902680120481
0.764452568222442
0.800566023765351
0.80745713346348
0.817119541518837
0.937723283016467
0.790582225432555
0.786655408157821
0.835206869505336
1.01970994356075
0.641356766108147
0.835268403509618
0.77933790945511
0.880559795055642
0.817502863147137
0.823816995417587
0.763601703932062
0.942946652219543
0.599664091962658
0.927072708792336
0.873604841900622
0.667476948892512
0.917023369260082
0.920564733942267
0.9456298916353
0.864219582039369
0.951100440478942
0.762671520402231
0.797447536027244
0.859894002866668
0.993226171138655
0.895416541512837
0.852341489917204
1.00715498146938
0.846246732076563
0.787275063251952
0.952519725370186
0.951202691794581
0.808367686515362
0.845910753260252
0.912327221814864
0.990114583460017
0.9361960767209
1.01044869195274
0.994029790247022
1.00276712385749
0.933321424894995
0.825491112507356
0.908343184016431
0.951839801926413
1.06921035680384
0.932454603463394
0.930514957255764
0.974160576822915
0.921410925658597
0.991833022650438
1.07498682768632
0.926568078761372
0.915953757354215
0.822982906440953
1.01015397772346
0.956253615209813
0.930627960174545
0.91265231781182
1.0872331201353
0.968581180653236
0.94544107346273
0.910365023554275
0.930287588485495
0.853924541896998
0.932722766403726
1.02836511931337
1.04434094463017
0.864715731893348
1.0691163034432
0.980787813331274
0.823724305447618
0.944110640639129
0.924223438979517
1.11278161269059
0.955599181372658
1.06522641369374
1.04148826459844
0.914423199564739
0.797572101163296
0.99891309781871
1.10774876395463
1.11617406652501
1.08616989945614
0.95220032990578
1.0884910079599
1.01842629018562
0.995024033598321
