-1.04615132703894
-1.12237991127096
-1.01036898875124
-0.936059369860446
-1.03195836791661
-0.998330446747272
-1.111670660855
-0.966710018892502
-1.1625208360108
-1.02311773289288
-0.966138655214189
-1.02909927727856
-1.01711713404212
-1.13556059248098
-1.12100556044794
-0.992664891705316
-1.0453329823705
-1.09490601224504
-0.837583417414031
-1.02155942082888
-1.00588811634124
-0.890624390203698
-0.926058313543462
-0.956859446341895
-0.895838445472109
-0.857111306993376
-1.01003282237018
-0.865448793189198
-0.92572776005323
-0.886518046214492
-0.911772946768714
-0.912208516917898
-1.0042891355421
-0.853363867556164
-0.88813521775556
-1.04505264747048
-1.03905863887235
-0.944728387276973
-0.887312507296916
-0.951213518788865
-1.0452264613602
-0.791291702462665
-0.994261492353727
-0.990356833456061
-0.939284833924291
-0.937704152713607
-0.982151051346848
-0.94107798202713
-0.863087997994608
-0.966630911921747
-0.913553917624896
-0.962732899273827
-0.892192329261839
-1.07510873947032
-0.876381850084467
-1.01923029785034
-0.923412800249508
-0.735034390603291
-0.779936720936109
-0.882380222580377
-0.882985887472343
-0.880925151185418
-0.723188154465275
-0.875446681295412
-0.948791367646938
-0.855746001659564
-0.93958916453756
-0.984823550698348
-0.986463980249829
-0.842605311352363
-0.756137831076243
-0.885318533317857
-0.811324672915834
-0.845059853892139
-0.962845419472171
-0.845608432826158
-0.900667189670801
-0.641067987120117
-0.857988131944873
-0.74560550847679
-0.721878963336432
-0.755638570580035
-0.852262222524399
-0.892334502316655
-1.00582682290841
-0.82016018660157
-0.784573037226164
-0.885251552395268
-0.776737500391538
-0.884558350476652
-0.782221952885155
-0.853229489176353
-0.938071924208307
-0.778491097693006
-0.783405144442472
-0.702118884474254
-0.742086178383556
-0.721327520165822
-0.724936192338991
-0.720787009949764
-0.869993858383316
-0.737736220515511
-0.630282591625888
-0.857947917028893
-0.825987083270379
-0.804013792222848
-0.860762452559078
-0.795406284005794
-0.766023179549709
-0.718320347393904
-0.699259404429083
-0.799159215096062
-0.717327155977234
-0.886218850024121
-0.709113064284492
-0.913761811698956
-0.719942966222821
-0.887978708933283
-0.668018652528693
-0.8935920728905
-0.714301872463511
-0.810483061870536
-0.819805147440446
-0.960682470996905
-0.763741462578457
-0.846326453087093
-0.741152576498047
-0.64709001113526
-0.716707755888363
-0.68557134258198
-0.690110672928308
-0.773992400881371
-0.80874051395882
-0.881414264642744
-0.902543364524595
-0.79346796548214
-0.626573250188348
-0.634443879776646
-0.740089588977445
-0.686522158487584
-0.794802951630477
-0.443870552655192
-0.662381678861773
-0.782135760193848
-0.6402679104813
-0.52749431242359
-0.886531662309066
-0.57169723036983
-0.694362132412904
-0.610633431439961
-0.814422774563725
-0.690544773272267
-0.80341674801747
-0.747320017903466
-0.611371638802521
-0.639939016693306
-0.602979817948205
-0.635245929410218
-0.63061461045346
-0.680983399924956
-0.615954790714878
-0.707972895078342
-0.620930782427365
-0.506618119410486
-0.65759298903384
-0.608978026372749
-0.726743831612072
-0.594885424147122
-0.567756229941633
-0.699570767875883
-0.76393870021729
-0.593750966082524
-0.64996448302149
-0.652338291723797
-0.599228127465562
-0.497905925731814
-0.584635588113722
-0.582056433366946
-0.654729017081568
-0.66992480123805
-0.723704745273551
-0.681870598392143
-0.444969764459794
-0.595556885091516
-0.639658601724295
-0.684184968063996
-0.580601513407861
-0.578608128053172
-0.733960215125763
-0.612567206684316
-0.702828881519062
-0.614671863701709
-0.731827056271026
-0.713677050528127
-0.516173321894592
-0.658880102072893
-0.642702628111558
-0.673992256050551
-0.717394755781595
-0.509057714314419
-0.674787498692703
-0.629270271503128
-0.634009518434404
-0.600758072479949
-0.598324366146458
-0.528640638216879
-0.654055327955776
-0.563024306917918
-0.641071323067513
-0.490695484554998
-0.495329102690836
-0.489541672843436
-0.583360333080413
-0.490081807677638
-0.512676410655606
-0.531744471842041
-0.482105208871052
-0.500606452965769
-0.595774411546461
-0.580461912157348
-0.559397477748125
-0.585209797107016
-0.613952106080503
-0.505152958257211
-0.408487601007577
-0.568181711065756
-0.481957333605283
-0.602099291061696
-0.536814560143095
-0.464977609473086
-0.416578469429137
-0.606849376586565
-0.507347941500769
-0.520990281729579
-0.539293723522538
-0.489104110647744
-0.537289892261402
-0.53409830875957
-0.566653117604998
-0.502227860392909
-0.579938183246586
-0.566811655852818
-0.493765883420295
-0.626807816894523
-0.526147376420273
-0.533415704355483
-0.516392935996969
-0.572047963893534
-0.469613781782695
-0.542871579985214
-0.532581822718487
-0.594898996130684
-0.394405490985044
-0.619726118846624
-0.460797134263518
-0.56912238581935
-0.523607039864318
-0.527838606243776
-0.452490523037243
-0.480733306782028
-0.630183441826776
-0.607573419954407
-0.347837145980734
-0.562908602938308
-0.418407017193525
-0.489163149067772
-0.415664999478332
-0.527746994211125
-0.402051394164332
-0.403345133009786
-0.322811525876942
-0.453535494128963
-0.549636497732904
-0.440389684954967
-0.418481907265469
-0.345689672182882
-0.478380963850973
-0.488014045455517
-0.521579892291897
-0.448788817656237
-0.471100974066636
-0.526741060458068
-0.321464477805206
-0.428092558347997
-0.433722084483521
-0.386312182423818
-0.371308062656129
-0.316027675414801
-0.336924968674261
-0.341444407745491
-0.446885368064343
-0.279113721411216
-0.310665437269666
-0.520592958858517
-0.353469808500046
-0.406956375547467
-0.42788862526476
-0.23176386393046
-0.446061462960966
-0.424513439407275
-0.435857771869042
-0.368519427755074
-0.383749337694241
-0.469239288882667
-0.31818894990955
-0.369043885565088
-0.377692086392643
-0.466778010159453
-0.464333309628141
-0.348788610204319
-0.433061847162432
-0.309709590316831
-0.295981963668038
-0.413201794981815
-0.335964356985925
-0.319203069758986
-0.423983379572157
-0.188942263995589
-0.449702246680889
-0.258427531202331
-0.360656319079872
-0.409670710718731
-0.398607017651318
-0.400399759425397
-0.360649707939449
-0.477598427275537
-0.149621359753258
-0.337044729477386
-0.35227876482143
-0.16298699661878
-0.366914836885503
-0.254703123604288
-0.360145461597432
-0.311560742385537
-0.347285130814096
-0.448162106247569
-0.330236673278704
-0.393778786291951
-0.388417593229494
-0.213053026204723
-0.320270846340738
-0.354615333744442
-0.229790475482062
-0.438330363869042
-0.364874043390367
-0.244081221666439
-0.367980725730977
-0.477316306482109
-0.431670003123029
-0.203444567763196
-0.31248696921548
-0.309338999596616
-0.20703079350883
-0.263263776044199
-0.193299346542357
-0.247444626165316
-0.328810585797788
-0.30414772389733
-0.42979071113778
-0.212031000287133
-0.376770790213448
-0.401120538730368
-0.297725443500364
-0.272120672375183
-0.159653168766513
-0.402663332990995
-0.301403770146067
-0.332098187848635
-0.160035464382781
-0.211701611965973
-0.235269713585367
-0.317338897049494
-0.281877603789127
-0.407124854762063
-0.242606614456352
-0.212035673293872
-0.319178187316529
-0.264239164697426
-0.343310182758313
-0.376740747505919
-0.273035789050421
-0.239722437760484
-0.390856462034159
-0.22249966203578
-0.349599940841301
-0.31093170969603
-0.380758547874102
-0.20381179483425
-0.220442621001582
-0.228249673497817
-0.184631189106042
-0.163574987395965
-0.27710991297655
-0.0800857497539754
-0.342057508938246
-0.238821615546261
-0.221980189023923
-0.141303820408651
-0.276277107070849
-0.30818968983446
-0.262617717106482
-0.130955889903987
-0.200627296315496
-0.296487288098863
-0.325946355741686
-0.0347583448529738
-0.080662643898384
-0.365503020804235
-0.201251313531361
-0.231484639761436
-0.287043185770936
-0.0456150056300724
-0.154440393203349
-0.237123184158983
-0.218914016698619
-0.150813712687611
-0.223738285862716
-0.174794253629349
-0.0815345892679993
-0.166550607908504
-0.0888403638590829
-0.191157549557376
-0.13284283998905
-0.200553121931611
-0.218742787115084
-0.0484740413269122
-0.0784605972234528
-0.191105539396319
-0.084244406446905
-0.00242837772237336
-0.102516259533652
-0.0696844304578521
-0.254012347535466
-0.141078981866073
-0.062320583161731
-0.0340022970272358
-0.102413515689807
-0.0479566915339699
0.0750282503104813
0.0204745687422973
-0.220061913754
-0.143854795137553
-0.067542091204292
0.089415713799247
-0.134950035190933
-0.0539079580258895
-0.162481868935338
-0.0589411811700552
-0.0486569071004913
-0.275703896162546
-0.130363002448746
-0.123443780194659
-0.121604299234765
-0.197700935346303
-0.0181668224582202
-0.0917939749710442
-0.0268630881033256
-0.0411309288366169
-0.0368105697338879
-0.105965059235529
-0.0879755759756959
-0.00442421778629051
-0.0399565966639368
-0.0564941010522042
-0.195778093530375
-0.10908627138666
-0.0373351392038486
-0.136598971570933
-0.148568167336017
-0.134348338044344
-0.0578920832785215
0.162688547037169
0.0986144760658798
-0.100905272231133
-0.0250305712438262
-0.0292986674427166
0.0579061692655484
0.110295497765059
-0.00641449092339393
-0.0671446043693005
0.0132613650257764
0.0831312373400155
-7.56892661761719e-05
0.00659259955077682
-0.0375249310738979
0.0248699104024837
0.0537821993125076
-0.0972906362520519
-0.0816489121997989
-0.0186965281343139
-0.00145628226147299
0.0289287429452302
-0.135110118212327
0.0902947949045576
-0.0428630605993031
0.0621095128112628
-0.00923659845823382
0.0358290541166463
-0.0744624129906052
-0.0288146819275532
0.0120269639114517
0.130490189977833
0.0501173629252308
-0.0484605965076505
-0.107884914772747
0.197394589783573
-0.0199387859748775
-0.023202035850708
0.0920955173910654
0.146225342363555
-0.0343837225480693
-0.017241368889938
-0.0957363043208822
-0.00149846104094438
0.136525928314153
0.0511565898115829
0.124097649623428
0.0576665144308227
-0.0344257579231977
0.21993788541611
0.113350029206314
-0.0494846691099493
-0.0771699795148554
-0.0631563227940847
-0.0642458071783897
0.0543396804262437
0.0897114898050501
0.191360180068374
0.139309487061952
0.0479672993618935
0.04485660462234
0.0357819040657219
0.0410424476783476
0.132269844189997
0.354985898319275
0.094906040495664
0.0644419627309663
-0.0456917412080672
0.0645271318776407
0.0830640857882486
0.133765332926971
0.155140994200644
-0.0275013671490292
0.076072731976152
0.205249684863377
0.0774263659593741
-0.00288040950814581
0.125899546699582
0.0197219780967129
0.0941307782402166
0.112506654310197
0.121746756554964
0.16303495985443
0.0583619048634166
0.0673689611002062
0.086597529156641
0.0355785818403423
0.124010929800862
0.150095810576818
0.134267406492737
0.196335167950383
-0.0577655829166986
0.0802200576731189
0.185162805206483
0.236469729075502
0.0345026294905702
0.031553991980461
0.191286669915389
-0.00165650164197637
0.211308485472828
0.0124024115877598
0.249448005466937
0.166442672198027
0.138600195289694
0.111955609754929
0.103731998946392
0.274310833862964
0.0809068899493033
0.236995993413749
0.0265579064021759
0.27266089598706
0.215916699823388
0.120255012020097
0.093360666222454
0.337383109090057
0.225306936594583
0.238563917251997
0.184195215534915
0.0861036800357671
0.0714955904836091
0.0978208290278742
0.0396294544544783
0.240059690241853
0.270436748224904
-0.0417947501512894
0.280020864193271
0.288505835071233
0.246401120732454
0.244289700915775
0.200024604978361
0.143098335068624
0.185660595971744
0.275383426937805
0.0794549362432347
0.323854693927824
0.282833530339196
0.182064609789836
0.246211790432824
0.226846158612989
0.259510799858877
0.308935512478577
0.0957384491507132
0.198100231232216
0.269117151746227
0.270756731222828
0.379059400276861
0.254429451662724
0.247483538995127
0.267998056077793
0.250126631407593
0.149040127135753
0.260802619268288
0.289942277023778
0.0777989406991038
0.201841242371037
0.254532336277043
0.374940316033075
0.154454649763231
0.373691010285001
0.362555854268023
0.269027640537067
0.14872870563764
0.291846133959422
0.273181004677499
0.350542527356744
0.172447173712525
0.385430126270948
0.439969279700938
0.290377627195033
0.272881054507764
0.256802094353623
0.232738229310597
0.407505489372443
0.458427319341679
0.318122945529966
0.19307335718018
0.136571099355315
0.452801963777549
0.295807735687795
0.211655418428406
0.339105091436241
0.265854126533487
0.390210274762493
0.27722484137375
0.283534382368187
0.241225143864063
0.250290515829196
0.406942522529628
0.312294254728167
0.481404628134349
0.292870239908495
0.38118760370474
0.358726333967869
0.378338814616961
0.298239701260226
0.255152206854203
0.416723812114857
0.329875825516963
0.459662240079729
0.313618596364709
0.431761262775022
0.346220334585047
0.278999959800498
0.334200670000194
0.469643774592399
0.450112434171759
0.400119659774506
0.38414107421131
0.331426501038004
0.305099498091008
0.168675417469822
0.435403922015931
0.204663122521235
0.203558346625176
0.396962235784466
0.442721895614067
0.408414565113216
0.347353050761384
0.322162182196589
0.347211938561862
0.36044641965697
0.358034766990109
0.347589874077753
0.340571576851726
0.389588391143853
0.322588952851319
0.294488693911041
0.371784019398081
0.450763273806032
0.364131735740822
0.418794096969342
0.332967426291437
0.367430223689418
0.309614626635792
0.231171558572052
0.552620514731605
0.444715896942749
0.351647623821046
0.442197323676846
0.522556976738001
0.433283453501716
0.469039776083855
0.329145488688864
0.343546443314048
0.380083127058181
0.383553216612592
0.334897375310114
0.411516194312131
0.303221952101564
0.440579178895213
0.498302194315045
0.473289751498059
0.480534502376379
0.458641606447254
0.531680451471592
0.453670087048253
0.486398572534017
0.405641450494962
0.638345230348221
0.375344363089903
0.526608377205711
0.416864642700857
0.422323709825258
0.521769244879443
0.444711234772176
0.532481089891194
0.505102622904524
0.341839953135346
0.369697665309285
0.420712116069353
0.397063064822123
0.569536451971905
0.627112042033239
0.670838461861196
0.466072167213386
0.461774854726993
0.594832372394296
0.513090220432575
0.432604016027065
0.474490563921353
0.458716557659715
0.538834772621615
0.502084534809901
0.631320909817624
0.35536625420237
0.600108835087893
0.57847307061888
0.450402928217104
0.617111619268999
0.558797369905093
0.583916539831677
0.659343480769206
0.526523181954731
0.462427719326037
0.460232646986755
0.602511755021778
0.477998017810153
0.475110299012453
0.597040324802821
0.583487843602668
0.516803669874269
0.576521108537338
0.4864406333072
0.741081100602765
0.700007646098196
0.389030042920758
0.445780136571207
0.581667362401801
0.562568466970648
0.484644606436602
0.367204696305926
0.463080498827135
0.563206576632165
0.578867101320261
0.59005121628542
0.44657645519367
0.69596782022539
0.642151805096242
0.565090901086525
0.576617179591429
0.69814521639993
0.420455019192286
0.356848082970683
0.516894443815736
0.543307610715783
0.525808198267974
0.49393994960561
0.436153156490333
0.562693964097996
0.566611889512108
0.828516024569999
0.671429355953768
0.562316274421753
0.621272167768465
0.701803540632306
0.629758889586654
0.67053438719482
0.654955454127966
0.582546808547066
0.579745825779382
0.576099384590676
0.677968007353368
0.513001756851267
0.679484038633495
0.695041503639527
0.685335084918736
0.75172766230738
0.581321661272922
0.685876223114555
0.621697721938241
0.667287017346423
0.582558930940961
0.737067689643334
0.842979472912853
0.809595113612765
0.640013025299088
0.626404963871975
0.678911093704475
0.816438263126833
0.64657551829981
0.702962086936975
0.684265314485
0.663643186271531
0.568631476079652
0.606107346481402
0.6348138510888
0.574671967087496
0.797015332686458
0.569211328469156
0.626706638000271
0.462845074201241
0.608896020463382
0.648086828866804
0.51125505961654
0.683032410112396
0.640350337761411
0.740780990621645
0.616840820015987
0.706184781956399
0.66506950803122
0.547582865444381
0.599644282817102
0.720989212162666
0.78598077338418
0.808570525414911
0.726326580607603
0.736841547319581
0.776438837394311
0.622331911455696
0.630031241473053
0.739254806790358
0.748384304300997
0.747575060255015
0.76394123378024
0.803844356588051
0.677727216101145
0.785069593663663
0.802632974144845
0.666301578348091
0.652197846658746
0.665344243975671
0.713888542970906
0.836549442436536
0.83752401209853
0.586259263062915
0.690204089144337
0.878782880625206
0.784282871294269
0.800156014891992
0.658157458000124
0.877851826150761
0.798931436088581
0.807678609573796
0.766622101558905
0.764969116476211
0.916688352756973
0.64932992710654
0.833664049070502
0.79243789298207
0.772789944690732
0.728010810184343
0.756990565544509
0.871568764864688
0.79857107210484
0.816672616039387
0.797359015276497
0.777955630753837
0.758691712247053
0.770031220144197
0.841941118569288
0.706810952931258
0.583749157958038
0.967877288240851
0.69401545704383
0.904048481832559
0.873757013764007
0.857516276335011
0.703749737530835
0.863436495797716
0.904419218462916
0.725979610149009
0.789819964217946
0.826732428141802
0.901526674808183
1.01069642016579
0.875625314833786
0.651534759191598
0.75474893069531
0.803443638661982
0.894802326251413
0.776514726983857
0.840455878486806
0.84548695887462
0.826676060448426
0.708003380043817
0.886871424042423
0.830455480988527
0.941091665573195
0.904771679046972
0.75662032059866
0.959311914792709
0.846344147576612
0.809744799757122
0.738912443163318
0.858080206398845
0.790539666036768
0.854083939306122
0.936870242627906
0.881333743051217
1.04017768770646
0.867236350386053
0.879941815787637
0.686667555367136
0.970116861161108
0.977232306491445
0.937765211789411
0.853094759110753
0.919106084239084
0.861792250679612
0.831991873881021
0.81141727156696
1.04363221274194
0.94189121401562
0.861143197516959
0.922984818827633
0.875419873407996
0.908835260491836
0.950716365224495
0.955199595055864
1.0074684128305
1.00529125445387
0.895983438909605
0.807479873962636
0.830516875425008
0.893531915357558
1.01303767182996
0.909792402568655
1.02208431094769
1.03278992226182
0.990704486814576
0.886053722781704
0.83451021000039
0.889889209975667
1.00481823728032
0.875950160863488
0.922559506055249
0.963897972861272
0.916703485624254
0.829584709618537
1.07501611738974
0.906825995943581
0.754769736573391
0.887919865761457
0.879990930079988
1.04292658105859
1.03466873000341
1.05215906468511
0.949037430936067
1.06073144594616
1.10585354074104
0.985150069348872
1.05636985215113
0.996293228063292
1.08466652287015
0.967727079976096
1.02417949304391
1.00415064833944
0.930594576762385
0.974514364764925
1.11749395500825
