-1.0556821747603
-1.11254501973675
-1.02501710667432
-0.938534148299499
-1.05119828774677
-0.98897008662518
-1.09490456538491
-0.962402848460104
-1.13947627290564
-1.02637701137608
-0.954988446220054
-1.03706888411253
-1.01173467980438
-1.12144975204261
-1.12807604850043
-0.995621840294056
-1.06292920094531
-1.09096050076222
-0.832900919335466
-1.02989620413883
-1.00512748726393
-0.87347832361768
-0.915375472611197
-0.968487455110689
-0.896168588052544
-0.865847223498748
-0.993976074046883
-0.872752455122566
-0.926401043492836
-0.881945028166819
-0.920926151839487
-0.90564970071484
-0.998879880781455
-0.823010475691434
-0.865147308782814
-1.05237695510726
-1.04816284218999
-0.959203443699164
-0.882515431880756
-0.967565790520705
-1.03701669812213
-0.781969136089174
-0.974709571813434
-0.981300209617902
-0.953442297873101
-0.924112407215801
-0.980732547826364
-0.951789220427438
-0.870062139718169
-0.97837239528391
-0.905502744714062
-0.955841532553494
-0.904211132482811
-1.07203482271798
-0.881500235155304
-1.02446444899481
-0.91369495001749
-0.701983477733315
-0.807542327518063
-0.890313079110142
-0.888476196061522
-0.891106086746502
-0.710594773190724
-0.873560448846068
-0.946126851988736
-0.861679908406449
-0.94766555507452
-0.971953379629184
-0.985232100652151
-0.833035757580272
-0.764130467991133
-0.885946221693699
-0.813178920929526
-0.820700578475058
-0.947595215368033
-0.864266925902706
-0.900185389566338
-0.635795560597012
-0.853196714635316
-0.737380824761555
-0.726572178335316
-0.748525388932895
-0.857845708455798
-0.889196315113676
-1.00937397463767
-0.806557742488888
-0.788413445350512
-0.896473524721272
-0.794005772645826
-0.872187191337495
-0.764746370576103
-0.874010627684435
-0.913261883579556
-0.79652564648056
-0.794919426913704
-0.719703579090622
-0.753982173925056
-0.730121112212546
-0.70319357197209
-0.703063642556335
-0.868247583333056
-0.727083550938029
-0.622210012779299
-0.876705787188899
-0.81492003327364
-0.802341409616318
-0.863064665263852
-0.810701736110214
-0.774098797655866
-0.706272060550365
-0.704229164785418
-0.807432950846822
-0.712573519161652
-0.860189411605199
-0.693796396626688
-0.928305135431322
-0.73000425777417
-0.896301755141969
-0.654146592807484
-0.893008629994976
-0.733143622578726
-0.811360787898675
-0.819451172113308
-0.956806085527333
-0.747212020657336
-0.836675405806098
-0.737352827478203
-0.628736956547243
-0.708342345644774
-0.703396295128204
-0.686208356604797
-0.788335326188812
-0.807764682479088
-0.892902502124815
-0.87307779001547
-0.798940865510783
-0.627519910388709
-0.619275353665531
-0.740727331362938
-0.679201643850672
-0.809196068969596
-0.478784925258819
-0.669209553994016
-0.760332989170978
-0.652187490781093
-0.528271814106921
-0.868879765358286
-0.542573859803638
-0.70606386963364
-0.62676490598102
-0.815992355357194
-0.697309424290558
-0.802430787415844
-0.724541658387753
-0.597199347038231
-0.643329534803717
-0.590391651475231
-0.608767228927081
-0.629416116911345
-0.694059296897511
-0.619311805525119
-0.726436498928125
-0.629236696619494
-0.541950683077776
-0.646603375827697
-0.606148663557616
-0.7288201598807
-0.60231884505195
-0.563210028407103
-0.705518225832132
-0.776009047271179
-0.596229619844985
-0.661022313492651
-0.649343035171269
-0.580256030732483
-0.500512166847709
-0.582877942041308
-0.586422534110071
-0.651925162214555
-0.67997592198642
-0.729738601753049
-0.699372188039729
-0.412571049917767
-0.591119638927018
-0.606727642132013
-0.676183695705108
-0.5768673435323
-0.576303483444683
-0.744452857312962
-0.601224395611275
-0.698052887267903
-0.611720723720871
-0.737682707542988
-0.68218573117925
-0.524597018757838
-0.662949766773687
-0.654289652359995
-0.674564283136217
-0.735982167988773
-0.508244781593103
-0.682327790378607
-0.622941586831528
-0.661298141901326
-0.60954066426861
-0.585243085512793
-0.517003267317409
-0.652895540794133
-0.581866479035488
-0.648148472610225
-0.479179720380671
-0.490806069490002
-0.49542616128534
-0.578951184354732
-0.498310510794646
-0.506565720822335
-0.525394770810062
-0.474635731487525
-0.508283708902107
-0.582253848614656
-0.582922342412124
-0.558448680344524
-0.588940097456104
-0.626563133109518
-0.526628294549493
-0.438721287078948
-0.579047247898806
-0.491261724142297
-0.605635143243722
-0.533341919596607
-0.45885932057849
-0.417911957814363
-0.606021662710641
-0.499660359585477
-0.521227049509731
-0.530717015594611
-0.469715264903821
-0.52744951197933
-0.528676232084095
-0.586739032470301
-0.534616020095694
-0.601411607971384
-0.567215534914875
-0.480580551426926
-0.613997726379565
-0.539865461044012
-0.532779003717728
-0.520695014477524
-0.572371881952003
-0.478647210682519
-0.541787852410115
-0.524899362265138
-0.596796217585788
-0.388943388273516
-0.627891807568933
-0.479783723283833
-0.587216092757348
-0.515309790892411
-0.515927778433057
-0.467667772970809
-0.493415418461365
-0.61653773583716
-0.620728816816037
-0.362284885343581
-0.556334345920619
-0.405573844740903
-0.485942931564276
-0.431587241276487
-0.525044149220907
-0.413634626283806
-0.397167916308628
-0.341030124950564
-0.455095926019515
-0.572751531119723
-0.460483865845644
-0.43243357963273
-0.31645399829078
-0.446023747968888
-0.4906980591802
-0.524421419983771
-0.447892218923203
-0.47671187265837
-0.537032955960621
-0.318648735557326
-0.430619032025338
-0.408108620994651
-0.387575111333189
-0.3777475893153
-0.325105562450984
-0.333273640853217
-0.34253350426271
-0.454929018499392
-0.283575945150107
-0.285097942696759
-0.541214018656015
-0.338254615929247
-0.406204349176714
-0.479970654300041
-0.249003159746798
-0.418427455188418
-0.431615763776262
-0.439679458847499
-0.376561023098252
-0.349806602730883
-0.474278428712911
-0.317255325110171
-0.382488813443162
-0.394064438094533
-0.484260244357999
-0.450991018764532
-0.35785657336383
-0.418094497482375
-0.294472330143307
-0.28757693548435
-0.419773254274111
-0.334241469133091
-0.306683838706109
-0.426853322184521
-0.168738637205267
-0.44331784012403
-0.261626489243485
-0.369477232113957
-0.417089606157459
-0.411230878640221
-0.404121365209119
-0.365379215892879
-0.457990845626515
-0.148741233029907
-0.338346989544271
-0.343452891670453
-0.158158418224275
-0.345045718010175
-0.257604188820967
-0.363540223329084
-0.309490573961524
-0.351199533258983
-0.419135215054215
-0.34568076033928
-0.407316602600165
-0.402851110176362
-0.224345235506108
-0.328802779289305
-0.362080187590782
-0.238168884472595
-0.439410015549776
-0.381000089885612
-0.229938992115856
-0.372852247925319
-0.482526620376755
-0.435403772755791
-0.210759093499317
-0.29857249441476
-0.288339257968016
-0.215943055427826
-0.257974090746289
-0.208929888452073
-0.249553413735216
-0.326943254088503
-0.281721037475445
-0.407009033027273
-0.211491554348256
-0.392566749407332
-0.36525884083724
-0.291369007626909
-0.271435374154552
-0.188982532814994
-0.405997836203422
-0.312506340390373
-0.327644172270072
-0.172755676025058
-0.219713173226517
-0.239851652316594
-0.316684952699178
-0.272796610768009
-0.39853796137435
-0.24923253674132
-0.208754645307658
-0.31073485360222
-0.272415409409686
-0.332508902846269
-0.374629384097827
-0.265826058176902
-0.239162782835801
-0.3691527402258
-0.234757928197423
-0.340852731852073
-0.311819854704443
-0.377125739954912
-0.196950440997231
-0.197117229928602
-0.226074183806803
-0.185775957881283
-0.152866036111014
-0.267868093269062
-0.0437895505476492
-0.352588908611861
-0.22662602736589
-0.208502671583428
-0.135187006111137
-0.282361395090928
-0.311105146050533
-0.249813157343235
-0.12313723780966
-0.203600463472662
-0.278511801019543
-0.331792737320001
-0.0478918793521119
-0.0890190618934828
-0.3538212514053
-0.201260694777362
-0.216873252724699
-0.279784171046661
-0.0327105426577383
-0.162042086635654
-0.234610835932686
-0.219837825657644
-0.149109940814239
-0.224963465750536
-0.173068477450725
-0.0868063854682014
-0.165235248274115
-0.102325842139335
-0.185559507616098
-0.146404162884131
-0.206416085234606
-0.195793371016497
-0.0866653559310634
-0.0652006385668674
-0.167726875468879
-0.0682343531390728
-0.0159034030269065
-0.0702293889162045
-0.0744635673966262
-0.256583942185021
-0.136519103938412
-0.0773042383402182
-0.0628965027820725
-0.0681846785279011
-0.065699866549144
0.0456758449281413
0.020130518370763
-0.226391134959462
-0.145796725525086
-0.0426765406957644
0.0840603628625289
-0.141796657561568
-0.0741245237543784
-0.150756974166559
-0.0428004305199405
-0.0514676274980881
-0.276717422839066
-0.140566360170084
-0.0963164160159171
-0.129095749237331
-0.215016683576151
-0.0211015057674988
-0.101684701677838
-0.0353834548042638
-0.0417640405880349
-0.0698840366572732
-0.117702975811574
-0.0847361321697415
-0.00719880648402767
-0.050915108822927
-0.037479360760856
-0.184676636932881
-0.0895751739729828
-0.0420137814401366
-0.138145797012222
-0.143293560393893
-0.151179132873847
-0.0852537812345731
0.153541746648859
0.103640926169344
-0.101977367172416
-0.0215929895765275
-0.0241972082790036
0.0375106163208964
0.115503499372372
-0.013042225686735
-0.0772187761292258
0.0262371426523363
0.0833329143313681
0.00883647273983281
0.00484644214030794
-0.0354995481986152
0.0229753628396334
0.0396114255334599
-0.103894559624914
-0.0713937517739363
-0.0234542799959045
0.0119001139267305
0.0109800513772332
-0.127240205522448
0.10512688455758
-0.0237670037058135
0.0693013579646351
0.000905202552419021
0.0309659758662006
-0.0902808656615705
-0.0181585721885509
0.0155109256982353
0.106994577838892
0.0489611776644966
-0.0494767501664978
-0.126930565577111
0.212026125866406
-0.0142485142143058
-0.0185541028720103
0.0760008717642377
0.138048833200856
-0.0332250940475782
-0.0351354921187591
-0.0974134257160976
-0.0112402746168935
0.141265485667816
0.0534550653986453
0.150407569144471
0.0484600458819823
-0.0130530823829752
0.210288282257269
0.126791805024651
-0.0526132409189619
-0.0848941072754063
-0.0443712307912857
-0.079804622809853
0.0434852071751397
0.0800742217948889
0.173410688093275
0.15610740281164
0.0469096085670233
0.0546888230014628
0.0496989330464356
0.0417350120780182
0.125099778753057
0.33976079059832
0.105524230793395
0.0613908887829113
-0.0292221367469217
0.078534092942503
0.0832526124856776
0.122413416190277
0.167670964669301
-0.0220606119968802
0.0780805637849847
0.210100996367039
0.0734812211044327
-0.00739532704085457
0.117827172904134
0.0498549893323632
0.106595278197353
0.127971784340585
0.0963406035870525
0.173089052970648
0.0611312755390603
0.0620128556966864
0.107490918473154
0.0278772931617525
0.126888485265543
0.137425320651199
0.138836890321959
0.199389982348724
-0.0465455104080102
0.0830524909759258
0.183477058546687
0.254919259180408
0.0202323688724543
0.0368746485014361
0.182234356270418
-0.0129094848276766
0.17959730118875
0.017992009580133
0.254633539937281
0.161503162319415
0.138391326322639
0.0931549047682452
0.0657426989491635
0.26651104601316
0.0591699191657103
0.224297649781261
0.0215769497189131
0.244715600582261
0.208556120790033
0.141897073226678
0.104807427273873
0.358965407709065
0.217502453731209
0.253407829663677
0.188697826681286
0.0745009168056363
0.0592073314695498
0.121391163095799
0.0264486763536723
0.267582889451876
0.268057157053002
-0.0555268720318642
0.250739407354709
0.308331856074362
0.242393484639108
0.223653625219712
0.18153808568047
0.151602140692311
0.175336916434198
0.284182111065811
0.0953930823772391
0.324158563147737
0.280519054029952
0.1470441407454
0.216783839230483
0.249032625468558
0.26935112412322
0.308306321910893
0.077495709048907
0.202958451654142
0.264139247256776
0.245128050344422
0.394530369234585
0.246408051956956
0.228230396671692
0.268096109105661
0.261384588864951
0.146070661349568
0.258675920796106
0.309294298992591
0.053624463102376
0.199329156249136
0.229688588218877
0.3763721790325
0.166752395281155
0.366973581042891
0.367272701473135
0.270807136122908
0.16045128523535
0.307727407480973
0.240595804964271
0.355582767449892
0.188301996174461
0.370399496378943
0.419599205619224
0.292323494249823
0.271989020443096
0.264566740113937
0.205003262208913
0.38924720403004
0.441252389223242
0.328551912371981
0.205849668211212
0.13624292480317
0.440028590424234
0.291302551009938
0.217168463063046
0.323359702315402
0.245493402778073
0.395516358163241
0.262843081551135
0.291885410909015
0.273983715146809
0.248861148582542
0.398016389185214
0.30643540484468
0.488421796575584
0.290367947251629
0.370778364137732
0.358228542329292
0.38296694692362
0.311828930069265
0.245480698933897
0.409508216500194
0.335997003651788
0.449759366998887
0.347220100033497
0.44774267672105
0.344648068327808
0.287024233478899
0.353365919113702
0.456578035625794
0.449814795258825
0.39037154619719
0.378254579716271
0.356708250083054
0.315149700483996
0.174568164961868
0.426934880939345
0.187124120735823
0.217699192593289
0.430361342720377
0.44168344945998
0.407244001730101
0.362004879633677
0.33822894819523
0.358248199432979
0.352381113174123
0.360775272681074
0.333052053185273
0.336595218393702
0.385595763513415
0.32660395361339
0.286758595411483
0.362576615650199
0.444657610983028
0.367265150324081
0.408973172877903
0.34280798639862
0.341482003960836
0.306059275603976
0.226630739335068
0.564621135743795
0.459846421019175
0.332238021052165
0.411782579492939
0.511373841524469
0.424252280113545
0.465624041315185
0.342819668213386
0.358653207105064
0.412315805905682
0.370056135995425
0.30674657303565
0.410096297413984
0.30363162956539
0.425443623273899
0.513964247318691
0.476039830597061
0.469778306933756
0.472838150594947
0.561167690076975
0.448957566152735
0.514770691337239
0.413184374764811
0.63712417808452
0.388443378426676
0.538177840926732
0.4228501911003
0.421363869404197
0.507216412301475
0.434502972591971
0.547504757571575
0.521245746561375
0.337882077740795
0.381294974193378
0.410582193057857
0.401301708776721
0.578050383210073
0.617725360571927
0.659949894201623
0.461926181592684
0.461137895565501
0.59849438013158
0.49427588390027
0.423233575594385
0.506542170939202
0.455548051222406
0.541050770327868
0.523730733999472
0.650598488978623
0.33924053265358
0.608445064828957
0.57641049267261
0.439012502635339
0.61958937216671
0.572980755506466
0.574218767155202
0.641381329718224
0.52427052131546
0.46934574543259
0.480529372034233
0.595444632900008
0.473085234660395
0.491797353830992
0.595750169295693
0.57471777744304
0.515165442483951
0.560975994853898
0.498130209602243
0.73070226137412
0.694307864706707
0.394973564862774
0.455704038266971
0.570533253289823
0.575338088460379
0.490405936074219
0.36031943856194
0.472144511455793
0.549070954121077
0.586019092074873
0.59925689034286
0.44339233751965
0.690000874163171
0.643104248942646
0.562602693360122
0.576775761416868
0.685003818675552
0.442305994667698
0.377538663253413
0.543536900613949
0.521408971908576
0.544411403214122
0.489630135321272
0.425196203462703
0.57149876570654
0.58278174779812
0.848155382270635
0.650711126672261
0.574609811127919
0.655146833770519
0.686444125258102
0.638106852893318
0.665991186464107
0.640837858273753
0.58872842094029
0.560492412390754
0.567370882605269
0.677659329839861
0.508935824662625
0.682824575475608
0.693814020945738
0.69820882855195
0.763667455605154
0.577202969906841
0.680684057579961
0.638482597649616
0.668296944718122
0.578077094394891
0.731047041232002
0.822219308163164
0.824547948856793
0.642955808278826
0.598580737504271
0.659617189348129
0.796020155663064
0.667732187483715
0.73152232458896
0.697227648579534
0.664316326226886
0.570097719560697
0.606153000996604
0.62995388827698
0.566450718461165
0.780122197922539
0.58884503052625
0.639486309740586
0.490503632979549
0.622127673042573
0.653040884646663
0.525142761218875
0.669208371752735
0.642480146127488
0.739664877340474
0.617795665826968
0.720109365732018
0.653071539872851
0.528937070916218
0.604900675779276
0.727772898162056
0.789360916217187
0.817878542864659
0.7355573391895
0.723417106086877
0.768388117403892
0.625691238006546
0.608549420106297
0.750395695231375
0.747585918513623
0.746391408078302
0.760949549997848
0.804793945292001
0.693367865122565
0.819945403979042
0.815953963175052
0.682403433060167
0.654618782974596
0.660072447278466
0.699781089432725
0.854130575170918
0.847935259621603
0.582795319419615
0.719619633555141
0.883445711540678
0.798926100880535
0.8124603660642
0.639326718103117
0.858243785581179
0.810915506408664
0.830285522677545
0.759207719371725
0.800968327370147
0.911239527003193
0.669014459436047
0.83706193327898
0.818356330106178
0.77225817760442
0.740806104094834
0.781222570499359
0.872803571497176
0.780981063416746
0.809028855489195
0.772877836541626
0.775665557662034
0.756134707151771
0.768267458274845
0.833954656126543
0.702013424185551
0.602136538226954
0.967424602553829
0.69711858277685
0.893847319966919
0.864582484156364
0.863158759490722
0.71018358651892
0.83461948478086
0.899139790917269
0.725475061587906
0.816159044000051
0.824265098637572
0.906715255507613
1.01494281607556
0.853999395963865
0.633696992202401
0.771599815357199
0.816913976271168
0.894853828882546
0.784542520288205
0.825629897841942
0.845670788343504
0.842003795289751
0.682793328950068
0.871514404356157
0.830297274269839
0.964872819300667
0.904150731466671
0.730454236566665
0.939599556174513
0.849901770388596
0.827874601976972
0.746422386642878
0.838226861407909
0.778626309947818
0.855729951539193
0.949639712908643
0.859050601964535
1.05656995592454
0.85002322462236
0.866173115893002
0.66727702827909
0.977699718549157
0.972906920739473
0.929096246836813
0.845783664568484
0.929549616715296
0.883531111863821
0.814905273756848
0.814827375340384
1.03089014484718
0.943772681834103
0.873176493221915
0.900164552913143
0.881047374365318
0.903964222450998
0.938174055967712
0.944994961666905
1.00465854701462
0.993538408948083
0.908443176657511
0.834637114806912
0.826211757024762
0.887787918289645
1.03168090328424
0.91149675169751
1.02078612959849
1.02867313062671
0.998023444219221
0.894135724466765
0.822887015692707
0.890627501311206
0.992825126060821
0.879829936699496
0.935038360860197
0.952987555342379
0.90971856974198
0.850997127878532
1.08995290277389
0.908462730926696
0.76235668070659
0.897502244386402
0.875431578709576
1.00180703648371
1.01902260071751
1.05657847036322
0.959356941860918
1.06721248945652
1.08905118266383
0.989576743232955
1.06613051116534
0.962306416255084
1.09327542757497
0.964617904327579
1.0272107906133
1.03067876420405
0.934916522404581
0.954458014590563
1.12418317568844
