-1.05482458587847
-1.13387007114319
-1.01075952178172
-0.947408255404379
-1.05033120934357
-0.978036404529487
-1.0908908539893
-0.967301570617418
-1.15308037101855
-1.0327863269526
-0.976433182430519
-1.01243062009286
-1.00833153531077
-1.12182223374293
-1.12045660645449
-0.987205373264749
-1.04984172986596
-1.12175683622815
-0.847497760781039
-1.04473210825355
-0.987807895459496
-0.8879446766653
-0.923454361295658
-0.954987213072192
-0.909613378517599
-0.852751513763972
-1.00957145338649
-0.860603324614166
-0.918806068629312
-0.880439899353048
-0.922801598071921
-0.923464567541786
-1.00103373091358
-0.820614814581815
-0.882691988731936
-1.05519353041745
-1.03364047198213
-0.929414917085801
-0.887691440144747
-0.976816842974066
-1.03806314020084
-0.780068482283073
-0.989747981079602
-0.975620386418204
-0.951929914836491
-0.940246177010328
-0.978617885389039
-0.933620509181748
-0.883562589093296
-0.990658731047186
-0.917398036755552
-0.952903052847714
-0.869368217044045
-1.08232512780849
-0.895048384001343
-1.02104341748558
-0.927898621510507
-0.729940288886179
-0.768321604932834
-0.879746625038727
-0.874648370293566
-0.880556383622853
-0.703457105635816
-0.881795309124766
-0.933896483696909
-0.862861615997719
-0.93663952850896
-0.989047884381797
-1.00306833381889
-0.831244470397395
-0.768207621797802
-0.870588465712745
-0.808737221253011
-0.84789291078759
-0.956802120309515
-0.838013292151616
-0.899188905468115
-0.641812843689573
-0.852696341215777
-0.758850063446337
-0.707686912785219
-0.775456893872665
-0.86174518397875
-0.895222477809745
-1.00237792743684
-0.809939958086512
-0.778118982131723
-0.893703984638691
-0.782099054894807
-0.881294931609949
-0.786560064546834
-0.841315847325375
-0.920167841805166
-0.783781378633213
-0.801703543234563
-0.719492961483237
-0.71853142563374
-0.731057626837091
-0.713033572975956
-0.713821815470408
-0.854696426676825
-0.741558809962546
-0.617437165771444
-0.881811884017527
-0.826355377368649
-0.798955866062253
-0.89039714277016
-0.794614048006584
-0.766426344876997
-0.697948713479271
-0.674442098569499
-0.799998704147685
-0.730391372365408
-0.845915865598801
-0.69184187898317
-0.906831035537359
-0.722246963682536
-0.876081054474803
-0.678897197640622
-0.886271336463557
-0.728651460052528
-0.80988937987951
-0.827247780936795
-0.975152846561509
-0.760516093017654
-0.833800005195135
-0.735309308112743
-0.637374130251224
-0.696509897390174
-0.690004900373766
-0.691158058464404
-0.798472204576324
-0.793190973756903
-0.895544393449041
-0.899674714716125
-0.788338900752675
-0.646116932692212
-0.612434450866616
-0.748192693225139
-0.691866607391174
-0.794788250877816
-0.462383657336302
-0.687072861443413
-0.751614356671265
-0.649961115594632
-0.501254067401102
-0.86873980351953
-0.544004431627921
-0.676244051255418
-0.617200869563162
-0.824461445560721
-0.678280647798878
-0.809076399563514
-0.719898026565367
-0.596951290833402
-0.648566288583343
-0.599894064592389
-0.626274487762017
-0.610034415742
-0.669684272861857
-0.608598010925746
-0.69835771022069
-0.609183158392315
-0.50045864781584
-0.642682318415968
-0.6178685691917
-0.714782149345017
-0.599617326264525
-0.578092019162889
-0.703059714659297
-0.75128695522505
-0.598417746303282
-0.652004755943865
-0.636734386144922
-0.581856551928258
-0.521662172655678
-0.581216948294692
-0.587630576184794
-0.640581001123958
-0.664990887949554
-0.720063416838251
-0.696211347392355
-0.459666262312577
-0.585381578747606
-0.622404891152257
-0.698533189468441
-0.581148951758579
-0.576142950552584
-0.73583822343768
-0.608935210739157
-0.689033569890048
-0.636109403272515
-0.724656416246957
-0.688398086278679
-0.535774099695995
-0.647340653802653
-0.659017307263646
-0.672319615778275
-0.735719724072258
-0.525741671185362
-0.672477817299124
-0.62475343973595
-0.648450136741075
-0.631151974387309
-0.596692949342851
-0.503575415092516
-0.643753925004182
-0.580689374604001
-0.625884100969865
-0.45309670960639
-0.498920278243775
-0.482681471683547
-0.588063996804067
-0.492629577944276
-0.498261303555339
-0.526405698584396
-0.476366140256266
-0.492632418849362
-0.60979899898389
-0.587724090708512
-0.55747734841706
-0.567800254519427
-0.630708069714637
-0.532028733225909
-0.421637137954692
-0.585029753851932
-0.471286013163054
-0.601158905136733
-0.528202274015052
-0.46499894149294
-0.422403765153391
-0.597100504853465
-0.517654525871236
-0.53146679437093
-0.558578604832392
-0.47309054734242
-0.539801089294768
-0.53866020948667
-0.578449291567471
-0.522100309316813
-0.574162909513347
-0.575781647228966
-0.476650163050661
-0.642822533518613
-0.528285048953631
-0.546765734083129
-0.519866829630511
-0.556440381254118
-0.489462660044252
-0.526727063007501
-0.522899857505221
-0.596782026426834
-0.393899801389932
-0.632239594395743
-0.459241812787799
-0.569279417468509
-0.499435652678127
-0.532622883672015
-0.462648147857027
-0.488243057203781
-0.616305227289837
-0.612944132989747
-0.353064512086025
-0.564130381364319
-0.41052293166581
-0.50003323347588
-0.425391186582863
-0.515539557930371
-0.428810709454328
-0.397004819395201
-0.330777864999051
-0.444593342104792
-0.569319945994866
-0.449127938294914
-0.417817877520607
-0.324205497090897
-0.464074813864669
-0.4985994378276
-0.534475877314068
-0.436855723264717
-0.46489920345396
-0.523955463276308
-0.313529558171511
-0.417436028521839
-0.427860006464297
-0.376592024767702
-0.378355113415219
-0.336002117186408
-0.335918400553857
-0.328870644303952
-0.45208780640842
-0.277126197806709
-0.30840589474794
-0.537444679169373
-0.370147980719476
-0.397584891115656
-0.458398541190419
-0.23307522864212
-0.43536438942507
-0.409368616884784
-0.442038158522249
-0.373479732032612
-0.358178146324878
-0.497984301444241
-0.34384840128443
-0.377668528806115
-0.368852466901275
-0.461243594007872
-0.479838096972195
-0.360257142308433
-0.440978235114847
-0.304485984808166
-0.290572891602235
-0.398849936143866
-0.330303262376987
-0.32630488895298
-0.410964713399983
-0.186340676351402
-0.434113121103126
-0.261015524927672
-0.381084804701553
-0.413842503896263
-0.385571054505315
-0.397532799585238
-0.345291731941646
-0.479543526610286
-0.125394179087676
-0.322346843790824
-0.356642678225773
-0.179214708901796
-0.345903717346723
-0.267778476383538
-0.361016859088746
-0.31414547892107
-0.343953560554626
-0.434021845417238
-0.334319545404425
-0.400302760780687
-0.402828726066226
-0.217747237216165
-0.323444509251082
-0.371536849216431
-0.233514871235482
-0.430662315159831
-0.349448505485555
-0.254056235244445
-0.368018265844718
-0.481798352924833
-0.437811887597356
-0.193847018854782
-0.292804255671857
-0.288122025743126
-0.214812864878716
-0.258437970202482
-0.214278774194013
-0.235272262289731
-0.334403694816439
-0.29282781126435
-0.439631762390008
-0.23024629643368
-0.389382456071857
-0.391386723367366
-0.289334689284671
-0.275188261169775
-0.179688078937615
-0.391801790595339
-0.29703719707881
-0.322386429255289
-0.179586970564466
-0.217949589046022
-0.252132317323548
-0.299785859170409
-0.277238633968398
-0.408846967245782
-0.249535678031697
-0.224247458033285
-0.300187089234347
-0.253957647136931
-0.323099753406209
-0.35501954346198
-0.289788182090508
-0.236482445290634
-0.38828381329713
-0.232266429422094
-0.352155059865019
-0.316148510832725
-0.347987641906553
-0.178185340054595
-0.21152363404528
-0.228385669976183
-0.18749346625223
-0.153422198817327
-0.274437884840615
-0.0529171800293501
-0.35528976225921
-0.227341748456931
-0.198248361664699
-0.150728073989416
-0.282730385686192
-0.308381249515654
-0.24446642658027
-0.121183613696827
-0.214091748784178
-0.277960017743958
-0.341012432462138
-0.0229590562873431
-0.0588781594547393
-0.350163877653786
-0.213406897855496
-0.211595003151224
-0.280119060243188
-0.0550293306739233
-0.156121911853953
-0.247036174292652
-0.220808554183924
-0.164877082227993
-0.221121359627707
-0.16833734512593
-0.0690371468339979
-0.152945818284276
-0.10778533992804
-0.178470828087172
-0.15803506972363
-0.189004895356465
-0.212926172910733
-0.0546835314023632
-0.0742204243003359
-0.176420662954669
-0.0909602475829856
-0.0142239349753527
-0.102811197086443
-0.0955556232297623
-0.248416497959256
-0.148744577650631
-0.0792417429446785
-0.0334513466721704
-0.0775068312098254
-0.0583593864647599
0.0793497003361915
0.0108595000935998
-0.22728630812568
-0.124618826672082
-0.0491118048624287
0.0837370832430059
-0.122737258154216
-0.066926223907348
-0.157298862463027
-0.0759260540004335
-0.0802674344713777
-0.270542794394275
-0.115849347017621
-0.109784535819664
-0.13839837032196
-0.208823016424883
-0.0194558529490311
-0.105987451876375
-0.0296851259125726
-0.0571303407742686
-0.0462349063780379
-0.0992249932269427
-0.103779820780178
-0.0118791678419679
-0.0348348373395206
-0.0602371357235522
-0.193473316254174
-0.119694042568096
-0.0448354530043566
-0.108793031244445
-0.130535132750406
-0.134701309483488
-0.0853992752509703
0.171301583231602
0.0823540578181536
-0.134252465431793
-0.0144269467711572
-0.0294768905831809
0.0616284933538947
0.121753504125979
-0.0296861746731647
-0.0561007357233029
0.0319773968157375
0.0806014577082449
-0.00638848656079702
-0.000167536066590714
-0.0312750238460317
0.0235055404212108
0.0434863720173075
-0.0899757793197771
-0.066202709884414
-0.00325803943307964
-0.0271807233965868
0.00955337494561901
-0.135267276195905
0.128255666537261
-0.0548256960000531
0.0542315872605805
-0.00475227888803939
0.0161414172560682
-0.0744214407528913
-0.0499536991321603
0.00646536431778921
0.135953480699665
0.0549724693638877
-0.037629684947603
-0.132190608320219
0.202939913198561
-0.0138608604566608
-0.0248916890754785
0.0970839453199489
0.161694487419512
-0.0280915118114259
-0.0326991355072254
-0.0935616278163923
-0.0120845509125065
0.143391331378016
0.0280891067250594
0.15678335250624
0.0497835089018947
-0.0375638224704476
0.220336952374471
0.12299842637904
-0.0498014888439043
-0.0875381839581886
-0.0438023977874373
-0.0864956277329334
0.0500876056979015
0.086033422551995
0.178708281112109
0.146521877713863
0.0320348929910036
0.076337320631472
0.0625829595945347
0.0520508298850377
0.124890677759951
0.349005427524253
0.114648876706293
0.0784588345031071
-0.0462220580900604
0.0878186455597117
0.0881302265884191
0.128379701145227
0.146448641237836
-0.026168925615073
0.0704673629951374
0.234775092563813
0.0947109150614324
-0.00887003346298697
0.121292911251252
0.0280111714803744
0.108286245688952
0.123409619623216
0.0930316547112342
0.155459083831785
0.0492529408904611
0.0611082966158739
0.0851000856024946
0.0278083466190731
0.107757584782104
0.146356780667933
0.130294024189995
0.198308971154119
-0.0420849687211155
0.0878182303405067
0.175643523585771
0.243122146742488
0.0524472243500849
0.0523103731511901
0.188153343209532
0.00512796357360966
0.201584648437911
0.0337403103372003
0.243729390581867
0.168397201696302
0.135165950029553
0.127178326527279
0.0995032730912269
0.261071624387579
0.064863227075959
0.22251124113345
0.0292460371083313
0.258923130158869
0.230747709334562
0.127586283413207
0.0649057847282432
0.342754179897553
0.242301555267862
0.250233190236171
0.189498315921524
0.0871776136036393
0.0329636240847085
0.124084423361669
0.030085869697
0.264286172937396
0.283290702128927
-0.0383563456692308
0.247625700749002
0.312881161883133
0.237973614566972
0.236940556868709
0.191522738862293
0.139462654764427
0.177821290997035
0.282997453973622
0.0917195791294116
0.327426268447113
0.28237009464865
0.157541327465696
0.225879802582853
0.230948855818188
0.266105280356074
0.305829862002099
0.0879081989090483
0.219997840090193
0.270396471161114
0.268426018269142
0.38624132764059
0.268968228991797
0.220080284207278
0.270349015920203
0.237544348956839
0.12758916174065
0.276863625429187
0.322211343477974
0.079511104200373
0.204327450822657
0.231542928374429
0.394185214165059
0.16686182215074
0.366993113293881
0.381903694792501
0.269961443912506
0.139952280809566
0.298671060563055
0.267619020057493
0.339971229380762
0.18062702907624
0.3886859599401
0.436952991661526
0.297941482821509
0.238657252868688
0.246083913966449
0.208261751420797
0.395823033958204
0.452334320202269
0.325270694684918
0.206648235003299
0.131835402057289
0.44293046450257
0.30884518192593
0.210666723393659
0.309270108133579
0.24297594381497
0.38017359525033
0.275785534091398
0.292496084901817
0.269153197734627
0.242235326136684
0.396896281207568
0.29486427008756
0.468287267606679
0.312284252426742
0.366132622534619
0.346325916602522
0.379096922345089
0.317391473328944
0.253118069119325
0.403827654264001
0.329780083121817
0.440761014125116
0.320615439109827
0.440341194843061
0.348682333667859
0.262558473363274
0.361027862782749
0.478980607861552
0.466387358535819
0.421133836650994
0.363623129504799
0.348421315751638
0.305566753759156
0.173020516178696
0.429854151630667
0.183888726896413
0.21939665511482
0.42779445331403
0.440226479697555
0.428260246307049
0.34736807616771
0.348024243736093
0.355460607008303
0.37289082278095
0.355827041293255
0.320761309334359
0.347896350599268
0.389385459220837
0.310932788826553
0.279042046399761
0.366011252615768
0.443252641406553
0.362051863431895
0.424571199180101
0.329256294309931
0.351715617722998
0.297403520942565
0.234830755941224
0.562900502712899
0.475138307001212
0.343041454643198
0.418236276297096
0.530885353271465
0.424588966490508
0.466459176334269
0.336092899759721
0.361716123033758
0.420785020100532
0.365339740920222
0.307112651866187
0.421848938655481
0.311022417537375
0.431154584269139
0.524364836747696
0.49166641572207
0.471457474717726
0.472079128498238
0.538236309492033
0.447838982891995
0.515572820270964
0.389381082380192
0.645948271198953
0.370876247506858
0.536213764326142
0.423335680837686
0.419282898719797
0.503834045306041
0.425760874332745
0.546837202520966
0.513326132569253
0.323009237910758
0.3705987310223
0.410451250112707
0.382535488194218
0.594014523655121
0.626983250510875
0.680913077366006
0.44406905213707
0.484082815863036
0.606804700888072
0.517016542605796
0.424185077242024
0.478877878202267
0.468871341965113
0.524714031007401
0.509848671189099
0.63848604558901
0.348223255095585
0.613428223645532
0.584918283293814
0.458395661992053
0.633972289078113
0.567933019054162
0.55889799378782
0.643534324976955
0.53410000590739
0.436807626405628
0.46276679607137
0.60339196060888
0.483445660706932
0.487028915376077
0.600859771746356
0.587007578982141
0.527839997478385
0.586667457289085
0.514676600088793
0.717759187650672
0.696500752516769
0.402728105523617
0.452331693020392
0.57356186125668
0.577168964296166
0.482353602482196
0.358985168480974
0.488344266569792
0.542550952968004
0.575206396151963
0.597731760239387
0.432250819575526
0.718909688897365
0.63928653099466
0.571994138522674
0.579466137472434
0.68739415415412
0.430892097988004
0.363702546327037
0.526361159913106
0.537209539089972
0.535800675442498
0.485587452693383
0.447119330322875
0.584429143221278
0.548319779076092
0.837986940586832
0.662790727896243
0.574962182666571
0.610309330448686
0.704443851916086
0.629081805712901
0.685127922757604
0.641614739875235
0.600221154035597
0.579110268183987
0.577134942949479
0.679192165008337
0.503760412811352
0.683623110205842
0.689878485905469
0.680077514806513
0.730935139225947
0.585844749816822
0.68789819412049
0.633584872637761
0.672493612660154
0.595827971103053
0.73411304629759
0.826369592868705
0.802464897399154
0.635521928304152
0.604751553250649
0.690085823576061
0.79171282064061
0.654446718560595
0.717726605642084
0.696719395443808
0.660799733016938
0.563926864543111
0.623192561087777
0.642271931936053
0.575985033086092
0.794812966540337
0.604594355946813
0.633049744659884
0.466513350037854
0.61056292139541
0.649737111812762
0.51661800507759
0.661440721068717
0.641925062654859
0.746911022481133
0.615237411567822
0.728719241323443
0.644405348598985
0.524367146395998
0.619226090746206
0.739425205488306
0.786022129184573
0.840668120662029
0.729495539410674
0.742675921896612
0.783579236562739
0.638228536909404
0.616976152854827
0.751300643221954
0.766325572188841
0.740408865379116
0.755250692573477
0.818850642308811
0.685478654374295
0.798363519332911
0.805940299439713
0.653091929815689
0.643850143076942
0.665491080829251
0.715571345652085
0.857234310485268
0.849307930534985
0.566802425218707
0.708425242702827
0.889365602388961
0.798316923972048
0.810788666473849
0.657917845492934
0.868167954709412
0.781986364329377
0.808900293400875
0.763633140440793
0.769601627267325
0.901915341244815
0.667262431226282
0.852004585931154
0.795283115170875
0.799955831798644
0.721677518917782
0.786520187343136
0.874700225227418
0.805100696168251
0.821151271857458
0.790069180108566
0.755570762150775
0.736482503078915
0.766110045860251
0.847321985770795
0.713541613022215
0.576714140630931
0.968598932294093
0.692452861988877
0.897038968649221
0.863006926433356
0.868324397046301
0.711987849414998
0.850724826436438
0.89778306385705
0.72883163878181
0.808587105428818
0.840835768643375
0.889127760952357
1.00490013391322
0.844900667273681
0.65628216102924
0.770539148281095
0.798160524686539
0.899342674358687
0.784950016730876
0.845029087534402
0.854666451561742
0.827921167004207
0.707596478834793
0.884847871404246
0.83050148839764
0.958073097622462
0.890400162519297
0.740012257716941
0.963440752825139
0.846354565541444
0.827828697136909
0.739107374482425
0.837192508272056
0.78103115510567
0.850922716333775
0.959853277019074
0.862389994173812
1.04695987563052
0.86842199071452
0.872525569818136
0.681954592862347
0.960242333293967
0.954571975656635
0.940960856405828
0.836866763056845
0.93886276066092
0.870023568637316
0.818736126618833
0.811263340995077
1.04327600327258
0.9532995530708
0.864109092861924
0.92007974825689
0.886275275683542
0.906004565627526
0.948603557697588
0.939590725532088
1.02639215063281
1.01198114136567
0.887923368419973
0.812869781044955
0.814319934875027
0.906788182701652
1.02807105692586
0.913739933670007
1.02034420961485
1.01894608168475
0.99899641201146
0.885141629252622
0.846851972009281
0.912441090305706
1.01030860718851
0.85086649972676
0.906558430300819
0.972967954710505
0.925540684126165
0.847874832711866
1.0604101876872
0.918061871504907
0.772189997511367
0.874788015660218
0.88316402738403
0.996729862112928
1.00494947764414
1.05152547490861
0.93789610316806
1.06039002053538
1.08862447730702
0.985049546778243
1.05942196161238
0.984879072033026
1.09292286335614
0.975846605919831
1.02867108627017
1.01447195255682
0.924722249075464
0.95197225162462
1.12352017497363
