-1.2036265617435
-1.07627879095228
-1.09451638696172
-0.890964286796428
-0.943264456523958
-0.9516243697147
-0.990563938752992
-0.9225735148618
-1.14672688767594
-1.01497005331084
-0.986920863816524
-0.968851458017451
-0.917061841125183
-0.864082959006437
-0.927715351017841
-0.979598920485485
-0.988142448126574
-0.981577042277914
-0.975063220855007
-0.899161288574759
-0.912252506563675
-0.955395296237795
-0.859328763895845
-0.909582985065898
-0.981709207544601
-0.824960000649986
-0.91977108581683
-0.879041983530302
-0.931430513674043
-0.964871287611235
-0.961976862098246
-1.02871326241348
-0.911494271196464
-0.917700338656026
-1.02609588207593
-0.950448011562752
-0.918530591051101
-0.916255661323868
-0.820920014434734
-0.830259727790867
-0.88438159241461
-0.785203840572057
-0.79221148502497
-0.81931975857475
-1.02443104349577
-0.904175988119262
-0.891120183186476
-0.946060546568123
-0.893823971884812
-0.872065579758393
-0.79051198000334
-0.989447121136627
-0.879120281908366
-0.879134437573781
-0.916484097139527
-1.03117080970458
-0.931587849828156
-0.919144115952836
-0.953004849483795
-0.918676251058729
-0.721153397486076
-0.947054025368088
-0.902314621845257
-0.758230088921912
-0.809890638894806
-0.709465683377455
-0.896793538953595
-0.846648266933975
-0.812529148660969
-0.82366941184933
-0.855889025402565
-0.833680039802762
-1.06836229975201
-0.975842246231215
-0.95346106651557
-0.936648619321174
-0.853662868264018
-0.709449077078947
-0.760406995337917
-0.837612222092665
-0.842705721131034
-0.833798768404478
-0.86421880951155
-0.836226410797228
-0.801879821281159
-0.727523326792308
-0.797765530315701
-0.876636353574337
-0.85662964238079
-0.775427972705167
-0.723416576468406
-0.727062472161793
-0.747049932165871
-0.625765949593924
-0.807246891390263
-0.912940840621218
-0.851698153783994
-0.736915711429185
-0.770605135523858
-0.718564550621743
-0.860096845936825
-0.787946028204874
-0.821992364380802
-0.870044891667551
-0.818889601294031
-0.869040151691531
-0.766822495000377
-0.812257888213414
-0.827970561608881
-0.775866677442404
-0.802471133034498
-0.817664448117382
-0.776685747875866
-0.603715687566527
-0.800546320437735
-0.890583275106772
-0.660558244558058
-0.703771542780934
-0.625353531446674
-0.679066458174625
-0.655459217931944
-0.785103227013694
-0.718054595132097
-0.79239513005704
-0.724123846623019
-0.680068839973559
-0.715854539582124
-0.593203817053199
-0.697069172441448
-0.800960170582627
-0.671378755440006
-0.869282505816238
-0.621862910396174
-0.641829817862421
-0.728862711826779
-0.778903480328435
-0.743924532187134
-0.720456910818
-0.658046183590812
-0.760798897579346
-0.674406497630728
-0.760961090835265
-0.80587711717088
-0.853276694089374
-0.621678443137009
-0.746529151553658
-0.652431758386189
-0.776728265243823
-0.741023808809338
-0.751638618522502
-0.555027180287875
-0.647301040512664
-0.766924485610638
-0.582097183296885
-0.768005347600484
-0.739158618270251
-0.588091064884605
-0.724297140900897
-0.761627188464965
-0.758916826037105
-0.68303109335348
-0.781779697457844
-0.608226662777239
-0.585915056008038
-0.692613739375755
-0.572293844405853
-0.561053998344813
-0.715369344108328
-0.547265131770069
-0.749047884497314
-0.724331817962555
-0.648756880292328
-0.754378460614885
-0.563604925373642
-0.706634275086444
-0.664720541544151
-0.702748918167758
-0.617883475821638
-0.683763202167355
-0.653928465525771
-0.704566672067972
-0.604983915966594
-0.59280940643349
-0.591825670301006
-0.693523145399999
-0.639968532499484
-0.624469047926932
-0.658078971983178
-0.669614069732559
-0.826170672308531
-0.525499238336952
-0.663872248378281
-0.618569518360408
-0.617064526789571
-0.629119784805337
-0.682084245471579
-0.549419646426795
-0.738842662009927
-0.555885026329956
-0.567979575301669
-0.607336061513216
-0.695664447972502
-0.649609939772788
-0.633643007250212
-0.622407261826466
-0.638148697022433
-0.447293942137582
-0.518056295441284
-0.760247152307211
-0.656827411853923
-0.546501861424955
-0.496095795383329
-0.556665163319206
-0.522210058007523
-0.702850541221451
-0.430468168312606
-0.420024127194957
-0.718568878976329
-0.620398604129555
-0.555593565788351
-0.520750084879484
-0.505556210395465
-0.636708672521748
-0.400940302221696
-0.483194004889324
-0.621643881667298
-0.685050653289729
-0.449591967263778
-0.40894987658524
-0.446209257642659
-0.62292129424229
-0.575970486466747
-0.373090667780648
-0.572335982213097
-0.495516007293703
-0.564847004421967
-0.598804326282243
-0.418552667912324
-0.56308890167169
-0.513336094331024
-0.560598107019907
-0.403683945785772
-0.564988475386409
-0.491154432800816
-0.420244205182303
-0.51796558933727
-0.578385961524374
-0.553938038790853
-0.434782506696278
-0.47330092015818
-0.566252432723044
-0.531027977844389
-0.536707868282728
-0.536049988814806
-0.666463168695599
-0.481200624568952
-0.410736123110726
-0.365009040166459
-0.460500185381132
-0.546374569092118
-0.483089084044284
-0.418354899997435
-0.542521464115603
-0.411126915182514
-0.502656456520936
-0.429241405598819
-0.480324627545519
-0.496044885944257
-0.38250574609007
-0.370396858914975
-0.490976976911686
-0.523989702939514
-0.471278185769194
-0.31245105449455
-0.454594398204492
-0.419118115894951
-0.387253957642801
-0.511093485046357
-0.547714607936004
-0.442749717149027
-0.310697421224489
-0.385518966507609
-0.532182129347356
-0.437990362490731
-0.387723904119714
-0.362505946206882
-0.466773739779
-0.47445032406332
-0.288249634309022
-0.369058183402196
-0.408162973902923
-0.577795203170812
-0.379851698087199
-0.396078609391152
-0.409988379999227
-0.305531707917801
-0.540345822506739
-0.360884975436632
-0.472910743974109
-0.450325520220332
-0.341130947840569
-0.404633224721103
-0.354005382153647
-0.391924979120963
-0.235083676079663
-0.239194300896178
-0.376988301531886
-0.439747768448028
-0.309688942147592
-0.476112103829703
-0.321005676295269
-0.590237432788971
-0.486698196846187
-0.241212135659934
-0.394683823502099
-0.277548177385906
-0.3903515583824
-0.525551915342176
-0.26770048183941
-0.292215967841981
-0.289530078226297
-0.341625824916053
-0.237492053190286
-0.22665653623089
-0.338241057337
-0.325868600076324
-0.3603154017619
-0.303058774781106
-0.487404466106887
-0.335442966425876
-0.350914896017083
-0.306343889085946
-0.129254671122791
-0.418441135685126
-0.443462815027196
-0.438406881184407
-0.352637696375832
-0.379977132968296
-0.32295253739879
-0.41386539995515
-0.293240594598911
-0.416978951824435
-0.31087237457966
-0.27843082054828
-0.347141417059317
-0.275594995326091
-0.421436227183976
-0.293335796233877
-0.258796595847981
-0.267131286183249
-0.492146725908719
-0.360428426308242
-0.239302184894088
-0.233910403530711
-0.287093370757957
-0.346981364597017
-0.288546484944446
-0.340814781984946
-0.181075617341877
-0.319628694129919
-0.225490587486155
-0.40870744158501
-0.3411414241871
-0.325076094508244
-0.283323431709209
-0.398527951101467
-0.295072802172144
-0.2489238476742
-0.123941568823799
-0.122853234054974
-0.156311889883668
-0.294854894307171
-0.317584021292902
-0.212523130409196
-0.317694601065378
-0.169443181036704
-0.276902392174806
-0.0637729372397472
-0.270933380737267
-0.448185066093077
-0.352812413929621
-0.232804670314713
-0.165580660662089
-0.382923409367371
-0.380320730900023
-0.268165663007584
-0.174251762627623
-0.138531790082552
-0.244375669041914
-0.182335759614663
-0.27184412962078
-0.140032916736687
-0.116874582711745
-0.383089820400315
-0.166854191157506
-0.303395189857434
-0.200279932244302
-0.168326244626708
-0.172090952311364
-0.233252688626232
-0.10686822021804
-0.187143506550346
-0.32857131329973
-0.206348516589727
-0.0724526578593993
-0.314203084510284
-0.173562581816223
-0.222841568880667
-0.00779287954012519
-0.186600099647049
-0.173937087494802
-0.0634126816699607
-0.241700715052246
-0.203094779969051
-0.152893978594555
-0.356454851679268
-0.102914996949834
-0.318048640113639
-0.150984956498368
-0.0809468513349382
-0.245614915051309
-0.126724457482232
-0.217177165714634
-0.268843223014576
-0.262038289811622
-0.098043558087731
-0.129914201634667
-0.0338679234437741
-0.178805454426604
-0.0539164127404178
-0.227892647371831
-0.286693214533321
-0.224991147880117
-0.174553617390996
-0.228772313879584
-0.0736358056806061
-0.159406842354866
-0.029219143776401
-0.0887420787567052
0.0486398048088616
-0.0221089958579569
-0.0911775192891035
0.0212753559006116
-0.166548141285714
-0.185899485508484
-0.140681887664978
-0.105946584243724
-0.0131830795468804
-0.189394465713579
-0.0714224876440654
-0.137926490233453
-0.0140611702983221
-0.168017170136837
-0.16531360908812
-0.158924986527914
-0.0615200298923073
-0.0964181388208078
-0.0167542705632841
-0.194239016830231
-0.203316504257806
-0.131417057366937
-0.0393446076331801
-0.169453951221231
-0.162614949668842
-0.155788815231348
0.0464785715390417
-0.0776925245394167
-0.0311130335844559
-0.158968702169908
-0.172151846352747
-0.167441811244355
-0.129779400682585
-0.220856411625627
-0.115265803280796
-0.0823086524166432
-0.128067803635519
0.102537822100578
0.0165771980104738
-0.159237056953745
-0.100783074407631
-0.111022560316387
-0.0196196682869558
-0.109958347524123
-0.169528214793621
0.086568546409911
0.096076464248094
0.0571623227268204
0.0187413635206198
-0.16851160406717
-0.0525359237873662
-0.0217149839102931
-0.0261378003928837
-0.0310542858741002
0.0391745977322678
0.0506893979297278
-0.13724443114971
-0.185745726968829
0.1118918444872
-0.0589054025742859
-0.00429561990468336
0.044107438321819
-0.104214258771045
0.0507003950977601
0.0544422196174779
0.0299847795217385
0.029828342723607
-0.0952694173144864
-0.208717778295416
0.108037074908147
-0.110298146610538
-0.0390138384024321
-0.00656067261056351
0.0539263485623543
-0.107139183438811
0.0146180283436864
0.185599786700203
-0.0389506789353059
0.048667133944765
0.122196092249302
0.0759151303520961
-0.0281859706992295
0.115995446150552
-0.00477984976543177
0.037222044495216
-0.0047369028478553
0.217216493451538
0.139650053016258
0.12578246027132
0.0619658336180085
0.0692845119892211
0.0996677858742228
0.0655119874713731
0.0377754272177767
0.130502187659216
0.0391351432293045
0.127402307730478
0.0415775391671638
0.028568487507155
0.12251610445085
-0.0162114733477302
-0.0123088296100746
0.156902012035326
0.0868756992514555
0.0148191208733639
-0.0548417599734239
-0.0106923621472214
0.184490497587617
-0.0160406960826783
0.135356666085356
0.00981508507002698
0.0493536278781467
0.0830222795759925
0.0389957480642212
0.169862178279756
0.0998050708739438
0.217007516242213
0.0596835272744121
0.192521517973244
0.0362786095712754
0.159657422453378
0.0433031439651766
-0.0904075385963878
0.109424555813467
0.103929370875276
0.208520629987634
0.244941928103098
0.222505366790427
0.00895046767760758
0.127331951219249
0.245641569950635
0.149131690700045
0.106723992885917
0.118047162394549
0.103721342512753
0.143981846769103
0.156665871445213
0.0174687545280825
0.126426857645636
0.194236532369032
0.0823738891811284
0.332130231965992
0.0549094976415381
0.194506844644245
0.191505912218731
0.165880100718072
0.103532414271133
0.243887699655299
0.111976629559663
0.144157368438389
0.3037657998135
0.31766361442388
0.265635984480319
0.11135597028921
0.0971470577352635
0.104428211864062
0.167560801412792
0.127077514086873
0.209652338681726
0.147887894417991
0.287572671065517
0.093409230048831
0.0727179692310431
0.178269823746322
0.18863361257848
0.357381560912423
0.323282886640067
0.202346987561412
0.344227615411761
0.228953501107047
0.238627240685835
0.259749125405318
0.217083456726963
0.19254890852416
0.13719459107937
0.271358760585624
0.296261774771271
0.2824160438169
0.234868389756876
0.351650655544836
0.261471840654054
0.357284544139374
0.224983826665885
0.140230173064135
0.25351692435456
0.284390406954647
0.295509875419396
0.157835944046205
0.338829449815773
0.223085866092538
0.287077572314293
0.269632605887584
0.132505647711776
0.0771200192375874
0.193948406853603
0.405582093347952
0.277238279836819
0.254725778217121
0.31945396025322
0.351810679954461
0.240211643804118
0.101986618726912
0.380204521927324
0.307835333094877
0.227417228020617
0.352972219631945
0.072529018882589
0.320969610062544
0.186732999915516
0.236975559883173
0.282890844326263
0.277927437496802
0.260122483659817
0.383062451050603
0.329338711969159
0.408533374616201
0.382311965869132
0.439524447207163
0.219329387459882
0.384036759609944
0.295007316893499
0.322988860841134
0.209291059628018
0.356945404488871
0.198802904339116
0.539793719506351
0.472080046696931
0.312633144818026
0.325633914124267
0.370128915917404
0.370738866020466
0.23709362466751
0.257004296694455
0.322231222098521
0.343988174196572
0.423007520687151
0.400871158512805
0.268845262769474
0.476663744706097
0.443673181188794
0.405133313455569
0.473249372732832
0.494684406721038
0.344836396212655
0.389129345752821
0.549118626073483
0.176283140689814
0.372484722083954
0.405276786830453
0.258840670456523
0.284647003385183
0.241512071811686
0.516600277575633
0.391050871646305
0.295828628401114
0.477210624298981
0.396531277068811
0.372558766366529
0.395183782470139
0.450317793153699
0.34731635837748
0.495094700290233
0.418878001610486
0.439528721656694
0.380034098658715
0.446201652759284
0.358217464717967
0.368207651907368
0.454535180717125
0.374597492532316
0.391901804541725
0.416300730695217
0.286301551313549
0.370236139058186
0.409878823413029
0.491103486834587
0.408223126389438
0.455885398718657
0.363261453668166
0.438466234231787
0.425837836736829
0.280818000398934
0.414368771133081
0.56092771878676
0.481786837920645
0.560780066932906
0.606565638709435
0.426378944588134
0.47850036963148
0.33057265327094
0.511376215373141
0.49990914964758
0.342131423840464
0.557121235687931
0.510964454808593
0.473035178008694
0.574471517280142
0.450707349831413
0.536086920141484
0.524079272063338
0.570754935500355
0.444404783662418
0.559389323860915
0.437442016710338
0.557512105707106
0.415703162934314
0.37912893898216
0.446097469464357
0.731078559397329
0.530443398369129
0.497379542284301
0.429941750547163
0.51587706173263
0.555732016900165
0.536403978955246
0.370464154752716
0.594322394759457
0.682987848214556
0.451578635732099
0.440135082847346
0.458538307632679
0.39647285414591
0.528889995704596
0.550334791107562
0.476797533524359
0.546005676378452
0.518042437862259
0.442997115551436
0.425380921618646
0.529423352439256
0.546146895267763
0.601126126852931
0.64839653212033
0.626895753057833
0.361821824154167
0.526475111760095
0.567783918979656
0.5945557422087
0.584664231897335
0.449941290122572
0.567296962477159
0.627263940769596
0.614391561115689
0.55022606457559
0.653416435620163
0.561913924244403
0.530632084386251
0.635021626108636
0.574224086601929
0.660565133054717
0.559652344403634
0.58859265312771
0.375945451938387
0.458242747697629
0.59806215857653
0.558949342473214
0.603307278456704
0.525644393560768
0.592095031026512
0.524136743747127
0.557497817784335
0.600004583710704
0.569484065950625
0.444694406279329
0.835950602253794
0.657790622106554
0.575403128793613
0.610789073833815
0.719199518783199
0.521087241631511
0.709746301288852
0.595509441686188
0.599412306083063
0.602731273717334
0.627271339989891
0.598702749600446
0.628327095206484
0.738144254512225
0.577417942557296
0.733238864415791
0.543895652162886
0.596918300494063
0.705342888921778
0.600721670095969
0.569605812925106
0.764406352042029
0.749173943429038
0.633104829821798
0.643264163891711
0.656748702674661
0.720955926023135
0.702874233517412
0.669264967230846
0.741814192306552
0.787816071114331
0.726602439810648
0.571633694965021
0.593163379806934
0.721199603327246
0.744551351039134
0.736494755695443
0.667560388854661
0.517556393669753
0.622713350668881
0.777662747363845
0.626439720377268
0.73373087830787
0.685759104826519
0.800463444469553
0.64245549286072
0.6221621989763
0.581110703872552
0.764166444967664
0.745251899742998
0.610248134337714
0.672704874795801
0.667653419818464
0.699084205773097
0.71096821556409
0.649387093166264
0.742949064731235
0.604989229277368
0.888349076057674
0.625954215642474
0.560449141908616
0.768667007349978
0.746371589378883
0.765329180018268
0.687640372899012
0.833090298152341
0.692541430837378
0.731070068487447
0.718965424523204
0.716636403779137
0.701422415845831
0.828579018502013
0.862343482893253
0.896016256791012
0.752157899025444
0.671982608311694
0.567641277812723
0.731347654542649
0.740854043191023
0.827521899545011
0.758236823489444
0.706752664677856
0.890905938463413
0.695844045174507
0.837970107435057
0.756157618904573
0.651527667953454
0.846977398052709
0.727308328154331
0.945392128460768
0.745418779387661
0.664408219726892
0.818090327882957
0.835763866161529
0.704952633743488
0.75987310159011
0.744108210757454
0.865940158259368
0.789053531987004
0.819506153437499
0.662365090689831
0.656300417805158
0.874782024312112
0.831202493501213
0.807461683552762
0.84666891703197
0.845035969619265
0.90297875638265
0.834911049314254
0.795111668133148
0.894682388475906
0.964260174375497
0.757704549987972
0.912729658805289
0.670930265011096
0.758381933053842
0.840204778200621
1.01101390352224
0.75176638689383
0.89891302577981
0.818732593035618
0.68021853004178
0.853400446550994
0.912842036538034
0.787148943655117
0.75278946624894
0.887271543924046
0.880839632073002
1.00712050523842
0.867531810766251
0.879889881623262
0.893271609998576
1.00485919280766
0.81124391069084
0.844596079413705
0.95110834352159
0.768690995483644
0.964116614740639
0.939861994488941
0.687996009715893
0.89221007014113
1.04477797607106
0.917333283439346
0.732196557830655
0.950478020149023
0.803792557050096
0.906778731420108
0.863723855793576
0.762520678196677
0.862193036911179
1.06996694891737
0.828024820710727
0.816871029700072
0.976976828869706
0.932824807950996
0.876939315019973
0.951825425483671
0.873405834017457
0.897068726213852
0.917934619324579
1.0413218381715
1.03639495704693
0.827075213253922
0.916276144232004
1.06804611446536
1.06909628406211
1.01621545310143
0.983011607664524
0.950174624546336
0.820673140608828
1.03955876913897
0.97493746310696
0.886047684791361
0.80438939240002
1.01113472376246
0.999184330865359
0.781064720918209
0.755789152336701
0.833652400873584
0.94805512576345
0.832898517753518
0.983554943351813
0.828457994945504
0.976704760849037
1.01342005801516
1.06316983146286
0.985591856819378
0.975803936359391
1.00375836983625
0.999607283469111
1.03301699064613
1.02940684323049
0.965574883248978
1.04588558500434
1.28367630708519
1.14387375456534
1.00331823624311
