-0.939064097437584
-1.0220366437486
-1.12546292190267
-1.09864405691613
-1.04808616427681
-1.01114182068133
-0.940462575133383
-0.890156541909064
-1.06003490823511
-0.952551097134307
-0.929960686314156
-1.12736356174764
-0.936861312680863
-0.832292513671408
-0.806442959226399
-1.03461995015182
-1.07462431446058
-0.930502561306539
-1.0079145632026
-0.804805344033526
-0.833023310784644
-0.875538318254958
-0.959684980143729
-0.973250731503703
-0.846022053369967
-1.10574130710886
-0.982247224114243
-1.13466165281614
-0.957539365655614
-1.01836077743297
-0.917905307874726
-0.885438255837665
-0.958892566909992
-1.0116707183854
-0.880097827659184
-1.00959665523261
-0.883604078494436
-1.07772860883738
-0.861550591157186
-0.918707204797991
-0.971022282610869
-1.0519439074536
-0.961723094297996
-0.9728038642118
-0.890534419011622
-0.920232311270325
-0.905004502729504
-0.671181383038358
-0.888911474797255
-0.940913555733603
-1.00808225250963
-0.904765833513071
-0.82174988765253
-0.811487460461599
-0.900525689709477
-0.913143426159904
-0.824916763143586
-0.887485965995784
-0.86289062295998
-0.803887777787202
-0.86975377851312
-1.01134343306307
-0.903201795049645
-0.836332346695753
-0.903196550395525
-0.856548399353323
-0.807437358810609
-0.866087051038631
-0.851060480577067
-0.954001250690233
-0.703209411270461
-0.733641871813525
-1.00869394188152
-0.903098623321655
-0.777499307139309
-0.86417138439223
-0.960850514475185
-0.73995139427553
-0.902684740638068
-0.774275023422738
-0.823661611053981
-0.764771417830984
-0.983180900480527
-0.756513248264531
-1.03960636490531
-0.798624771062613
-1.02156399003631
-0.83014656717274
-0.739300135526651
-0.736631162100574
-0.792195672087204
-0.811119992847794
-0.808691573323204
-0.793998422889507
-0.78553292017427
-0.801690661043891
-0.762499158887974
-0.691047392846998
-0.897782461061647
-0.72829882012938
-0.753922398515178
-0.81919764831165
-0.618065937856161
-0.687093503999368
-0.768693889447622
-0.778487736476817
-0.733752636288847
-0.68904662040741
-0.853351226680795
-0.75821887108313
-0.593374337265256
-0.823994466851229
-0.850004337228915
-0.789065316421528
-0.855196902143253
-0.856850376725701
-0.750154345181277
-0.764846863362276
-0.602733267509822
-0.768006130217618
-0.651629524117893
-0.90370586789005
-0.821564086665681
-0.862057005925958
-0.844523502363125
-0.688654208176067
-0.871840376033016
-0.761239735627405
-0.807718606582255
-0.680007627813362
-0.691970557162515
-0.744406226662128
-0.655749480322682
-0.84451459665364
-0.716247896333187
-0.744155368071263
-0.66643582024431
-0.79372552898143
-0.655785141703879
-0.663699245573914
-0.63100249554788
-0.575894098773946
-0.876134211231872
-0.543880991354849
-0.658896730903395
-0.787008597000307
-0.774732119778045
-0.714126651827971
-0.654841529955148
-0.639000879105276
-0.576231105069144
-0.577911608584553
-0.643746972758075
-0.780487412096541
-0.739151238530854
-0.645354151476685
-0.702177792177282
-0.618739572938412
-0.685698120167518
-0.648648006342443
-0.783151039127159
-0.606673752559316
-0.676273599435829
-0.559876945244087
-0.597441709400519
-0.743608973069289
-0.747141425666194
-0.621516165116467
-0.744264010708518
-0.739634886100413
-0.598224642579789
-0.626277844807434
-0.542814251605774
-0.695559906431366
-0.715139258458423
-0.61986664194623
-0.710202281976822
-0.633336781192676
-0.800263711212264
-0.658576577654529
-0.756494971824534
-0.602896372253783
-0.607767077510643
-0.697616866391163
-0.683484775526518
-0.612895358893774
-0.625417281269359
-0.597562876025352
-0.611954359277094
-0.742496615548272
-0.625961651738195
-0.737112011308907
-0.501534285152006
-0.623747542243614
-0.645172603940609
-0.583898886243675
-0.697287668448969
-0.570633976709154
-0.615459351280091
-0.698752871810672
-0.721024401265067
-0.518773344351837
-0.552443849250453
-0.525361479912284
-0.664451499713025
-0.662486670255725
-0.379524013594422
-0.612224791156395
-0.47511225454265
-0.317296754460894
-0.508909977941676
-0.51031612584745
-0.643381354508447
-0.521751945898825
-0.63347181849204
-0.541492811590075
-0.349727188817618
-0.529881291153578
-0.715342154562727
-0.709151907232732
-0.610710034812319
-0.585901477692531
-0.396159567615411
-0.808580736258625
-0.705311180235372
-0.621382135992855
-0.431366448552016
-0.527041400185386
-0.397276227337314
-0.572916814303397
-0.667767639205522
-0.663489552459146
-0.585321738410164
-0.599938748064204
-0.521323257919383
-0.455660956172821
-0.701271066015603
-0.450897719535434
-0.533128539313843
-0.47814095042605
-0.518603096690873
-0.569354468285815
-0.495137097698211
-0.597655361605888
-0.574546631562697
-0.368297942895468
-0.533018689297276
-0.423182399296684
-0.430685745946769
-0.643291658247524
-0.398803561093819
-0.478800284245036
-0.428538161949248
-0.395373186355949
-0.636999028056123
-0.488760093820482
-0.501445594109301
-0.47428714564937
-0.455040536401623
-0.383680374176531
-0.595728677041493
-0.507626703923455
-0.25015825456374
-0.549445960191913
-0.614333460058959
-0.565741057537917
-0.43045057442554
-0.532673754543863
-0.551930933150174
-0.473431019914788
-0.468439425643729
-0.34266824179767
-0.402792764641058
-0.408643774198898
-0.44037530839579
-0.672546068993949
-0.461596931678909
-0.480184521795968
-0.43212377833874
-0.449584262595896
-0.432755493302799
-0.448166429948955
-0.506075985765728
-0.417125397206562
-0.478786795924032
-0.489699611253357
-0.366943763557188
-0.429804740220735
-0.331430840023604
-0.646802979776882
-0.462733015224205
-0.385856270536481
-0.585498517522733
-0.455632217313627
-0.360692663038565
-0.445905809686072
-0.445752487565099
-0.464313840867562
-0.318517595452987
-0.543169907978321
-0.467699167378833
-0.45086596754097
-0.335878296985481
-0.397113695833728
-0.244516096438761
-0.384584628673871
-0.539760718646199
-0.190916627763104
-0.339696489042544
-0.298330937400129
-0.360581863578201
-0.317055448550665
-0.391923404779281
-0.211215784216975
-0.402939301336492
-0.355427321542512
-0.331605987900413
-0.183188958149779
-0.464725417319363
-0.422854846380345
-0.295991134126417
-0.359287125924792
-0.30549533948536
-0.431510240047919
-0.404041634675675
-0.410588487481833
-0.188390448855826
-0.285059385099307
-0.381094237591107
-0.471800088242819
-0.181435575705644
-0.227433316378562
-0.307700250196501
-0.315008308603156
-0.291930013056332
-0.356768512565239
-0.282033658602103
-0.271895002975772
-0.324442389422054
-0.238714822118044
-0.30470396247579
-0.246390773452922
-0.354816888467351
-0.221730127776912
-0.341630561792163
-0.338103457347004
-0.289130783386834
-0.375080146693879
-0.27460093707832
-0.408796655276118
-0.195652780595987
-0.299812876500115
-0.309768755558417
-0.151636611081471
-0.424078408463726
-0.292875447880142
-0.261449210448546
-0.321087630123102
-0.238815388680949
-0.278788454223333
-0.269565422282797
-0.358510518399619
-0.283008381235772
-0.13912782651694
-0.17816953653903
-0.27370210268596
-0.308482425151254
-0.212191744323437
-0.210764475506235
-0.281642872624941
-0.22119792932282
-0.305028300592002
-0.143830930699271
-0.141097719038066
-0.281793485740649
-0.296309522139779
-0.164348662918224
-0.334634926330647
-0.174750950241842
-0.235322958607181
-0.217055594293653
-0.316145816496195
-0.134272528632496
-0.183960288660964
-0.19299806691878
-0.241344927851301
-0.271154082987762
-0.241318562158541
-0.255557639298449
-0.166439070234189
-0.28490396159786
-0.131000716399894
-0.22847160637273
-0.264541795345924
-0.267635305395676
-0.241696911546275
-0.0340492714178306
-0.317334692078803
-0.240622777913399
-0.0212340870035605
-0.139128466156797
-0.31692986446907
-0.0485421977266602
-0.144252429633151
-0.269219031175783
-0.285565261704706
0.00697851200471258
-0.297473488322691
-0.218037571833972
-0.077847738753533
-0.188928802960003
-0.0866274775807137
-0.184795210897914
-0.192619828889165
-0.143063408240937
-0.141939708893482
0.102325085203234
-0.0312694999453236
-0.0797212109716748
-0.168075504341454
-0.1475367817309
-0.13550446434481
-0.157759830991472
-0.123565710981496
-0.144312226516446
-0.196237115867239
-0.0108077318819039
-0.060159094817743
-0.0380729130500971
-0.186637757085844
-0.259874740320072
-0.170411902316805
-0.121880093218879
-0.0634492523088003
-0.13276429743054
-0.119087673803272
0.0403994280410971
-0.0690355599971772
-0.123697249149508
-0.115278059742331
-0.107648346260715
-0.215017281063566
-0.259334712003063
-0.215162822441363
-0.157029736926877
-0.192329133361417
-0.15942336473325
-0.283829188886987
-0.204379642693813
-0.127234505429974
0.0743912225625652
-0.0687223446464878
-0.0251923113670727
-0.127493037498334
-0.0317193858949623
-0.125874404381643
0.0125211296790673
-0.115802639361777
-0.133206242758295
-0.163186521718922
-0.0908893854473918
-0.020032845767617
-0.0832723764624751
-0.0658465194136726
-0.166402093393815
-0.179956389829531
-0.143333600605666
-0.0236839973161812
-0.00555136159129058
0.0154259638760324
-0.091327688551331
-0.121458747802287
-0.0101597220015939
-0.0071214655799039
-0.343118216138708
-0.133961394938166
-0.253168579733948
0.0186044900132548
-0.0409141303271132
-0.0495316631393393
-0.0184424882540419
-0.0787976296490314
0.0447868654753147
0.0361717287422717
-0.0538625299317882
-0.00290665473328956
-0.174760217102629
-0.0565887348797269
-0.0732598583613542
-0.170243901691444
-0.0132979707654309
0.100851521342425
-0.0141378717603892
-0.142771741445116
0.0450981183360343
-0.126141987023831
-0.165008248590158
0.0391073387078415
0.006101942172859
0.0306662806129901
-0.0396503957549258
-0.0200248308561394
0.0144002445227
-0.0387213489831637
-0.0660940292474987
0.231500549639301
-0.162104270086919
-0.0445784666487021
-0.0530462152753986
0.0470937372803462
0.0345069652189633
-0.0764117798334203
0.0260863372958228
-0.122161819475598
-0.0204126341954045
-0.0126583255341205
0.0637590148273897
-0.0200980626370908
-0.0169236706259526
0.178640347420031
-0.0887442014822796
-0.0322450683347578
0.0584102750842502
-0.0826399037633508
0.00417694738251105
-0.0184120875591937
0.183892929544122
0.087481932453456
0.0625953447232916
0.180568775427009
0.0379862976894877
0.0347735588567583
0.161649456066469
0.132872153791334
0.117866773894922
0.2032804979913
0.107339769370101
0.0548825699705956
0.17319631948796
0.0962131149087142
-0.0714130102941575
0.143859914581634
0.0942767206327461
0.037080963481915
0.00255511718391953
0.108710770821022
0.0909270117862566
0.132513604410671
-0.0050958637475957
0.0707693610810586
-0.00501655788485607
0.17934997154673
0.129953656504867
0.144657265559214
0.178725812993223
0.0467511442664753
0.14200465776408
0.143919759276191
0.112845761112401
0.222435020592591
-0.0106065808278885
0.0281405871714322
0.0738413601470874
0.0397829217571622
0.377820495850244
0.259306744739488
0.227124356531775
0.0232367220417929
0.177880628168597
0.0115458885187831
0.1381428248369
0.254380367141284
-0.0012896554810254
-0.0127840622178985
0.110924841823681
0.203752687379112
0.160043721891595
0.120006917566979
0.210342261705607
0.244573155938724
0.181804319133938
0.217574695100142
0.0843816600647264
0.178421599275317
0.0895767764907787
-0.00988351364148044
0.143558202136119
0.0950007866601508
0.182715150915707
0.276684899731199
0.230771609041301
0.212855685948581
0.250257952421029
0.191150321043954
0.168395072505554
0.185651951223363
0.245737502007517
0.193219567675469
0.142311329813845
0.113174416511781
0.208254424304639
0.217934098144075
0.200535295324355
0.343981809878883
0.236396388600652
0.0338181638102803
0.230393482869711
0.225823189396218
0.35716002271951
0.1421772571945
0.243342510340515
0.267378545351148
0.143255794395535
0.39807803440827
0.266288958781967
0.205853837207326
0.252851540294472
0.157670907077611
0.314353939513826
0.428537557497723
0.363760079911595
0.172502043659645
0.277120927928004
0.218747526009708
0.311788996108516
0.260392260520122
0.388578260426904
0.157951595035967
0.313039272882293
0.361222984811197
0.196025667271213
0.188166216453027
0.249567754882916
0.349507781753259
0.240106384221352
0.416765030269214
0.298403869876633
0.455262982649727
0.249859818865083
0.273983725819582
0.289378361947471
0.263029931670716
0.213628651832702
0.26099232709336
0.213381136674924
0.372765510359425
0.396054982642527
0.345158969767217
0.23822322681333
0.428662418968905
0.520614005787746
0.390677290635909
0.371760560293066
0.356607602505294
0.0847203688158382
0.355729222335616
0.381272080496231
0.179144392863339
0.421413398172176
0.348599552988472
0.355501326608312
0.385501434725967
0.321041060683199
0.436877598382582
0.268487741938843
0.345048941412207
0.30837436006416
0.310432890163717
0.392037685263062
0.319631444221503
0.381948227884399
0.368998338251158
0.266579476100309
0.427790097090023
0.325545304661598
0.277816010417959
0.318060368695861
0.340002086717335
0.380634599398636
0.47122342663177
0.311696087016469
0.371379888347483
0.37356058504952
0.495097555836864
0.430385976384117
0.389965627048327
0.399302179948157
0.424029583403293
0.341504217471941
0.390246970724896
0.475287327456399
0.28950527667909
0.47014690013266
0.420624912456974
0.390702862074466
0.367794955016811
0.363017650326644
0.46828526447399
0.426954335960828
0.487046611836724
0.321434837320954
0.262115904695633
0.35913448676752
0.600287730228371
0.39095311514871
0.549916110718322
0.344845124900154
0.296677458903357
0.34359859206692
0.449563320172142
0.412698118232387
0.402216527061374
0.361760701741386
0.468194766362338
0.441068162088381
0.63936635848717
0.456905416027399
0.48922047168668
0.460678044000845
0.393698604637074
0.489043180358497
0.432988980478299
0.364303899947617
0.542295937747105
0.616687151458236
0.264898817465649
0.509919269403456
0.46675549014768
0.618275064747683
0.314045979820779
0.43266586229474
0.54550943453532
0.447747975582181
0.507656593510688
0.522055806998605
0.390396787251441
0.559774198124138
0.522123264190247
0.545016419437961
0.265230921701642
0.453475314151833
0.416254192076982
0.340044238908275
0.567326705251171
0.400224821614679
0.476887122320611
0.544125640015453
0.423731239319898
0.350172072209152
0.593287745546308
0.464759585920037
0.415234123947572
0.560508893657872
0.500992302122304
0.486869920594594
0.329655804330303
0.451091489777006
0.576661955747704
0.487092284994099
0.563813681154777
0.522972635522324
0.450953402878219
0.435476405858392
0.583598722976446
0.435881739646793
0.538335429562913
0.544296274509169
0.57044947157357
0.508302071066446
0.509714985669751
0.482990380392254
0.392800911022477
0.542000004066793
0.54641703602479
0.645904777900668
0.658740885924576
0.594714218155152
0.396179759673744
0.566112713535766
0.510259754112416
0.607142859811562
0.514595651261833
0.487349382201872
0.607646808290921
0.570991065744618
0.424486504860863
0.569619671254902
0.502296597339783
0.626013727224624
0.551423436262782
0.443551666517558
0.718406687864748
0.61602109488933
0.626037666767752
0.561245814270768
0.64129887862796
0.516117806919033
0.579500647133651
0.446394766031718
0.659913059733105
0.546272305930554
0.569223780244088
0.621959014803083
0.794499100754903
0.632658795733278
0.716021682565176
0.572068134547326
0.559719659614492
0.669542167267894
0.676671373518052
0.756808465572822
0.724765771559817
0.583348360239432
0.633498441097247
0.717451337801038
0.504469952771936
0.635428661283329
0.551596309550501
0.588854891467063
0.552057044249269
0.549890967061782
0.642993545127699
0.526571675337438
0.638892760821122
0.781087965805353
0.578056940869136
0.735056674911867
0.762978308768352
0.692996200281419
0.663315911644177
0.632222894207786
0.615549250888754
0.696680285824301
0.819656423676784
0.651348644198313
0.558826958949265
0.703725682690059
0.582562167227265
0.518970843216673
0.617327877251198
0.609970788616562
0.773651965251547
0.677199972666622
0.622985101649119
0.568758745710618
0.626122875186859
0.717893640250658
0.678698460387299
0.742737330915722
0.701590322841683
0.733552080305512
0.856119710448361
0.843032608112777
0.544813430100974
0.807299567189813
0.709172869146351
0.786789206610297
0.665599190264893
0.725161195708687
0.761427350762523
0.731151889089832
0.752739801149358
0.736011477519891
0.700890198079562
0.721021409707372
0.782759565381935
0.701440669744305
0.703011783137079
0.713911567465439
0.651687614341379
0.730082358159192
0.750518054747589
0.693583435860275
0.710257075278388
0.651696424040392
0.829746110482896
0.674532843851396
0.671174815594359
0.746736977815521
0.603618591127284
0.684232722474562
0.759206417082884
0.730275187349639
0.773522079879547
0.610862182582905
0.654456284565598
0.626079899248999
0.798349348969606
0.711114781016074
0.857744114869312
0.760349302205692
0.745994860986952
0.871546526769753
0.674147465065584
0.738032661800893
0.767416105242872
0.795803044402228
0.780740215003463
0.878733530463261
0.764553719467276
0.82106245548802
0.758891826610452
0.803276564145418
1.00470955155728
0.918723953356676
0.854465084204387
0.833497017811219
0.910662603919198
0.777465398720941
0.822470121525789
0.824342312795088
0.818067661693798
0.935906903434383
0.784703926978264
0.794442732154227
0.826090039629935
1.00692656983507
0.631402367916379
0.830935148590055
0.775305166729575
0.870715333246291
0.821738390086744
0.820904127689419
0.787216913515675
0.932104084623985
0.620340254023521
0.938306898445197
0.86010371696642
0.659834482207684
0.911424455435835
0.933521044172245
0.968823107551268
0.847142214042104
0.943821767193561
0.76109764089833
0.803600626484922
0.871683193895156
0.977682744390024
0.894698752294481
0.838346002326077
1.01537702660571
0.823175395755741
0.790300639453591
0.952067117103859
0.943806520816466
0.829730483081235
0.836657639002557
0.891222120307317
0.9526249576464
0.951016773914569
0.993500734551303
1.00138512864831
1.00089011886368
0.925152070033539
0.836496744995987
0.917181827326539
0.964007076382953
1.06482305826866
0.930680914729146
0.937440447139191
0.967457098858594
0.947312526131509
1.01341886150224
1.06245729632773
0.917532775109203
0.898160844524145
0.820993896130454
1.00614219118736
0.951082378695803
0.914766595792682
0.914002694478411
1.07456897771253
0.96947957760196
0.963210281168701
0.924947916944116
0.930706493741433
0.864703708810471
0.934775304785089
1.04246382387435
1.04081821612604
0.837746390248951
1.07334164353815
0.984053085053701
0.802412935513345
0.923427510134682
0.920534089540553
1.1117463386743
0.972273721866404
1.08738008686545
1.0097318417552
0.917729485057403
0.778999083241054
0.996542658217147
1.11126291393367
1.12092160608866
1.06374157518528
0.937664825150102
1.09206940919597
1.03251293856842
1.0043754605055
