-1.06487895300722
-1.11286937716415
-1.0279209144227
-0.936103644496094
-1.0315750651262
-1.00217107112165
-1.07688610359433
-0.957927291548093
-1.15130080809748
-1.02775713290309
-0.95612737033505
-1.0139025390192
-1.00100128318973
-1.12962212759962
-1.12403966875743
-0.983564828823759
-1.05316705039068
-1.11977692077395
-0.855214632195875
-1.03216465215813
-1.00025768842874
-0.903788020180943
-0.910517983042748
-0.956608083792252
-0.906689771722312
-0.853731120209723
-1.01443691862305
-0.853840209336458
-0.918259064604635
-0.898375114398415
-0.932622049232584
-0.927029068749564
-0.996889687900097
-0.831914014179121
-0.853151044448759
-1.04518008930784
-1.03795339545365
-0.927893018855868
-0.879818285142739
-0.961162784300848
-1.0611329415815
-0.801104418559097
-0.972292923554572
-0.975734651844823
-0.936221963503554
-0.933119045567127
-0.969291149174108
-0.938343240334174
-0.87245966228007
-0.95601796237761
-0.885459264870011
-0.959600866650562
-0.888707552466694
-1.07311883267715
-0.87491463950456
-1.01486947779597
-0.929698458736991
-0.71243060759959
-0.801425364244951
-0.881441688463782
-0.878248397224906
-0.884505261824899
-0.715907828272242
-0.877929205894804
-0.92784080840349
-0.857138565354188
-0.920465779268356
-0.98611947549723
-0.982326151883371
-0.833352318415065
-0.778693571247935
-0.875781757996335
-0.832115511481496
-0.831067942613112
-0.944194081333019
-0.86746848820994
-0.89420572158811
-0.66153501565582
-0.85119193235617
-0.731231457986971
-0.708204486748524
-0.749130770586678
-0.866961473928073
-0.902159896486606
-1.00439232950585
-0.798053154643268
-0.806107285554815
-0.877839123037634
-0.807697460457571
-0.876192263190026
-0.777542418069966
-0.855693854593973
-0.936877172329312
-0.776559421139239
-0.786094670739446
-0.709158871381231
-0.713452735684531
-0.725990379402042
-0.712106028960859
-0.7182682073073
-0.879737829717757
-0.738573816190362
-0.612187755124383
-0.875463053612309
-0.81433565298158
-0.793017527644391
-0.867646164804104
-0.806871956254324
-0.769216426948086
-0.70960434021979
-0.69317251457716
-0.817784363335974
-0.697835295189119
-0.863348613469894
-0.711017175903123
-0.906020247033442
-0.723534851724368
-0.911540072392821
-0.661289217651542
-0.892568589423913
-0.752537448759374
-0.837759719644317
-0.826167945579778
-0.966756482706988
-0.754424418222554
-0.861696153586798
-0.745581493287198
-0.625193903820925
-0.729427403363947
-0.684091982796273
-0.689582542314211
-0.804007266473681
-0.794479440557653
-0.886745094822611
-0.886224765633999
-0.798556207882973
-0.622698854222175
-0.618720718201813
-0.752963490472276
-0.698491427906096
-0.791728672745149
-0.458613211541615
-0.681183782113426
-0.755048819882584
-0.645854100474946
-0.501443383600936
-0.859552452966205
-0.564193167602652
-0.687402845440019
-0.602262097473119
-0.821019344036979
-0.69011451324649
-0.800689935040214
-0.725020110949762
-0.601047041339258
-0.658939663858281
-0.576607930207373
-0.619421970922051
-0.610546963873377
-0.685375345103524
-0.61465544820962
-0.697922176504691
-0.6038669172847
-0.53411317402707
-0.661747638851359
-0.632629730217471
-0.719994737341356
-0.612904269110505
-0.57567681772421
-0.703280264863975
-0.768040852276167
-0.613419443342272
-0.649320644814173
-0.659027081715836
-0.582856654942996
-0.502601544977257
-0.593331092069964
-0.59051115738874
-0.645535028037021
-0.659919867178376
-0.73696850267556
-0.679945421885281
-0.439664534184625
-0.596039086908905
-0.613120927574236
-0.713476365834883
-0.584573437990422
-0.583299328090105
-0.741396627062
-0.590311838618499
-0.711405542833512
-0.595039395689679
-0.713868767036942
-0.692309511735548
-0.518898093112561
-0.650823935370557
-0.63262276854258
-0.691160384869536
-0.716090896999341
-0.494731314969056
-0.674339727866734
-0.625804353657624
-0.632249487331746
-0.626384999331807
-0.597033046917071
-0.517325411696772
-0.653725437715781
-0.585281681142368
-0.629427709096586
-0.503464571133993
-0.492316011669747
-0.478144334981919
-0.584339671205946
-0.496842889731839
-0.495354330102635
-0.530725314723237
-0.486667989805046
-0.505895378019675
-0.596936700026414
-0.606614665660293
-0.565666519830912
-0.590473058590642
-0.601260048967547
-0.524464733289416
-0.417632798295494
-0.583188196824233
-0.495718612506112
-0.596989881071603
-0.523678316732521
-0.472793737269085
-0.433095340932051
-0.596718631076936
-0.492170747912495
-0.526271843043162
-0.528646391304632
-0.472317997218794
-0.551475521194526
-0.541525075997384
-0.572628884920339
-0.528380724819226
-0.572691912714083
-0.561036884323266
-0.478505562583501
-0.647606537085527
-0.533319687996848
-0.531008108974758
-0.513485312695
-0.563373814818456
-0.489393494341248
-0.558659874619776
-0.539901685455659
-0.597279031398651
-0.388871195193955
-0.630479725968909
-0.47141433274206
-0.557180241117712
-0.528101827354445
-0.527524924955151
-0.46467917691465
-0.492052380244696
-0.627813268021933
-0.637568356584135
-0.339919375122128
-0.569733000033293
-0.415315710527909
-0.489541179598521
-0.418629493557243
-0.531573675897175
-0.388812343639333
-0.366007126211324
-0.334265175384134
-0.454244436916173
-0.559634004069949
-0.455858192136591
-0.433707124953266
-0.329515325340262
-0.468335983736114
-0.487630561289217
-0.538684384699783
-0.433355924868443
-0.470322649446614
-0.543653176700245
-0.315359401985344
-0.425213533399443
-0.425983203647342
-0.379013096571569
-0.395308246391151
-0.330436512918342
-0.33228549571353
-0.347134340866104
-0.437862212238333
-0.266167617920885
-0.297095116345887
-0.529744440264323
-0.369379546918713
-0.387614562740039
-0.450802066607398
-0.250701890853826
-0.44745220964003
-0.411107790819545
-0.431823458398887
-0.374543604448203
-0.381998469354659
-0.490775409220942
-0.327866726881964
-0.379474207620641
-0.382609553059519
-0.451786507313612
-0.460050243873717
-0.340979898447022
-0.423551723800699
-0.287129085274849
-0.2937014149947
-0.422341023529903
-0.345149717059789
-0.303176079917925
-0.435857949015159
-0.169107111733823
-0.434444987056475
-0.247868808437514
-0.370286720501559
-0.395137350741858
-0.406964492433774
-0.388621649565942
-0.356059600418687
-0.459354565710627
-0.123634319714787
-0.339229241043786
-0.353489649851036
-0.167319254400868
-0.33991289734754
-0.28263127830286
-0.374623530553626
-0.32057405758372
-0.349629119547381
-0.409576564498113
-0.349830392802731
-0.396433846351946
-0.417213782441862
-0.228828371563263
-0.329083283623631
-0.361812141849789
-0.232553585702618
-0.428992079594776
-0.36040221177517
-0.215975558563278
-0.382813135808382
-0.496502339904599
-0.407888434617032
-0.225078352479344
-0.316146331037534
-0.295233813282557
-0.216548492956546
-0.278075346733087
-0.202149665659634
-0.248373158727946
-0.31718228149551
-0.268289052390209
-0.438333783100136
-0.219011230855304
-0.39429534425155
-0.38274805456286
-0.300753995807649
-0.274771827168963
-0.184517062455594
-0.438546174847292
-0.295830209505637
-0.318464679355446
-0.172784919058752
-0.209866599876011
-0.254086556670358
-0.311843133917593
-0.271610733816155
-0.413148111169738
-0.24881683070552
-0.202083237558563
-0.303355737048168
-0.273494843628786
-0.321579550683371
-0.387776931335538
-0.282072649427006
-0.227937228915504
-0.378654736784433
-0.229952378280306
-0.348460835580581
-0.323767880295518
-0.388901852356621
-0.192482827313291
-0.209830338723159
-0.211205060293241
-0.195180177982716
-0.163910279473661
-0.264630736304267
-0.0595757623308805
-0.340154664692451
-0.213896573669564
-0.214767342945446
-0.131732225966453
-0.288747783299341
-0.301710110430042
-0.236536173138828
-0.0991715820954467
-0.203978693940185
-0.29650321122766
-0.346091427308701
-0.0211545528352527
-0.0564796796163451
-0.344308054630248
-0.221212995317595
-0.224284213044568
-0.271862830971157
-0.0403162293818801
-0.161788213960044
-0.253588887638722
-0.197324545661641
-0.148583032232368
-0.225075501528107
-0.178377990651083
-0.0854572338468159
-0.180290154640175
-0.0911582964739912
-0.183804274613978
-0.14944763195968
-0.194317352382527
-0.209118815293834
-0.0655216001486816
-0.0868963055407582
-0.176440951303788
-0.0873200694103605
-0.0278978609209993
-0.0850680127332089
-0.0780155535819625
-0.247665939683115
-0.153425805453755
-0.0859968047216744
-0.0375759761667651
-0.0766314591874006
-0.0577858261048886
0.0808226702445869
0.0168211285852121
-0.235364313877517
-0.124893969092401
-0.0493139421038437
0.0850428239109567
-0.136242277694978
-0.0521042136488954
-0.15407756855943
-0.0632613281917438
-0.074245650401862
-0.266525755752649
-0.124751564099143
-0.109234613814637
-0.129828613275337
-0.197952507482622
-0.0232104893591182
-0.116102132502666
-0.0186300762599563
-0.0347769370667047
-0.0502427486832444
-0.122542530278961
-0.0933349327392127
-0.0137899492551374
-0.0247742228512358
-0.0520017601367354
-0.191002612737197
-0.120546892142474
-0.0238350643434314
-0.13253842156696
-0.140143799157993
-0.12777511289031
-0.0962674713142634
0.160228365140006
0.0809608059117346
-0.114911301617106
-0.013015350078002
-0.0258142304126022
0.0451348369281829
0.123757966911948
-0.0117512424294633
-0.0811608239072271
0.0394419658499444
0.0878366653314983
0.00594072201500145
0.0130670565736715
-0.0457334632764539
0.00277368730047264
0.036892660483678
-0.0952698715960118
-0.0705326185040335
-0.0137204720467759
-0.00721729454947028
0.0428290457701515
-0.135551543003698
0.116851227369378
-0.0548318172754631
0.0529939325884168
-0.00624789525352025
0.0448082458402326
-0.0949934810521463
-0.0257266963903943
-0.025173291168289
0.11512048070148
0.0397137838112545
-0.0438383238962178
-0.131142815622154
0.202201293595328
0.00509916850061235
-0.0332119863221235
0.0702022860857747
0.147046567664788
-0.0166670009728858
-0.0265388457839071
-0.0799625372756756
-0.0109703973465183
0.140666161333248
0.0313972732423795
0.13337198225383
0.0504726378370224
-0.026390284265981
0.211921641509317
0.120795037966148
-0.0450429995755244
-0.0844815341708234
-0.0360244306669077
-0.0655241652220927
0.0478926145883246
0.0878384649082312
0.175781395684613
0.133335145707067
0.0475746679050663
0.0630065431363864
0.058395436606524
0.0405169340816312
0.113554175589118
0.339901921828875
0.123521263430258
0.0568686765988412
-0.0348938683566069
0.083182813253868
0.083908695204213
0.117416614379706
0.167745222331416
-0.0172326542340843
0.0814730311125248
0.18712996557819
0.0625071069728733
-0.0130040338608105
0.117018997860706
0.00933002584762278
0.132275784293893
0.0890052715531289
0.106419036863509
0.150522282652918
0.0703637975992722
0.0649078193434717
0.0931484150061629
0.0271002345568953
0.129050786342571
0.145814808976227
0.123268434154812
0.180785947869772
-0.0558523589545506
0.0888959110161922
0.162897185438969
0.237855626027527
0.0345125853328331
0.0241746107549835
0.18292176715858
-0.00616785792033462
0.204906514784795
0.0234870884588761
0.261640814598308
0.190590785948784
0.130807078943134
0.114161496027493
0.0827012727322131
0.27575718253361
0.0700723956354255
0.229997126353932
0.0308128992450716
0.249234372650776
0.228301291092389
0.1333390317322
0.0939333566751273
0.368759477020591
0.243537318145471
0.239276082209516
0.174520096655096
0.0708967706972319
0.0772335497141867
0.113674769115672
0.0203852168058772
0.279806329391251
0.286457022046328
-0.0307899071793138
0.256473806827775
0.318131615776965
0.242416406556917
0.224920118179604
0.187352270002083
0.160767170007518
0.165790923203413
0.273795234330931
0.0816515062412208
0.326614775647871
0.27820340860821
0.179675367678653
0.217733867877905
0.224779681418344
0.271377686021347
0.277029210321753
0.0819933450295562
0.209205231322158
0.269499695027449
0.237568171145642
0.385055726113956
0.265785048288954
0.210437308581461
0.275527257704968
0.231431688276311
0.14434621871971
0.262266472114389
0.298028075540368
0.069303886497777
0.20172766575394
0.218788404613306
0.385066461884241
0.145660890529759
0.384143937115131
0.361900561832015
0.257694306174948
0.142729569656492
0.291721818770814
0.26496356341819
0.323117546233009
0.178027717235526
0.379867959356126
0.425879452645129
0.286090475189322
0.250164388972823
0.258456148991683
0.213015340244817
0.385360698178019
0.461399076157983
0.340080526823518
0.191606274784965
0.154398835463043
0.464161403103802
0.310666897495033
0.222581461219489
0.339774724957068
0.257070344514942
0.414438143742166
0.261499349680506
0.286981612952852
0.25578628277942
0.250517409816739
0.396176751946174
0.283666500860866
0.491299488282078
0.311593490884941
0.374727071974734
0.359600355456502
0.383968974326912
0.305445477489629
0.245592592061735
0.381111041536939
0.341852111164415
0.462306293427032
0.321496270856116
0.43394954432372
0.342580603237045
0.279598655164686
0.352085541280552
0.473895569732259
0.43510736020441
0.4108309725866
0.364926101684541
0.351444712828125
0.324519889656694
0.165325676659801
0.420394586724603
0.186971623049485
0.214575788639361
0.423607411586223
0.436266227028417
0.414787115510218
0.3449017776846
0.346973133205578
0.371104751497549
0.370258351020697
0.369370114807927
0.342085971219956
0.347859302264998
0.392960042588049
0.327941193116053
0.284137993826888
0.374224436805965
0.443056298705964
0.356889554355556
0.413629656984948
0.328760064250738
0.345534219135238
0.304156718888178
0.237632875737855
0.559789577273729
0.484869310260509
0.345011576343576
0.432289758180259
0.520351893566956
0.4375520385297
0.4814035697377
0.331147383827467
0.352326813621776
0.411044255502953
0.352540415117996
0.315768634897198
0.41255158791532
0.28786137208301
0.440466399130695
0.511645737923949
0.468566642603273
0.474964371411321
0.480384522961255
0.534722445970704
0.436811401135024
0.502840919619817
0.410513695135948
0.621045316467451
0.357852815496746
0.531960781352046
0.44776166325172
0.41870741247171
0.524357283355343
0.417451017032064
0.540344023481071
0.503034341407122
0.31071001776525
0.365887985135895
0.41763715830625
0.375229314895819
0.59242006493316
0.625401123045303
0.682782376057762
0.463464219615375
0.466715145460135
0.591785164376165
0.499241862200823
0.417793938311242
0.481545925009966
0.458346786303471
0.534471702756734
0.495348340578178
0.640509544648014
0.34727971179028
0.620722428786744
0.590426005833967
0.451207069046574
0.624662112965433
0.564686373620497
0.578187227791146
0.656074045903969
0.522902530593363
0.439602339110633
0.465098418925706
0.607780482146844
0.473270182995721
0.480733103251831
0.613160930399063
0.56558142567708
0.51222919327393
0.570613731451078
0.500964347818309
0.727181087156674
0.697587358661514
0.392417221610439
0.448119065884894
0.56259776152907
0.566498441817778
0.497167494011339
0.360835431666613
0.473729328240125
0.55692261438185
0.575193906086294
0.596983239365384
0.444309847238504
0.698610431587403
0.65203775303218
0.573628190316468
0.563706664696873
0.691344602982146
0.438612980167664
0.356148999724198
0.542544005549863
0.539702516713061
0.545227084257776
0.474438246038914
0.442616446479446
0.586761821678557
0.557311774411593
0.845971843568085
0.68071287677981
0.565470918645073
0.624347246099436
0.732844347185645
0.641803581096058
0.681203936365574
0.675862704081938
0.567750021480034
0.587400354500612
0.538659573449072
0.68176575355835
0.517588961898238
0.691889846310306
0.676429964881358
0.69624726204604
0.7509539383441
0.588777645607752
0.696078504519079
0.623538919067062
0.678681392395113
0.600923091458445
0.72774708229276
0.817319179537438
0.839542437185911
0.635917197184751
0.591451515009314
0.684340817170062
0.805767551322624
0.654630276387994
0.730888453692578
0.677800639610161
0.668741950634966
0.556194679416534
0.595325035512869
0.643947298103888
0.572838405774074
0.788555771480858
0.589957914505589
0.617496997884956
0.476377423935562
0.621329359274126
0.639356970891932
0.515913347132814
0.670595514195229
0.640268209165013
0.726520136030719
0.624029356715907
0.724841556455351
0.646024840648302
0.533502218694807
0.597348818327423
0.735204686978742
0.791062349205944
0.79669170202179
0.739604554356364
0.728929424387872
0.79566901514325
0.656278374554316
0.597214683401707
0.75195480007012
0.754073458974845
0.740358530815429
0.745885220790853
0.791313923027218
0.678814148071727
0.798198276107902
0.795717924616182
0.6650740987824
0.655569572562408
0.661867306672723
0.696879653434038
0.863599464086241
0.844743575654438
0.599929346326807
0.709054705705961
0.887840907865299
0.762412878790062
0.824774768494784
0.657941791431294
0.862594677223747
0.787235147008407
0.80990715062767
0.766568939636862
0.79652690918269
0.918552371307839
0.660902478581553
0.847072919320398
0.802580647027278
0.776257113935098
0.739623470817006
0.782869681109239
0.883234741893063
0.809879305272018
0.809102553394407
0.780188367197427
0.750111782732065
0.7518525810221
0.763740119083825
0.845557992355223
0.716050565419821
0.587232837462288
0.949373898593392
0.69713944965228
0.900000109346702
0.853671196849538
0.853085175597955
0.694739685711159
0.834288342497884
0.911467762725818
0.733496886721371
0.81349186463509
0.820633039633941
0.885603172084297
1.0171930511224
0.840683677811153
0.652974147206753
0.774487389534236
0.799619831309489
0.90090160995465
0.804649999910311
0.81797294121191
0.851627221877913
0.839688513260195
0.706790687249875
0.869045401653515
0.829546754628243
0.967356004536368
0.925964096944261
0.726334887508827
0.945866617863275
0.842716321924436
0.812116932919535
0.733770250657413
0.842601737375313
0.790475454432877
0.85929635303077
0.929666325692534
0.857773800277822
1.05714610788336
0.864951165664452
0.874735425167524
0.672899744164374
0.96436013942388
0.97495171971948
0.955487426822375
0.855086493959393
0.927844178274997
0.874508691328334
0.814008169631603
0.827266777394971
1.03405900255259
0.960945288943804
0.858534080877857
0.926044976579597
0.884456128028566
0.914936722648335
0.944379203723527
0.945912641664287
1.02572962576811
1.00570531481782
0.899102629084486
0.817882342985561
0.832762298342033
0.892970920018745
1.01915090099443
0.921459981428876
1.02010893947163
1.03424612286087
0.991993690037962
0.888013849853703
0.828820464673544
0.875788560338569
1.02808398389625
0.870031101894428
0.935231332991727
0.96638339932276
0.924344210011365
0.845347832090137
1.0776883666653
0.907683861116808
0.774881385896732
0.886978947971788
0.873463213743267
1.00524735518524
1.01840368902253
1.05364650273855
0.936372076196705
1.06378691373618
1.09517255901428
0.954961551856007
1.04538852244202
0.973413635768919
1.08831511536127
0.97890362936895
1.01541007755293
1.01876651361857
0.927901869721171
0.952757364389871
1.12481953825541
