-1.19148881190292
-1.09377280751586
-1.11856994211306
-0.913612006276762
-0.951712684148296
-0.950731460699673
-1.01083225897244
-0.935670195488902
-1.13600864127997
-1.01927325367674
-1.00325620283451
-0.985490362066184
-0.92508134800704
-0.838723488597506
-0.912984745399982
-0.981256103988365
-1.02011566553123
-0.97859977758725
-0.970378801856943
-0.900165571610674
-0.937677406643039
-0.981266947049889
-0.846396049852134
-0.896110591177922
-0.966969669234769
-0.819159685813859
-0.931957279445331
-0.890621803224958
-0.940070652246397
-0.949874120056197
-0.975343790626272
-1.0100401147079
-0.895238614738757
-0.930800111407706
-1.01996312044017
-0.934813229741301
-0.908925025212461
-0.926665994733097
-0.80926695465631
-0.832172983419476
-0.902895072141753
-0.804296189335565
-0.789697220334042
-0.804936459159934
-1.01636449227705
-0.908088641335791
-0.897070979838459
-0.969030871205717
-0.883100087410901
-0.882900858869487
-0.793891113189414
-0.972673736261134
-0.862965009228868
-0.88032155029832
-0.924252443632432
-1.05148717540624
-0.928920049412836
-0.919157446506009
-0.951290935569958
-0.908581802834769
-0.708680278456485
-0.92334843329538
-0.912122564106989
-0.761943384758964
-0.819640562148688
-0.704365481566622
-0.86777666930167
-0.842046530770688
-0.828165786097698
-0.820301780622843
-0.852079379854727
-0.821469825494397
-1.06052503045223
-0.971415509086091
-0.956274230631205
-0.922163948190199
-0.853325556002858
-0.71161540100321
-0.75904603205869
-0.837667158311365
-0.82855947692238
-0.841211911980285
-0.876364299922661
-0.842603392225425
-0.791468664975292
-0.722262259438381
-0.816176031368985
-0.890644984964256
-0.862004944155408
-0.795033706633296
-0.729378140027651
-0.727352171497601
-0.774060033239213
-0.629589026193208
-0.809317702216561
-0.904851913731081
-0.853339607103605
-0.713980716845049
-0.782331787251655
-0.732289564347633
-0.872837699448293
-0.792178447620839
-0.813873840333122
-0.861098193323608
-0.809933021675614
-0.852808169184738
-0.777265248910096
-0.799223117105682
-0.818830340816548
-0.780702439935949
-0.804869504261827
-0.78975420979721
-0.797003322772884
-0.620723233570257
-0.79234543419457
-0.89108642140341
-0.638735363889931
-0.706044081031285
-0.655139958134051
-0.654274282545734
-0.662134259918147
-0.786775844712131
-0.702693859610334
-0.791565599115653
-0.693816889650108
-0.669081547379804
-0.710935285097835
-0.579549773787234
-0.673662610286586
-0.800672225174157
-0.672436668378004
-0.858173417612553
-0.612182428887497
-0.614938065198387
-0.714261036176742
-0.785451520113872
-0.741808002331258
-0.726767328239504
-0.660289636466227
-0.753472663624789
-0.679682384947776
-0.766496533066842
-0.798690197151986
-0.842257318741125
-0.643836989318752
-0.769763006108689
-0.646052132378812
-0.768602351403596
-0.753443794127449
-0.732378472764797
-0.529261579400317
-0.659686092205323
-0.76847765266361
-0.577292289976171
-0.774077686654257
-0.726370774149543
-0.598215421898172
-0.731469003023986
-0.758393727150808
-0.749116869525876
-0.68565185494318
-0.783535111135246
-0.600005502901112
-0.595980285401792
-0.676101009755537
-0.558533206297121
-0.572328042543588
-0.726530637036549
-0.537293572662813
-0.778279257741528
-0.733308282352604
-0.659326812008712
-0.721817057980161
-0.553187511600154
-0.73470546127229
-0.657834445840384
-0.678886611591332
-0.611312842053257
-0.673790084098232
-0.675003985411949
-0.683876458011607
-0.610563449683649
-0.60902573803701
-0.576927197125789
-0.685742665214888
-0.626939952870098
-0.592285617142575
-0.679903000131983
-0.639810184353598
-0.832514122503984
-0.509483900995708
-0.681989753484732
-0.638886747284624
-0.631621078177208
-0.643281268206573
-0.663833397501901
-0.55199994420192
-0.724392094765419
-0.567144016832817
-0.574828478652921
-0.572332298957855
-0.702028143558818
-0.632752064381829
-0.659770766100674
-0.618082089761963
-0.654186376232721
-0.409203728660514
-0.507101825593907
-0.760014871900396
-0.660028879393474
-0.566133332276406
-0.476707494571157
-0.502625800750731
-0.506858946706789
-0.702708824820837
-0.441007062573587
-0.431932608807361
-0.723776212090036
-0.611756622778224
-0.547734890277734
-0.515472570447579
-0.497984696013037
-0.635008149699788
-0.390026956894063
-0.487409024579127
-0.630870913360799
-0.669373534817157
-0.472231575149932
-0.399307939721371
-0.416669758266732
-0.614522572209991
-0.557935026725371
-0.373915480378563
-0.592671738544426
-0.499629777575973
-0.556133233158336
-0.582511719227838
-0.419495985582626
-0.581219640632316
-0.502659401798766
-0.560533296877142
-0.40623900593117
-0.581781677339744
-0.465274869039785
-0.405070842279208
-0.520123078774031
-0.574396775402766
-0.564268014715709
-0.4303487091514
-0.487172723806192
-0.576349928368735
-0.53458810534036
-0.519878155758469
-0.537853474706549
-0.659929207575927
-0.502734106137397
-0.42814679132512
-0.371736537575439
-0.470229932883013
-0.542471207691902
-0.472219445882257
-0.416273136398055
-0.544506756377751
-0.406853269727423
-0.4892936498699
-0.417355546387108
-0.464838608284877
-0.477073610381979
-0.341931685430702
-0.361200160657561
-0.489189813781798
-0.533446879489029
-0.48925700713307
-0.308186195497956
-0.475460074997346
-0.437225378674016
-0.392931615953949
-0.505660506072864
-0.535077768096863
-0.460204550188001
-0.316040873061409
-0.368107091514112
-0.535494647452642
-0.40136295499925
-0.359812469561033
-0.360004425247632
-0.457173466785403
-0.471011726759979
-0.307330125404488
-0.347834851543439
-0.413744401256514
-0.563723805873642
-0.372565194561301
-0.404680883909555
-0.422446000098431
-0.315273932961
-0.537272521324527
-0.3608142770917
-0.472070374645668
-0.483354276679052
-0.342878226011174
-0.407143414595011
-0.339563785954551
-0.385309605535212
-0.236207806575913
-0.229373384356709
-0.389931647837392
-0.439759068405673
-0.287167133220104
-0.468959486076302
-0.315647145026401
-0.590057010427184
-0.473336976844954
-0.272469191832443
-0.408296947855877
-0.281469271553545
-0.391231120306078
-0.553015741880229
-0.269322367080771
-0.289826800647605
-0.296787372442731
-0.334933711937893
-0.24003962080504
-0.220609953114081
-0.32628046802854
-0.331727204053412
-0.350505776244272
-0.30355224882436
-0.447976836426054
-0.342980746521751
-0.353405579114453
-0.299588687821316
-0.145028259443359
-0.418567444555252
-0.446095538334105
-0.433473904646585
-0.329812690531204
-0.383186380504125
-0.323543950243465
-0.391314053388764
-0.312680501388229
-0.407220284592952
-0.339933128409606
-0.285621528414587
-0.343602137147986
-0.274808486681631
-0.426696575577778
-0.279892536639305
-0.246882922461493
-0.286401079542101
-0.502248111588013
-0.341441256449496
-0.254280146374804
-0.211396201455443
-0.302283652613156
-0.34860809509564
-0.305800085533419
-0.334104076369194
-0.194601919664343
-0.319992468482474
-0.248569835390373
-0.393708239610603
-0.356241412454172
-0.339994320653845
-0.287077760011768
-0.385707288915015
-0.277915983035889
-0.235507249636774
-0.139397275471364
-0.121522326446498
-0.162839526321325
-0.312598832190795
-0.318263191219851
-0.207588454663119
-0.307610613369059
-0.15465552477936
-0.278760293596733
-0.0704865577456762
-0.26923579179032
-0.444052779419102
-0.327453382792665
-0.238147384738395
-0.171189944130969
-0.391741147366428
-0.380850738075119
-0.260512910258626
-0.166201857369844
-0.145551645424217
-0.257039323991058
-0.181270171233784
-0.276518801519486
-0.139478082303298
-0.137874879373578
-0.355538367634553
-0.172881974815122
-0.305805549605389
-0.19136006263837
-0.165272479009417
-0.174981574990557
-0.226740252277633
-0.122527235610705
-0.192364982026547
-0.333829053455177
-0.21558595251408
-0.0690295637533077
-0.323230995339973
-0.164360538094507
-0.177276780167809
-0.00865361095433555
-0.193499522780992
-0.176835864746324
-0.0814750714573375
-0.243138345821832
-0.186992743902331
-0.159209736643184
-0.344967608302298
-0.0846630151392802
-0.284730332832173
-0.166971089906866
-0.087211664028127
-0.227928462885314
-0.125088362919198
-0.222209276998386
-0.245774492872981
-0.249916811862404
-0.102186418441039
-0.13299731226736
-0.00833450511807602
-0.177359837420097
-0.053972946607491
-0.244714291616721
-0.286416690126063
-0.2402363855157
-0.174676167538063
-0.236986025741497
-0.0923429076120693
-0.17106233152573
-0.0100132201955719
-0.0790951624593691
0.0341884928240657
-0.00115670499040284
-0.103905656447086
0.029687594748587
-0.182792200235843
-0.176010955774641
-0.124771504596153
-0.101102004640053
-0.0303815885157293
-0.188563133023499
-0.0681907250874229
-0.126535514297432
-0.0122368171237638
-0.193650897617381
-0.168785418372349
-0.159459541320551
-0.0759409503088152
-0.0734186423436681
-0.0156241515336112
-0.181668586758904
-0.205825781488092
-0.125385503579104
-0.032201058606529
-0.161502915271075
-0.19480101140187
-0.166667249630339
0.0287637679303318
-0.0766475483996133
-0.037818685830254
-0.152116647187014
-0.159329728166685
-0.158974814911425
-0.140095390794168
-0.218654751358675
-0.13024337228852
-0.0820478361932925
-0.127000279319912
0.103736542714349
0.0386390140274533
-0.140467354992614
-0.106290548758891
-0.135599791684328
0.00490843453020968
-0.113052747552678
-0.180211790378228
0.0983238650891981
0.0898361045438081
0.071252393515754
0.038684754299135
-0.179191858116681
-0.0418559741787225
-0.0301431704971658
-0.0176657675713329
-0.0299759046407298
0.047178226172107
0.0365876061399199
-0.147261813027668
-0.16939875529145
0.0852504931957922
-0.0929335333279521
-0.00596635725236014
0.0456695661885563
-0.110449955528352
0.0511458578391622
0.0329585358574231
0.0459510864814552
0.0300751003164458
-0.0852670441792409
-0.171279542483159
0.114047989507041
-0.0976478827247443
-0.011368280429478
-0.0189020503023763
0.0765128590745241
-0.0956427395207473
0.0368794453849258
0.173775377547446
-0.0424523911682914
0.0323372301937998
0.120561204558138
0.0946813490813153
-0.0141615765897009
0.116679938015148
-0.00587563414652885
0.0407194589346851
-0.0289083109474091
0.19887085504439
0.131677492322781
0.128072160732554
0.0562182049298936
0.0782890015271087
0.111582918805425
0.0405728762765847
0.0303364049113002
0.132321508675046
0.0396818339472013
0.127992119797895
0.0357112866525111
0.0335482317568388
0.0964422791862453
-0.0103167998846871
-0.0159697868817076
0.157618046165918
0.104067479086347
0.0294197534521496
-0.051731923323639
-0.0161152518901872
0.193246198303766
-0.00677172215672644
0.151692213013214
0.0187372814677162
0.0338521535395409
0.0935476179397072
0.0191822761261055
0.167833475080953
0.0980129403631352
0.224056605521398
0.043478193717064
0.178619219999281
0.0166311337948058
0.16089712805612
0.0462203531378715
-0.0961577260070519
0.111072149760905
0.0801864170648871
0.190858979355477
0.232790584934915
0.239137014033765
0.0321628430460102
0.125029462611701
0.2392147693297
0.127490663952187
0.114129937170196
0.118140248288988
0.070275827805334
0.145321166369516
0.158144012152032
0.0162833941391592
0.13548703518336
0.18422079462696
0.0659420975714747
0.34613905001344
0.0279653793575341
0.206321625566592
0.211450879274092
0.170681544167385
0.121177459169318
0.228189421603303
0.121046123359179
0.163540388422704
0.316981366998771
0.312782234111514
0.28508075643859
0.110089229457093
0.082255073640233
0.143502747648134
0.185843814103206
0.1252322698893
0.215444874254253
0.137378926831949
0.280611903490717
0.106846502324578
0.086809937040168
0.182714476804211
0.153738140020242
0.369953603857253
0.323810325970797
0.191228620017537
0.354856381656245
0.230026771750243
0.217481180898653
0.249187778314747
0.238594888626508
0.20912059238219
0.149569896327611
0.261611643135395
0.314894335629601
0.276408308965665
0.223151051478116
0.337925124575678
0.262657471091415
0.357024918229959
0.227840543371117
0.140866953141986
0.230641746182286
0.279567879149038
0.290879343904655
0.151175306594205
0.319905113673366
0.233368225399917
0.296147269202351
0.277488834143914
0.109931081229236
0.0827613636620289
0.202836861800962
0.391674311829649
0.26726367135241
0.263099598058
0.292682048767441
0.351720114304035
0.235690260155248
0.0905767939870063
0.370303346756734
0.322216593327363
0.228042874622615
0.376568642559813
0.0569130660757914
0.35322371435872
0.212797958686735
0.226439612302967
0.274369930946529
0.266710490073092
0.250309416038148
0.393614127164028
0.324392491638678
0.399389279893224
0.397001376320074
0.447941765760018
0.208688800172604
0.393503798265548
0.271189009665394
0.344155352778382
0.2053216824817
0.374630277145416
0.226924179759773
0.508557877660236
0.461488442283835
0.281661998889735
0.337085055515236
0.360874620939495
0.374778625646129
0.24661846015975
0.271382118721339
0.298798878452159
0.337592647736429
0.415958279978235
0.387198770939265
0.280589309702076
0.460943137782178
0.466053121399882
0.392558070972299
0.48310632158631
0.49278807327713
0.352086277698297
0.376048888632789
0.548546845408623
0.189826380916865
0.357698248165141
0.414361000547221
0.235350025561616
0.29350193485613
0.237024730771109
0.52485723914093
0.412370165141511
0.315506485704213
0.495208112688114
0.405991807432979
0.39633474261848
0.391600115551592
0.444344979765191
0.343419987890806
0.483823708151333
0.414258433363511
0.451828880912013
0.399395565591003
0.444284777255376
0.354636589733428
0.377766613303696
0.45399685728344
0.377145563080898
0.406389366009489
0.436955302462267
0.288269568905804
0.39019873217993
0.422350611215104
0.500953357118298
0.383182432539417
0.488626186565866
0.378387234930786
0.422767804021075
0.433500354647081
0.287269291500464
0.40207417734262
0.557599171703017
0.473552618854238
0.533642643216264
0.629997722277006
0.428419609233842
0.477835796189009
0.348826637986729
0.535479524221681
0.486256391032084
0.356068053911815
0.556993080347901
0.514987616272472
0.469372038487849
0.601279127443645
0.433584926099794
0.546868962391968
0.532530817764287
0.565456026844935
0.441983472620022
0.565146767467882
0.434372960103986
0.544498837845019
0.408347538006456
0.378436401325009
0.458388132954898
0.726945696903417
0.525099778981313
0.499631043667934
0.415954946671923
0.496963884148475
0.568678648686508
0.539222461820964
0.390331499404287
0.571427424414533
0.689559381965577
0.451959290741894
0.452091965484213
0.449042577538974
0.386757706660968
0.5005376125544
0.560320430413219
0.47305159714527
0.51928154939423
0.494542612683001
0.479061055265123
0.440581063120053
0.548035780628261
0.53687360555809
0.59786568053474
0.629666739222312
0.605375561629477
0.383167020678004
0.525792738065101
0.577005983719129
0.595456667203512
0.598172380601434
0.432616476654532
0.551654774826301
0.613164144067685
0.613674555670141
0.541598304903235
0.653450921918831
0.576686394232578
0.5478476524854
0.618827796883425
0.56871800704612
0.640543452870993
0.541464375674544
0.60199637797676
0.389805087751425
0.465609742940032
0.588393825603917
0.541414097002205
0.618135367278869
0.520506502568074
0.560197977037585
0.519010091714771
0.560767989980705
0.623406917128654
0.578677831589512
0.449225921276166
0.826136995005926
0.640090017038804
0.589198559370593
0.596125832504575
0.690463233028475
0.517804647409137
0.701481331781619
0.604434855177525
0.598928227526876
0.593469916806649
0.631996321323632
0.608530271196609
0.649072808284841
0.719412285250055
0.56316983175028
0.742228856531823
0.559673713706595
0.578851622961238
0.688016908191051
0.612743587174561
0.579322629325684
0.745129316770101
0.738379077025693
0.608140338013741
0.656366411160004
0.678837276666805
0.709590722214117
0.709292353191089
0.674707604505604
0.750800718993216
0.783012315266817
0.742272373478574
0.564860471004711
0.606412468820352
0.706736178967366
0.731359144868567
0.724743193980459
0.635895776204423
0.527452794631457
0.63234404727574
0.765876180681054
0.605062395963237
0.724031703808479
0.698054030916247
0.818954249311086
0.66518745025539
0.633751480490152
0.569100839032709
0.775435010277524
0.74392736873638
0.610623643252442
0.680573048870385
0.702405140127557
0.694454368047599
0.714020955378334
0.663068016542255
0.738445037748313
0.586312762810519
0.857446887359943
0.638987153945455
0.562650423274491
0.766825031471598
0.741475571048768
0.768854151221725
0.686250538993682
0.83402355215994
0.714998732150479
0.740235088099234
0.697649005961418
0.737452863356099
0.707743437777125
0.822774913378436
0.88467483822832
0.872023141387378
0.725698017480793
0.661783377582314
0.547877343038364
0.717004396372275
0.732600634626395
0.836336052299915
0.749019992418903
0.688024295613909
0.899508487933995
0.688039626784374
0.842987553610183
0.767431978652596
0.673235850622512
0.851719990887798
0.729712264035192
0.952304945786131
0.739894837849236
0.664702403471277
0.823155686477308
0.829147610281694
0.699124226423454
0.77286796188957
0.749761551706155
0.855419239405957
0.75195074753215
0.819918604283195
0.67685024452151
0.662098973318951
0.847937068395131
0.828232539433064
0.805210979373715
0.837330294678222
0.840712624558178
0.925649348941627
0.821378320366855
0.797556176600365
0.897898243981917
0.955323772090036
0.759286704330855
0.906943209513305
0.671468304077059
0.740165376547841
0.84123657389689
1.04183410544477
0.731522683728927
0.880848285033384
0.806194240131138
0.694338211262861
0.835332399677754
0.92316077557646
0.790402392807445
0.76519192811012
0.88186106146834
0.882639176419113
1.01318005963261
0.872653197511118
0.905628082501325
0.909595968099693
0.986315039117405
0.827704609561833
0.854846659008302
0.942009373863339
0.772450247656036
0.947781449488664
0.948822279455325
0.678082355310528
0.883832291509938
1.02037485242499
0.906772856562549
0.756907184310273
0.942188979135665
0.808149387641677
0.905210581731789
0.879996749835562
0.744073139564451
0.869673340306615
1.06289222004232
0.820034637133371
0.822779579896518
0.967280870858312
0.946640861929077
0.876173739851904
0.938705563882736
0.892570473847619
0.904977444532512
0.928791671814449
1.0389928181126
1.03866803559798
0.844695712918683
0.91759936325233
1.08921561194208
1.08302639838647
1.01040442935344
0.971605825118278
0.94272073338205
0.824022317846088
1.03661823627719
0.981067630724326
0.890935750504635
0.794874553489865
1.02269948727277
0.988356834662873
0.793060193513644
0.774886452337357
0.822775400372401
0.948728830341407
0.830291155102716
0.970492351961569
0.822297824944648
0.982228033326652
1.01355802743027
1.07307643123739
0.999868510242532
0.988850523893248
0.994126069796169
0.966096028370111
1.03236053145784
1.04043575360507
0.959218838191931
1.04413451720827
1.26910219189724
1.12387969202871
1.01493207201846
