-1.09968649736514
-1.02868109875996
-1.05226737661782
-1.02328202458717
-0.926125337094827
-1.01096333544985
-0.901085246486458
-0.971705913174874
-1.08620684990784
-1.08137620921785
-1.00474815255077
-0.969665353462761
-0.899041735544357
-1.06470834320505
-0.884657068380943
-0.981726886245719
-0.913276498433395
-0.98511770346306
-1.01462289627965
-0.914086876103606
-1.09061170471069
-1.00585894543652
-0.88097574037812
-0.852098820113171
-0.997362343593742
-0.899706735656417
-0.902821105470416
-1.02930824021581
-0.96646875507188
-0.946233919256161
-1.05944684367996
-0.885421505589215
-0.897445041479679
-0.805136464024853
-0.843023394982861
-0.903463839582144
-0.796991040233864
-0.91116673293715
-0.886504554110929
-0.962119336531925
-0.888705677652609
-1.07744772542865
-1.07221696574962
-0.967718909428672
-0.835246148168237
-0.947312762478996
-1.00003489496829
-0.840383689487379
-0.805093526986433
-0.892654049063053
-0.8771428489683
-0.896523485172896
-0.833904294162337
-0.850964567338087
-0.861044937376841
-0.848476665643805
-0.919360938487105
-0.824990179706767
-0.985714793772952
-0.957501700068784
-0.835615551480644
-0.887644407591752
-0.891314474795447
-0.841098963321661
-0.864286376014744
-0.947243759346362
-0.926241226600776
-0.825867883159895
-0.922758182188768
-1.0520301433354
-0.934504702199434
-0.888016546261411
-0.972152843537601
-0.816358890138538
-0.851678733322833
-0.874378790566886
-0.877869685844355
-0.887406741700592
-0.893221322976386
-0.670331764460414
-0.882061945202851
-0.82418018654516
-0.83097464236231
-0.861743184500515
-0.901958453066164
-0.84127831427749
-0.77806608995814
-0.865061112287803
-0.769458759048187
-0.930704575084788
-0.796516835490653
-0.736885211202015
-0.850127597668991
-0.834325215888069
-0.77368591225543
-0.844774894311647
-0.845745678814073
-0.707705360283587
-0.785410887902965
-0.707261382257355
-0.839841202335851
-0.761024021750298
-0.754964579088196
-0.698062615606877
-0.728843642538519
-0.899614053306177
-0.625503303006005
-0.698929696654691
-0.746033804565372
-0.817325123421427
-0.826277534602418
-0.865190650255482
-0.802833336557743
-0.825344802400866
-0.879271737993714
-0.831118776155519
-0.895942806863283
-0.590997854426899
-0.799559435824118
-0.741948058023768
-0.763949445554803
-0.872102573443632
-0.820315642726366
-0.595039231548478
-0.460246769943681
-0.667712409101657
-0.71333964855024
-0.749119367859761
-0.74948827002558
-0.827196270671153
-0.757108107577831
-0.718708851306417
-0.746807531064737
-0.717852073035473
-0.655451058948776
-0.792034555717348
-0.794929577519732
-0.831680475941019
-0.563116604623422
-0.669831720784953
-0.641181119444067
-0.731704291971958
-0.68746667870346
-0.69049531297464
-0.620006442989726
-0.752457141286869
-0.811730414946127
-0.763797434199624
-0.670820633855236
-0.575807318952643
-0.567130065474686
-0.665650553024103
-0.679180863095943
-0.611446436859898
-0.714319739692292
-0.69746834469266
-0.829503434856722
-0.767160108345957
-0.569636941545789
-0.65515642118615
-0.714703425894646
-0.686948869463584
-0.789259851432701
-0.809462539651945
-0.675284622092106
-0.814702320985889
-0.604595767574946
-0.555765402981368
-0.654149184816507
-0.520539827746833
-0.66143004211863
-0.645518758905623
-0.652129450998093
-0.616471570062039
-0.626198863409282
-0.652624697277227
-0.52489457993571
-0.586421209263373
-0.54974526991206
-0.747317513319664
-0.68008792574573
-0.67491716105151
-0.642856234637726
-0.61350276287895
-0.578265886121512
-0.595773565937515
-0.631152402701399
-0.675729875245956
-0.557204882685589
-0.701504068377498
-0.613214115322453
-0.602036380228234
-0.621833176116188
-0.47162812948805
-0.607073067113189
-0.625639291928642
-0.619549345560005
-0.632991614880877
-0.6690613346285
-0.540771022094527
-0.556569990065964
-0.590501661867343
-0.665906116315511
-0.61383179352519
-0.487953917958071
-0.643280888468349
-0.554173761623168
-0.563295105006876
-0.445154624173811
-0.52558404554401
-0.600610345238004
-0.521184664363291
-0.449210610025559
-0.496231082267871
-0.55873724315063
-0.50012387241601
-0.371208483555384
-0.546390618655863
-0.566461415866615
-0.493694689194078
-0.583891420587313
-0.537764752670762
-0.691459286940599
-0.557471187782591
-0.574920812929433
-0.425594743060333
-0.467504919242273
-0.653060122671083
-0.448964270305498
-0.542856451337586
-0.551741605803309
-0.616572827617339
-0.445669760127355
-0.579641722500008
-0.552015945938925
-0.540287767595264
-0.363590175468181
-0.426988964237154
-0.511495727673505
-0.53294051838969
-0.486712802711302
-0.541127225617982
-0.672149117391663
-0.548480293794158
-0.437948368883524
-0.665594412587607
-0.313589721148225
-0.591187712437802
-0.490586185200952
-0.534844926427816
-0.396274356021882
-0.635457538113573
-0.329821178832945
-0.697523705958863
-0.599962373566027
-0.441009913267706
-0.484878286183168
-0.52137216326583
-0.479307525864029
-0.474516404106135
-0.394472860718774
-0.497728168768623
-0.459824035279577
-0.296193912616979
-0.532458411212788
-0.619564824589107
-0.441772613792171
-0.432187042196058
-0.478012866478713
-0.472668880382241
-0.295081750330287
-0.364018424461766
-0.551143787351089
-0.570445295650281
-0.363840727818881
-0.361104551785627
-0.373150274054375
-0.416234106861627
-0.601301617467545
-0.487245399446762
-0.542157010740938
-0.314443513770174
-0.570261151469851
-0.388310193936789
-0.353751813301639
-0.315091736125352
-0.326947420851623
-0.639150984233291
-0.374756261517278
-0.511750906565036
-0.667975885180884
-0.32836334497829
-0.561276623280187
-0.444213870968032
-0.430874265050662
-0.408514397393704
-0.411192103191924
-0.438657478997286
-0.4172869803922
-0.30225787419722
-0.34736269264083
-0.539212057708993
-0.426033694334867
-0.507869449517584
-0.491784560864284
-0.39156909303413
-0.367794580317453
-0.295045891182283
-0.45866343831712
-0.321639067342579
-0.447154578706852
-0.377422872460577
-0.348667404537742
-0.426671790212401
-0.319489757601358
-0.479542214518791
-0.220829638053121
-0.251717578002727
-0.315862971673246
-0.475526239809039
-0.317739063641792
-0.44765656999276
-0.412733837646959
-0.356552739889844
-0.478484561253999
-0.305487607341954
-0.247601112516009
-0.315329721206644
-0.379964312649135
-0.309529252320165
-0.344633520304334
-0.318655825535597
-0.311375889070685
-0.143265219515448
-0.385677142259232
-0.300449309245124
-0.331321356523711
-0.405842158739844
-0.542834032634665
-0.343032376578736
-0.429050828463521
-0.155293620463705
-0.31268895471705
-0.345501979129327
-0.212529602905223
-0.131510117888348
-0.33754565654745
-0.159862228695988
-0.389172105022365
-0.306096240517739
-0.287320856933344
-0.416297437547997
-0.109270908961132
-0.216339125297077
-0.361094289499485
-0.320339917016348
-0.336331770328966
-0.345585521512313
-0.323385623483926
-0.319671990511122
-0.280284202929193
-0.42001648062488
0.0211504284569706
-0.414332946060249
-0.201450434766595
-0.334046400864971
-0.298320454820277
-0.0933395063192789
-0.342641654324523
-0.303633185609758
-0.283029961925219
-0.128155083750766
-0.20926843676661
-0.137200534875689
-0.184239747743577
-0.178331415146137
-0.197708837933256
-0.245624076390929
-0.234565818041895
-0.437282883267457
-0.231345716783893
-0.273113132402528
-0.19375498874576
-0.0611837527733426
-0.341861712064567
-0.194128399204044
-0.346663049730584
-0.243192690472738
-0.308409627279115
-0.311387568817188
-0.250220403070827
-0.0749339246637375
-0.100641728545493
-0.192697915233055
-0.257016897900919
-0.184437980351589
-0.254802882436288
-0.335727664691486
-0.180210217531354
-0.274640453952209
-0.203015705271257
-0.288608148753471
-0.111437643860087
-0.367497220111696
-0.166790452500189
-0.210142307635191
-0.257513087569582
-0.165497200501753
-0.211250164935635
-0.16909027653653
-0.158447614848274
-0.0926000066948243
-0.0212468717858079
-0.176734278425822
-0.124990172108428
-0.0223041986182435
-0.220662103238215
-0.23631533435078
-0.166645567925719
-0.187967089763075
-0.0858496939126162
-0.24525926314737
-0.152313492342628
-0.0630226677644516
-0.252801272669862
-0.202169635596262
-0.0643481676177805
-0.0616390583108033
-0.169385170167239
-0.162976573613316
-0.13506066957709
-0.185403238220674
-0.27820753932786
-0.0995861464480026
-0.0836320923757859
-0.175310535285894
-0.21580008123307
0.023265274767281
-0.191343393682849
-0.1679596459587
-0.113689996986802
-0.0864773797264058
-0.0209583604953874
-0.0081490952948031
-0.153702436510762
-0.170540284601692
0.192322127677478
0.00722197800878261
-0.072446105187499
-0.287212941485859
-0.190118248372254
-0.235051890456598
-0.142741144649226
-0.15504950036417
-0.0779618641747719
-0.154163208187074
-0.0462110288350316
-0.111364216688526
-0.122896922001884
-0.130297550630778
-0.0646681535647402
-0.0303869456245152
-0.127257652911257
-0.122385660170234
-0.121151423212589
-0.015503115717884
-0.0282942760204704
-0.0869916598322395
0.0248219044848945
-0.108345625122005
-0.0132127088814833
-0.0605113584852584
-0.15527319716996
0.0474996657540278
-0.0744352653431567
-0.127811229418711
-0.0371720206482755
-0.0371524018779449
0.0328401061757966
-0.108305385027287
0.0726129287490186
0.124986762180727
-0.10735076949706
0.0856335716079883
-0.0660058471817416
-0.0164678193273023
-0.0648136421643628
0.0146735399494766
-0.056189705067604
-0.13342308757588
-0.000826667464308904
-0.065950146081815
-0.0407974023302273
-0.0328486308852754
0.107819141566309
0.0618217715914265
0.00208228503548063
-0.0851284994382488
-0.0457315719800645
-0.109353268212588
0.0121914162873645
0.123670165182657
-0.0144351250107253
0.00660397328570419
-0.158867023500145
0.199098716087888
-0.104894146306654
-0.18629719468455
0.0902344090522054
0.00498093531027307
0.0520252807716695
0.0824571134870925
0.0342151200894889
-0.00821538594897931
0.0271818017291258
0.0424280412802433
0.096116389355384
0.137244541561578
0.0697862310912737
0.0239844343851629
0.0779721505807159
0.0805226996021543
-0.084783865203166
0.192903998347041
0.0570310348090574
0.0402161117205372
0.150716654570963
0.108783584007541
0.0552546762038671
0.00731071826606943
0.10949506343252
0.117652192865128
0.0986985668475311
0.0949744060195194
0.181703510526881
0.0426127707769649
0.0491142429351004
0.0332812159087871
0.129821092899944
0.149745269187041
0.111722686362958
0.24158704408939
0.108021006861641
0.0228588720727796
0.0630301857821891
0.145074227797588
0.0927079677180432
0.0429028240673761
0.0213123673065425
0.0480651563084082
0.129514873251814
0.0019527452960032
0.0748266383107163
-8.69318997367869e-05
0.198098093315529
-0.0438473381442752
0.159472175651867
0.165092965288852
0.107432549360532
0.273903809498648
0.285205699992661
0.208026791036011
0.14763581680087
0.131372512294215
0.0433561482918696
0.200541422157365
0.0626847694376408
0.0553947541649126
0.17280926818645
0.0469059051152589
0.16147719892575
0.143387560410034
0.0536659721051812
0.128999524198822
0.167673643088747
0.0692751485573727
0.259578694143367
0.260546299128558
0.124277281942953
0.113676532642716
0.108424350656989
0.0974430643819588
0.215159593083944
0.181937159165698
0.153682378897286
0.253185036278144
0.0820314658918247
0.344211534599812
0.227674937256361
0.132525244864278
0.185969415953676
0.109284204860188
0.198475260689955
0.271258669105334
0.0514263866604658
0.261804221696061
0.182315860159539
0.0366690079859922
0.165165964220857
0.13213061301185
0.236682899179284
0.141641306164543
0.289892499018428
0.251584565455736
0.125395784526407
0.396519499086781
0.296857023604982
0.0690314425815995
0.165669311223022
0.117855292005569
0.234156212558425
0.274610256261879
0.233041210132294
0.306728791921188
0.341586212703272
0.261933721826767
0.271588782852887
0.304095555187894
0.282707149181741
0.139292634572183
0.173399740852218
0.259633214038706
0.189813441381759
0.31388146864503
0.285879403226302
0.321579553025825
0.271076037918664
0.267722332487689
0.262386952075755
0.353330287172412
0.303782361420903
0.319709200470567
0.294975022098999
0.298675998486717
0.302035737074421
0.235052571515586
0.314724368989761
0.331044798145616
0.270256183430166
0.201873663996557
0.270961295895796
0.327046018145379
0.379851580405302
0.459632795397627
0.27449083747744
0.247483369415287
0.280785354376449
0.370678215929893
0.315452587777789
0.142480891724618
0.338114476993514
0.199214351490469
0.285576398645099
0.280478229285992
0.261797812676683
0.370206202996767
0.362000503109712
0.450568669981361
0.201320300775303
0.34181048951613
0.27185732383486
0.307531613033387
0.251224074481832
0.275765945190135
0.222239877074019
0.381191263492103
0.414667869111485
0.219452641117278
0.345450252422344
0.231523930578287
0.237808447933153
0.202122312132404
0.272017172558843
0.42444036208378
0.376929178490564
0.350955188832266
0.306878319506354
0.247919963020106
0.483076332915734
0.414350010177311
0.564756828999701
0.523138635975937
0.312512584245501
0.396102525289218
0.45668170014078
0.345579201622907
0.426990742505632
0.517423074779375
0.289016170354913
0.351262274656101
0.438467540758238
0.354174652177083
0.364073995623153
0.514579822303322
0.372177669700106
0.278256363862225
0.245805392173317
0.446524440238878
0.305610213431475
0.296055070679525
0.37749501781561
0.327702970324218
0.44216648914654
0.435108370708554
0.326515977039069
0.432704937801252
0.260844278124065
0.391761000282905
0.341242644750195
0.527617385329842
0.460507942582818
0.500234502614451
0.421374172514815
0.370479553062541
0.283647268642288
0.42090526845658
0.533807241791543
0.397035579950688
0.362078445888346
0.443853195351819
0.474935783682193
0.465630056153765
0.36704299434728
0.481821736539655
0.51920256610551
0.464618338394377
0.286541800877052
0.452515697729854
0.417739465512379
0.558715671156197
0.531615905263046
0.404565250235055
0.407688366632153
0.490016837481614
0.433304386304555
0.493835321180133
0.391739217683175
0.456358652023406
0.475369494407733
0.591897188547973
0.531799520678229
0.593591389188225
0.402288281118088
0.573178298802098
0.524893466467718
0.525167949495375
0.479452709427333
0.632147444182169
0.550310383086875
0.496428552327735
0.373251461821546
0.338960723431611
0.469225693868189
0.398529237252917
0.562989594217691
0.438475855446811
0.588399567043971
0.533880056400581
0.470814737291495
0.70607853920729
0.635325391612629
0.650623560267946
0.473511765886845
0.515066359660664
0.417625958402775
0.549412460067625
0.526736565238407
0.514908305213076
0.632197992061148
0.580741867809022
0.530093201777049
0.510997749946836
0.663298483221285
0.606167608592192
0.552324353111393
0.496762166772733
0.630853804103823
0.591529720628713
0.632697981459963
0.35993491898141
0.507485707436414
0.691322421173221
0.527002203490292
0.668506176221009
0.600802665880684
0.638420936329181
0.615472487343838
0.710191350500074
0.591862822972881
0.639068699404542
0.68937598878268
0.561370407364621
0.535792525031233
0.563016280522117
0.491916505636863
0.531272154173713
0.530022926732116
0.612601066216708
0.635866246546878
0.507475825222808
0.613130526760107
0.488867461072866
0.687349926207056
0.65957771428016
0.531734260496387
0.581720261496662
0.483520355029321
0.546431942544086
0.632944478124305
0.635339759270589
0.579421449042906
0.647528786839244
0.567917577419746
0.693518606866491
0.795785811079555
0.410298572029577
0.513061236739708
0.538620113656116
0.641463426138349
0.63325908219531
0.565303629852688
0.575909383093188
0.629844787440719
0.658860694167521
0.655090634680114
0.748727246138029
0.602196923003131
0.746275891914636
0.491165686507028
0.622070365012916
0.718245400271785
0.69915011302447
0.628233249766621
0.553301092921169
0.7441357888283
0.825823197348937
0.577427440383019
0.82880511963029
0.762096458182417
0.614688594134145
0.689934601504336
0.82752020480542
0.750782714345154
0.637285078808036
0.653666151869457
0.681150343307586
0.662846316417998
0.641857823187681
0.58767884108735
0.709209749543703
0.525023305217318
0.779352515623129
0.843014703050333
0.671185074578237
0.606105020760185
0.673434290406175
0.702503688098964
0.660825311685356
0.636137359946137
0.643998653468408
0.648319454678234
0.611491437776177
0.800841920455431
0.710545559968624
0.675561712249623
0.7168301327453
0.60872263759352
0.570505261504409
0.735437205653516
0.840289875751901
0.770757418589881
0.752890897147104
0.614460151563778
0.774882446531407
0.522308196898633
0.867204387208921
0.74098737647864
0.777670302272202
0.659880577829198
0.63002853279251
0.626861776915772
0.861525840091123
0.667166033842865
0.87140443702656
0.791296517402664
0.728377701391825
0.781105159534367
0.663543747988687
0.737212375850973
0.773392720568177
0.728986584887917
0.692799898911421
0.785247933571724
0.7565890638765
0.751541911884968
0.812390202403962
0.819932152156171
0.806351836093907
0.92586859035441
0.819676572685518
0.854373142364391
0.855483050635946
0.831750318981207
0.790824546107848
0.761429910178622
0.614165599362881
0.916107429732536
0.873984636157564
0.903827941309453
1.0481337188575
0.906834404314123
0.853175106223742
0.762477693385361
0.820782406207386
0.92752009397748
0.763078065516209
0.80439316589479
0.85415105422388
0.976812877585279
0.841304253169254
0.833623217355879
0.749073532548583
0.852181782288089
0.880407342283863
0.882312022319349
0.883735667473957
0.71461214471827
0.731792634994609
0.87866961840156
0.886406881584326
0.948003079664601
0.821997450119911
0.95508360083919
0.874601567319824
0.918993616445735
0.803408252308679
0.984991351005893
0.831881901669045
1.04918756786752
0.768739729382736
0.821839963526004
1.03324487224087
0.841462585643092
1.0023517835588
0.910919227394805
0.84054502453165
0.773625646746718
0.936012110980978
1.04174776905913
0.796661246568563
0.953343835051744
0.871069118682405
0.828785600222602
0.962895135481012
0.982334414105654
0.902421077756758
0.880273090675937
0.892273729402266
0.993945054076499
0.866600850548748
0.830340001786156
0.914577346295798
0.941139275771227
0.838947530634904
0.934663566202684
1.02589818794414
0.936051632929525
1.03128216266981
0.887432569841752
0.832008882835005
0.822626727999891
1.03361816068234
0.986116652841685
0.83560493871075
0.940826643330791
0.932300762340815
0.914180441401167
0.909941507762178
0.93175061495388
0.912394801435374
1.09376204330172
1.07383948652819
0.900342756368482
0.997154117792998
1.03945458674252
0.914475959213322
1.11166013920598
1.02140042054257
1.07768697041373
0.977613201461105
1.06025240581369
1.05987130163227
0.91287796917679
0.929470085672453
1.04998943757474
1.01343346070522
0.957933880662788
1.05650552615853
0.965614872619624
0.913498248056125
