-1.11542921678522
-1.02075917567981
-1.02549333638642
-1.02176082675987
-0.909716748588116
-1.01713565982398
-0.905655766361162
-0.964955027013171
-1.07699162322971
-1.09930036496255
-1.00731600871394
-0.975357320771209
-0.904384541365242
-1.03461964950107
-0.90884439913448
-0.970479342559651
-0.892742251395126
-1.01195641625183
-1.02145773199028
-0.894880389945096
-1.08739885042395
-1.00794968920693
-0.900020810674603
-0.85878728166005
-1.03538052103113
-0.909906555712463
-0.897633724371571
-1.0348089313768
-0.966419492670594
-0.918992097992577
-1.08225877871422
-0.856581181092265
-0.882775752003909
-0.797491247657629
-0.850723729999751
-0.882527688633213
-0.803100378166942
-0.919900023312813
-0.889374399702443
-0.968115576154281
-0.878025422486526
-1.08569638135157
-1.07432396866708
-0.96325504513865
-0.846372758667281
-0.938822222221791
-0.992979094903025
-0.847445434746447
-0.773778791738704
-0.906417598898283
-0.868636781035539
-0.868879372771707
-0.849747986790097
-0.837129348370454
-0.866155870938823
-0.838126941839977
-0.888979876361913
-0.825399426571182
-0.972229033665838
-0.957154418432307
-0.841080182707084
-0.877208264893009
-0.909513014549924
-0.850093779237541
-0.870048728629699
-0.932158909859205
-0.910132259930656
-0.823705376250783
-0.901956637253676
-1.05048211208744
-0.952888615308647
-0.913848355534004
-0.957047475772971
-0.805483451137114
-0.839329865518793
-0.867822894826758
-0.896459810456533
-0.885440848952519
-0.872283348943714
-0.67648998818902
-0.893056263723786
-0.836919714932232
-0.834025536854641
-0.855826093689737
-0.8906103489401
-0.820086189956781
-0.784659860050062
-0.885365578618253
-0.788205897828992
-0.906064647180047
-0.805321584828164
-0.741091157238453
-0.861908482856604
-0.840251389379948
-0.786905361760108
-0.875209285080146
-0.831878743507432
-0.71925226055845
-0.771590217633154
-0.69130625882846
-0.829507050037691
-0.754306266116387
-0.739175393045898
-0.698386427559452
-0.735112191029524
-0.898678751210376
-0.647113778231471
-0.704831421469228
-0.750586603900801
-0.789076995090744
-0.828388818480072
-0.872213928583848
-0.791131307238039
-0.810882205821279
-0.860538100524309
-0.839863307142061
-0.88054455813886
-0.592607514460249
-0.789632539486395
-0.747760837918525
-0.760601443302305
-0.872359097418145
-0.805307932444601
-0.607670239237164
-0.485862726055865
-0.66975752171447
-0.701902376453485
-0.774132467445258
-0.752403704758833
-0.816544604299691
-0.783674789043272
-0.73436318097729
-0.760639653325257
-0.705073269729072
-0.65110346619052
-0.791175079653602
-0.791914426328356
-0.836950246070932
-0.568340341134686
-0.683775393533676
-0.654863947987181
-0.724400468946796
-0.681987544651596
-0.698402359345921
-0.634166765201257
-0.733131079306258
-0.790452727584347
-0.759753133865209
-0.635080123975786
-0.584160287185779
-0.55915148395007
-0.66309812043436
-0.676728076857725
-0.600103804424106
-0.724047077924452
-0.706486068885055
-0.825094760875975
-0.763733358615044
-0.57108352748551
-0.655772462428608
-0.708525449025484
-0.692765729451136
-0.789831313799301
-0.790238079259717
-0.697860589586674
-0.832562435556912
-0.59729242272703
-0.539501651269587
-0.670201857697145
-0.540981406708747
-0.642686670158231
-0.630291875465309
-0.666276442636722
-0.599450439950963
-0.63838451179025
-0.645268848686792
-0.530118991074697
-0.602512969986061
-0.548383428052147
-0.74967956913854
-0.678492238907578
-0.700573534520286
-0.621157989278225
-0.601576872480416
-0.587704795737042
-0.600603899905467
-0.631886263420784
-0.671754827655977
-0.55912533687187
-0.709096189377571
-0.623312111936493
-0.606593678904745
-0.594669024889644
-0.466396378022887
-0.587042202798884
-0.632568583269426
-0.601226224986583
-0.640406002100847
-0.681530970298694
-0.531761620183838
-0.557787675382577
-0.580967786247301
-0.650063790064417
-0.600182328775848
-0.497690039624713
-0.644269301974259
-0.54197839914019
-0.562238076080861
-0.441010887450223
-0.543437272032725
-0.614079622072741
-0.503708529772507
-0.455551018496328
-0.479172436519405
-0.572354574151984
-0.5057905409658
-0.359516518619275
-0.565140677792468
-0.547232190269119
-0.479169256301562
-0.583460915267913
-0.551174295998305
-0.723662228259549
-0.540006683078797
-0.581944615662064
-0.416482237670341
-0.459255346447844
-0.684031034500707
-0.460312470933691
-0.544306414380433
-0.545041847393847
-0.610203726426538
-0.429889685929812
-0.566923428228338
-0.52830733966796
-0.514242508513606
-0.380627028810708
-0.435646255873934
-0.527512062583943
-0.537427194552721
-0.49964828873362
-0.524746935371445
-0.687765771508111
-0.5677268260806
-0.457366455544541
-0.690302995049792
-0.32352133050903
-0.573952378045391
-0.513168060231955
-0.542183414761511
-0.408205000478252
-0.644396389507681
-0.310903252115702
-0.695890453980699
-0.600293659232722
-0.447398632732915
-0.480253792611441
-0.510554339478932
-0.474311508812328
-0.50518183164389
-0.406562007058349
-0.506326206685913
-0.481831733316202
-0.298855066586793
-0.520510710313763
-0.616884129923542
-0.459992104868135
-0.40880903040507
-0.491617486509627
-0.487091004211109
-0.317642383253731
-0.390913659939016
-0.538107221459915
-0.593472409936322
-0.344939035912881
-0.335737692130852
-0.381798273727233
-0.408012728357404
-0.587163142752537
-0.503096053779283
-0.540742734964285
-0.314344156581807
-0.547467992183645
-0.3839500390141
-0.357654677507163
-0.33959690150065
-0.31657034114713
-0.638404648059056
-0.373342313532532
-0.538640315961134
-0.658683371857217
-0.343951154875317
-0.574197014770735
-0.437627071172542
-0.443364898159092
-0.401859896189275
-0.40640628736368
-0.442641288491754
-0.403757433101221
-0.287751523897156
-0.334016912393857
-0.540055312449129
-0.4237596983338
-0.488962108501266
-0.504502405186863
-0.404282039246184
-0.387762723894364
-0.31159387366731
-0.454648423258456
-0.310826897235178
-0.463772101999467
-0.388419301453141
-0.359542811840537
-0.431341725904136
-0.293051523938969
-0.468149767382647
-0.22591398263992
-0.234781921485795
-0.309888939279435
-0.467789217899014
-0.336478464703615
-0.439213212918456
-0.427093981889742
-0.364900793345215
-0.483947219479538
-0.313029815103878
-0.217632247051702
-0.291673607285203
-0.401855430790563
-0.33156913743832
-0.335539657791619
-0.333932881698748
-0.30242962244673
-0.155384968340577
-0.413560618837234
-0.271385606776917
-0.325635787480157
-0.398872164388856
-0.534314538750626
-0.354040476071284
-0.430775041463283
-0.182179521940216
-0.317795306800874
-0.344725776202815
-0.209209243728274
-0.153056522064622
-0.310619115663876
-0.164444152437134
-0.403316692115066
-0.295536340194324
-0.285159340978778
-0.420595778621401
-0.12118662407001
-0.214128079995987
-0.327185905921964
-0.29304204121488
-0.335098765897113
-0.367638517148057
-0.311756088375391
-0.334456838257077
-0.261430753972917
-0.412278186870172
0.0101985539798983
-0.418502763915193
-0.185416367386862
-0.304386127007209
-0.292446207976767
-0.0876584189493002
-0.349225016726875
-0.303653257524661
-0.268525849364154
-0.126498205056484
-0.201912082921466
-0.142643365970957
-0.206783043028844
-0.187936442444539
-0.191848778909061
-0.251817739539487
-0.266421221159909
-0.438356484344811
-0.218195725088966
-0.290623500522569
-0.197727099607953
-0.0606054203239101
-0.326975982107298
-0.197735857511299
-0.352132326604682
-0.260689231263972
-0.284220279596043
-0.295906910116602
-0.27702749008393
-0.0760538087760151
-0.0908577799453643
-0.200330194659637
-0.261937003575328
-0.165423478396581
-0.245379497219525
-0.325230074420558
-0.177903195931569
-0.267535572362949
-0.175230259307606
-0.269835196177338
-0.132573075577531
-0.358539780810512
-0.185367768770086
-0.203404032577974
-0.284012011243109
-0.163228046615629
-0.194080171680889
-0.14713563537476
-0.168512574088246
-0.0997917339676212
-0.0279556867767312
-0.173339296506388
-0.135417660486832
-0.0238358187488369
-0.21963265988823
-0.222698345486371
-0.177980716970492
-0.196026139060985
-0.0735715262429601
-0.238153137976906
-0.169291738886876
-0.0694405858890272
-0.258410711015115
-0.191099376151314
-0.0768072955660839
-0.0447218647579128
-0.147273539150277
-0.143960889058085
-0.137991974837842
-0.171693354005241
-0.278182788393515
-0.0877042028413254
-0.0750917540416975
-0.199280904666417
-0.219070619733922
0.00686566224666211
-0.198629087741114
-0.18283946250031
-0.0988413365395851
-0.0960221259915645
-0.0292747095808399
0.0020369582419164
-0.162141582152581
-0.187407473265394
0.181944735013632
-0.0162687204968714
-0.036549512629207
-0.283186766114555
-0.218340224780971
-0.229401599350238
-0.147721814346519
-0.176089732963632
-0.073380797011978
-0.153290027704285
-0.0375373813878059
-0.0895430885911321
-0.131909434726161
-0.115438302986083
-0.070200031285977
-0.0424009981837104
-0.133302151487279
-0.15144700177978
-0.128081906471827
-0.0233100074371972
-0.0203766398627324
-0.0854839298490404
-0.000932011153805208
-0.119897307300939
-0.023582286772967
-0.0699985765489894
-0.141485992590757
0.0577442725561095
-0.0619872128572423
-0.11281773168105
-0.0551930892233629
-0.0390313775886916
0.028764565080827
-0.134466922096025
0.0662359017396841
0.133321791415508
-0.0870373284947192
0.105312931245943
-0.064723288430301
-0.0230355621360797
-0.088119918955834
-0.00920878251452149
-0.0393224020820866
-0.157048807571612
-0.0136993946305894
-0.0792416398159068
-0.0354041446980838
-0.0317737237124583
0.0992679114046797
0.0824369690457773
0.0113934204617769
-0.0820028742675867
-0.0396443249750185
-0.07898525921997
0.0317880204763737
0.130790396932309
-0.00820740165316915
-0.0196736706384209
-0.145332388553336
0.204737699449932
-0.102365898835953
-0.164175400024822
0.110187659812867
0.00426737232902603
0.0729545001480749
0.0824236464640547
0.0269103541328171
-0.0078279876763374
0.0313912202350318
0.0477283452822824
0.0932471962656985
0.112801559294052
0.0935047428423247
0.0152019645690213
0.0771694592575643
0.0961152458482719
-0.114463414098341
0.197102802148463
0.0600921049076942
0.0272177611537599
0.147391291302657
0.101237764532798
0.0348056026296338
0.0202874395093054
0.114658042755782
0.09663828253669
0.0847821130313324
0.0874107368861094
0.200355079337509
0.0412880993955741
0.0295456113095944
0.0128285741895552
0.119884159381297
0.126482201569985
0.10919077805437
0.224781639946047
0.120644193835995
0.0251300451622414
0.0678225842761158
0.171205912256855
0.0707844040955666
0.0436577840665956
0.0204271118516726
0.0322155495989818
0.117887315764157
-0.0173767887680581
0.0954279538454367
0.000809839606123056
0.183947177897078
-0.0426734371248894
0.162055910301043
0.170880652370413
0.132109194850818
0.284320356127498
0.297196145131795
0.220146676123794
0.162341112451858
0.123126058685927
0.0512498771755503
0.187271438094421
0.0679142034597665
0.048528549447551
0.180369495892798
0.0321790127475636
0.18210773667308
0.137492988869113
0.0564382851591774
0.13200532295063
0.18763019968742
0.080944068723339
0.266347549727609
0.284207648493118
0.146054826489145
0.0891878507403768
0.0875159388458286
0.108447948532014
0.207943103157137
0.178446928329817
0.154159865298688
0.243346564456348
0.0556399201528393
0.345680007723989
0.221030494800922
0.137247680927225
0.209804334229254
0.10127371925673
0.187989276053877
0.284755637348006
0.0446464615012993
0.250383452098469
0.195949779576874
0.024950278347182
0.158701002010949
0.120546992720134
0.23540733240175
0.149077156575489
0.262719364729842
0.2644035177923
0.130870309699875
0.374653558327877
0.30029073979759
0.0884102960569215
0.171854483181906
0.110652745901405
0.241726109382537
0.275118968197113
0.237074008474529
0.31102788367532
0.315854523813375
0.26724122604664
0.267872356661561
0.317466020879622
0.273614010009661
0.13968786641108
0.164978420065175
0.26059929577542
0.167837174415671
0.298105804170553
0.284518745082402
0.32889459726496
0.260372790203923
0.263629539082963
0.254341481879253
0.310541558471671
0.291417290024466
0.3197576324741
0.272698155483663
0.303534783020855
0.295182676760435
0.244319622188353
0.32235379674224
0.333317667100002
0.26577492680857
0.187924956594631
0.263105808604219
0.341223145086228
0.374526245254371
0.454050681336829
0.291305639680883
0.246249880033169
0.286284160617167
0.392362818559929
0.328238058824642
0.169004921671897
0.342502255312729
0.178980314765321
0.275822675585375
0.271392796579035
0.249856074655039
0.387570850462157
0.372412032719424
0.448434400111241
0.223964810990915
0.341903172676684
0.2830972748583
0.28937668256284
0.259823552877871
0.257010195808735
0.235500917920797
0.396801336135857
0.423391287973116
0.205764751597386
0.340360940654087
0.206287769973841
0.235970585623723
0.197862189500865
0.267538911337289
0.406706047511412
0.368270391112863
0.356663838073543
0.299174169461099
0.258316084485312
0.478668681716128
0.4326314532771
0.57843089932497
0.522714161922669
0.300559676765322
0.384588167814296
0.467074891467618
0.35259260628126
0.413968999473242
0.534449859722018
0.281249601941521
0.354280332451102
0.455305159966262
0.366320938024969
0.354260035611765
0.500926940828152
0.401684648202086
0.278034515493522
0.253960706270222
0.436741241893784
0.302394965479317
0.288512125742623
0.375386207301587
0.30216610319361
0.435633581738339
0.417604838361712
0.336230720629061
0.41663758590247
0.255804327620264
0.398652306675095
0.33770447224796
0.518030293426399
0.438387888222399
0.496886445233994
0.390696709791878
0.378044938363764
0.269594735563687
0.43185732658247
0.547555098819378
0.409042680551864
0.390924495936674
0.449036773654798
0.484102557406271
0.471702546081473
0.370318647012578
0.476635828079436
0.508758140442266
0.483024891296484
0.28499985795097
0.430898374550396
0.411739826606117
0.58349339499349
0.532189690860696
0.394963847428466
0.413472209564455
0.471274446701772
0.429156851896868
0.483944276870373
0.38109717314795
0.44921961670853
0.483669400770419
0.58479723739909
0.514641274683487
0.618285851628075
0.411303105783056
0.569251179265454
0.531230286210485
0.541124391361369
0.46034201488636
0.616750806414813
0.572840310637326
0.51972309669459
0.377244660291349
0.342440470532323
0.49852629854521
0.409756032799904
0.573646599482822
0.454898532805557
0.618137749415702
0.510717062766106
0.49043619322383
0.700577883070077
0.625584592852512
0.632382200801316
0.473758728746477
0.530714709311999
0.409165064568064
0.580133495409583
0.514745555649541
0.528788822662017
0.642970297408019
0.58052985467782
0.518422209202659
0.501283165674161
0.652895100840653
0.593800577084941
0.53297723526368
0.508610057523381
0.644333969439736
0.577063817456294
0.632643814177005
0.370904532551403
0.507967089626793
0.708868080607056
0.537136065419293
0.670222015423063
0.583505510029916
0.623152950712068
0.598486653880149
0.715276371765873
0.597295005944315
0.636956002621439
0.734564079709823
0.531164311669962
0.551879072722182
0.587596052165674
0.483289865860496
0.524665324669034
0.527993582065569
0.609534308658684
0.647919089952199
0.499877340825865
0.608676293749919
0.486894206201515
0.676686361902462
0.65679526541072
0.534813535498749
0.563288756922862
0.488835328957505
0.542838734357928
0.649835969181789
0.628091340630923
0.550141470600574
0.651453484932895
0.546617507863988
0.70577660243876
0.776430823008887
0.425016957990789
0.496762310819189
0.549741061590247
0.643189141563801
0.629955857519606
0.586028087801292
0.597331708768447
0.622001048725216
0.64236006987981
0.674126476769629
0.754259317699843
0.621866370542443
0.763504366146315
0.49313970721857
0.602201331823454
0.718406500278525
0.712379820585374
0.621096007233935
0.539601831055053
0.760517603546645
0.844708510823664
0.591618093482286
0.846641334468875
0.764774771516005
0.602392433062662
0.67855475042975
0.844104527894487
0.748036387120799
0.620301985572449
0.638770337072532
0.685160249365691
0.671496950638527
0.670648865893126
0.595397590973365
0.727875725203565
0.512508573730142
0.771264409480473
0.844819153938844
0.6653259086819
0.582508679643185
0.651617339035314
0.720897758482039
0.663912398462642
0.6400251931456
0.630459155361811
0.681454824548475
0.618709501203388
0.790217846648704
0.709203452536302
0.672376662225853
0.698545562386994
0.600701020814067
0.560340565923221
0.713076702011998
0.835149671659585
0.798097692701243
0.785316783963016
0.632229693147498
0.759108545137402
0.529706512879921
0.883098080925433
0.758119535747201
0.798169521108999
0.645466417644326
0.635256831771436
0.617258101636533
0.851382926367273
0.666642190842493
0.867455208544203
0.777557945077449
0.727199301848982
0.762728066055171
0.665855078175941
0.736103137380708
0.789856995902659
0.726714578635094
0.707423410552003
0.761089728477454
0.746699391968633
0.720053395879594
0.801308700737936
0.815574015072402
0.81024420016472
0.914888903332119
0.807521079699194
0.864442471069501
0.857782983473189
0.847216285157725
0.798078993018801
0.752719175167989
0.602072566554446
0.907965001408179
0.852221166989584
0.889730430389956
1.06399027189316
0.887029419658726
0.861510150468712
0.77799414083648
0.823011837612198
0.912622113125023
0.772087408250244
0.775128526320669
0.867945413412617
0.976050826693709
0.823322825219394
0.850872684657121
0.759914110112951
0.838608497155224
0.87104424710854
0.86056612598038
0.886228052475329
0.729009787594492
0.746464405962283
0.866036612429459
0.87248290299605
0.952290718000881
0.815444712824408
0.95301343133457
0.854965207678923
0.910512825913592
0.803862470898578
0.995740505518623
0.852599191761931
1.03863145944385
0.768398193534413
0.803723284248359
1.03925833998901
0.823539714510488
0.989779091112272
0.908777118418661
0.862557052511058
0.785752409970863
0.982641665327443
1.06244412684943
0.784483941147513
0.923720808571699
0.886102616976173
0.829889209002577
0.971978564247413
0.990837917114711
0.924421097936989
0.87640341315641
0.904693252301306
1.00144876339029
0.857638927279282
0.836756831419623
0.92220816286471
0.915145996407668
0.830616876608439
0.937872271376577
1.02507614994256
0.942656093921629
1.03653778988145
0.876754448102059
0.846298006452341
0.848311858779646
1.00837609558166
0.992795207431923
0.835405837654606
0.928623327245262
0.936452015717332
0.885212250528853
0.917035703226886
0.938888028881712
0.928504056869126
1.07171864945955
1.07033052030055
0.899967761895037
0.989032113533589
1.04840543556179
0.911281024219992
1.09613577211749
0.998147990243752
1.08674342907557
0.990012902375306
1.06888678866593
1.04258443733132
0.916058638397846
0.952578259411509
1.01360439011625
1.00050868779623
0.958960008869493
1.0585552162911
0.971319779673004
0.895254183312446
