-1.01076679193569
-0.915789314767691
-0.957868555575209
-0.938736581428367
-1.02072689260368
-1.08534308211529
-0.970981819475195
-0.80610189402153
-0.920142641380208
-0.942759399710847
-0.991626595129598
-1.02095457801327
-0.980616830457562
-1.07290009928487
-1.06757162359186
-0.966075968641831
-1.00784691480176
-1.17235360753059
-1.00213862086272
-1.00382397023456
-0.994942117790686
-0.95601281830411
-0.835595034295468
-0.948805296923528
-0.827620846565714
-0.938711778740452
-0.881852390497106
-1.0521590933648
-0.946286666270099
-0.760793869483132
-0.884527159795659
-0.869332621863745
-1.16090136034253
-0.863853265286316
-1.07640728962536
-1.03886000087807
-0.830348244676096
-1.07553434697465
-0.939614338061655
-0.829283384426933
-0.977655265368006
-0.878781566834495
-0.69729087240792
-0.739093585230351
-1.03263771545446
-0.860465273884175
-0.980928031079886
-0.997449484353613
-1.06624294010334
-0.770173487949848
-1.11688822588251
-0.977274437960987
-0.944791273523169
-0.729240893523536
-0.942794156996756
-0.80268813905316
-1.0257742226392
-1.00441386100691
-0.786812372090523
-0.919340303796749
-0.794128026709095
-0.986398743487909
-0.840964287536357
-0.843292207264956
-0.850961269975682
-0.810179290051343
-0.807906165527166
-0.934731247025481
-0.843082801693678
-0.827170434097536
-0.918189893534451
-0.834441356642106
-0.954365977834804
-0.689240648352229
-0.755434638955499
-0.730116741302584
-0.846367679276698
-0.759385660761019
-0.855192942053089
-0.812137434194644
-0.862396626056201
-0.74804234013075
-0.884659192555707
-0.751517474284283
-0.771101095495977
-0.683826407052759
-0.728550589826151
-0.989920151627967
-0.857354914123539
-1.00670509736465
-0.831950649117872
-0.819438512561455
-0.923708290236871
-0.792124420414103
-0.807056882447974
-0.673759255989405
-0.772637321892177
-0.904812973165846
-0.700268762623049
-0.806012074122508
-0.793693570788455
-0.854696386269382
-0.858629426245984
-0.825575349532842
-0.805123590891284
-0.836088852111021
-0.780552197524466
-0.972777539793151
-0.767995650198178
-0.765078960945065
-0.756439247328016
-0.826901341531353
-0.703188243558298
-0.819667672486637
-0.777100678177462
-0.644701741605008
-0.806768029936553
-0.623003062827192
-0.758265362880661
-0.690524985228392
-0.759405802391252
-0.835285564209742
-0.747175137065076
-0.866601082104181
-0.66239911487834
-0.623242069995621
-0.79585502009868
-0.751521064897082
-0.860387883756863
-0.673343385847007
-0.57635745077336
-0.757027603163769
-0.675129282578514
-0.871886129012843
-0.493568519358901
-0.746342305985614
-0.741685505838068
-0.801791671250557
-0.65698504625816
-0.641602895392526
-0.561110532568592
-0.584132112233452
-0.660473492246023
-0.646848058557095
-0.783840563787413
-0.814663009745007
-0.748066409228859
-0.698343979058593
-0.650782599835831
-0.828598667058515
-0.705794617314948
-0.735862831432295
-0.682937720548442
-0.769666242438622
-0.666136623767198
-0.609358001357096
-0.769048146924001
-0.603119223707278
-0.65991570715074
-0.685426307091597
-0.651466215969722
-0.666315635580962
-0.746723475567317
-0.70641771824858
-0.57412860724599
-0.581357011193141
-0.865009683106927
-0.525098552468521
-0.712847845702865
-0.629140606802222
-0.693602821739494
-0.665911515226625
-0.599329095452631
-0.660935676591589
-0.578946164776072
-0.658136681131752
-0.667472157585364
-0.500331414831994
-0.784335521481853
-0.642779671945697
-0.677213984639965
-0.574319124711688
-0.637641917883263
-0.538121249119016
-0.592271062064562
-0.571283992447275
-0.669375898032698
-0.527836953230228
-0.650061282731653
-0.583406595809205
-0.504568040865866
-0.714218167085341
-0.660026347053993
-0.623176591160544
-0.587820009128498
-0.733027455553943
-0.582932155671153
-0.607085389250282
-0.672569912070803
-0.706971164898308
-0.467363874917109
-0.555595911019311
-0.722822157605762
-0.610540610726261
-0.705933355126641
-0.606799822350452
-0.768039953216774
-0.658810095423004
-0.566581337896251
-0.514690579850134
-0.649268986850943
-0.530329506358257
-0.582776708919787
-0.527986689032907
-0.569271892806797
-0.545588422967615
-0.577361985513887
-0.614542036853939
-0.613377317033377
-0.680633123069197
-0.545257803610532
-0.570134697695012
-0.581514928286387
-0.600750377823883
-0.456201279653539
-0.462298856619244
-0.639384529961548
-0.540422117715727
-0.592265740885904
-0.551537906022702
-0.355258140420128
-0.518133392511986
-0.394277616009445
-0.600395440328186
-0.456889912039448
-0.660057775547068
-0.502009906179685
-0.513661968563687
-0.545532110962238
-0.597828107924302
-0.455942820935599
-0.517932283771544
-0.63877551232072
-0.633669862222431
-0.412399901036266
-0.463965752641485
-0.450186303315986
-0.570132327562577
-0.422562475469812
-0.44880208904369
-0.517831825787024
-0.507256507310942
-0.427342752905348
-0.572564733719888
-0.610290848958824
-0.516309777650122
-0.4583132233294
-0.432918424891791
-0.463460131186741
-0.354445778103026
-0.424208690010021
-0.603318319395789
-0.358529350315865
-0.596831351424204
-0.57510725247553
-0.464200501876079
-0.394355533500054
-0.302414364409729
-0.332617110117973
-0.322725308007701
-0.3918850300674
-0.421891891330751
-0.492153157083941
-0.543591245660824
-0.360789583463357
-0.488229166191792
-0.506621357016129
-0.435218004733367
-0.414539119584232
-0.4616713528234
-0.508309836305908
-0.390195393454281
-0.527717760520245
-0.2696269743835
-0.365665106053293
-0.388215666751425
-0.44500358950166
-0.457154807374072
-0.495625479432188
-0.324217786332992
-0.408900223960042
-0.47640729161228
-0.470695111749377
-0.418122299705269
-0.498718336883309
-0.305800366772713
-0.430988282754092
-0.4514652905297
-0.603396018049353
-0.405343472334328
-0.420334166778619
-0.403877715104244
-0.272410529514613
-0.319424290707299
-0.369694444578062
-0.35836742175369
-0.322923532064805
-0.283738195193209
-0.338327061054234
-0.345136946004857
-0.512547559837014
-0.449357825905108
-0.149328523589159
-0.509077883213581
-0.326855584982805
-0.354944767852511
-0.411794040276227
-0.428967772397766
-0.431391485296282
-0.364812445547676
-0.361788500766343
-0.330392679113348
-0.25392891809509
-0.35993693652381
-0.319096563453356
-0.304935057112288
-0.104491878532799
-0.288747420235839
-0.348050983858222
-0.159507747196523
-0.517675918871562
-0.410602263925297
-0.299942137216684
-0.265586773919289
-0.307488316426499
-0.217679061649388
-0.411340666123437
-0.313161364325788
-0.345641322795727
-0.367864062745701
-0.310426165770829
-0.23549720906099
-0.277251046640412
-0.449219521297528
-0.221967144673337
-0.206683872652365
-0.221299575378499
-0.205453587138654
-0.322211955965496
-0.291192875786826
-0.185539068546788
-0.37277657580123
-0.214966131954121
-0.32673801011318
-0.309257314280306
-0.261416962489107
-0.226211262762021
-0.316912715947436
-0.237046414107477
-0.34054490999424
-0.387393835574422
-0.326214255686388
-0.342940538089225
-0.199600296197146
-0.196249279806871
-0.184394262675401
-0.335889056858048
-0.255178621381157
-0.225145917161297
-0.172254714666507
-0.31161749651096
-0.236555029793084
-0.446897595272723
-0.181049855863059
-0.322556753235628
-0.299419707779092
-0.199705780150028
-0.272728457953616
-0.230856744905299
-0.271586906890806
-0.352649824558143
-0.252156922347054
-0.23663166565869
-0.351463687663005
-0.284391816139741
-0.235335545159234
-0.378427773818072
-0.201701799908371
-0.0824361624182693
-0.225086638795846
-0.176286161259295
-0.32107129399122
-0.0646921595225178
-0.13863751777067
-0.289561321145741
-0.316205656391577
-0.121865633945901
-0.220562570283147
-0.390405738825126
-0.146571522281318
-0.213428339399477
-0.193955153528778
-0.219685268572463
-0.24863861167875
-0.308046434190329
-0.118536169764767
-0.0659785569766665
-0.301281228080113
-0.0835393510252797
-0.160101199453831
-0.144344910286274
-0.221565202702954
-0.169721770850428
-0.241017042509534
-0.231150702241246
-0.0663658128034695
-0.23488725669941
-0.321033693013566
-0.198901869741983
-0.162861758431383
-0.0396813095114638
-0.233573547000603
-0.19916925530227
-0.181591032752068
-0.27370684067749
-0.193172599750334
-0.187310114396278
-0.178608336978667
-0.135642807560815
-0.0867588779223132
-0.147356728474205
-0.158987931251135
-0.221255494402326
-0.10918804163178
-0.0634704035703236
-0.139103330921209
-0.121582993099449
-0.360715172399283
-0.0888811684222953
-0.194185067638826
-0.062947972943951
-0.138547698488202
0.0398489000747495
-0.0868135262279935
-0.0564826079666095
-0.13994808647832
-0.109711222923861
-0.152872913170615
-0.0719740545849236
-0.0562389744221697
-0.284658651952786
-0.12864587972863
0.0534579882944739
-0.0455345491230799
-0.0550086468794625
-0.0962591470453848
-0.0786095686060873
-0.0483425746233859
0.0298987925971542
0.0120058656110392
-0.0591626266895661
-0.129602674600527
-0.0721631896695449
-0.0161353117736148
-0.0791425530694063
-0.0939209484248338
0.0707384278971556
-0.165114085319579
-0.0267364904716442
-0.0269572528309226
-0.0987287516290138
-0.130389363974352
0.0189708156058691
0.0447705374750892
-0.0521879634611942
-0.141949479472465
-0.290428902386339
-0.0439013528579373
0.0558621618096906
0.0035394929363587
-0.010101219365777
0.0197105918868318
-0.12645037685222
-0.0720318577813685
0.0564776696252426
-0.137682009550753
-0.119822994029805
0.0894003957158702
-0.2513526313972
0.0647427372708531
0.0262321778817147
0.126199740032502
-0.095943792912128
-0.0653096757877564
-0.0712421965132674
0.0724043900778489
0.0114567082774192
0.0497985522943365
-0.190691210039647
-0.129512143600084
-0.0546794005056393
-0.0953107235437263
0.0281506257967393
0.0194862520118282
0.0670299167228216
0.0589657203315224
0.00444202571454817
0.0738118239217047
-0.171262468502444
0.00630532641555051
-0.140172801829517
0.0689920630622897
-0.0655065605814294
0.0817248777809895
0.044610594886057
-0.0282964344716647
-0.0804803582508221
0.0891458815037172
0.0396095894456292
-0.0134594947795297
0.0442331531120732
0.167653133516799
-0.0673676477758613
0.0766781653562484
-0.0098828467173113
0.0771009170272454
-0.082207812542761
-0.0858400154073657
0.0685475391631733
0.0952761099052005
-0.0227964407776233
-0.0661204604203771
0.161016138551314
-0.00596157715159259
0.0807241275885253
0.03130483704707
0.271366772307469
0.0821259856483335
0.0344765847183044
0.0401558019496445
0.153897024515989
0.0278962909555372
0.0593850643330325
-0.0361187609914833
0.0118339129649176
0.0624656277758136
0.0963144458619389
0.0950700625438909
0.127369518198963
0.208336516659318
0.0812062042976787
-0.00298072549764867
-0.0731176909919248
0.0329791231547578
0.128143051000551
0.0948472068066592
-0.0168374575176571
0.166239474669626
0.17878187310193
0.0459830114674049
0.0957802987355766
0.0793201115126003
0.185717646108183
0.276416244165666
-0.0280558258027476
0.229077057525985
0.182965121050394
-0.0762992449232718
0.152193642049349
0.157919354187377
0.0778666981770103
0.159691080879184
0.218623370601483
0.0715992110622994
0.0416746711191666
0.07399570017157
0.333978190626988
0.252317909227949
0.170574104532187
0.18292660172101
-0.038466709323311
0.225152305756274
0.251020442474161
0.0851106078961136
0.0795150309714201
0.0722128786611297
0.176821242790232
0.190803179701122
0.214129938852801
0.0644490191212576
0.128904662493397
0.288665590530313
0.119153949034367
0.240062530260842
0.0726455478465619
0.193839718042017
0.289039133569359
0.245601846168276
0.172611766201736
0.2915733950411
0.117036478733043
0.327239019697123
0.156975564931341
0.323047694063902
0.213896915588906
0.012178505607788
0.19249645613278
0.288681962909417
0.260332300807696
0.33155411634092
0.173684775955337
0.186465041596278
0.372085073592692
0.308401023648367
0.297691624961158
0.165301259086378
0.117917835224725
0.270134658075796
0.259780137274087
0.0250132617014556
0.259528876485075
0.281116276996946
0.169654261852087
0.288079547210227
0.195137095262356
0.284094386671634
0.120802686238925
0.289139791589362
0.199453394565789
0.390451482510664
0.420787085965139
0.237064212102327
0.128774001136533
0.268734563089228
0.242737295731588
0.323934712239393
0.138449607772764
0.428026144813702
0.261718076444249
0.24239706700695
0.154473091539707
0.311807131540926
0.254184794899983
0.303615425590938
0.161876597030609
0.261238887002136
0.274298441016766
0.36028893172141
0.248568914658898
0.322098143409748
0.403040455760223
0.262766834973763
0.420837047764393
0.429216765360281
0.34141388932087
0.364744799880519
0.300908445523066
0.357771207405057
0.411818698051342
0.243399641681272
0.287353334099236
0.295051022291249
0.35818998885762
0.40936959566391
0.525546431717603
0.408069667066295
0.330313547014755
0.320239671193102
0.268493967262302
0.502717586801989
0.305220323755652
0.401121112808462
0.331059842470985
0.437587193088982
0.225631842335283
0.413694161756976
0.218913584064896
0.231921415010078
0.2642640555677
0.276184594307536
0.435988821721422
0.232398397496266
0.358446291111252
0.293934509378688
0.345253847898754
0.462561317500357
0.434345862005035
0.348637270081615
0.396583874817745
0.417097521862965
0.310805362739632
0.386632456229715
0.336125168274953
0.328134900770115
0.396483178978469
0.424827994283648
0.352452844139319
0.490202793456318
0.479523939093154
0.276272513677949
0.422025554969786
0.533297348407487
0.449690722100477
0.405949919669075
0.347908451473688
0.395379728767513
0.385277070759273
0.400464750115772
0.260862337331049
0.454597499447418
0.566178402690224
0.370484475525447
0.448078334856173
0.566433157569492
0.501090920032507
0.46188399428267
0.353649801127851
0.542396316554954
0.331921252274007
0.420286437328434
0.477425539150168
0.309745968074084
0.46086484601749
0.373133629087712
0.466006452144759
0.367089206804701
0.540349089068568
0.501009744274724
0.364152727448675
0.429134326955477
0.50492137794092
0.463538903194795
0.489954357813082
0.551002507828849
0.369041780285554
0.439436840726264
0.467920943172691
0.570664109176933
0.277560799776021
0.496043015817002
0.439441649292455
0.615044298594984
0.619156032298491
0.418416860435062
0.682843146060683
0.483309710423469
0.544746693416752
0.584756155794954
0.445347824880138
0.454848200749485
0.454313226464727
0.474446209696177
0.499829548701453
0.469927378890147
0.527616724039908
0.40234617325647
0.518773080756662
0.546280622329229
0.390724931788558
0.534864722760604
0.546700215965681
0.49655372247661
0.544865639297507
0.494191160401013
0.501842752529304
0.491416085316216
0.624403985644823
0.54506758115704
0.623535198969552
0.457379736797726
0.442732090823257
0.523821524371553
0.513729758328042
0.513360677478498
0.514044766366701
0.555449544609086
0.528919797589876
0.521778407683099
0.590832087819315
0.58028339529181
0.541563792917829
0.506871890378519
0.559977126633966
0.460442997017167
0.574318806415591
0.51427771698851
0.547318964973561
0.708635473530929
0.529810384314591
0.633051603931544
0.510648771473344
0.528240255168408
0.614585078738397
0.686980804010216
0.520756844208464
0.490252427646259
0.579931286076042
0.614666776640223
0.497961149347982
0.590759320875187
0.517011908527702
0.660445092121087
0.582912246162074
0.600285667245498
0.593759029788661
0.723666571769458
0.586576976000074
0.549245096911929
0.479087851938412
0.707183746121439
0.657018271486525
0.585405831500933
0.673503056804944
0.785267313227496
0.661858491286585
0.628659924099412
0.658674257049889
0.673323099879969
0.505663339304997
0.590069948805312
0.625229512746493
0.710476636964898
0.592651031649638
0.699143911336405
0.63240176724806
0.529423473050928
0.766849924035635
0.712142300293774
0.747812377383201
0.716276205463074
0.567372034320902
0.586721860965266
0.629493892410304
0.787469898382877
0.598095952892186
0.630853194858465
0.684021497159427
0.861131219663972
0.657229026913528
0.688609054555807
0.706555547377013
0.743217746718215
0.639506101179157
0.795194497192037
0.658229958102627
0.827111849854453
0.644330518141115
0.832498637443845
0.684044136742193
0.61624269102757
0.722889828654322
0.64665120205491
0.814495223734668
0.672425117656612
0.765973617526209
0.972984611190426
0.826134459259501
0.598485228130497
0.683313835573247
0.783176652612153
0.639008902536532
0.632450662693812
0.649558171610834
0.913495159197258
0.745961826027582
0.714088545151027
0.622266283456241
0.824083333372244
0.725173861484118
0.690822182004427
0.71250474051107
0.790973234505253
0.729318513753748
0.712580418612737
0.800030713959317
0.640151248644788
0.824546041946024
0.775161476846115
0.963053303393582
0.709398417005921
0.616046302839996
0.82125329603141
0.749972163405143
0.705039778981491
0.843474678663562
0.887332787179448
0.746166991652228
0.593672926767729
0.865226566639303
0.727402217238044
0.771560111129895
0.729290505693256
0.88603614729813
0.69943712612353
0.814706510162905
0.791654267198886
0.731770541294533
0.836941184379618
0.653557436793667
0.891487621414894
0.878041367230948
0.747388802995684
0.714535323304171
0.780890231008499
0.737788889058063
0.652907593435892
0.808336304531977
0.856051200588374
0.816924234451887
0.833270733347808
0.857681689452398
0.850516748397058
0.85970881413379
0.866597601325715
0.851811682993422
0.694070258590868
0.816772135515861
0.87629812941335
0.890049913957072
0.821250293214716
0.892466206093241
0.973654120197142
0.778597187347516
0.84463724379037
0.86429429387804
1.00526725955714
0.798532326794183
0.818381144539576
0.802522140088723
0.813363435434849
0.834285919679732
0.738879051241933
0.820064452441717
0.854120217414338
0.815945222745381
0.700332744429836
0.743132128292877
0.80776950424698
0.809084213022432
0.798757435872031
1.01270003439681
1.03306995136102
0.926497301478429
0.842320446616204
0.752408316115178
1.01133456789991
0.808290802978166
0.99715561362327
0.918885621361868
0.761689364247862
0.970244978713485
0.882552598780296
0.81636086219539
1.13156823288426
0.720311398034641
0.883463839870446
0.873592346275439
0.922560036184361
0.914424297824718
0.89640692725053
0.961694060452001
1.0065116496832
0.937891456673991
0.796228798809725
0.94464647034767
0.824554267325936
0.777370531251057
0.962900846343502
0.883416052033097
1.08288955158694
1.04259440680192
1.04777028926345
0.971304750357104
0.834014344024532
0.909713197401265
0.917133976501988
1.05887771006153
0.803390684587855
0.912920136327136
0.937940227251918
0.913379310864385
0.879307463732708
0.896587631129122
1.05614092507759
0.981785569560617
0.928347147415452
1.03412169665579
0.989215669738237
0.848720574226813
0.948812896222507
1.02411027447691
0.912047340433138
0.966469195176835
0.918883774734301
1.06159874495941
1.07836862705099
1.02208487097708
0.965744154190151
0.944098391998019
1.2384967480088
