-1.06354406017007
-1.11497788126708
-1.02442954217803
-0.94789779983785
-1.04964438799478
-0.991007559868425
-1.08921863777728
-0.962092912987879
-1.15062391522288
-1.04678101647499
-0.960362025949725
-1.02786533079537
-1.01668165292158
-1.14389960835465
-1.11787021137967
-0.992651824791784
-1.05917172861395
-1.12265424339459
-0.84547251690111
-1.0578807926815
-1.0139071652498
-0.909377620291501
-0.910375043250527
-0.969645642935642
-0.911669365249875
-0.875180844272674
-0.990178964835405
-0.88490023978712
-0.941979597908932
-0.897980831763185
-0.927553652178063
-0.914757062505178
-0.993252403526537
-0.833921311719196
-0.885298525232887
-1.05770079620581
-1.03030284227722
-0.947904099842996
-0.900770024498748
-0.969054455746925
-1.06400164193246
-0.813744903460687
-0.976050349374148
-0.972006760997808
-0.939532578173704
-0.935403579952588
-0.976546332413723
-0.931014208098725
-0.874606744086318
-0.978057737067999
-0.909716951070476
-0.969134950289675
-0.903725918154901
-1.0858463025252
-0.885368711845109
-0.991828369927898
-0.940357773125928
-0.711784001004267
-0.791846276408391
-0.88805829630242
-0.874056059006061
-0.891977125448934
-0.707429722551914
-0.89336971539977
-0.951049551874348
-0.867667220400819
-0.947555479868032
-1.00261794453284
-0.98039864695745
-0.829524271606095
-0.766743396333246
-0.893935270290804
-0.82099908493036
-0.826545545240097
-0.945700414660704
-0.843500380544315
-0.881978146260764
-0.639431710099499
-0.860758587620192
-0.751363188937539
-0.704577194308833
-0.748116459096398
-0.862388242436658
-0.90779993433479
-1.01564912928696
-0.808785656652935
-0.796735405341844
-0.905262202000888
-0.804775583160177
-0.877276946092465
-0.780885344732365
-0.841341861780487
-0.919728825035054
-0.808659695880402
-0.797698214797851
-0.741188219544422
-0.730666780201468
-0.726174744013825
-0.721305760060093
-0.720501244875134
-0.869368728981406
-0.733074543002955
-0.632603010544284
-0.880595261095974
-0.81377296639607
-0.807057804757109
-0.861575956689231
-0.793724828493154
-0.771736079987171
-0.692647077846049
-0.703192331846511
-0.787733393047824
-0.712606912372521
-0.877638660786381
-0.712827636727082
-0.908593487432965
-0.738660859582396
-0.915293781323052
-0.659712585547024
-0.883323628995361
-0.716546391185963
-0.812877467843645
-0.825277567664915
-0.948694769786729
-0.764183373593937
-0.863818831282985
-0.754238527860657
-0.648240759324468
-0.730492918374973
-0.687602410543064
-0.695172852917037
-0.778112028240634
-0.807161210304277
-0.889832573316882
-0.886634583916879
-0.800110663720897
-0.612779550919155
-0.604869767343104
-0.746743648470065
-0.658963298752358
-0.811281279449124
-0.467975948384483
-0.678252069030646
-0.761606065816982
-0.648702132893631
-0.522728564062277
-0.869241829917174
-0.551694075563901
-0.681073045766376
-0.610459186064382
-0.812906782829186
-0.671616915893741
-0.815685424170028
-0.74413664902319
-0.591728632722152
-0.640940060797408
-0.593074653710124
-0.626971458408406
-0.607221442699526
-0.684250771130031
-0.61640079644911
-0.704332037109694
-0.63195048701118
-0.528667754441376
-0.645781033027417
-0.625935158264825
-0.694591710975367
-0.598101720602968
-0.569462224598413
-0.696263978585937
-0.743474663783007
-0.617400265377193
-0.653289382551786
-0.642126440650058
-0.601039709296785
-0.519539621313628
-0.578633211465777
-0.593371616857011
-0.657366557255361
-0.669625441012067
-0.722971605382369
-0.683668999275031
-0.45626748107308
-0.595034603301607
-0.636727288551992
-0.714683395336327
-0.581436787856673
-0.577941047522953
-0.70736593992124
-0.595419418518084
-0.687750739100189
-0.613252205903949
-0.736525559179011
-0.692582833644739
-0.511453609565825
-0.643818626492754
-0.653288616437133
-0.673520143657482
-0.716327905326907
-0.521914836113674
-0.674368354788818
-0.607456903089057
-0.6343781707342
-0.62125371961445
-0.586549847462574
-0.527294555229465
-0.630329282367959
-0.580198232598734
-0.645991922589609
-0.497503689818478
-0.486747012273657
-0.476977080115619
-0.55625534841322
-0.492579499233352
-0.507124074853247
-0.517936400424714
-0.476730727447697
-0.50695135738115
-0.587287260802401
-0.612601813784988
-0.566600519008782
-0.600344652915939
-0.611965109415685
-0.529206056028617
-0.391126493264045
-0.570560905527167
-0.496671020136841
-0.600928210708499
-0.520695869734071
-0.48582894449382
-0.421281217667684
-0.58516099541886
-0.515369477196004
-0.523852530132717
-0.527163182832647
-0.485159542048922
-0.536562611117042
-0.530002528080148
-0.595372733946071
-0.520115287909358
-0.563542463818367
-0.559545184693949
-0.485011910501617
-0.62996934249849
-0.521876452194547
-0.529390717981975
-0.515319833415454
-0.56515719486861
-0.466006128020686
-0.540208986333621
-0.531529679383183
-0.579646632121146
-0.386095401540093
-0.619640194092086
-0.452032645198282
-0.569179588914996
-0.500335516337887
-0.529109475737663
-0.47119216408127
-0.504235612851329
-0.623683191847435
-0.610240281752037
-0.338914450292236
-0.548611906077557
-0.415900592565512
-0.488036777190263
-0.442612104961035
-0.513096088096906
-0.432198888103537
-0.39073206229341
-0.312084292691103
-0.448712195397982
-0.571627650364235
-0.434177711907564
-0.410840274741893
-0.326374557830531
-0.457844163643851
-0.469239709892723
-0.519248691395927
-0.440747395218264
-0.47300599054269
-0.548144807482452
-0.317046497194448
-0.420853286425103
-0.446586165639066
-0.374033720682712
-0.377898928728996
-0.319865617323821
-0.326261161309684
-0.341068229500754
-0.435684720798146
-0.257241453611024
-0.316205454491998
-0.520554365450193
-0.36046683362548
-0.396571356863202
-0.453934821310013
-0.243953731595059
-0.439743371538527
-0.421961503486557
-0.413726075395864
-0.366578119766156
-0.375292032046941
-0.479668673337815
-0.333077127435862
-0.39262051119798
-0.367541595437943
-0.470419544011758
-0.476076191017294
-0.353500451769729
-0.431941871377622
-0.317460279574264
-0.282050324830242
-0.415196718836382
-0.336833722418254
-0.329574092634798
-0.434284437926297
-0.182882720569248
-0.442180049758669
-0.245581882353149
-0.368834133077773
-0.410209221095406
-0.403326462352702
-0.383621505420669
-0.372419336799731
-0.487177392373852
-0.137395850960526
-0.347480230293707
-0.335092558721537
-0.180469646900591
-0.346082859166716
-0.253619333975441
-0.369892666101282
-0.331345215630016
-0.347723820989017
-0.42373780135279
-0.336272009556646
-0.409965170167655
-0.400069886066131
-0.207225489244897
-0.330397907323349
-0.362888156065675
-0.24655277621193
-0.439813486203207
-0.362557693998171
-0.247735382820262
-0.363430017501221
-0.491587921987006
-0.433017421112058
-0.239411616178109
-0.324215725246358
-0.279787253513305
-0.207285387380055
-0.265454366658405
-0.201772896620419
-0.266578748526119
-0.327123911349517
-0.289475417224327
-0.412195303123612
-0.237022378218269
-0.387888839706788
-0.385119555160142
-0.295804447715059
-0.266310447175108
-0.172186806781611
-0.407765270699041
-0.303434739732951
-0.322440730671323
-0.160697291753505
-0.202142799790408
-0.234463288364843
-0.318079149362436
-0.274275598496135
-0.398487335579928
-0.253071959472331
-0.217520200396848
-0.303039602943327
-0.274284131562064
-0.320190222539808
-0.366276385452417
-0.286902900170421
-0.240521870959439
-0.388734274780585
-0.24560875074807
-0.324681500801114
-0.317021608254618
-0.366935778659928
-0.185458206317757
-0.196952969844773
-0.21257038556672
-0.188138472559464
-0.138125466605407
-0.266087591776087
-0.0680826456817045
-0.334279405756178
-0.227993287859308
-0.216844175191976
-0.140517652116406
-0.293462748487791
-0.303668234457455
-0.247198098070761
-0.105696218281486
-0.223499037862421
-0.297169123540546
-0.344847196063048
-0.0504641028371396
-0.0607476015715663
-0.348106374698185
-0.204669911319904
-0.222384631909909
-0.27437350632802
-0.0207678902680619
-0.16213586627515
-0.239174615045768
-0.204444033259987
-0.181508509536895
-0.238301865267546
-0.182158719957083
-0.0683166855098947
-0.143565631756424
-0.0920079333439774
-0.185774325542571
-0.140330860063041
-0.207862386964306
-0.207451330887658
-0.0597924692040208
-0.0997209928255818
-0.172900218251295
-0.077454876468937
-0.00314951369342141
-0.094823716514232
-0.0888343560548432
-0.241550147535767
-0.135016456970825
-0.0809298342489281
-0.0380033347358287
-0.0693071498123367
-0.0471591537518156
0.0557183708024987
0.0178702742688489
-0.203770945588701
-0.12590877079167
-0.0422063998310159
0.0888054089700877
-0.149019552376565
-0.0516596829820179
-0.16334219781381
-0.0521771237583562
-0.0665595087304671
-0.278306076753285
-0.142792298876933
-0.128073477161242
-0.11905395570598
-0.197582529633966
-0.0244102867342223
-0.0981671090472739
-0.0315595065308761
-0.0378766962895029
-0.052510631874259
-0.105202462661751
-0.0781477633639305
-0.0168465535647798
-0.0279535567920292
-0.0537282438270508
-0.174786288182476
-0.119645696226883
-0.041270025763449
-0.130742727346147
-0.15593116760802
-0.144148301025581
-0.0972362983236017
0.155758950616287
0.0855025771467947
-0.0960884195216741
-0.000752934167877224
-0.0334552796658054
0.0282111006254291
0.116558137770669
-0.00103838944428585
-0.0508431319814717
0.0265934946596958
0.0856154666015046
-0.0280924566005248
-0.00141460009517709
-0.0219516952032994
0.0122431340269753
0.0240445683773904
-0.0968109506897307
-0.0716525758373483
-0.0150371050051602
0.0121987047689738
0.0174820610510281
-0.137102542287081
0.126276218883145
-0.0415782622521345
0.0645652193489808
-0.00469177687936038
0.0258682138404964
-0.0798942438134536
-0.051403402349729
-0.00356173065841746
0.124481447605452
0.0493129825595508
-0.0404247153562922
-0.11682492355552
0.204717863560411
-0.0293769277885261
-0.0331127853118528
0.103925010037276
0.14439979577124
-0.0126314361411674
-0.0352430056881074
-0.0773700359009988
-0.0040191081077856
0.151081149530794
0.0413901470671066
0.138155872721745
0.0415961357457635
-0.0466179513106503
0.235339420827895
0.130833690627747
-0.0490328529092286
-0.0723979520108996
-0.0525632747660738
-0.0778657829081851
0.0515958913605411
0.10255216600419
0.168210100752671
0.132760281659289
0.0534711712121491
0.0659908244899944
0.0600522769419644
0.0281685885627403
0.120382181855494
0.341404263764488
0.110438292472791
0.0730486972219934
-0.0453889380100584
0.0708483081568435
0.0858574453396186
0.112825832100119
0.158429194073363
-0.032513168423537
0.0642129002968962
0.19952392094768
0.0768973606137393
-0.0105866680881646
0.103351499894998
0.0201218121169507
0.112508240847843
0.105066711184465
0.109448655493903
0.186784015046152
0.0785122675117334
0.057389343384532
0.103805495171293
0.0385924580030077
0.124009425810688
0.12440305062791
0.120892934369838
0.200694790024022
-0.0562553577282783
0.0776481433510192
0.177986187871842
0.237887335132344
0.041986783783482
0.0345668954221598
0.178043940012283
-0.0241664600983531
0.178968682345649
0.0264199733629728
0.263145059558218
0.175725361289352
0.139767088330897
0.119202378293628
0.100964714927897
0.268362806348923
0.0557089201678645
0.240359673451531
0.0166465291673072
0.24798107808464
0.216595703688641
0.113403291675636
0.100113514218945
0.343709296507559
0.232290718323851
0.229918782196152
0.193887274181406
0.0838079378084372
0.0449272215366388
0.12389101958412
0.0359747719280275
0.265423183022828
0.294179328232076
-0.0302533733257681
0.245709263666709
0.285555590964485
0.229752560905659
0.236784676772286
0.182908471264612
0.150676743174023
0.147005763753241
0.284717350682222
0.091038247527937
0.325985903264231
0.306167486396933
0.167623448967861
0.225602137289259
0.230916785923581
0.259561677017019
0.291497690973745
0.101486381349963
0.214178744218659
0.261128587487768
0.240928066251323
0.383970734368045
0.244711179987589
0.233986846520729
0.270189072977194
0.229342197641061
0.135965165569133
0.25269724734541
0.305954301991526
0.0517755038695865
0.196359603589295
0.241537470338373
0.372832978621155
0.173201755094008
0.366413859524945
0.37355308335842
0.271750554345391
0.146784688433
0.287907378367414
0.252214243065903
0.334500818305801
0.181139061194614
0.385584565611732
0.436680265322344
0.2647748951644
0.256841595669065
0.248301785466063
0.217956480974317
0.410105652567281
0.471280659267243
0.332440324210049
0.200479431193568
0.118435311315368
0.444297761850864
0.276765735078768
0.237204688901854
0.340996122241373
0.260587210178812
0.387576893417852
0.255770471780082
0.284101056378243
0.262496606649708
0.236961594298512
0.376278329096184
0.278130244165146
0.473325869237952
0.303196903343335
0.385664237362597
0.354358183530122
0.392198220412936
0.310942492646031
0.259878971831043
0.416475021026048
0.318559897378272
0.458939827868448
0.31697857697894
0.447066012333984
0.332284872848848
0.280822792232589
0.358646218376561
0.474417554383539
0.451863829957137
0.40350058864808
0.364618327700183
0.349077034563736
0.303750551587326
0.179061807105261
0.42472284895406
0.203234490387202
0.216217638069467
0.431172746814718
0.439797002661396
0.429655312542866
0.343736571725422
0.349126946668547
0.358758286599983
0.365126241934744
0.356786732070053
0.344100608521256
0.351653209500326
0.388259468016794
0.333642726490677
0.29523498325168
0.364192183704019
0.443766305070355
0.368889159347537
0.416693165626081
0.321622394284176
0.351742552269559
0.29259819759328
0.215893043753607
0.576845668815685
0.463146699148408
0.33985808589727
0.428742510051011
0.525793747963382
0.431936056483869
0.472015405239151
0.340830520715699
0.3511842760473
0.400953036120195
0.345464528323852
0.301530733536811
0.404462169811647
0.293337417506091
0.453827257111291
0.503020527001509
0.485270327618723
0.466673617111992
0.481636103225838
0.519434475322922
0.436764531215384
0.496147834157946
0.411944933110358
0.62524761630713
0.365184897635351
0.534658205597639
0.435397149470485
0.41907815337727
0.509764948700645
0.430452831422779
0.55057391397323
0.514369475351532
0.34631106325267
0.374864581768925
0.415793386167927
0.392705772270946
0.574341174568308
0.61961411920898
0.677445466701044
0.450147674305152
0.480565753265796
0.591475600446023
0.514745976328736
0.434161191298973
0.489883953651636
0.447642675592137
0.55096921900086
0.490333544515846
0.632385609732947
0.353000001458906
0.606756616928358
0.584305938289361
0.437917736004461
0.637047460633113
0.551770613330699
0.575075178006596
0.646120607808477
0.505803305073396
0.44438236672836
0.472554310770219
0.587055589243323
0.480139912987871
0.489163606303928
0.611193906450902
0.580710001353058
0.545458318922503
0.568312156347162
0.504202136328819
0.746660725080621
0.714352064060596
0.387863784961702
0.441352847085902
0.577744199585869
0.558036447377637
0.48889150213219
0.347035571673265
0.476962866195626
0.554407128282652
0.591059587523107
0.618285750431089
0.441264907593373
0.700746868965501
0.654279228794929
0.583949968639593
0.55065405515157
0.682295346771488
0.431368059614397
0.355795343112734
0.54755259168472
0.510841870807
0.545084076876421
0.496114424610592
0.452084586755645
0.570486849484311
0.566690648209832
0.836838733419
0.678286068247029
0.558287553174853
0.613319459476897
0.702951467542345
0.628856193399864
0.666118092956533
0.623394734233267
0.590884922626386
0.58278196631854
0.570150130418141
0.680717566676298
0.501342690570968
0.675002739337275
0.704523609253803
0.693165183256992
0.744883344858933
0.576062530917769
0.672791839027473
0.649063372659367
0.694822137533701
0.592694815392778
0.739433076457701
0.813722279089285
0.832603831871407
0.63732158546454
0.629642616546572
0.683843751238732
0.802917135902696
0.655036591340244
0.713138472430633
0.698217906254458
0.674782700779692
0.56649128405069
0.606594246208626
0.645435211311384
0.566127839107855
0.791923951107265
0.577829694378547
0.624212171107782
0.475313959256553
0.615563510916283
0.64612417477921
0.511727764072371
0.69550592136168
0.6446561426274
0.738714381022876
0.628932330091335
0.747532492044919
0.658481271450368
0.522578485765507
0.619322740683513
0.74452662985427
0.790202104894818
0.817465179713522
0.747160386396989
0.73878879461198
0.768495124412908
0.650547425199973
0.598031656362534
0.759367307648731
0.723667385429264
0.741466685079242
0.761171762657361
0.804655470641934
0.695410204323162
0.806250506561185
0.792807562574351
0.64855928701017
0.636753503894394
0.669924677798879
0.696308212655781
0.851309430044316
0.864781107283106
0.586299155244958
0.705966619906538
0.896586274616259
0.789020784903806
0.807814018284772
0.662307062533648
0.858347850670983
0.773402197727333
0.794982892249586
0.742716524618374
0.780182887015038
0.916790161200241
0.656054090929882
0.848713242543504
0.806005035276958
0.77283320663137
0.73117075689022
0.780090174576965
0.893063464296156
0.796138815041329
0.804969646887227
0.799142678888623
0.781925340853279
0.75268552371539
0.777021778207907
0.83678457301412
0.699769815974644
0.594609539844432
0.960550764571129
0.681724802796449
0.900806880474115
0.869029105443347
0.866308281178743
0.698443953991796
0.85027061392905
0.909025051738882
0.742646344680268
0.828716820264676
0.833648054922368
0.905194057119894
1.02719834792118
0.874758272617034
0.643366747592737
0.775428406761293
0.806378910679355
0.893120580485707
0.799010127232732
0.856987054328459
0.833978397859455
0.829863355300751
0.709426181050061
0.886314992433358
0.839488337746862
0.962134991420802
0.911181593123942
0.72435798838878
0.969589727680576
0.84427179399221
0.808417757449891
0.745922603405974
0.85737463520497
0.781349395614807
0.860107955307773
0.94804648058509
0.859451569470974
1.06768635107126
0.861589818464174
0.879122532900187
0.675780565634158
0.951971595390574
0.970439826744261
0.964180103033255
0.845705620881732
0.935126187657729
0.88098148943246
0.820720233640853
0.821229576607728
1.03759349732387
0.951974252272395
0.844771862594539
0.909266648550058
0.872401845447804
0.901056220839189
0.942400367834566
0.948312861371961
1.02715475041108
1.00813006102457
0.898964015947489
0.819576940852959
0.838256961189162
0.908328288471015
1.02960766338614
0.936527213691648
1.03280497058353
1.01544585669229
1.01382555054468
0.880469668185686
0.826056669702038
0.902125629506941
1.01827899688811
0.833301631864118
0.915768409445036
0.973152187419855
0.911213766403385
0.842122138770137
1.07478547554835
0.905390474223777
0.7634936900611
0.891408781231008
0.884248635338757
0.999583087922611
1.02059739462279
1.0464225134319
0.93843430317448
1.06714650192555
1.09916095847898
0.965601413427406
1.05240508202758
0.952746396706198
1.0837623169043
0.978750447325737
1.00615978477766
1.01739109992216
0.926343368421994
0.949720073273242
1.11856546590014
