-0.933077903801608
-1.01804187274457
-1.1424796957258
-1.09177899217246
-1.0449677373768
-1.01600012863943
-0.931483575139511
-0.905269627461548
-1.07302257238733
-0.974111778868322
-0.961422154194629
-1.09125504270787
-0.953186711592143
-0.845774654412791
-0.823815793891972
-1.02570716944696
-1.0622842388818
-0.924312643824212
-0.99845955100118
-0.80293499126897
-0.819073305924981
-0.872555762348375
-0.948292396417991
-0.976612621902755
-0.847546563477123
-1.11388023345783
-0.963809626461382
-1.12133266497045
-0.939712448879322
-1.02777211333443
-0.927537847366423
-0.891861781982592
-0.95678079802163
-0.993533649403972
-0.873222799117631
-0.99574788072376
-0.886186582462962
-1.06148065125404
-0.867234783771365
-0.932486276328473
-0.960652428057555
-1.05540859329042
-0.953347992988802
-0.962414112381023
-0.884135709184175
-0.933070921623385
-0.890995120532865
-0.700715420017162
-0.882059539605708
-0.950643000817772
-0.99507119831583
-0.881967393895423
-0.82513867018038
-0.819651276569453
-0.897682687500736
-0.913179029338429
-0.811480788743444
-0.891000263482056
-0.86852425677105
-0.796330370339864
-0.861366334445025
-0.996943505905496
-0.908104372449234
-0.827342211251399
-0.892863054724454
-0.877700332022948
-0.793111684874217
-0.871330143846427
-0.866816194077051
-0.972324930664456
-0.70128577489866
-0.745576137671495
-1.01284796508321
-0.879642513847844
-0.786960847545626
-0.876301985413913
-0.952812488682297
-0.732996032871792
-0.887437888500232
-0.794134097857225
-0.84595833576508
-0.754940629400429
-0.980176917368427
-0.738465581211529
-1.03169165389751
-0.817646899871966
-0.991883740122837
-0.835067215855164
-0.731331220405208
-0.727736756087433
-0.783761084526885
-0.82774717504002
-0.832971367538276
-0.807686254614126
-0.803936281691872
-0.781584403950386
-0.751985834023308
-0.677536301444552
-0.905217351734609
-0.722717512587541
-0.73648493623775
-0.817309545913837
-0.606579192831354
-0.664710145631686
-0.758047976609613
-0.786671711653256
-0.718043648938374
-0.676404258845191
-0.826313044614203
-0.750297569998478
-0.604258916678568
-0.844955316657465
-0.849142217504261
-0.793929260633943
-0.84531658671887
-0.859109155215414
-0.755158707980603
-0.780810896125055
-0.594879899819367
-0.767593334749961
-0.65701781046404
-0.901304250366264
-0.817783985546254
-0.845769968253684
-0.853626854368593
-0.687769533934255
-0.853696149602391
-0.718843823602781
-0.78771202906697
-0.70459184461825
-0.684642138008949
-0.722195488209578
-0.670190509616738
-0.848375604253259
-0.739904388260586
-0.76975217990758
-0.684329849804311
-0.789972457101303
-0.659791443297359
-0.655150242960178
-0.644856567031948
-0.576287540961601
-0.883707920664877
-0.562770670382662
-0.657804903951929
-0.775639952306661
-0.777161726443461
-0.697214105813898
-0.681106950187875
-0.65332801466209
-0.557118668420339
-0.584339873389305
-0.650752053525317
-0.763694756736262
-0.741644708705405
-0.622634736952324
-0.685867730195466
-0.617431374339407
-0.6662388089134
-0.661567546006899
-0.775722150967755
-0.632448354183254
-0.680611015543079
-0.572061784577582
-0.574554011870104
-0.731170761230381
-0.741618374961861
-0.642975677589986
-0.759576556329083
-0.73619267749865
-0.591155293538802
-0.644010188357047
-0.530628080235141
-0.689236986675748
-0.716196632044225
-0.640622973161608
-0.716648766103379
-0.622947562066385
-0.781917121315347
-0.638498642702362
-0.7304872885075
-0.618696793702849
-0.63845538122727
-0.691882556839656
-0.678506480213347
-0.61351255197593
-0.627389520979213
-0.570561699685504
-0.615596764340595
-0.731572894038372
-0.633357723557869
-0.755418981333563
-0.514252839626192
-0.639905443799517
-0.656055653105565
-0.583183852160857
-0.654868885465813
-0.571940907363767
-0.648127097441547
-0.693271210881719
-0.696015946270762
-0.525491322703173
-0.559079213499257
-0.528355597094309
-0.686571437095924
-0.636576546979638
-0.387511567864831
-0.614276503556209
-0.485442227427624
-0.318770202494358
-0.514008564599996
-0.528617869573399
-0.621371631773207
-0.522792598444886
-0.633256560346428
-0.531710828797023
-0.357181096779287
-0.487996312084059
-0.729282356089432
-0.740030308707027
-0.609230957287001
-0.598945021773824
-0.407454501620894
-0.803213789225859
-0.700699546536783
-0.615403289306674
-0.45471748649483
-0.495778837230809
-0.380729801241381
-0.566426501505747
-0.648785892250388
-0.661041451007403
-0.593101933291705
-0.586448336019995
-0.525916840023472
-0.449230146906764
-0.705286539787453
-0.45322457052019
-0.538790138481441
-0.48824802697248
-0.530047755441042
-0.578106530926292
-0.483781023022697
-0.576889555450944
-0.561348440753468
-0.367990867392761
-0.532331508045069
-0.411372313038219
-0.427812879777293
-0.640508700738338
-0.404011657340654
-0.48354620961174
-0.405462065858189
-0.376384626430834
-0.617188466783986
-0.473235243887641
-0.509107045609675
-0.484355152627543
-0.464305809490809
-0.372175951472884
-0.569205814668858
-0.520442790384415
-0.261682286678143
-0.532929882350881
-0.622624192442853
-0.552511988554378
-0.433591691961718
-0.54742204631877
-0.558223445832387
-0.465871511733537
-0.471829760078288
-0.345271205794842
-0.401577730768448
-0.400144694826337
-0.448999621994734
-0.661046630932193
-0.448473372292139
-0.495221605267059
-0.443079666158117
-0.444494583721948
-0.431076061673889
-0.446314410048945
-0.486023435695876
-0.41220289383593
-0.487263598449081
-0.50156551339167
-0.376444933975027
-0.420445891346434
-0.358662769089301
-0.644243478140967
-0.492662626732122
-0.400269041468434
-0.56627884120126
-0.462075186226934
-0.3701667316275
-0.439681275041161
-0.445438039380378
-0.455833009309758
-0.325508266997711
-0.552844177008914
-0.45439390710343
-0.465947458526911
-0.350176010601512
-0.415607595057642
-0.233679358771061
-0.37111365925352
-0.553856897553675
-0.192294783172475
-0.325953004841917
-0.31063895802736
-0.356143609787205
-0.319749095634867
-0.388283977225989
-0.232297968951605
-0.421234900908914
-0.359952098988564
-0.329673138967506
-0.167784877418409
-0.481771490070028
-0.418826566698873
-0.298497437136739
-0.35658682620646
-0.32969941462494
-0.437403242841826
-0.42665200259514
-0.428407383227774
-0.190864965490831
-0.285107723063612
-0.379546707564957
-0.467777607182333
-0.180577626090488
-0.245468219240049
-0.279930889521315
-0.290259113363411
-0.296014391231217
-0.342988712886311
-0.282940469395398
-0.255383472920497
-0.327525450739507
-0.240234750000296
-0.325123388594726
-0.238307629445253
-0.36071858048047
-0.208607333301501
-0.360575124206842
-0.355372562102748
-0.282874939895066
-0.364949891281359
-0.248218409324444
-0.427214395972003
-0.20823527753309
-0.29337113622616
-0.302077336154497
-0.162801997599732
-0.431795766261206
-0.311710156483161
-0.257666551415857
-0.327925296449053
-0.235497395699452
-0.250664591662968
-0.23337424258422
-0.355840741106831
-0.281704988927421
-0.132191592997379
-0.204022106172285
-0.283884933254861
-0.315272736153444
-0.205064971535109
-0.208693926625526
-0.270774679589793
-0.229269002128032
-0.271480515461252
-0.149838934389245
-0.158175945569082
-0.284504871916644
-0.264289202465624
-0.181935236932467
-0.330132429608556
-0.17287546758622
-0.244062370155658
-0.234859750487814
-0.321327526773824
-0.179662655900762
-0.195592669299204
-0.181900893909738
-0.251521210291185
-0.280408397623878
-0.241837077555109
-0.260175077182607
-0.171532880885067
-0.277333334506043
-0.156341178400535
-0.235843676878772
-0.275729404851034
-0.275316841871664
-0.226048115286034
-0.0578794956782822
-0.330213488294951
-0.24539876537812
-0.0150520137907863
-0.175784802999374
-0.339443541771305
-0.050559655292486
-0.155573880273883
-0.281760404796009
-0.257607992457148
0.00961841035766952
-0.349380478253135
-0.2272304555239
-0.0955078488325201
-0.187389196543229
-0.105170123472697
-0.186860479448995
-0.178588138621203
-0.134406346297914
-0.113456623730628
0.121665798566579
-0.0375755837203038
-0.0683720729810775
-0.177029954091029
-0.144633458342745
-0.141344735881422
-0.156840151571037
-0.125255110637912
-0.128304858089744
-0.198491149570181
0.00760971843778653
-0.0455572789005977
-0.0489319305001634
-0.202789679550732
-0.215371149675833
-0.173813667980687
-0.0939329009027505
-0.0867638545612004
-0.111087883551686
-0.108533433940944
0.0437138236750897
-0.0678931739441038
-0.12055255598047
-0.121477805666912
-0.106122464019711
-0.205523615129699
-0.247514359168325
-0.201732030167706
-0.173439834540871
-0.217878430669967
-0.155426017043589
-0.285844211146445
-0.228252293519665
-0.125377104741589
0.0643710929731076
-0.0546502405174594
-0.0460184135039539
-0.122842331905274
-0.0286884757168508
-0.119261690843747
0.0118195017187259
-0.114937351175272
-0.148260721010183
-0.164531891838647
-0.085577727696259
-0.0295197602903611
-0.104537369331219
-0.0678440349149334
-0.166687429405981
-0.191046166277909
-0.133140604255951
-0.0213009050380023
-0.0316197761948626
0.00125887658155345
-0.101532565032049
-0.118878870316673
-0.0225553891887971
-0.020311149227293
-0.322761775795187
-0.124650515452565
-0.24200173918242
0.0165910110916909
-0.0754997121533829
-0.0478166792591788
-0.00729240921776006
-0.0957587392676004
0.0540457273705923
0.0316609367256382
-0.0450440037656992
-0.00647680507302984
-0.177631531112383
-0.044187001183717
-0.105052536179668
-0.163725188436164
-0.00221202878939894
0.119916317301207
-0.0156809558050256
-0.128144136889761
0.0696658528515767
-0.134009448979949
-0.167812169703315
0.0329011301627721
0.0233469628168422
0.0227811494280795
-0.0355036353795463
-0.0120349841890537
0.0343072762887261
-0.0480916776243783
-0.0565514401728889
0.224431198349122
-0.156872435423636
-0.028199217186136
-0.0382065725519784
0.0429697200683773
0.0454833212479716
-0.0780563674973236
0.0192318960862275
-0.12993525221912
-0.0299255489805963
-0.0125478673793693
0.0579888141628026
-0.0129936887309592
-0.0338797420329992
0.164103429977042
-0.0951351424553998
-0.0369307258808122
0.0347277735703297
-0.0778075958945454
0.00413316491445975
-0.058404523093062
0.216127375846209
0.0813252349929392
0.0724377332225842
0.210760673703516
0.0437442873527332
0.0163705346262882
0.153596064203734
0.14488023439379
0.116863477003412
0.202381395030067
0.116801243032052
0.0564600463176962
0.18829138929123
0.132862354105608
-0.0678584799849175
0.122348153163932
0.0863758644177978
0.0294524354897699
-0.00329168262992131
0.0998921194589201
0.0764351817559514
0.138420177365627
-0.00389466568647283
0.0804672836530694
-0.018434824967125
0.187447271765883
0.100527392209754
0.109762292357715
0.185471827204206
0.0329718497901197
0.143408925267398
0.145370444210255
0.12497595057787
0.219076361264911
-0.00771990602875767
0.0164442763089691
0.0631862914003492
0.0544144035379544
0.369668184491551
0.230069892034363
0.234711324589389
0.0147230961673751
0.177363337323391
0.0236254159057477
0.136247776369915
0.261484352042993
-0.0213459163763631
0.00639712275060573
0.128744226194181
0.200094484724784
0.165776693926645
0.131057724255221
0.206357998735066
0.240844623894663
0.176420473667987
0.246670304556417
0.0729536710890785
0.184534563910117
0.0856743206431472
-0.00141211965243061
0.119330917480461
0.0918725155959251
0.184431622231007
0.283193799654239
0.215551396785982
0.190501774700229
0.257843830006757
0.166924038247839
0.17871877561817
0.205971672432147
0.230062303915507
0.218753269760669
0.152134825911393
0.100872660291051
0.204417764440878
0.224479461562321
0.194833223722318
0.356499737096966
0.245388680597854
0.0168611687447398
0.236937549630855
0.212542391528197
0.364299694401874
0.138095162123622
0.233457924180398
0.268540693140449
0.129672203607273
0.389607612374869
0.296176670424197
0.237716903188449
0.249875685643465
0.142355672609201
0.30326132299558
0.426493427782546
0.349049382509149
0.159868723104299
0.268384419752536
0.245508111892986
0.320534577576544
0.298668869751018
0.370100183695225
0.16371602175397
0.333140431414001
0.333744329877952
0.211529878608983
0.190372116414096
0.260237975841299
0.331218927553254
0.249918019303471
0.411044075288336
0.292879226807045
0.428800433154047
0.253043416881576
0.269055734240767
0.300099527617219
0.273531958542406
0.21474430081508
0.243053035611602
0.218234976378573
0.371536525665204
0.407665024785194
0.331699207254589
0.252545073154145
0.455592597698216
0.531966874122249
0.386077417649354
0.370570508920703
0.357529821432872
0.0652571299535863
0.352139164581529
0.403682412468616
0.182089268648247
0.432291729709244
0.328061991650025
0.346010789770018
0.384458470523747
0.32829629493624
0.436756758025397
0.277573748148771
0.361008340802954
0.310578524558613
0.290115400254887
0.385105309578
0.316022628091512
0.371950588425145
0.34674325203572
0.255729689480435
0.430364312611649
0.348050684904365
0.269110842957144
0.315651214352267
0.356319411558079
0.392636864271302
0.448678307514038
0.314596300574298
0.36977690808636
0.386539461750819
0.514694735267361
0.431604261449993
0.398325102160908
0.364296982471311
0.415453070620287
0.352033584536455
0.38113825597799
0.47763508994355
0.278677825798888
0.489172057768735
0.394120448320361
0.381095869525212
0.352701223394811
0.375819138096704
0.467620141588305
0.442308122024737
0.50731269540879
0.344549417928316
0.275167168852447
0.370489479666352
0.614548826723271
0.354079127993463
0.570879126623224
0.347848029138625
0.288224802775115
0.337457467297972
0.446442367489125
0.412025937128501
0.395388828889354
0.346080563930474
0.477558137441921
0.449171940387378
0.633475142202753
0.489713650488749
0.489379398775316
0.484932776063413
0.375602428447417
0.501305231101145
0.414351694756741
0.377172335276631
0.528464940925065
0.64147859454938
0.257886676057846
0.516208358295861
0.461203595005913
0.614349193055328
0.317313588545515
0.42387434256818
0.546094966411996
0.456441712424539
0.511735206848157
0.501787138662547
0.38676477692931
0.565151420946063
0.537268595041688
0.5461488816823
0.278104864939275
0.438485450063987
0.449321216561317
0.332032885538036
0.561115017704201
0.396799300828389
0.479739087225428
0.540397800667749
0.413723013931372
0.33753799090161
0.567380758360451
0.43750854296174
0.406413985298494
0.550124818900334
0.476097415547647
0.486868612934472
0.345234319464362
0.47470469530044
0.568402588862015
0.472019053989629
0.557664491030864
0.53458634134978
0.441802163013851
0.44414474152822
0.570525770470406
0.419245533222526
0.530156641051476
0.535016892690007
0.565113538384163
0.507046170013402
0.487997775641977
0.494194027303684
0.407601205740845
0.54639644591022
0.535746265097677
0.651704711826011
0.644307989516015
0.582932864846541
0.390760846304945
0.55624207308988
0.499258733086744
0.609039502787
0.482290702547036
0.491391985554452
0.599752957396856
0.580903757493154
0.449235933376105
0.572574998668115
0.524570839150128
0.607645024790288
0.543065795798242
0.471840925016699
0.737971565688716
0.609085691682263
0.598417802173709
0.584795930750154
0.625352390039544
0.515985940502898
0.592631192648325
0.457392676525491
0.648752657642145
0.542887597766098
0.556608189174399
0.63223620039217
0.765648783174446
0.6245284126009
0.728979077390724
0.564280584620995
0.549152086267463
0.673878270505929
0.655540605556812
0.762611510343585
0.718545657437448
0.583085841265029
0.651402007682729
0.694762249432088
0.50950445480031
0.64443549710188
0.556416020019291
0.600458266174938
0.539313934535032
0.526849014500663
0.6296830963955
0.509274942523194
0.639836607096676
0.778879515523226
0.560684375489595
0.741856404360183
0.751950547120123
0.671219607197173
0.668750937272319
0.624366178134981
0.617974927186732
0.660659612620113
0.814905329841531
0.655322931792309
0.555959154624658
0.695790087115523
0.628926046850156
0.513799944198738
0.627443060866769
0.613686764434155
0.751682836020022
0.695645725542959
0.629315010369767
0.555066125293352
0.607441179437945
0.712915140693454
0.665323832774798
0.751550415061787
0.68133091388216
0.726953545158947
0.85007810004676
0.845517325414414
0.558257853651972
0.774542396408411
0.713836685902112
0.789401409304464
0.672125714457351
0.723459010987797
0.765219648553292
0.73693431865909
0.741637862315128
0.75678861364694
0.690614477034963
0.735080341899833
0.771637341934509
0.715606739366193
0.68486153460564
0.725859017440633
0.658384600870711
0.714648319942676
0.754553147200174
0.678748882281009
0.69944334137962
0.656535961951083
0.853353877983988
0.68569651359366
0.646557728402521
0.734619510540819
0.603964023535473
0.662736077064609
0.745838908865455
0.701796619367665
0.769925828616563
0.614361491864708
0.65939843914051
0.636216284525612
0.778895709525171
0.71759538990053
0.871140315677402
0.785126016930597
0.776036197633055
0.883167496751783
0.674251588248748
0.730352926212909
0.806481068039144
0.791677274402508
0.797436026489653
0.888929953388786
0.785898771898244
0.827991629476999
0.760366956536319
0.811303932199273
0.990047730057531
0.903013659910488
0.824437150800251
0.820959467463266
0.94784622965887
0.780478418215565
0.795188390407532
0.821778826861325
0.826269103728924
0.93872277241662
0.761677745080862
0.803242869642229
0.832099101870212
1.02830666546997
0.62978094633026
0.830883792475524
0.789327927864393
0.866149665948948
0.821598345583359
0.839997825183335
0.769115019130721
0.911814964285095
0.627709225463333
0.937308955291787
0.857243177913174
0.656374908697141
0.898843684539686
0.933391149463544
0.939214688294591
0.894683659082386
0.94646167888229
0.776309785602298
0.791306095090702
0.893936473983866
1.0085451984766
0.908635497610811
0.851477475719537
0.981872624164725
0.823609387028523
0.783283036344195
0.955893915667947
0.943695287091048
0.800340272564066
0.840602420916927
0.877945733173814
0.957834327838138
0.949388869088425
1.00334370728132
1.00434091409421
1.01011525977551
0.920316753254517
0.836371817675688
0.899330660898463
0.93767849001847
1.04388903022501
0.93585891861873
0.927688419458833
0.973063230397997
0.944438510574904
0.992063519101342
1.09414482919258
0.907409329404882
0.899014011929059
0.832475766903239
1.00592025379202
0.95410079244908
0.933018586074798
0.876873240722591
1.04406689402812
0.969483240371509
0.93996029856495
0.914862708844862
0.941188220384972
0.871594227195168
0.929005231883759
1.04241297060746
1.04058540143079
0.846715195892828
1.07957618353905
0.984189070635309
0.828631258341752
0.927020088366445
0.927604729470691
1.11066749439344
0.982307795479124
1.09874958118039
1.02758635572942
0.907983390575596
0.780558599836325
0.995551695347273
1.10220996946551
1.10964739755215
1.07837052470183
0.926866097167978
1.07889818562401
1.04036118800361
1.02108684053368
