-1.05976031370535
-1.12682859124983
-1.02881620813701
-0.939433233667299
-1.04977339394548
-0.999911280238787
-1.09406715144245
-0.962993572707307
-1.16236145757704
-1.04624077968
-0.962968389435388
-1.01775283052366
-1.01336780140268
-1.13066877763637
-1.12156935447586
-0.98928867988265
-1.07310088140661
-1.10676864243858
-0.839469407548496
-1.03039271491034
-0.995233800121159
-0.897633288613171
-0.926061557035008
-0.988823443904524
-0.911403597106427
-0.851401639162332
-0.98778355211406
-0.850882038354112
-0.93957658656859
-0.87902167671679
-0.909518277686641
-0.915207401382561
-0.999562065567913
-0.843273008679118
-0.88786304192112
-1.05435593153875
-1.03835371930446
-0.949633901126402
-0.888726679171103
-0.97161655980966
-1.04088066722858
-0.795914480925357
-0.984017300411169
-0.971302778558311
-0.941736277932729
-0.932207233381592
-0.973443712101074
-0.945834151266928
-0.886175761135645
-0.967366476740195
-0.921038268401466
-0.956528785498368
-0.878745052598855
-1.06492360713545
-0.875192232353626
-1.01032530766404
-0.949582382888943
-0.726646130541217
-0.791213805911188
-0.893868533153351
-0.885835399412018
-0.87889732766656
-0.717291557100363
-0.863925340919414
-0.92467835595317
-0.845888426603983
-0.938325833464827
-0.996179154689424
-0.982598946642925
-0.813162492907837
-0.767348058184158
-0.872908428321517
-0.809290224950101
-0.83133222581875
-0.953062041706847
-0.879269726579205
-0.882603389971804
-0.666938748134333
-0.836494490060598
-0.741974192627127
-0.724455630229595
-0.750175619015067
-0.87062360263715
-0.894102507022276
-1.00440925543913
-0.818543354897391
-0.790834461658322
-0.895517237164275
-0.789437031075142
-0.862230329532274
-0.77860244916297
-0.842833241713433
-0.93738149532895
-0.788521824367129
-0.786941505038593
-0.715533847739223
-0.752468294971065
-0.720231916780818
-0.716529562636305
-0.714906821097624
-0.852959468793253
-0.744825420336271
-0.615747052250057
-0.884773565495763
-0.81025270504141
-0.798354140020145
-0.879807946619244
-0.808012329872244
-0.760986087615651
-0.703258610029765
-0.699163019925674
-0.801798180048192
-0.713613650153946
-0.876411107072471
-0.697435241324109
-0.915872721056098
-0.738023267142569
-0.910786592313946
-0.67965513763785
-0.888263300016174
-0.717214155710129
-0.80785161064613
-0.823848189041772
-0.955650746505447
-0.755764601448256
-0.857031590335589
-0.738664350393824
-0.640314124035663
-0.718510603154913
-0.677429041852017
-0.685223514101469
-0.793722996415439
-0.820583621260005
-0.877246044458084
-0.918930252569168
-0.785219942558646
-0.642193525723175
-0.616841185158964
-0.751862143208833
-0.691536874728861
-0.812255914128044
-0.466415662149719
-0.683114764079249
-0.758331031077043
-0.646084970083796
-0.511500952216035
-0.890667137245047
-0.54943750647559
-0.688564174988466
-0.607223455514904
-0.808082617215478
-0.679652848377631
-0.788311636364163
-0.721784073809988
-0.59044596943791
-0.64456957920445
-0.594560948883112
-0.62492505319745
-0.609055849543971
-0.698426525460767
-0.611929122036452
-0.719183403097791
-0.637026116338847
-0.519678961599276
-0.635268005908193
-0.641578530775229
-0.70742701472813
-0.612230109753534
-0.574704347756731
-0.692942266229852
-0.755073625625503
-0.607993702414396
-0.654314005738967
-0.627954006276547
-0.590159990354645
-0.503221667243954
-0.594981207187195
-0.588638590527615
-0.672869245530849
-0.671196640670233
-0.729329848170535
-0.692317186489789
-0.444255479818495
-0.597363088902054
-0.624665214664934
-0.694088880984928
-0.584875768552181
-0.574776126681112
-0.741457618962443
-0.61537361157577
-0.689701625385486
-0.609697189676321
-0.740980174755622
-0.704168145355419
-0.50343660138298
-0.632714235791909
-0.659576112530359
-0.665406647368622
-0.703827948050728
-0.506034792318039
-0.643135838412392
-0.619912178486024
-0.649605424818203
-0.608970581915669
-0.593091786044527
-0.525125519403365
-0.652457173458788
-0.579507854184518
-0.643836634153771
-0.499863063135433
-0.492852540673008
-0.481059204636662
-0.581041929527848
-0.487478725224926
-0.504400269149551
-0.546476116897666
-0.477585219416998
-0.492756729647979
-0.595997651324987
-0.592473351570681
-0.56477044833301
-0.581780498755239
-0.621128041064516
-0.518718197881802
-0.404338565294109
-0.583934306547693
-0.487579500531441
-0.586886193951317
-0.528125737819577
-0.46610958870854
-0.424299038938721
-0.590321200165161
-0.50696809457241
-0.529711941598623
-0.525488561513852
-0.484276816950771
-0.539445747279638
-0.539031363348671
-0.584907695673442
-0.532387855502057
-0.565299202393566
-0.570109456992955
-0.472358212914597
-0.615570699984245
-0.521045682771002
-0.543273553015755
-0.511753480563988
-0.564795774535478
-0.476790265741177
-0.544244589815905
-0.517142152533775
-0.588860323190107
-0.369294260371933
-0.644519681770625
-0.480680673690092
-0.572134486233971
-0.497134973049815
-0.534197746440908
-0.473980449325014
-0.481963783882199
-0.625572498215376
-0.596403651060733
-0.345365347386059
-0.553939584738072
-0.420959635507574
-0.491208505898585
-0.428673666586181
-0.517342834876876
-0.417042521866475
-0.412143096613226
-0.338373782649933
-0.440339737131634
-0.584819119478226
-0.445489787362246
-0.412679902295033
-0.336570980991583
-0.457380895405954
-0.480423539453282
-0.522749757700237
-0.430145497539289
-0.466050512431407
-0.539304652768979
-0.332557986029119
-0.406920858670575
-0.42185412841795
-0.370342906498848
-0.387914226573002
-0.330638492487503
-0.334599874578496
-0.344742396735249
-0.432288666336714
-0.280422756676945
-0.294567240895366
-0.536723353331602
-0.365314416391605
-0.403847275956217
-0.450659956769322
-0.253270524594325
-0.428956696930352
-0.420260242360127
-0.455292103319195
-0.377966743761735
-0.36053370935378
-0.47978179362177
-0.319369999774367
-0.383717793608654
-0.383751536866626
-0.462982803933475
-0.469468740878667
-0.353200105217931
-0.422377368996442
-0.315374875655453
-0.291207565509398
-0.403866488215883
-0.323334445573088
-0.321415521558665
-0.43159201234531
-0.186266320499205
-0.441560527960872
-0.251559838586566
-0.347923867269027
-0.398538739321701
-0.409493830380462
-0.405393475854691
-0.373630195556025
-0.476254859346965
-0.12911916902792
-0.32759601993144
-0.354470437720111
-0.164366102529049
-0.340314093967935
-0.261153968895134
-0.382161881516588
-0.329504030480173
-0.328280127414175
-0.437343281729197
-0.337702147626648
-0.389779372311258
-0.395772959755452
-0.20777693513629
-0.351610636517227
-0.36502754226489
-0.24632071321546
-0.441497712878621
-0.349760054111825
-0.240393593969324
-0.366406851831782
-0.482354531666074
-0.427317903223147
-0.229482080681205
-0.317332815350852
-0.296710909408554
-0.203904097370582
-0.260546849359119
-0.228852701965001
-0.246313827108782
-0.336298156123085
-0.284323856354484
-0.406432641761022
-0.222445362030951
-0.393639411358817
-0.37472744371479
-0.304203963738347
-0.287576086018621
-0.1829048133413
-0.397185194798941
-0.328779105591103
-0.328195347119642
-0.188041533205707
-0.196898307435694
-0.23304566017649
-0.309531203092209
-0.291074705165754
-0.397672338912084
-0.252969773246725
-0.207747201988734
-0.323310009314223
-0.26957097032863
-0.346681540994476
-0.37206526584414
-0.289638277906858
-0.240207231993509
-0.387261116404792
-0.220794667251966
-0.35206978627842
-0.333461872259389
-0.369916245374521
-0.17854024777147
-0.214897717901617
-0.21512140157316
-0.182282167452339
-0.157688346602471
-0.297588338018835
-0.081704872272623
-0.355210367155252
-0.227596011097445
-0.223770887785042
-0.144312919220797
-0.286593037078602
-0.292012155141413
-0.245417618913285
-0.119093915293632
-0.207776668555145
-0.301472047745575
-0.342106971085402
-0.0340445287239336
-0.0527674455100678
-0.370216589207461
-0.207974003603237
-0.210067729645398
-0.276723805190323
-0.0386821992428968
-0.166792215670756
-0.238733343139927
-0.208993423343168
-0.173024959093069
-0.215780744221265
-0.183174373558639
-0.0761772543836684
-0.147592078579074
-0.0899392608982467
-0.198329204880742
-0.141616191512282
-0.181631984692023
-0.215177361515959
-0.065997919205642
-0.0906320401946119
-0.180293563670676
-0.0838104676280233
-0.0219936344218566
-0.0873703317721544
-0.0757781818187811
-0.25859729468323
-0.141711882918266
-0.0620270660292155
-0.0462540226523871
-0.0844515364701049
-0.0330853430414247
0.0643041255583428
0.00743526372759662
-0.210861225738097
-0.146823069905438
-0.0501501866407505
0.0910709274709856
-0.13470313395987
-0.0526957726227585
-0.170098848828293
-0.0653449354759095
-0.0786750401462225
-0.291055313606687
-0.134286672838054
-0.11814468846611
-0.12200211455939
-0.203279727790975
-0.0358092379457783
-0.0933135321791669
-0.0289218725997317
-0.0314549811935467
-0.0444515168916233
-0.128487984469395
-0.0977150021211936
-0.0234470602622484
-0.0470958552175324
-0.0591614572164299
-0.185453349049226
-0.109902984411295
-0.065196092387467
-0.147065857420514
-0.135832019233025
-0.134922475827693
-0.0792602502107774
0.170056288788255
0.0737142069688478
-0.126048064850357
-0.00728512182424429
-0.0213230928526791
0.0471510816701286
0.105978130643539
-0.0202006875329598
-0.0786476820260644
0.0209138313872108
0.0859812706162031
-0.00210935049973997
-0.00599396154843063
-0.0427464611226937
0.016774020655479
0.0362415094530274
-0.0972117599938224
-0.0725398995601566
-0.00889388412908551
-0.00552504619972559
0.0108278981690685
-0.142929867164418
0.121727336002306
-0.0591353395003245
0.05371392594621
0.00312388631548806
0.0311255236841905
-0.0984071336464852
-0.0296171335704803
0.0170966841116867
0.135179667338655
0.0381399413829668
-0.0569910143436407
-0.110831648970422
0.20937894739695
-0.025248693596
-0.0306434129871886
0.0812454330096943
0.14539023264118
-0.0237595119302101
-0.0183306567881969
-0.0718807484956058
0.000716735508513321
0.140260381765847
0.0281955608020235
0.142933530654955
0.0447618065364172
-0.0514318262081715
0.218394301657817
0.138945250671785
-0.0694738067984058
-0.0936255742297453
-0.052084458887689
-0.0594822665766513
0.0514943891177704
0.114385205580302
0.208414881436018
0.154865879947195
0.0476434178958038
0.061624381300934
0.0424604518398314
0.0394699870249751
0.127756065464568
0.353331499061484
0.111473866520206
0.0903044890652357
-0.03558319702789
0.0736756573843148
0.0732950071465575
0.117390345553516
0.163343370785188
-0.0153567306686207
0.078891216654805
0.212285876908009
0.0755488246215309
-0.00737164501446622
0.12267753747766
0.0434121924716845
0.10863448074952
0.0983299881583029
0.118219327783186
0.15630564295624
0.0868497243077967
0.0690276840328679
0.0946387768807908
0.0366314067179882
0.126580307774712
0.128868554255007
0.148901268093668
0.207544414158564
-0.0396762957977897
0.0851093602492276
0.163716189854513
0.240139173337208
0.0521513329334896
0.0373852341455413
0.196249649034023
0.00638308014750803
0.205573827909086
0.00234993894448517
0.247940486740296
0.188320651614075
0.115432168070446
0.126895765800131
0.0767290078296077
0.256046168951494
0.0714369806159204
0.247343643234529
0.0283775704222582
0.255657208257794
0.213982449643098
0.126641273170125
0.0720552244711631
0.344798717047571
0.250548880078268
0.231357603111131
0.184530638124475
0.086275122711915
0.053920212102682
0.100807225822398
0.0348130998876693
0.267977631636135
0.283829509215169
-0.0387745875212112
0.258849069400816
0.300513685672441
0.245481215775726
0.229172903028506
0.189178182451064
0.144132302537206
0.173307518968196
0.264672096896585
0.113082475350884
0.324775062262572
0.275970245336909
0.166073144260219
0.237412132827723
0.225014244708008
0.251828304069299
0.28232356678074
0.105583513470533
0.197136928843825
0.285900259053802
0.261321621678132
0.39809994674573
0.268755141615659
0.245860849263265
0.269544462923775
0.225981287795093
0.133064501366022
0.258059534602653
0.30399789873746
0.0538105169690798
0.201022526461245
0.253435436557423
0.386367323605285
0.155253470508522
0.381365459319788
0.359021955702564
0.263986501090946
0.150893801867535
0.275352339403128
0.270644400947355
0.333766867396714
0.204875758416562
0.376763614992009
0.433901778935167
0.285488342093753
0.255192433221606
0.22618217614256
0.204280082646733
0.416022796367492
0.44999023686343
0.311575659859589
0.186149809429165
0.13656255629072
0.443892852538594
0.293317952688366
0.215031358791256
0.318813839862935
0.255149752376386
0.395155898595949
0.269001190813906
0.280987295787168
0.253443365395626
0.243949388130587
0.370438033900439
0.306801511315461
0.486806847887784
0.298099755323154
0.378058220875657
0.349272890371542
0.38397087102718
0.310073303801747
0.259135493029235
0.413164541862674
0.332961014694565
0.454853418511542
0.335775816109177
0.460040738399786
0.338968314068504
0.297400490367498
0.365620605787212
0.459556340495392
0.432524070121207
0.397259266166595
0.361684289098326
0.35263254701126
0.332560042678212
0.176008744678202
0.449304952031731
0.201543195204409
0.211099568635969
0.425952119679355
0.422854352416199
0.414606953827815
0.355382762231455
0.367730965969747
0.362483832862176
0.367108390029921
0.361085690896235
0.333497309641041
0.324299134733157
0.393351797509547
0.317586320358059
0.291746432918242
0.388339032991981
0.439786686560292
0.360503570218252
0.415684407333222
0.322709875971963
0.338949473191082
0.311730337109784
0.232447595449616
0.579104604860498
0.463670259807821
0.344143664866233
0.436712706108967
0.54397298697085
0.438833513983329
0.475307350716476
0.372273291006786
0.347987053655511
0.420092394005883
0.362708801565637
0.300689031377997
0.417962526392694
0.288994151267324
0.423661540827225
0.497554963300597
0.477119116234868
0.465614452324521
0.471303796887879
0.53173760740922
0.443886777209305
0.494408714189504
0.415295015711444
0.633797367810736
0.356557969272644
0.528402666029123
0.41322048665058
0.448584581985402
0.526885701769601
0.414718969683687
0.554579278668474
0.527539173841861
0.328565403255325
0.390671337841245
0.413307057643927
0.387540680123424
0.578913673373025
0.619192204290178
0.661696247303792
0.454258458859232
0.490838160773587
0.594715688326338
0.499159815799479
0.419732647433334
0.477950998751527
0.470804636662954
0.534253253873956
0.504124819636316
0.641974184184191
0.355776430512893
0.615105176687489
0.586918816762521
0.453124935314656
0.622919836328554
0.548191911739748
0.585030379314755
0.648920601947002
0.514894480643157
0.450804347929955
0.481939936956942
0.599634838212281
0.476034183395616
0.486190273678372
0.599927548274455
0.57417505989935
0.512796534927718
0.581978903653583
0.506413714767784
0.733346044888494
0.700520773385792
0.406273433133347
0.455029996235743
0.575714621833502
0.564298803536837
0.497283347028586
0.356226637981421
0.47529688402965
0.529497321944383
0.600116531179149
0.579161865212639
0.447147549852368
0.702177497310212
0.645420668793299
0.579822305209074
0.577858994337317
0.700459292888518
0.42114481359586
0.357772994000022
0.545194892284079
0.529164703278546
0.549155760785848
0.491618222071911
0.431011176193026
0.573409884953533
0.567452976253402
0.851039272744559
0.679095446945827
0.574829830080899
0.629368915298464
0.698229853948437
0.636375954445839
0.665385597185822
0.640648400438013
0.569634566615656
0.580889491453371
0.558723382073849
0.676182720419574
0.535924364585309
0.665444667196891
0.677128502785482
0.68655818025258
0.739876396582845
0.579459163394038
0.690973293826981
0.622488923849085
0.676905240324298
0.599348984242673
0.740912063991001
0.848970383406753
0.835707107057643
0.633083348094043
0.623619016871649
0.680327550125901
0.813808661342786
0.660902094400929
0.712638673328341
0.702628998330207
0.663694262868127
0.574549047528578
0.617350193404457
0.631787833087916
0.585043010176633
0.815985783388319
0.58437106910271
0.624591601913549
0.474680143095402
0.617973595757333
0.648338678070036
0.527661623779065
0.65955197167993
0.655882513685792
0.725822106565735
0.619998949742541
0.741395220795612
0.651111143721337
0.531473419059178
0.601403191946696
0.749445271153459
0.802708000750047
0.823597056326906
0.720657829801523
0.730143908201236
0.773529304982395
0.629002312744595
0.599755424467418
0.744951367276661
0.730041262752659
0.717702825206197
0.758323544049061
0.792607941602742
0.666582137748923
0.808006916477364
0.80093941251526
0.671317349818253
0.666867817989514
0.670260443728883
0.730442524061038
0.857801782865892
0.848717689333134
0.587173175719637
0.70629210099811
0.896571967177364
0.786526784823591
0.820946861152211
0.664595460246231
0.87291451262559
0.785019381446281
0.787283772473182
0.7607017685403
0.799487915661155
0.920208323748618
0.662376346954428
0.832431253970264
0.817550662733817
0.777075428899742
0.744565656473181
0.774008131145178
0.872122099504664
0.791172608895946
0.820486305509882
0.777185732772589
0.771871463314531
0.753235239577377
0.796345875136581
0.846385770631912
0.712577053056081
0.608473781565535
0.949942568478048
0.685013466273762
0.899907804277032
0.864853099800858
0.877638815293414
0.696490646400951
0.839953035355729
0.889525132654165
0.741451914227424
0.81837567057113
0.822357342281959
0.88202692323002
1.00689553933843
0.852439872113883
0.648628950588048
0.751836856636883
0.795303623313169
0.906655724128351
0.769148779984326
0.846533756207778
0.858630570271517
0.825042477584788
0.696226431251502
0.895739739383107
0.834252417680642
0.96622942799725
0.902419532131231
0.735349442865059
0.945483704980251
0.855552774848851
0.815794679301978
0.727025661187408
0.824800756405887
0.806734913872299
0.872567880529909
0.938311416836593
0.873065580908168
1.03892413204004
0.852735833946332
0.88338238845031
0.680786811323697
0.960216447380343
0.984294624406763
0.928360301032062
0.865419453260699
0.93278021553162
0.86618060619711
0.813117812271882
0.812136594911201
1.0237123128716
0.939131189961493
0.878350120874357
0.905353888302486
0.884344390278422
0.894994095475065
0.950129900635433
0.936721099541058
1.02976901804302
1.01368699094487
0.904328765352842
0.806581150196322
0.839711902894053
0.913672289843652
1.03187518833228
0.924030297916407
1.0157221671617
1.02449471616589
1.00578965206041
0.897257510203677
0.838430047600028
0.903093967275195
1.01921205452933
0.865917947748086
0.918888543654706
0.958770353645837
0.925606654075449
0.853067876426509
1.0691395640676
0.907745642250902
0.77428459275664
0.883176089133017
0.867101605315649
1.01556065996689
1.02245048917793
1.05483833053974
0.932558979890332
1.06913889163303
1.08066302596897
0.970931115823949
1.05328539933549
0.976247841898969
1.08819660038745
0.974586159595765
1.01261358096482
1.0055559172625
0.940379524493189
0.953068825568407
1.09061318730999
