-1.18412206138223
-1.08887387147137
-1.1067323128527
-0.908658006752213
-0.945407192835592
-0.945229834849811
-0.99020031085287
-0.929261085481687
-1.16423937648196
-1.01917319324528
-1.00590508528911
-0.996658898273385
-0.898920823746444
-0.872564421092652
-0.92305195672142
-0.984593262188109
-1.0065177787825
-0.970555793466145
-0.960115921093463
-0.909819128498672
-0.930865559962449
-0.981529855355224
-0.836248046862853
-0.920301464086012
-0.983629491030006
-0.830035693318097
-0.932621946358616
-0.869808595804961
-0.937396407703019
-0.940996683514087
-0.959397285432782
-1.00755028449142
-0.912618068279419
-0.922364457573775
-1.03933390502171
-0.937362908369975
-0.93644698314486
-0.899509459926592
-0.80191544356011
-0.842958070125047
-0.914164790757806
-0.79480692659309
-0.803758696270743
-0.809971046036562
-1.01476841258323
-0.905083057906271
-0.893545945407981
-0.938888567744844
-0.887972831567368
-0.874843784962755
-0.797527652305399
-0.991964452543475
-0.871529537500735
-0.872902008651203
-0.91102313609715
-1.03815697052269
-0.939548311025807
-0.915646920742489
-0.94649650022846
-0.905462988327316
-0.69952064299541
-0.929226699054061
-0.898687549024909
-0.759362760870564
-0.810123879380923
-0.708107416683099
-0.892062664389482
-0.823434034201544
-0.833040405417024
-0.837947121613813
-0.859145997386648
-0.833395292750151
-1.05667617442971
-0.958124042270049
-0.938477075297615
-0.942864479302023
-0.861542746407252
-0.727164942462904
-0.768133014219986
-0.829807910184252
-0.855669573167957
-0.844908148172244
-0.870817446063774
-0.826727824259455
-0.796558903443562
-0.713015033226473
-0.810233873938138
-0.874079648238342
-0.882752066005274
-0.784253118040957
-0.726906671302708
-0.733865231380862
-0.756707103335008
-0.641344102147545
-0.804487802218596
-0.906096022424317
-0.852038795318902
-0.725314596147507
-0.786833687425163
-0.730495730821732
-0.884386888062065
-0.784739115432476
-0.821397879565766
-0.881393220686116
-0.816883283706244
-0.865930944742306
-0.77607661423845
-0.798860823045716
-0.822840715278619
-0.776937024790206
-0.784587456308662
-0.812284503906328
-0.77511692427744
-0.620219835568582
-0.788623342636494
-0.871430252363945
-0.637454867394443
-0.715935854045274
-0.627672845484591
-0.653019541800557
-0.655269689756394
-0.786611506246719
-0.725954357210945
-0.788102597816451
-0.69712995596076
-0.675733505587599
-0.721366325398565
-0.563792293937497
-0.691936091512989
-0.796700856211923
-0.665195768500963
-0.858322967288336
-0.617264297845456
-0.623963043128704
-0.725349216929949
-0.789903781696442
-0.739378575227566
-0.703588720553619
-0.635844877663152
-0.788879405028771
-0.676967934901843
-0.780271018391746
-0.804792657839705
-0.830293151144004
-0.618244152742101
-0.7612790165987
-0.62994040145641
-0.768367040011006
-0.729281050386831
-0.749903915718944
-0.537952455649662
-0.672759142482167
-0.770852748459738
-0.58683020181604
-0.785407764334315
-0.723415778436746
-0.576207448086652
-0.720291814482043
-0.763470127591975
-0.763233838986598
-0.699647630950662
-0.802009418383982
-0.597249452923854
-0.615091700674545
-0.68363923372152
-0.569791267199661
-0.569631590057022
-0.707990972509703
-0.535568908230924
-0.761694938303917
-0.716079392016716
-0.634330394192455
-0.735205965842437
-0.557936022103202
-0.714113362230629
-0.658001837068514
-0.680226592455024
-0.599821356327537
-0.687603422063431
-0.664702157246907
-0.711827036035957
-0.600786824246592
-0.589311758374419
-0.585661729519169
-0.660297806973743
-0.627044688560814
-0.608907410491467
-0.658803478162127
-0.668123708551703
-0.824271989341791
-0.52493923240132
-0.679391547487188
-0.619045973387541
-0.628077231559422
-0.628507664001459
-0.669681741463182
-0.547784874109396
-0.729375914741549
-0.563612515423755
-0.574112893357958
-0.600894813571622
-0.695254587772823
-0.643561485721675
-0.634845239318104
-0.614823198818595
-0.646916168610854
-0.415911886309461
-0.489535992286111
-0.751065409860299
-0.657607444258793
-0.561412800426325
-0.47958328915346
-0.526312922884394
-0.510335793493889
-0.678257831301129
-0.432578399647344
-0.43357434032329
-0.711467495213318
-0.610252084776705
-0.56621326732859
-0.513282420894251
-0.499256404394798
-0.623759574327252
-0.427917557302496
-0.489386851353723
-0.637548391487349
-0.693848118049093
-0.470373224467597
-0.403064417401048
-0.445670785954785
-0.607959801211977
-0.570544806550035
-0.373150977296688
-0.598330249255162
-0.508249060772181
-0.559819179374355
-0.574581520966377
-0.423610204603428
-0.578937300148954
-0.534689446017204
-0.568233863339975
-0.409511560998353
-0.578458629077794
-0.487071495545314
-0.387158822706903
-0.504430872502963
-0.568489531654802
-0.551155101312514
-0.441111392894464
-0.476240404343749
-0.548249686660537
-0.526602991679628
-0.526324484440053
-0.539364331110368
-0.6543097588277
-0.457134099454056
-0.414105712383622
-0.353237834507466
-0.475799448723111
-0.54971370654568
-0.476888624573868
-0.418196305058431
-0.559526318619619
-0.387033534398259
-0.506167535090139
-0.430909244988471
-0.476305469014733
-0.48793425005446
-0.356862465325259
-0.356641362556824
-0.504677644025149
-0.531618781720623
-0.464081002777069
-0.310604274978638
-0.458807585157514
-0.429479580699466
-0.396062781338756
-0.515381731975274
-0.54785731458537
-0.463279163451787
-0.31178071060185
-0.373229927195799
-0.51160937290391
-0.422517348893767
-0.361158594406429
-0.361659538434142
-0.462301079927316
-0.468527708675759
-0.302105543145272
-0.360022441662398
-0.41754849164359
-0.571190663104201
-0.386359306109122
-0.404476379220582
-0.41364804813741
-0.305734961854128
-0.543033497064414
-0.371009998945102
-0.483860660164382
-0.492336207925198
-0.341475050094797
-0.409832911516678
-0.328840439272687
-0.390338821358173
-0.230721371912121
-0.243350663704683
-0.369112191530331
-0.445026156040197
-0.30572961497444
-0.474421443100964
-0.344916161041642
-0.585750505077804
-0.472773853016595
-0.238440900822228
-0.405091516914387
-0.296945203772293
-0.402830537033424
-0.525089370663726
-0.288103741751692
-0.309756318263397
-0.294439796029104
-0.349723422921194
-0.224068770529157
-0.243443850719283
-0.350380078067249
-0.320693651530716
-0.357862293706745
-0.292292866755674
-0.458624691884372
-0.346457732560062
-0.348713773791176
-0.31709197319544
-0.136284269495092
-0.4074409264109
-0.460238575750502
-0.438921675133039
-0.356531184357794
-0.386080999128556
-0.297477380208174
-0.415290392774179
-0.303369220612868
-0.41519304958699
-0.33676766491178
-0.25259036725802
-0.330005188298921
-0.263989869060741
-0.413886964221684
-0.283680552149794
-0.266872653702273
-0.276961009219288
-0.465367105807975
-0.340158811082238
-0.26973412273366
-0.204829403154527
-0.285056296673433
-0.340602613517533
-0.297864647931145
-0.353639415149671
-0.196457582932073
-0.320482738410546
-0.245421126232292
-0.392117549560996
-0.340657623522179
-0.340923464756269
-0.278773298653627
-0.390377827217521
-0.299896618157687
-0.232820556927011
-0.135155274920115
-0.119717699666378
-0.145164471161569
-0.30888249100407
-0.326574593489189
-0.212586695513808
-0.301234883263846
-0.179872619024256
-0.27023332319385
-0.0417785743454214
-0.275174047747423
-0.438965069475653
-0.334128601992295
-0.229950719168701
-0.182499917463571
-0.39670364614286
-0.357330878037129
-0.271701758154418
-0.150626589292958
-0.136068947549002
-0.254560196966683
-0.174835458706596
-0.276711345351073
-0.135998758357966
-0.128311638754446
-0.379321946990629
-0.175302365273202
-0.301582499574836
-0.187705709168282
-0.159212007580574
-0.19136869008606
-0.231685620662495
-0.117553908936293
-0.192517194412815
-0.338855646767592
-0.226716833827765
-0.072796420426958
-0.352716518267679
-0.157996395176552
-0.187037238789961
-0.00405371725678844
-0.194435913636739
-0.153724746028145
-0.0880891351631564
-0.241461400744543
-0.211594891841082
-0.153349373538202
-0.346520616823284
-0.119945145778723
-0.297305548476248
-0.153694526838978
-0.0943804498950649
-0.233435419038681
-0.14557681946186
-0.209355793921425
-0.253382069708908
-0.248907815285334
-0.117537054941256
-0.134597716498295
-0.00508005043512079
-0.161618262156687
-0.0662740858116988
-0.227816688952821
-0.279657094404686
-0.247571297738345
-0.182339977237165
-0.238076823205621
-0.0535632371618285
-0.169587025891761
-0.0258536600910307
-0.0648562141074355
0.0357691699028681
-0.0123441492116183
-0.105804721749163
0.000390238941273329
-0.180768944536049
-0.179289561435512
-0.136531512984199
-0.113065992231388
-0.0209328500130143
-0.181911197208446
-0.0726675230804394
-0.136729797041729
-0.0125730145875729
-0.185427876597437
-0.16709682119612
-0.146346349054681
-0.0512117444126378
-0.0738474669631446
-0.0349980803534401
-0.187437177814881
-0.197576306867918
-0.13497544096777
-0.0333223986838124
-0.198809289430561
-0.172915437750224
-0.163855885951422
0.0403214731095865
-0.0794156629957075
-0.0487319839870612
-0.133693859747114
-0.14783116856868
-0.148019720151971
-0.139645505738297
-0.215934528434348
-0.139041577442176
-0.0813894185217477
-0.118197340398375
0.0856076907486397
0.0197412171746745
-0.132558121817046
-0.110984795483631
-0.126799493824221
-0.0223193803645249
-0.115361609238341
-0.197710032802588
0.0737633327449493
0.105541129563771
0.0616348503760228
0.0605795508440743
-0.163749053065491
-0.0778067472175371
-0.0235843317426426
-0.028745447703313
-0.0107336243387832
0.0471174030624678
0.0390030624415769
-0.135208080573385
-0.184459889403218
0.117714670194576
-0.0848654662123846
-0.010296749724449
0.0561338372828158
-0.121073930543349
0.0459880116985374
0.0540410307837664
0.0386576393534695
0.0366244724307104
-0.102075988926089
-0.190013156040957
0.115737206041666
-0.0923344399750075
-0.0546441363406073
-0.00847853641970964
0.0509267826776114
-0.101396591785536
0.0380438756042704
0.169417099110555
-0.0391427267301483
0.0443221967729997
0.118285708453554
0.0689316209497681
-0.00649273017906117
0.115150173929525
-0.00688614822523529
0.0509967397345138
-0.0209609765925537
0.205465951918951
0.140762448704321
0.126714421513193
0.0684451999272555
0.0787883424208202
0.0975666367226725
0.0530811767293628
0.0309320512116789
0.127492538037164
0.0302585229419543
0.132571432923157
0.0308720355879476
0.0284737568624196
0.124875324457469
-0.0131634929002106
-0.0216400020563816
0.146105281181747
0.0920190558945156
0.0293141908598043
-0.0428404657888668
-0.00580136968327592
0.191535164126493
-0.0275412635899522
0.141733579053022
0.0232446773113177
0.025238132180281
0.0788332189828992
0.05244307630033
0.176505209177537
0.0831785278837851
0.262519221226421
0.0498168209679569
0.178173775844338
0.0211135226311113
0.15629754279618
0.049775760849404
-0.109193979791689
0.10574200224127
0.0973054266572521
0.211750230267402
0.253897710943167
0.244024552569619
0.0274389459157693
0.142823441457152
0.24808911867857
0.137655669887445
0.1129097637808
0.135364395185854
0.108591021832656
0.156853585964722
0.153189099448986
0.027020703288772
0.133694639429655
0.191351397917088
0.0942162501480785
0.351460602285096
0.0276138632438575
0.19704444197143
0.21116838522577
0.187923333645081
0.110981914892776
0.225359088736253
0.122381151822088
0.166469658665882
0.307889226835776
0.32888457217913
0.251273581736326
0.128819836363886
0.0817030725131736
0.13509788107274
0.194858527623378
0.117334710597164
0.227042394217332
0.1500057296882
0.29800902647213
0.120667707904576
0.0940725652625699
0.194831199348301
0.175335250100403
0.392425171481998
0.315911836195177
0.195760051924947
0.34560645349321
0.229464249255826
0.214964654342948
0.248915841870725
0.240375546944338
0.215787196339995
0.134105402067264
0.258316476614628
0.305938389877707
0.288531587403217
0.217746741396724
0.358711063573009
0.227888502728681
0.352384122536193
0.20349638731213
0.136724018943549
0.240909129541922
0.267219627767508
0.28512164298881
0.172001756819467
0.349003230018612
0.246718657307358
0.288670548666306
0.300222020692193
0.130927120691336
0.0736333423730888
0.185983478006125
0.396301142272924
0.283691102804549
0.254155075129382
0.31485478156441
0.339930808084134
0.220418715308192
0.0733904085236956
0.357627149667402
0.311931650149322
0.242209033875873
0.362404931055207
0.0660370883268904
0.327176617317331
0.199983740373142
0.243040860164541
0.270538331472324
0.279560646518071
0.252231486060575
0.390003673352724
0.314173790505281
0.418207649773207
0.38961636847382
0.417326753477994
0.236669530182398
0.380620464258604
0.294857214241746
0.335450698709445
0.2153279595451
0.37242050521682
0.226618194753343
0.523268081485207
0.457410862298887
0.29072555214531
0.342452322695667
0.384797863073821
0.380402310170965
0.258012351525764
0.274923332234779
0.315032880854711
0.341954038490641
0.425216195266288
0.374567469168571
0.263012393541205
0.472731784534834
0.442902169294392
0.415050840724252
0.496525318434291
0.497178673977071
0.339775263441637
0.407346400826356
0.530916009748492
0.168461871024745
0.356971992875776
0.43152446593467
0.247492834924361
0.291174520642082
0.242963624094821
0.518778747671119
0.392970972042818
0.300693031766476
0.492368936765854
0.400220555984666
0.386831174689373
0.363222215194245
0.457793830359295
0.354711775932329
0.504124598727872
0.418640615752708
0.431962656003727
0.410297589636513
0.43791788498227
0.35040880664968
0.393529094925846
0.432130151128801
0.383081326274718
0.419806464292924
0.421774917092796
0.287504733405533
0.398849390986065
0.389108702915661
0.508485605646938
0.377446936823013
0.468876923232094
0.358006676282356
0.435620546629666
0.438969622806391
0.272190454088792
0.402040815024646
0.547498423099923
0.47444928497876
0.547174092753757
0.618101476012001
0.429788578181928
0.457408693627537
0.329861141512608
0.546798911779185
0.467931848837315
0.34636130338583
0.569139345585748
0.498867697746646
0.45904056762404
0.584385376307602
0.42243428701285
0.542960636115797
0.527171794973016
0.573842490990128
0.424734019393865
0.550065520303597
0.416529866684633
0.555067075820769
0.413044391498592
0.392152901259515
0.456477150563166
0.737455828038206
0.513617839146816
0.504589551326152
0.429683135246858
0.492291090832196
0.561106336736744
0.544479803047472
0.38495204055498
0.569663238402704
0.667259319444733
0.441668359613145
0.453738477463175
0.449603698837448
0.383752629763134
0.531362044555876
0.5619710177733
0.485434910633686
0.522010027050999
0.510264000275644
0.459052497834188
0.436014309071396
0.533291414238442
0.552689223128786
0.608637266167597
0.658980143269335
0.634373162504638
0.392661074509466
0.524203013553129
0.561669044561189
0.601474516127265
0.606947809887027
0.443187343003988
0.547117910212906
0.623706126201009
0.609088084791826
0.565791083471333
0.650907808922165
0.548920035070173
0.534869312431037
0.624017402364686
0.54815353123852
0.650373786350565
0.56323798064266
0.614411237358871
0.365628701150969
0.466599261495908
0.60107250021605
0.55245506022586
0.62438628475718
0.516710951336931
0.573615902868766
0.539500619692878
0.55876447650885
0.613433477104375
0.551800445337887
0.437005864673252
0.825863246958178
0.664917540994017
0.562990182597354
0.594374414643483
0.686330733221296
0.499005814576266
0.706070299648036
0.614471991029235
0.610775008768469
0.592556856900636
0.62325726273017
0.613507233681674
0.631093334144806
0.709472515334544
0.57403247583356
0.745055380871889
0.550794828345193
0.586307549080908
0.691228647700061
0.57521918784883
0.599419799345172
0.773460855987485
0.738863944520258
0.60967269109743
0.649358497445102
0.682196337338662
0.700355178895079
0.710393415432542
0.688428205267572
0.76084133600161
0.783492572366397
0.737915297844055
0.568486139588322
0.608143602332796
0.701292047289051
0.738298257159411
0.736737887658234
0.631338812596335
0.539137856851252
0.624210365746467
0.796638815615009
0.622026889017298
0.722669820079474
0.721838205996726
0.824331981117698
0.653717472576607
0.628592151056438
0.576377780452134
0.772915515653744
0.738946842272089
0.601097690910979
0.666800102994654
0.695362696725884
0.688424985316124
0.696804093912909
0.663906798658345
0.740776903695228
0.577334001827289
0.870382147427418
0.644478230890919
0.53279764568906
0.760621573560855
0.729285398405701
0.775554559520799
0.682603121223123
0.850754948182817
0.707621933860437
0.742074762125208
0.70474211810799
0.729487325421431
0.717468181371271
0.834871091048284
0.882268998352504
0.864803013328259
0.752382915861957
0.680285520662983
0.569681700102326
0.738939714690115
0.736657503325338
0.831592792751984
0.777255531543171
0.688403562684268
0.891714405215151
0.69209277827868
0.846758265913802
0.773682492174021
0.666612892068255
0.850839047481174
0.702732848741906
0.959551056785428
0.75408981653247
0.665993666653482
0.837931631289153
0.8390407815873
0.677560101891848
0.780263445111598
0.754531224137528
0.868047941077124
0.763804985636173
0.807399901013756
0.677252518502083
0.656666160152815
0.842128598577169
0.827400572160005
0.797111159786494
0.854144884588519
0.845003569526226
0.9225254220485
0.838289466813985
0.780174163658312
0.903986589955107
0.975438626728992
0.775843966268159
0.896451143347226
0.681692588268848
0.745812036751158
0.83049970374597
1.0280551827349
0.753441990713513
0.895546850511428
0.797590321313785
0.675440787884548
0.856945497072385
0.916965562261123
0.781367042006367
0.763955108474246
0.875454794438866
0.881794625285139
1.00582279776451
0.87732267820664
0.902464035983743
0.888101884954913
0.981777366553597
0.783663876062948
0.848662077776698
0.940082520955403
0.763865710142457
0.943586943124541
0.958206114301946
0.687423286503103
0.898313815969249
1.01971853964655
0.929768998492093
0.751156808347728
0.944928457175291
0.795416735931898
0.911948575726063
0.880016111216422
0.751628907995458
0.874759528417941
1.069586460383
0.831126694427265
0.819807312303574
0.986753055197807
0.926955072675756
0.885246167802315
0.948788191087794
0.905619527968585
0.888740947654339
0.924706455757614
1.02815044141337
1.02478363890351
0.842892725902973
0.909492576580162
1.09017348200702
1.0736351402183
1.02853931515531
0.97204499695151
0.949085192271885
0.829391707039831
1.02094180595258
0.9919792968525
0.903837033598289
0.804528610672712
1.02813939890978
0.980236649971735
0.790871064554214
0.753928980436352
0.814600277001435
0.934837490605048
0.847154877661292
0.974079401792212
0.827580405042206
0.978281878507984
1.01500649430576
1.06902002971823
0.994913033775454
0.996349907189211
0.986611345764547
0.9714548592829
1.01830114597149
1.01998761845321
0.990936500232525
1.03462550829148
1.26189407092352
1.13295798970115
0.996110265385559
