-1.04322427608646
-1.11810747952593
-1.01407573270363
-0.949159660480751
-1.0269725220676
-0.971966652506554
-1.08732638369136
-0.970150492922436
-1.14965886495744
-1.02885989131996
-0.961322805566793
-1.01281640184572
-1.00537551230432
-1.14294353027141
-1.12308722562864
-0.991783450746837
-1.04342112276875
-1.10939202287193
-0.839735521288909
-1.03453371013913
-1.02913135980668
-0.905879774699856
-0.919179316271508
-0.964305086820096
-0.911977994170346
-0.878784065852512
-0.999014785576998
-0.865521490555265
-0.942955894148682
-0.891283719306892
-0.919675095696202
-0.930727575798602
-0.998049134378841
-0.834722965923833
-0.880687101910465
-1.06253906884959
-1.02524233367547
-0.949503246120757
-0.885505602227479
-0.960252774677404
-1.04303336397711
-0.78437107680356
-0.978985494873993
-0.971983158380699
-0.937926476928099
-0.914350151417457
-0.981540935880303
-0.933230823022624
-0.848319401668404
-0.977172348406956
-0.914721687172683
-0.949556970939292
-0.873205007537743
-1.05912365296787
-0.875394711625086
-1.00258840200509
-0.935531901941841
-0.713226366772918
-0.778617160472197
-0.885226626291085
-0.850530434187451
-0.879912604026079
-0.724676811527694
-0.887611716561967
-0.951470278387784
-0.870603459434387
-0.952969902045654
-0.981065457743574
-0.970168558096994
-0.813173246894203
-0.79449874382723
-0.882419845321484
-0.816750319234102
-0.834517488317838
-0.963604005672687
-0.859950507505504
-0.88721876066912
-0.649454541849365
-0.839135236002883
-0.725790093939649
-0.712185061881277
-0.74904409689293
-0.867560960890494
-0.876007825124086
-0.990862957805181
-0.825183364689076
-0.796986879227416
-0.884868942653218
-0.792803314918945
-0.885821741747529
-0.783111350891874
-0.848243563056938
-0.921901598623888
-0.786310284188265
-0.807669124757497
-0.713762751865287
-0.728878736447962
-0.731184872879989
-0.71778955022926
-0.718009021955021
-0.856370187775167
-0.751928642487868
-0.612691498999165
-0.872086893421896
-0.802771190315144
-0.812934771925999
-0.88063649617602
-0.791023990031333
-0.775000015413287
-0.681921847683027
-0.675180281053925
-0.792343720279608
-0.715153908372454
-0.866950949216015
-0.697509509818193
-0.897576375892211
-0.733875389943575
-0.889193507329847
-0.678656186168442
-0.897607455796368
-0.735296710594523
-0.821217172285386
-0.830322126066241
-0.961297375811995
-0.751487380585947
-0.842109648797489
-0.764085635039743
-0.642070033227208
-0.71903739836128
-0.670357846632559
-0.705031471239023
-0.777476314190094
-0.788724664883455
-0.868330709481312
-0.896571737605813
-0.817613350962363
-0.612866947531477
-0.628933928808014
-0.750297362884182
-0.681811257173326
-0.807317611325398
-0.462381837207151
-0.659931494537096
-0.757776798960278
-0.620711454424168
-0.516925232142026
-0.881245497453007
-0.55236675420819
-0.707614934867532
-0.6270695489634
-0.800441401184733
-0.669821800130929
-0.825440987757169
-0.702179008923688
-0.595518641793669
-0.643259088216758
-0.584817485502715
-0.627215710288448
-0.588765626763124
-0.688061219967472
-0.601971052386955
-0.690881958624708
-0.603944969284082
-0.538939346452855
-0.638851264780473
-0.633425650537173
-0.710303187577919
-0.60218186388272
-0.559619021333832
-0.698529286484217
-0.756036124082603
-0.617720715120314
-0.667065976718197
-0.634933833477109
-0.582480378341105
-0.498612241544373
-0.568131895699167
-0.569106668828505
-0.663142676657726
-0.673144128220967
-0.741835531661934
-0.694139450967551
-0.44065164491601
-0.563189999192152
-0.630054220022394
-0.683431013088593
-0.571822403833774
-0.575216001436846
-0.746994869543034
-0.59702220833876
-0.702792076406244
-0.606920797242477
-0.741002641099089
-0.689263124884762
-0.5249898980696
-0.656697457029925
-0.632647687377799
-0.66761356349732
-0.741029182624007
-0.494746020644722
-0.674713130350604
-0.62257505400127
-0.648093894725847
-0.615668196222669
-0.60008852311415
-0.522286948824517
-0.651272860931786
-0.565695000132806
-0.634951685301224
-0.51151473541008
-0.490006590736307
-0.485002177844261
-0.582737500023233
-0.505190132857969
-0.501431165088924
-0.547472138851235
-0.455438740442555
-0.484018477010351
-0.591730801097656
-0.590442084141056
-0.537331781405303
-0.586334447401702
-0.632703024824359
-0.537455710504968
-0.430724868390391
-0.579942247576595
-0.481494372190502
-0.603158885017462
-0.524264062080382
-0.457075551425958
-0.413965054692838
-0.610179114512892
-0.489270751754783
-0.519233348318176
-0.546142246825598
-0.480789862576022
-0.53783227770835
-0.526057977265512
-0.572941097134168
-0.518887400409521
-0.563186635893827
-0.562468336156207
-0.475451401356188
-0.619332924856914
-0.534981617533732
-0.539098089550551
-0.506228175157422
-0.552325209246369
-0.46023726679291
-0.525793493404594
-0.523239338147413
-0.603730328698636
-0.399689403294216
-0.621038564787182
-0.47749596284789
-0.55955234387255
-0.509720219266481
-0.530441653144626
-0.453843833160418
-0.490245072618197
-0.606429829433303
-0.637594812099113
-0.35196074238197
-0.559255036379357
-0.425171065086533
-0.495240227930789
-0.43104212041058
-0.539316639555943
-0.412530216183921
-0.411564365736308
-0.315940756651605
-0.453678185997987
-0.562124311693617
-0.458156113461703
-0.428785152964113
-0.327034970719187
-0.463734483952094
-0.476163145438903
-0.523893118203206
-0.425467027666169
-0.459175119450934
-0.529302548109371
-0.321726069629363
-0.420589058321731
-0.449494331785039
-0.381225616728771
-0.389669539472947
-0.319315882861209
-0.326921194872998
-0.350681778869282
-0.446784624466149
-0.278020465783294
-0.305273551795444
-0.535767847152301
-0.362081421741203
-0.384910790059629
-0.455947049078811
-0.233492423986534
-0.441038953861175
-0.408700160236066
-0.42914055373961
-0.374305648559472
-0.359223519150479
-0.487449999706854
-0.308283020509007
-0.370965935605771
-0.368477568950633
-0.456441489754837
-0.447362862595158
-0.354348578936304
-0.417088066779369
-0.30315339466176
-0.300633032432222
-0.426530806668106
-0.343272145157796
-0.299319599016374
-0.428280325249044
-0.176166771794
-0.450531770109361
-0.255388677178461
-0.359966095240085
-0.408803896118434
-0.381383711113927
-0.419402101684155
-0.376490859749645
-0.458026717633705
-0.118051271288301
-0.326294713002984
-0.338159735930595
-0.165181225090234
-0.315440981624305
-0.250327543129754
-0.373521202365754
-0.31570092359611
-0.339914326202135
-0.428785217101385
-0.328392650971375
-0.385101309395195
-0.407484453386679
-0.234176047408884
-0.327712773423805
-0.377471705571274
-0.234848207389259
-0.44246352171342
-0.364007508982207
-0.244370735882729
-0.349892122790703
-0.479102285224428
-0.438148004684768
-0.20645070390678
-0.301523173109631
-0.279788452846861
-0.205762315915332
-0.293745668431984
-0.224361731805924
-0.282797611171344
-0.327403255908773
-0.278691147828965
-0.430694418149782
-0.22518066767881
-0.386075054795997
-0.382622752657621
-0.278467292728688
-0.257785290704966
-0.175622503330216
-0.402008778504099
-0.302328042785512
-0.317542510390351
-0.175367948180957
-0.214747315803265
-0.246955838142833
-0.28662421982575
-0.282948181396307
-0.399205848451784
-0.278363833490626
-0.219042197220488
-0.301658995816297
-0.251720391530721
-0.323531076143346
-0.37619086859446
-0.2903084580218
-0.233681212359093
-0.372110466767859
-0.217929163867753
-0.344684413243573
-0.32751905850934
-0.370666959740377
-0.185573486971714
-0.2307400690892
-0.216211917719661
-0.182202715422269
-0.154263689039571
-0.273551991947773
-0.0733915626924605
-0.373433301590761
-0.229427759454034
-0.219975255710826
-0.147601325014061
-0.280924189271827
-0.314655187566482
-0.252391764691943
-0.117669571356224
-0.20381619670555
-0.291043063350882
-0.317120487063583
-0.0132660450574085
-0.060611243090522
-0.353392086982484
-0.224530242382722
-0.220942272057613
-0.279650143835305
-0.018550138131758
-0.17972795537861
-0.25880819838188
-0.206616893009693
-0.151947914426
-0.227629862042497
-0.179016908637144
-0.0949807294541577
-0.155481861298573
-0.0876153236864022
-0.192389666936899
-0.161865577506443
-0.195975346296225
-0.224808859297577
-0.0599361657556491
-0.0663090142712153
-0.174865626103228
-0.102542928994724
-0.0109017405989755
-0.111894338273508
-0.0848582727338349
-0.242564710709194
-0.120078391618012
-0.072297333477945
-0.0429607575507371
-0.0858652589923384
-0.0569520934828062
0.0682852681929011
0.0135567426987265
-0.218726597648386
-0.138767703926963
-0.0726202652689931
0.0826071673208906
-0.128476086685678
-0.0691314830655258
-0.159514093135429
-0.0589383476752953
-0.0603892963338134
-0.271546798112347
-0.126634075695509
-0.118862022964845
-0.119801845275685
-0.209101639555429
-0.0473715993648752
-0.112075714517939
-0.0417948702628837
-0.0411511683997841
-0.0410834617451029
-0.112137306361154
-0.0821072873496592
-0.0151898902559646
-0.0590489665361608
-0.0458970652004238
-0.194187690698814
-0.111685315706962
-0.0296411863576712
-0.135648725945262
-0.15069735561957
-0.142206319488424
-0.0831576903148381
0.173889182499143
0.088600414273549
-0.107742474545211
-0.0140127694222124
-0.0475429583752186
0.0487743297513866
0.115262176158122
-0.0145552444114128
-0.0590855122856779
0.0143823356110223
0.103076157478782
-0.0133212506584023
-0.0341750105244846
-0.0333000321456473
0.00372890643672627
0.0310556910118995
-0.113244717796153
-0.0742500011136486
-0.000846444562008238
-0.013769955138236
0.0255513403610355
-0.133828842924275
0.0965926338318027
-0.0200142833505115
0.042409742235417
-0.0128636281005641
0.0540934547861375
-0.0851102085914517
-0.0285483979376612
-0.00292473228109478
0.125413296786817
0.0424787035675628
-0.0461007336188261
-0.108287102867355
0.211120287769798
0.00211430962656798
-0.0412302709334936
0.0973474838030259
0.144052897068164
-0.019944025163801
-0.0400432088435327
-0.0688054930162733
0.00101770948505989
0.13187616567436
0.0262766999513504
0.148339322907763
0.0580949785855399
-0.0244717439275472
0.235934840394705
0.139171010961287
-0.0678833296446347
-0.0940465166204833
-0.0413591785052849
-0.0870918142150992
0.0450652471810982
0.0963063549494613
0.176578093919099
0.147524510981805
0.0372577439303154
0.0690539843388079
0.0508673744387292
0.0548734251734753
0.127493223600248
0.358879020610334
0.13376418341967
0.0852990154133734
-0.0377164561148971
0.0905678625804868
0.0913205228388217
0.120248902574686
0.155018374485325
-0.0220561613609962
0.0635119359536895
0.194756998751635
0.0763592672330726
-0.00825494808279836
0.12380473231234
0.0393579903863726
0.112450525408189
0.0886150532308454
0.10975530971494
0.168922063853036
0.0605906229054744
0.0536845274381579
0.106196474894392
0.0294522999784051
0.138401954322842
0.141579529995201
0.144275430439039
0.211657828846122
-0.047237124607847
0.103741681016631
0.162250148215659
0.251822535498935
0.0450516932203279
0.020783506236382
0.186545614112212
-0.003765870485036
0.193498590379086
0.0293312613879986
0.267830366356478
0.182614228916582
0.134499027628736
0.10674084293988
0.0971471335044831
0.249597976072704
0.0770988620119592
0.22388420445351
0.000307282282308761
0.257297068863652
0.214064078191918
0.11199593144913
0.0892373140663372
0.344896096523982
0.229396046089649
0.23970201208469
0.169460518045352
0.0810884682220555
0.0600706521114145
0.104585264326806
0.00794961302841924
0.270329269876245
0.284507186068332
-0.036687276956888
0.261810627934393
0.304609222487478
0.233396883030595
0.248412041157568
0.186350563909724
0.154839911764488
0.163513032896409
0.289754702259714
0.0874431099039214
0.307560198514296
0.298360355697293
0.175086440664383
0.223508067543203
0.228448551856525
0.241150599494894
0.290997628310945
0.101554683711164
0.205684327413658
0.287097772970495
0.260981677848722
0.3949361826498
0.252299148516332
0.237161792015158
0.27520618563695
0.245208104237363
0.122454001054518
0.248948310006627
0.305151417477303
0.058197436099073
0.209470087214141
0.241684974418324
0.366839121629416
0.163130551065137
0.376894698272081
0.36913697674982
0.280603078948843
0.154882473580979
0.285330169739112
0.236244132422103
0.348042399030444
0.185756251560013
0.385010170405482
0.436136220471915
0.259665170255969
0.276859193940918
0.273225460088107
0.228293468905281
0.389666589204957
0.46043608590005
0.335821488195609
0.197735514625949
0.130080280200358
0.459461122477698
0.304960993985987
0.211144564698361
0.320034371885886
0.233417724739433
0.41363405588676
0.266920005514548
0.28222070515168
0.249297912560246
0.251364726525914
0.3918440500307
0.295749011050007
0.484610921771765
0.284902761747789
0.361026122374395
0.349251973287959
0.37426166764801
0.310310217723605
0.250717985940586
0.39742470206818
0.327486424166746
0.433456285775827
0.322962647645378
0.436733384477118
0.34008601522071
0.272378019177795
0.346938508031486
0.471473399676543
0.453786505943765
0.408629381916749
0.379938991287269
0.363291003474926
0.307436315367936
0.18306870348184
0.43760527061245
0.203194290462535
0.217742906696818
0.426687602546579
0.447903976669649
0.421738877104886
0.354064302923033
0.34112533843823
0.359282776989837
0.366931412164775
0.36815466385634
0.338657690702734
0.347685731035344
0.379145364640338
0.314292247465745
0.29877429285328
0.393237516621569
0.440066806031608
0.367822029903573
0.438737128324439
0.329695606921406
0.363214667620046
0.298158066660997
0.249666593326713
0.546354109214758
0.472891394264479
0.33192970918798
0.421179333248135
0.517103842659367
0.416217977564604
0.45931962760277
0.352527243353859
0.345652413038806
0.412416391273062
0.335511030319782
0.310134339691513
0.388623330512366
0.295346985933677
0.440601338981892
0.501825962125875
0.482037263806424
0.462245351304572
0.466410860860447
0.536054429379118
0.453076459464644
0.498324669889418
0.404975374301151
0.638048564555234
0.358632814890085
0.503521179384619
0.425639307228265
0.427882380389488
0.509776526008875
0.431423389400152
0.554589809974662
0.504227112467123
0.326801739394603
0.361119177882907
0.394361685927639
0.36992577539297
0.584297952673769
0.64170672179579
0.677349388311371
0.442631020505532
0.493022248861749
0.594823718980458
0.51401757739949
0.427394474374994
0.471303376347526
0.458258537224338
0.545347585314739
0.498544056838221
0.642561307630988
0.358562529737747
0.608203821819502
0.596995791146177
0.467413536290202
0.634879934429786
0.559248567316882
0.579504528492701
0.662767532264195
0.523399980262985
0.443857325282277
0.462781934528553
0.612503324198845
0.483446831108789
0.476509599182208
0.597628457768996
0.58714687032825
0.51703931556924
0.580322082545802
0.490417582694055
0.730263577334688
0.691114224468763
0.405794626545301
0.459929983888257
0.572115451487942
0.556341135542755
0.480777403520337
0.359605452240779
0.473831989000055
0.540379804885611
0.587144703240672
0.588472753174431
0.454881423953154
0.702578873350447
0.648995975171411
0.55173458255632
0.572418472703294
0.704242031543737
0.431231624842408
0.350557575255545
0.53669498227125
0.529509196833347
0.543428241050201
0.469062643506581
0.424726113723294
0.563999319322067
0.561047413729743
0.852066830930861
0.666521463693782
0.548525580602811
0.618601131281755
0.700697682009475
0.650318215476686
0.664674269464741
0.632558162416704
0.595591832783321
0.592744175554087
0.554394928546819
0.675461294634214
0.508255904661038
0.670985742167556
0.680442262961093
0.683026921237603
0.728388167327376
0.566621560488091
0.698511016823208
0.639054931412349
0.663182604754894
0.581003077262707
0.747075810838002
0.825340083575418
0.830114202899656
0.634895663399044
0.614295751115751
0.662449982422288
0.806722969278646
0.658779496544004
0.71447250292108
0.693280846711921
0.666682842403301
0.558737597821047
0.587395123153683
0.633700179475128
0.574279322291866
0.79601068837177
0.57482192328026
0.620870298831081
0.498815188182029
0.615135600086648
0.650836692119444
0.533160073582562
0.659335944152851
0.636601736460379
0.71991917746568
0.618613400445317
0.720114621468683
0.666773294457875
0.5554139064525
0.611918798757223
0.729581927735071
0.795010677783828
0.832534587637058
0.710070157969468
0.721344923527869
0.766916986705928
0.636950430374303
0.606063262329765
0.742752030044193
0.728333200551888
0.7342129154915
0.756780136121008
0.794159069501929
0.686554269726225
0.790553071420311
0.786735932419958
0.677040027317985
0.640996875641449
0.661554093192083
0.727826507497717
0.862797830042206
0.83682167913675
0.569930451276219
0.693082397950857
0.880969578654806
0.794374791617116
0.799248640645991
0.67383147059863
0.862475377521162
0.776646663207827
0.81444568738745
0.780389051843114
0.800345355275005
0.920980495753005
0.635688869382441
0.848332740551615
0.79545141398715
0.78599518789125
0.728342641202175
0.766635406738845
0.876388048399277
0.799040765592837
0.807101827037576
0.797865485445428
0.783223302010676
0.76225467676971
0.766411705141833
0.845445678787078
0.693944190385309
0.597731651689963
0.971107750569993
0.696490628178011
0.879194884493659
0.865278280214833
0.873823552048199
0.691078732732745
0.848893853701948
0.881913644965727
0.739823468929203
0.806666979214386
0.831122288752684
0.901704736891026
0.99935574699291
0.84927578769958
0.664613830502178
0.765021548124442
0.807554677789313
0.899774885356089
0.778317020752145
0.847984277462369
0.851677631632138
0.836040995103838
0.716636053406898
0.879249163241213
0.808527865106473
0.96775706749374
0.900100999292347
0.727670420641922
0.954420708156803
0.848624816909669
0.803003402489606
0.738895688563383
0.825149395307548
0.768742270448765
0.873289054119375
0.936874380739024
0.860123306815497
1.05891242031379
0.861968681057082
0.87247957588452
0.69270057119518
0.980735556949052
0.969341154475484
0.943815092271964
0.836951118322401
0.940760595160649
0.858549399972348
0.799795305446829
0.826732460595369
1.02195935410175
0.96627779674565
0.850337308641082
0.916054653982926
0.874754731544841
0.890934318620402
0.928980348546981
0.936001704226226
1.01327106618194
0.992161648000229
0.906155002559196
0.827664677002161
0.825160184860284
0.920120198922184
1.01745538498636
0.931766019781347
1.02179543269781
1.02461931671087
0.993005259216044
0.892330540355297
0.824448923020267
0.895100684009643
1.03179800542867
0.858216603486241
0.912660947875667
0.965298830885539
0.898012618298082
0.84300800751754
1.08343162662229
0.897421381223804
0.787890323897504
0.874494435071089
0.889629425534788
1.01240990904102
1.03135580472141
1.04708660458758
0.948930004574435
1.05527962030576
1.10185006566852
0.990486884458099
1.05331222427427
0.972624677693624
1.08560879198982
0.969938707182054
1.03234692196067
1.02313863261581
0.933488132414739
0.931658416643955
1.13836502510668
