-0.94406506250373
-1.02465199514667
-1.14064225314479
-1.09076929450171
-1.0681004549796
-1.00709673942205
-0.923634332915213
-0.898467303910698
-1.05942816307247
-0.960345448996031
-0.943368953984792
-1.10779560566536
-0.92936757127496
-0.853074426913471
-0.820994734310957
-1.03376552539268
-1.09498529372495
-0.920044334230704
-1.00464340599363
-0.810737341715802
-0.8448754863926
-0.880571516367779
-0.958877085761403
-0.973078120798974
-0.84453029274986
-1.11695213892954
-0.971164773230857
-1.12030947178778
-0.933881818091533
-1.0399024537325
-0.921352595068827
-0.868090716658324
-0.947251191860596
-1.01204627367929
-0.886400188639646
-0.996853369581966
-0.878696104775436
-1.06522023380667
-0.846963825897632
-0.902137874055142
-0.966235877850893
-1.05341206880254
-0.974807210876396
-0.966141462363349
-0.89401907451822
-0.932987116474308
-0.898459674554255
-0.68052681889844
-0.873805452213618
-0.948619281996287
-0.998877617397852
-0.879997065746558
-0.813619158204356
-0.82210494716694
-0.908465494019642
-0.924581404119739
-0.845241856373145
-0.892670261127972
-0.884816473614259
-0.801875724587112
-0.853952060314902
-1.01427869350532
-0.887037170672997
-0.826451209171056
-0.908540146673717
-0.866993209287199
-0.79533088809989
-0.879141576800931
-0.838852455988978
-0.982490629778461
-0.721748703499326
-0.738725081369665
-1.00506814490783
-0.900930798849816
-0.779780592626235
-0.859134654461274
-0.936690639342375
-0.728855411306453
-0.896294207029639
-0.795793957273034
-0.82000223734634
-0.760397279884058
-0.973681528937863
-0.751366567048883
-1.02646330071269
-0.818836708807929
-0.990548479764138
-0.827349702034719
-0.751174404854925
-0.738130413454265
-0.772928485144804
-0.808297822468584
-0.831453022410097
-0.806351881323188
-0.817787783966061
-0.800777741319673
-0.756513226136299
-0.672387852081629
-0.917451872028015
-0.713340524848582
-0.763325212018036
-0.824800271729696
-0.59439916316474
-0.683842338370954
-0.770180076802719
-0.775916487075464
-0.736117057544299
-0.70367012324276
-0.82679858338921
-0.734910801071575
-0.591678814115322
-0.847965174815138
-0.864993723181071
-0.771841671709873
-0.868848673562746
-0.830292603761971
-0.762327499860426
-0.753525017225486
-0.596415862763158
-0.76834222089751
-0.662185829376225
-0.886216870900139
-0.818655363296403
-0.847578647678409
-0.869323136949078
-0.690319931427838
-0.870448863700718
-0.745754558376813
-0.807726194491572
-0.682008429690139
-0.682895841232028
-0.7339140638273
-0.648730908388354
-0.824456785937703
-0.741004162169178
-0.756741739711793
-0.676052254089234
-0.79245288050354
-0.65274203908641
-0.646698834316742
-0.627079631614686
-0.565743930124067
-0.878971714210267
-0.541718505642168
-0.674368029740933
-0.770823719098363
-0.772983764206757
-0.69403578878836
-0.668132958662784
-0.634559403673181
-0.58560207744241
-0.575872031704139
-0.651160063703504
-0.758979504187714
-0.74836363498533
-0.650312544136077
-0.69287652170745
-0.605173985014808
-0.700991759257327
-0.668694453000277
-0.772966939266725
-0.631394799083548
-0.657380118589189
-0.57153044027294
-0.590729701689322
-0.740406325078887
-0.768598958949944
-0.603245098478902
-0.748163435858714
-0.733065921302779
-0.590932257621563
-0.626768227988168
-0.542260819400317
-0.697241694214365
-0.710738655254485
-0.618684452865411
-0.720807621886103
-0.616782961169397
-0.8107537968575
-0.643515260923237
-0.720592596379413
-0.620838370467023
-0.64436486249672
-0.686207552463827
-0.682178304012822
-0.589803635480822
-0.630998828384077
-0.579341646183351
-0.622079677083379
-0.74248717335284
-0.646992974151722
-0.742308697204846
-0.501679284734939
-0.623711169908824
-0.650328245737631
-0.605444022016351
-0.65490029134553
-0.567495694152505
-0.642313121611506
-0.694197696893404
-0.704320073955961
-0.512885162051019
-0.571873747888507
-0.526430502215847
-0.689793769879134
-0.63040279464131
-0.375739461966339
-0.614253064917368
-0.45794827454088
-0.30949240723563
-0.532105284793095
-0.51537815774362
-0.63923976486788
-0.521440877954531
-0.627144999817849
-0.520555397954377
-0.348559445395274
-0.496782439126928
-0.690009954821045
-0.711921207175266
-0.618680037201918
-0.59668729563585
-0.403267982782302
-0.795648660432786
-0.70296485901215
-0.614573538888631
-0.448795947035629
-0.49673107392457
-0.381356687002969
-0.573399113971262
-0.657634462422536
-0.650194397413446
-0.582166831239103
-0.602596877237778
-0.53283099380469
-0.461300630704904
-0.694340539617069
-0.462324851600638
-0.536273137248816
-0.472302405109076
-0.536425172752842
-0.571058592508217
-0.521476616906373
-0.590527577229919
-0.579493747254547
-0.362855453317542
-0.525288084799308
-0.392070768992222
-0.433410307009116
-0.662351582565743
-0.3808914097191
-0.483212088650969
-0.415344462648437
-0.401940545569263
-0.624101542581006
-0.474030121383643
-0.497779867281381
-0.504050199114269
-0.463977733790546
-0.39455570893884
-0.597981993047175
-0.531845312642747
-0.246117266925159
-0.52194075891928
-0.659535008506412
-0.57096802627547
-0.4300731884771
-0.539161447245563
-0.558340555164084
-0.467334821034547
-0.470721861612321
-0.361383921156008
-0.393144941341133
-0.410785462900565
-0.432269268337793
-0.664505456137716
-0.452489801001541
-0.472598546392788
-0.432919799806984
-0.455253622260796
-0.431330157757336
-0.471941379581474
-0.494773527369729
-0.431645894164156
-0.480760727456455
-0.496378721592869
-0.369568509668291
-0.421857089756911
-0.348867320335984
-0.639374208435129
-0.478936238993465
-0.3794730378082
-0.600748771227267
-0.457308745137886
-0.375822000487905
-0.441380223036475
-0.456872827846791
-0.454706734241868
-0.327452570817882
-0.531702115218414
-0.459456084420634
-0.43276718897133
-0.337887857455433
-0.414095721796401
-0.26051366273718
-0.39917262146348
-0.551754289471827
-0.188417967741797
-0.335493366355139
-0.320383232066341
-0.343496093790328
-0.329944305603932
-0.37356056358147
-0.23282302083806
-0.416352571647108
-0.349210258072039
-0.343844785554541
-0.177915666666963
-0.445481198990356
-0.401563165188582
-0.300398655754614
-0.371483584019322
-0.326906931889059
-0.440155314305854
-0.428558889234736
-0.406880754958986
-0.197726018054079
-0.280956774079202
-0.374715084650131
-0.472893149470453
-0.180504866270216
-0.21739255730186
-0.290881792123267
-0.306215379342474
-0.294805646834165
-0.369969634820874
-0.282109455002381
-0.271831644603817
-0.328513872739024
-0.237469453056461
-0.294817088498802
-0.255318666759222
-0.364973357419275
-0.206329865663349
-0.354030771622635
-0.355752027626866
-0.296214985149708
-0.387836703423322
-0.284400621444908
-0.415465006580146
-0.215539729962655
-0.306148975905099
-0.300105666123242
-0.161966786195562
-0.42404324409497
-0.302324880209842
-0.249818217963505
-0.320280231487961
-0.243815895449796
-0.264114997384684
-0.253652348091784
-0.361571733893059
-0.308865855157816
-0.130845431364637
-0.198861092294825
-0.286363008754944
-0.318075720500736
-0.229964396521008
-0.213754729433098
-0.278828042983798
-0.207878361744599
-0.283809164269171
-0.147805550534664
-0.147407070283705
-0.292183480155094
-0.297009698251312
-0.186837340293207
-0.326526909195116
-0.186025537582986
-0.237463138988173
-0.242262274096854
-0.330818131016517
-0.160927070541376
-0.188986123150825
-0.199267108267645
-0.255356315973393
-0.285055939986958
-0.249782893600349
-0.267192989498955
-0.184735255794333
-0.286809073337593
-0.152288404866227
-0.223148790066818
-0.266668719482914
-0.270621375630196
-0.235253535884365
-0.0444417462130238
-0.329457407565949
-0.231799548718137
-0.0269511432068017
-0.138390650782442
-0.327554346333855
-0.0636532813780536
-0.179153870270321
-0.286525335948972
-0.265275332839669
0.00567456442017287
-0.324991772795382
-0.225904054198006
-0.0932369903438711
-0.210770389618217
-0.0901994420359461
-0.189937301823803
-0.178930127148416
-0.137448666726378
-0.12815332015612
0.115099831770196
-0.0317064797756366
-0.0649228221919655
-0.183041022447139
-0.138448020448753
-0.157402847695314
-0.144628989667266
-0.12755211686227
-0.113876198994109
-0.202240568725772
-0.00128917840345809
-0.0377526494893896
-0.0381162652248635
-0.206078569901516
-0.228416984645376
-0.184983431722252
-0.104106038070141
-0.0748277171428759
-0.12918096005177
-0.125485098794503
0.0546124206216711
-0.0564607138397345
-0.115073925474992
-0.137636095932045
-0.0953358557683246
-0.203904406381958
-0.258895547647042
-0.19693784101576
-0.17844418522534
-0.219874508330724
-0.145478710703151
-0.301219904970864
-0.195204514660843
-0.130137332907458
0.0654686265914306
-0.060860741839505
-0.0208799543175554
-0.149069989420177
-0.0420450499424712
-0.137366744548532
0.0146336406485286
-0.130756137140697
-0.147227977143771
-0.183816271725531
-0.0816944847777999
-0.0126535817166793
-0.0858763783697686
-0.0554555996576052
-0.161699913486529
-0.186406134497185
-0.14315030964958
-0.0227659483409202
-0.0187207895877984
0.0318160344687491
-0.0848933609354637
-0.0988234932494776
-0.0231011150073874
0.0139042809744515
-0.330837204534338
-0.132922462522981
-0.243807654470423
0.0317059988089327
-0.0600571763312326
-0.0297805900673866
-0.0155207560194061
-0.0866971887360763
0.0532536477338466
0.0142421747862878
-0.0518082079106209
-0.00104112345516273
-0.191283167912583
-0.0491278669445244
-0.0773698315891794
-0.197116816313281
-0.00159033439216093
0.104701576939474
-0.0120019180466381
-0.15303463002645
0.0754455453900642
-0.1364573116715
-0.166629868174114
0.0447371951695276
0.0111553090419491
0.0351603739815608
-0.0414030435404467
-0.0166717861541057
0.0171769255303396
-0.0368843163651577
-0.087869853973631
0.236578736110094
-0.159146032032347
-0.0361405228896226
-0.0500625104319424
0.0423499200267339
0.0347328101034622
-0.032462590513073
0.0102924615649162
-0.118729500393222
-0.0387216540793386
-0.0348236750845099
0.0608557860682449
-0.0250875153246633
0.00154158252640633
0.18494365116432
-0.0951707403335804
-0.0169913431400978
0.0242356471812059
-0.0653970778443548
0.00398248295491329
-0.0410289357619497
0.18269962829864
0.078386451803421
0.0586712113601461
0.193218053199473
0.0501976845836985
0.0418866025312041
0.143115146257173
0.148592646516232
0.112573056034905
0.207332816305375
0.106873098463143
0.0528126755216829
0.176144091314445
0.121322823375801
-0.0608631037172587
0.127852643552963
0.103094101893119
0.0408754533759959
0.000666137000271851
0.0885978775868514
0.0894631000931279
0.137045578504319
-0.00120696687291895
0.084196771642421
-0.00985603166458385
0.19547977231326
0.112624234446613
0.116346588520138
0.19845200317051
0.0469227691264906
0.122490997398446
0.141663269056727
0.126782066266076
0.211868558513167
-0.0185820936491664
0.0187195800530278
0.0868180201399015
0.0334331593755148
0.354618842285368
0.239162157798364
0.236711875161077
0.0354452048048795
0.185412282895198
0.0125023587012437
0.124330964305914
0.247809090419554
0.00110475944457642
-0.00305150748282243
0.109132092278589
0.201706503524146
0.156768529114072
0.150998271005278
0.210529134969229
0.259215598902218
0.168905795989434
0.22820177563818
0.0777349516990512
0.178613872389481
0.0679252230839552
-0.016218968587527
0.113307236134097
0.080627033005566
0.183642936023098
0.278962237132357
0.217247070859424
0.189594455899251
0.271786269602986
0.188326235391697
0.172956338430871
0.189664836189964
0.243036402884163
0.198162631312109
0.147531761220146
0.116247385022638
0.214329367009454
0.235789482843065
0.222580377866009
0.355294567686164
0.236149991290281
0.00750213146317919
0.235377991946002
0.222415917412059
0.383349872088529
0.152089039456189
0.228648658871139
0.259648132972303
0.151006645538429
0.380333174700555
0.287750075655027
0.236396913785766
0.234674655018714
0.14179250981229
0.306351358763646
0.429829476452734
0.355685212116504
0.154221049931592
0.265596665358622
0.230746339547038
0.320868074437988
0.297157940062682
0.389938446370515
0.172627043810655
0.305894903382075
0.353678420651843
0.179980477407858
0.212037359780242
0.261733191909259
0.335448467859993
0.220413630472231
0.418984110138788
0.296645804467791
0.438177290597926
0.267300091840722
0.277771031019382
0.306031179598229
0.273184977020784
0.233787035229031
0.242924084159051
0.207341453878981
0.369691371116902
0.403452814296489
0.366782095044033
0.235764153522727
0.454598818103006
0.534718659438331
0.385528123941665
0.3733801372433
0.363572304913878
0.0969718513023891
0.358516135570699
0.397517049291371
0.185973126484611
0.419706289377758
0.329048506245592
0.358112020510795
0.377269269874008
0.324606165573967
0.412871472921392
0.28359898256328
0.363935906383057
0.2943115603062
0.302572709177159
0.372277600771794
0.311383570171747
0.376634935192571
0.353403815268153
0.248339744659132
0.427932075840871
0.328036883845957
0.252379307891514
0.337150069136106
0.364099578797979
0.394635321672889
0.481685281471046
0.313470664829173
0.36941409607596
0.381438369291417
0.48796602725376
0.441210511388385
0.378401916688073
0.362235509320285
0.42095745899318
0.361505079278069
0.380913142029893
0.504613351127657
0.279387491051979
0.478416362892187
0.381615146415909
0.397230821094932
0.363101861722354
0.385179749800575
0.457927297558366
0.429471185892104
0.499236256819389
0.329137808646602
0.287322702602855
0.367460434590164
0.601856906877805
0.373171087066232
0.559641182540084
0.359897977652303
0.29024516192742
0.334549586222489
0.43804166133267
0.424863915477271
0.405840351418144
0.367340372402665
0.46375202541362
0.473857744169069
0.642912178884574
0.449829392428865
0.502309791992404
0.465444018944531
0.401663044786634
0.49990450684024
0.451632468099778
0.377716320014748
0.554128702726022
0.619760640220507
0.27503578720807
0.506022971322866
0.456791806103684
0.604215220047491
0.305862354755963
0.419712564178076
0.52736026095286
0.432901389600833
0.507264882706567
0.517214556751879
0.390698668477683
0.556991185363045
0.528050720832968
0.536524108389431
0.251942751542532
0.432018199996294
0.424179342215782
0.342617310182682
0.589263678799454
0.415548010398277
0.476638073690565
0.548084735650279
0.41536126945569
0.340468945664707
0.596284401147351
0.460640479451261
0.394681865043485
0.55624900207332
0.485629869714588
0.490821284301715
0.340936932734924
0.480557787865184
0.560627865926432
0.469210919375048
0.558726329393131
0.524917352281006
0.462719337547281
0.454362814039457
0.573227372211255
0.42566646583452
0.532301433602178
0.545177135340019
0.570045182238982
0.499499664918501
0.476411792751277
0.489111769352532
0.406449248379666
0.533097236018846
0.548436074217187
0.646163925815402
0.649742046470072
0.573511937410998
0.38387944560555
0.557913464574034
0.514236961233306
0.578243824443787
0.499229133616971
0.484349011461291
0.590887386467824
0.573229306726139
0.446604965092959
0.580417145907534
0.51603283499388
0.62460085773688
0.539927173881417
0.470799889684891
0.734605341026072
0.62295685293475
0.617867803695448
0.583665964846639
0.622006305693043
0.511536642892749
0.59373217043172
0.453228921866035
0.659524501881323
0.550866654218257
0.553979005458777
0.647725047044132
0.803535405879072
0.625138569816302
0.705876526967917
0.567189669224277
0.568416863572538
0.65399745307043
0.670062937236105
0.770221169974678
0.720379951748995
0.596294055480525
0.629015127484272
0.704276237640348
0.507065381558329
0.64392249875246
0.548174854031727
0.588446601562218
0.551083490630045
0.536507472870465
0.618386096744893
0.532018375779533
0.665730265906124
0.789885394866865
0.576950011359458
0.722284205262945
0.768427707776952
0.696487224396996
0.683619811044922
0.628108091104176
0.608780204995627
0.676174999257172
0.804342081211566
0.658648329961716
0.554879878699079
0.700443883734856
0.5919831064027
0.516612116214075
0.621518590139768
0.60944106796088
0.753505842335672
0.68446367487081
0.619592205976181
0.552470681443166
0.623714468749174
0.715515938756607
0.680312895877472
0.748511646498383
0.680034419692167
0.72728128933344
0.8478779050928
0.853083841530151
0.571207297588987
0.796260122609052
0.719352240800433
0.800640627854754
0.675185389313157
0.714125896799785
0.776297779363636
0.743359169810353
0.766801072623827
0.733659523045404
0.689745546721916
0.724558807288685
0.753444544103075
0.697171607591748
0.709286184918385
0.732862427505101
0.653247813170767
0.725624798604876
0.754632531798882
0.677130144453517
0.695925728343676
0.652109523027893
0.844570672981723
0.679174043356304
0.649633431663534
0.749427747681057
0.597133275664718
0.656262863433376
0.742347986315292
0.728712696820466
0.75769997712153
0.619156170510255
0.675073708628401
0.619257120306523
0.782507542266643
0.72116958462237
0.855888384572149
0.77424263876552
0.765338379694098
0.87801726014811
0.692722673155624
0.742084809891696
0.799798599687632
0.793815236790535
0.780485784201035
0.883801833261344
0.770281151848008
0.826771549896372
0.737978435272287
0.814832908300539
1.00089987892108
0.903942684001343
0.845089069360873
0.81760213382692
0.91402813134538
0.757346766735434
0.807580198826873
0.810880857852553
0.822605410653509
0.933392137627314
0.774321778065948
0.805402080374758
0.819064252467611
1.0239735858029
0.618146289820068
0.832545992230842
0.780759834516452
0.877603931772764
0.813482494998577
0.833344418557086
0.790245773236536
0.934597696336183
0.629696706300051
0.936335869448249
0.854197447008544
0.670886339646411
0.889420657244802
0.9422814454517
0.939826230522237
0.861151059585206
0.94517576170228
0.771352936068193
0.809575339512628
0.884336925547723
0.972035886198063
0.908100672785994
0.857482667367584
1.00168332950484
0.828073611889971
0.774914282479469
0.973815116708823
0.954203016476036
0.829252395268861
0.824251249591063
0.86365390801972
0.943913191128396
0.936538518710216
1.00503941945508
0.988867528858993
1.01427286731829
0.911656880853102
0.828597993198713
0.899951819873922
0.961241198132563
1.04777764489824
0.921984604955793
0.91877484019779
0.958983646988751
0.947703611503121
1.00724000248016
1.05586430457011
0.920350493562009
0.906345592959209
0.840670872788837
1.0054903657517
0.949347765679754
0.942070073917526
0.89795433000536
1.0592588184141
0.942717172201186
0.963487180151868
0.91895569416477
0.93977550050688
0.885993471095279
0.931006804338956
1.05678992550199
1.01725087753652
0.844797347665438
1.07565430695055
0.991630553598453
0.836724944220371
0.940399060718502
0.924590937685201
1.10129111973137
0.985931504536823
1.09686744069997
1.03698754691902
0.901434807762232
0.788777153606473
1.01120442529206
1.10582709997005
1.10911726585938
1.06081584272506
0.934669252348979
1.08453529114638
1.03357244815392
0.985420428428396
