-1.00377926396143
-0.901291100804743
-0.970817723729432
-0.940226518290351
-1.00907608023469
-1.08609785887101
-0.979191236987865
-0.815542618024428
-0.937054273970821
-0.94443704615359
-0.994737526379377
-1.04748565345952
-0.983307948326014
-1.05316211494999
-1.06902375054813
-0.966591460651244
-0.983170265902562
-1.18210431151202
-0.982695946467365
-0.99980360085656
-0.991668766968336
-0.957246654604921
-0.841852441644005
-0.961969178866994
-0.843172157926674
-0.951755712328561
-0.90141909407939
-1.0679876251396
-0.946032400108249
-0.758388877158187
-0.907970054994684
-0.8454902177125
-1.1810059062328
-0.869593322589913
-1.092025423137
-1.06827702384171
-0.844353383993119
-1.06890106102292
-0.943023834408883
-0.812966449605086
-0.95098356535801
-0.876914082427264
-0.688498968397233
-0.732443710690614
-1.03240076632309
-0.838469570594649
-0.986615555934376
-1.00439202860379
-1.06884075912651
-0.783772348716956
-1.11760528555727
-0.989073598950473
-0.957020081067081
-0.711454829126131
-0.943319190033772
-0.783481083781358
-1.0516726419123
-0.995120563274353
-0.739686301330932
-0.939610549821345
-0.783296486314151
-0.997275187791951
-0.820234023072829
-0.847347636428876
-0.85046192360349
-0.82356066815807
-0.828953832210269
-0.955629775845102
-0.830348007382792
-0.789572421540274
-0.914514159749108
-0.813684262931575
-0.945536875597521
-0.683803101760286
-0.746343394282511
-0.741283685271748
-0.846201217985546
-0.75242829514408
-0.840122133916663
-0.814092951412746
-0.831502029948045
-0.774480651645463
-0.893986510401926
-0.756121645007835
-0.767242486232446
-0.685112763567029
-0.74776205476337
-0.992298740598699
-0.846696497606836
-1.01303991843255
-0.844239894042529
-0.785536069003905
-0.915800862458769
-0.789958626279845
-0.81631736452087
-0.666061610241115
-0.781885907395746
-0.90263115529
-0.730322403155517
-0.80635937336884
-0.79174427568557
-0.840340936364353
-0.866423560779043
-0.835466268612407
-0.812862109942107
-0.825015613489583
-0.777878887063721
-0.986814478407938
-0.770352332343455
-0.750950357538762
-0.783380167861695
-0.816587718252655
-0.722684164562593
-0.810868560703569
-0.753832437749011
-0.650179699875369
-0.797102062973747
-0.628040747811395
-0.74943241254136
-0.686592648496561
-0.767354623482817
-0.825489078576041
-0.712237446035936
-0.883238104158204
-0.643844259656596
-0.632302165901112
-0.796733973906503
-0.764741166513876
-0.853273376527702
-0.683393281690134
-0.574257765244769
-0.741929035188231
-0.661807990730854
-0.892663915630295
-0.490374931109297
-0.732923165947491
-0.761902059955207
-0.786828897206146
-0.654333771179438
-0.658854036309917
-0.549101457383725
-0.580517415433384
-0.673455689987458
-0.64977933068425
-0.812730609417829
-0.805083743583614
-0.73182497060843
-0.710204563258661
-0.645371146047552
-0.843696892253837
-0.707286001202721
-0.743836402989706
-0.704906368642299
-0.782343922606677
-0.656467829204083
-0.631404837250001
-0.765840085660565
-0.596507296808791
-0.655875959047975
-0.70730541720482
-0.640138736029037
-0.668507369985194
-0.765903547110956
-0.721141652065909
-0.576307667957078
-0.596699679674098
-0.868299208829621
-0.529143449384778
-0.717453545097975
-0.637691295397991
-0.681116289771427
-0.675408676459819
-0.580402592114262
-0.643723961130177
-0.592041202168099
-0.669998888650666
-0.651343254149807
-0.503661303472838
-0.788096553641468
-0.639741310145871
-0.663894781934347
-0.572071359233165
-0.650874676467705
-0.536743279849206
-0.620268822915573
-0.562359517081162
-0.654312334725234
-0.518883885086464
-0.666031914715884
-0.573112545828272
-0.489961663288465
-0.702007212041049
-0.675542566769304
-0.614324102948804
-0.598896890474422
-0.752805319573706
-0.552751132265062
-0.624084287676824
-0.661893958380783
-0.706211612463372
-0.474488496060543
-0.561603764002514
-0.725614623127594
-0.587368431838435
-0.678844243824382
-0.625083541359743
-0.778083599400518
-0.646759520107298
-0.59328108214367
-0.51952974410982
-0.629843820622066
-0.533968262176152
-0.587375892277784
-0.525329240363144
-0.581395927119148
-0.536316543439895
-0.592405727667437
-0.624406757631477
-0.620338369763539
-0.674602437395297
-0.532502085381452
-0.562424207167223
-0.588280475157565
-0.582306524900712
-0.468924431526965
-0.475004920089809
-0.641905222303924
-0.527208196378431
-0.586367131461095
-0.540781504386197
-0.328905271993899
-0.518716612758943
-0.406525123159477
-0.603699960139852
-0.444624669231945
-0.663817541395183
-0.506760146332775
-0.517097307058296
-0.528007247392465
-0.593858954179294
-0.473221124718818
-0.533617304624067
-0.626171454321245
-0.628798623915826
-0.426910250627601
-0.446779206759008
-0.432281179458432
-0.560943052541509
-0.41884667162389
-0.460951041545128
-0.536092399057379
-0.512364204931153
-0.418231978538798
-0.576349856085434
-0.604039051239988
-0.53507137127364
-0.466833629719754
-0.444937789639629
-0.463300503636303
-0.357595973578744
-0.44116727399171
-0.591201858429307
-0.370670751135172
-0.585693498503615
-0.589023018443344
-0.472407186699659
-0.42051628811732
-0.277771329606298
-0.358372532756019
-0.299800549850995
-0.378639453433042
-0.418337470491129
-0.515995636617654
-0.543648661363188
-0.377031839125163
-0.49635946709507
-0.519114190780218
-0.433642702171457
-0.411454109706451
-0.460842417205033
-0.506508681753888
-0.373663027250272
-0.520427617397156
-0.262277833424142
-0.378270509753639
-0.39973315850594
-0.468558321623167
-0.469107827855589
-0.48640374343922
-0.324901746310407
-0.426989932186116
-0.459237556479673
-0.4431996292432
-0.419539442531313
-0.514378940910956
-0.296922660557099
-0.443376552534547
-0.431075008172894
-0.588934658477647
-0.407931323904299
-0.424395854411666
-0.394181326712254
-0.278007711993411
-0.306780317758791
-0.372539657951494
-0.364096675840664
-0.299634482263537
-0.29145466775507
-0.341339321644992
-0.337807051311181
-0.509815806252109
-0.451404287084391
-0.129034370984049
-0.509031860660507
-0.311381757592258
-0.380511306343318
-0.386563994478143
-0.440521373187139
-0.438753300563866
-0.370969785167567
-0.357297246678062
-0.328758437908683
-0.275348041567086
-0.368025103309635
-0.349651390348973
-0.290794197642784
-0.114151494394429
-0.297662742842512
-0.348820861289393
-0.148931180001259
-0.502430452421524
-0.386351201067414
-0.297296188676926
-0.272538388130953
-0.272737387243471
-0.222986104535485
-0.437818657098901
-0.294964816903903
-0.329339847885311
-0.372997870185461
-0.307928390821301
-0.204214862073429
-0.268907523974801
-0.44621543239245
-0.212998944676594
-0.173616223143939
-0.240129049946714
-0.209894879221027
-0.346597390868218
-0.293421613084841
-0.184114073972208
-0.378139664140546
-0.223592056935246
-0.334700291274319
-0.308410231087073
-0.279216415460664
-0.247552800329603
-0.274274143697712
-0.232369062697865
-0.331449265726046
-0.382435263036035
-0.315222232150789
-0.331590356142088
-0.195319566375582
-0.195305347170073
-0.181261185964406
-0.338577429045046
-0.275268249439667
-0.238466638690144
-0.143841180625336
-0.319836888431488
-0.220777430946121
-0.459977591139358
-0.208542317482909
-0.306445900395223
-0.303694941634312
-0.198836003652907
-0.289882926437454
-0.213067336236725
-0.258301346682259
-0.362246059569134
-0.262182961181841
-0.264185432571028
-0.356519060298985
-0.249191358472971
-0.264048538994073
-0.381815181462576
-0.214066954325275
-0.0879696333469181
-0.219724801183031
-0.171428075441463
-0.303873403055248
-0.0948597919739713
-0.147548754954344
-0.307610971612676
-0.306776070469937
-0.127809179749842
-0.20701096704574
-0.38894509572732
-0.142659879749979
-0.206632771724016
-0.205179273886114
-0.219804623487602
-0.256983126351857
-0.321069528351842
-0.128671302240532
-0.0767802536339888
-0.315033888753311
-0.12073226926367
-0.155555332192089
-0.146182412730635
-0.20821670309019
-0.166733786044418
-0.243346267322473
-0.231021848510297
-0.0746830350836423
-0.22820178313963
-0.307172803733828
-0.212152891513677
-0.143312200359703
-0.0376177063536872
-0.241709502695133
-0.17782317072237
-0.208840423148627
-0.268366709904361
-0.183170758860642
-0.222470964677792
-0.17434598036829
-0.130637983166411
-0.0734016508875839
-0.147697455242387
-0.132410639768635
-0.230442345697256
-0.102597614798774
-0.0661720348533711
-0.158138962441401
-0.127045767311714
-0.372817612875851
-0.0869320051179004
-0.175243100963074
-0.0534397881979656
-0.172018292653039
0.00725248317088858
-0.0940288593980493
-0.040418128495887
-0.15272196665857
-0.108711801417904
-0.162380232383829
-0.074141811997056
-0.0479082882450383
-0.273328729232225
-0.143853685837989
0.058706494729051
-0.0708253896040662
-0.0202888143824426
-0.108970172854535
-0.0891701480114465
-0.0536540169698049
0.0254392700527497
0.013262993800127
-0.0721579447910804
-0.104432202803697
-0.0521142102287225
0.00640246880732517
-0.0895343687132466
-0.114220943232637
0.0908135406672087
-0.158405191160009
-0.0153481264106482
-0.0181100199138066
-0.0767480183187033
-0.124658752068218
0.0225493883598993
0.0348729537160063
-0.0401209235513089
-0.166483346137683
-0.292221847602088
-0.0665682873591848
0.0529602399689141
-0.00949650519535697
-0.0167112316015554
0.000736011075174431
-0.118638884629353
-0.0789008281375948
0.0315585526835787
-0.11898566675524
-0.111745530016169
0.0730503835130662
-0.251361260297486
0.0676166279582298
0.0258319830875851
0.114279695745602
-0.0976310996308336
-0.0532421710158932
-0.0474827812733938
0.0653583346510571
0.0145395009710751
0.0539885480580083
-0.20199071601279
-0.113608549302663
-0.0471428413774116
-0.100380783639655
0.0439856064843474
0.0301735100910148
0.0553008340246344
0.0693684474899028
0.00760033326291219
0.092322235682056
-0.179487773087323
0.0215372583650188
-0.125615523025085
0.0485865867713524
-0.0566208658141335
0.0957472992827305
0.0516929770189028
-0.0217800755531901
-0.0734267962084463
0.0960988682751299
0.046323961934166
-0.0256970548811192
0.0245985201938819
0.152095121681719
-0.0619795494733624
0.0625059979069739
-0.00513783862181501
0.0642324003412986
-0.0639761292133257
-0.110622022499865
0.0699839692816963
0.113492178245632
-0.0200171426446022
-0.056965257417735
0.161749774932701
-0.00897386078924828
0.0772162991358598
0.0148394255207359
0.260132918916765
0.0852687217384909
0.0394164495864405
0.0323420313685437
0.170481420806865
0.0444419591792744
0.0584820620891408
-0.0310352254081009
0.000862658595638898
0.0798700947327093
0.104885799999145
0.0897531013388744
0.0913801838715263
0.178574008729128
0.0650644728561494
0.000310512021127217
-0.0700211878957529
0.0444548212467402
0.140748614496606
0.0872792489930058
-0.0319800888545781
0.170791008782758
0.1984391416033
0.0563528868774319
0.10507825292821
0.0656855057126581
0.180227079027749
0.283030719692849
-0.001614013462563
0.226355064766586
0.174229302840403
-0.104223278917156
0.140272159930041
0.146160980843307
0.0684552865713534
0.147691796532785
0.208875761842779
0.0980641768682378
0.0351575961310875
0.0895475871850789
0.312896691864783
0.270785372659349
0.15334274104994
0.170656679682316
-0.0332301069458365
0.261747785462029
0.232841074511376
0.0726737797791308
0.0874689152808776
0.0817005744510285
0.161408773502841
0.196127774967966
0.219665573553201
0.0845842304803267
0.110605423293262
0.262106302141767
0.128702337684048
0.228401890334358
0.0614038812415173
0.213948717983931
0.279430438179128
0.250378925652466
0.155391616937128
0.2796082575049
0.114714363971357
0.339889992699146
0.171829249717343
0.315968812463263
0.213488050084523
0.0165327982536472
0.167519845900759
0.303023185366939
0.26169521973203
0.354700590002693
0.170092811222466
0.203186618085324
0.354253894521251
0.306261815681893
0.29284748445565
0.171003854639547
0.106540980014396
0.287820233141574
0.268482292033808
0.0160544288757411
0.245873165524559
0.246314699192946
0.176390154928485
0.278618478144829
0.202381622569323
0.287613466521894
0.115252237941929
0.269967799079574
0.208439458259406
0.389004161528543
0.422012578232142
0.254469658588199
0.0989997562310027
0.267708540687825
0.229919667154963
0.31219285230289
0.133579911831574
0.413943938702278
0.27775194821792
0.234449320296338
0.159473696694999
0.30712526499758
0.259563770546837
0.27846377044024
0.149387439877737
0.251038895988967
0.289253183054603
0.359295234162456
0.236930479232464
0.327159462835744
0.397889608325418
0.267380702266425
0.416753170551522
0.449610258077187
0.33059343373667
0.380033865250431
0.309836148702165
0.333350385534158
0.400227703749028
0.256912745570595
0.32019958727044
0.290179069276754
0.355135747267549
0.374765576093795
0.538577115061357
0.425674477351467
0.326112571373929
0.321474684815106
0.269921620176238
0.459041091768239
0.32275683159382
0.4039756034872
0.33723466136392
0.454780518128328
0.249190364434168
0.404561433781619
0.223886200809347
0.246526292469731
0.27259391626038
0.29617376907571
0.43007152167182
0.243320672750159
0.357802161291729
0.308615711938317
0.348748520769225
0.463157636645595
0.430522079538383
0.331181235248682
0.380882612551335
0.436176983168444
0.286367157283114
0.368970994813572
0.337521137838479
0.317887471718716
0.409411252002248
0.42960910842097
0.358067145270575
0.491354493015549
0.468057028503841
0.254788407310204
0.429354945943297
0.518622954547634
0.455445190995475
0.413654488201853
0.345862491735006
0.387034043013094
0.370109489404995
0.407196727698407
0.244346035995565
0.439016204505234
0.541410845761084
0.350956561651951
0.492579086920438
0.593658406064098
0.509431343745956
0.454181365817392
0.360112800546707
0.524985514233633
0.359540103361657
0.427892431222769
0.481008891620388
0.329140955909427
0.47582728922027
0.367687472258684
0.453855084546176
0.36269717913112
0.547939824859567
0.499473898339334
0.357806421114463
0.441976907822684
0.489914737902751
0.465519221362103
0.474139715457684
0.536485423421271
0.368615811013934
0.468424824017115
0.477272560927481
0.589103074649143
0.289779602143973
0.489331478111176
0.424422552470793
0.634271681305021
0.622737367340414
0.412378342868577
0.704394451089214
0.466157481583122
0.554902576731646
0.574006061803011
0.413313620011907
0.473359744092219
0.441322418736647
0.483733318132272
0.477302320637053
0.459517078753884
0.524665125776391
0.409269059050951
0.529415012616017
0.540112154695893
0.396998630711743
0.532710265495881
0.576535680420032
0.493271192399341
0.539483668789516
0.470969383626343
0.492416186975866
0.49779234879173
0.62539863129346
0.557575520984122
0.641702235924095
0.456138987751703
0.429265049487672
0.541365721172991
0.532638311510354
0.512512295016691
0.511793927491117
0.539053241868007
0.502675275696135
0.515441390088835
0.589147501041246
0.573234079296059
0.537916603587845
0.481592832921586
0.572844649129479
0.443517827036692
0.563807251215523
0.492069406665302
0.566247313079879
0.697727038438271
0.503514284501353
0.624998250352254
0.545513280087661
0.528172037915641
0.586658382090863
0.675314112775679
0.503781476983155
0.51769838935174
0.576486663861185
0.614779997468565
0.495153892343644
0.590785553503725
0.520776777221299
0.690388323976541
0.583280917399873
0.586091123173195
0.587134545436731
0.719857796669016
0.590753887938481
0.541781665720354
0.466032950138335
0.704411875056585
0.661292105410905
0.569793427089203
0.673392367491579
0.770188238253913
0.640486787316187
0.629338276525797
0.647895723191422
0.675820464848416
0.520510150036263
0.584502841642113
0.606209491313859
0.725456292170752
0.565171971027939
0.701812027139942
0.626162299047331
0.508932543002739
0.764762107370201
0.692680794916622
0.736052181781206
0.700320571606281
0.55568500420668
0.597187632905567
0.630280687730089
0.799106825142212
0.574921889036335
0.648409292559515
0.69166486464598
0.850880311348536
0.652539337099849
0.693752659030892
0.719930877346713
0.755948421283719
0.63781430486532
0.786397243832275
0.67171224190243
0.856555163135277
0.648928519319677
0.82235895001281
0.687707895682391
0.609376166768744
0.719474721734624
0.680408046870637
0.805401446424149
0.679618579691009
0.754381050882055
0.975760315829779
0.782089082091421
0.581364927073846
0.692295073242606
0.788966499878325
0.653272361074451
0.644407676199202
0.657947869271662
0.896048722132311
0.75885089796692
0.71070725602593
0.619859129942986
0.835963414684219
0.723284530052576
0.706254319765478
0.69505704074975
0.788017470278496
0.716537041766139
0.706654506029728
0.780635536356468
0.632347372285212
0.833028925889404
0.751769530814824
0.971722234739319
0.716121657534868
0.62200088941753
0.797909121116031
0.76726121798938
0.682766687566045
0.82630863699081
0.899559946002666
0.76086764884436
0.573690301856769
0.872089539119842
0.736410931535062
0.77491074242836
0.712586772599792
0.874720477183617
0.714219960206461
0.846331736512882
0.824943929106506
0.732829942234789
0.823891483554873
0.647023228060433
0.908446581982932
0.872814188224835
0.738931322157713
0.725613951492926
0.80152269078323
0.725170163751907
0.660888820486873
0.813445767131212
0.87183112063467
0.808454547233077
0.848845481492692
0.869559352166454
0.845975133735613
0.861447202512808
0.872909454802354
0.841847940236628
0.698179403246385
0.798935602369978
0.877307141063156
0.895647851109979
0.812926743932582
0.874641130269919
0.963130505978364
0.787010656127577
0.825309575636216
0.873270753068761
0.984566361390322
0.788374774091594
0.829734955071895
0.792489222066749
0.807619464072919
0.853700705063249
0.739369201540353
0.813980455828591
0.850828878658478
0.803832787152929
0.690539803520192
0.76072721633852
0.822176672728854
0.797639915021666
0.784153288469725
1.01636926351172
1.03298296815993
0.914125454419267
0.834737729810187
0.771168877349353
1.0078413218443
0.787398148817335
1.01412756300361
0.944026560445601
0.760323521535679
0.969042112012469
0.884373899773629
0.823674331160059
1.12230386137172
0.724759565355323
0.873325238008991
0.870809184357105
0.911481876643933
0.908465365541015
0.910260269619132
0.968906783710379
1.0036836377956
0.918559763756599
0.799310751611843
0.932638721557426
0.837361139972174
0.771643766608105
0.967620956860778
0.876563724564556
1.06893092862829
1.0494317866938
1.03262022652189
0.988876277819653
0.831310980244356
0.91328172425388
0.928639677819428
1.07260945023775
0.785059205818629
0.903693445377839
0.93371330201203
0.894278452413817
0.860599518333685
0.898649655768045
1.0598317616671
0.983528209288829
0.920779485725373
1.03902944916553
0.983510494329705
0.86722010584071
0.952060023916185
1.04004656927722
0.912909314669125
0.944699101234194
0.934079997335312
1.05460110644525
1.0514710987125
1.02064195302113
0.973237982941643
0.949569551173973
1.23683500166035
