-1.12655455469463
-1.02008401334961
-1.06125494965482
-1.01584723820801
-0.910692481384074
-1.03140908345856
-0.913410920052682
-0.971962683233931
-1.09734445054833
-1.07149737552871
-0.996670641823927
-0.983406738256841
-0.911451618275135
-1.05364795143188
-0.887042767793319
-0.990463597625523
-0.916147075984497
-0.98989298912585
-1.01740092050912
-0.904288419855279
-1.09122333850505
-0.995055657440305
-0.871823200626578
-0.847683478154923
-1.01958095076704
-0.896886955865441
-0.893953315465573
-1.02696430394681
-0.968311546086288
-0.936283753026339
-1.05697611735696
-0.868341285483683
-0.922090642999211
-0.810188309383538
-0.843587895426016
-0.89685478414345
-0.788705257023034
-0.921742217557687
-0.897003060055749
-0.962582510099919
-0.869915489894133
-1.05572738612163
-1.0793001493649
-0.973270598215169
-0.846006669985427
-0.916069809366731
-1.00317935525718
-0.84367414830376
-0.78846961079424
-0.885003821187976
-0.862161539110651
-0.876093198082508
-0.832639477672975
-0.859712623132444
-0.866325595280426
-0.829142425012842
-0.891605279073239
-0.830529362778619
-0.986310340461439
-0.938702569821794
-0.836856947537136
-0.853311823593353
-0.921093445917827
-0.845123755811605
-0.876434318760863
-0.939683250487191
-0.893231548941745
-0.81981079230273
-0.920396059360731
-1.03241071911278
-0.955261735110947
-0.885578919605545
-0.962552335930208
-0.813199359506093
-0.842355434370099
-0.86081608217337
-0.89457280265675
-0.902099247614712
-0.882404819437086
-0.650840832015818
-0.88071966527515
-0.84387959916302
-0.814255353629899
-0.846501772547903
-0.915975762909606
-0.833333875958382
-0.79033581884913
-0.878748143367646
-0.81099558452817
-0.898378050250626
-0.79793981394734
-0.741241444486033
-0.868117826723836
-0.841803560417457
-0.791794822787208
-0.862838764179101
-0.840295655431794
-0.735644456631462
-0.785632112879724
-0.681012427687603
-0.841972474513737
-0.758540390891621
-0.745238396066803
-0.697228502560903
-0.726934187132076
-0.904243829420697
-0.64047285986151
-0.691737958741216
-0.759247756258367
-0.7978917301836
-0.837655437392472
-0.864857117202341
-0.771796847919654
-0.834363172341787
-0.863465355054383
-0.817338861384507
-0.8787627883749
-0.596807883848602
-0.786954466868851
-0.759763965644266
-0.750771234734386
-0.86626341504245
-0.805764190813642
-0.593724075153781
-0.484264081006388
-0.64238237349197
-0.725947320539166
-0.747010172574338
-0.766103853500928
-0.808121346222308
-0.749040845401668
-0.723036182848677
-0.748158856322381
-0.70001932575246
-0.637454267616265
-0.790112610434032
-0.799914769005824
-0.833141466794174
-0.565283801262831
-0.680206704106826
-0.645141997781105
-0.725795468705209
-0.707155134915859
-0.696135766670281
-0.620235126028347
-0.733029230500049
-0.792428013275886
-0.757102011815011
-0.640856696376382
-0.569922500452679
-0.555562170686221
-0.671334966010866
-0.660332248810496
-0.596186184823764
-0.728456395352245
-0.68074274085879
-0.843373988342075
-0.765859506106591
-0.587239501090875
-0.680564762948356
-0.692090950084576
-0.674225000923495
-0.78642647110163
-0.801535752199705
-0.689601514043517
-0.790110245046857
-0.592920439397537
-0.569187260757724
-0.668034539733191
-0.508330908453847
-0.643802380860959
-0.62968942655277
-0.632434046518792
-0.597108313728676
-0.651970041044759
-0.651979048604641
-0.544052946033145
-0.595747607710358
-0.527523816485923
-0.751042047893554
-0.688349618919146
-0.680481687984727
-0.639504642350588
-0.603578227073943
-0.573068441779312
-0.598107338561571
-0.651026168380408
-0.692287351010235
-0.54900586502529
-0.707290833677887
-0.612699757859184
-0.584849356890688
-0.626539622040729
-0.473495148065031
-0.574634007517951
-0.627373378607772
-0.617049625324683
-0.641315546098243
-0.694974964571515
-0.535872690067823
-0.567894733727548
-0.595510431635114
-0.65326053319832
-0.603728156715128
-0.495812047458405
-0.650667228402701
-0.549914341698643
-0.557355734756448
-0.441931414347422
-0.548534948193235
-0.599656453459266
-0.518836998265503
-0.427939343193994
-0.52501468577325
-0.562071219590347
-0.496629327863839
-0.354867389943745
-0.559221849429654
-0.558417357033802
-0.47675634880841
-0.572367224946319
-0.567550827760578
-0.707283810058144
-0.551352190648686
-0.569739291178608
-0.430291023572508
-0.470436988014108
-0.686257759592037
-0.455171697665291
-0.540281819909294
-0.55189456999471
-0.594211065064796
-0.450554553260877
-0.569204720683691
-0.553398964959795
-0.538487385728851
-0.394572155187129
-0.441196632812429
-0.514775207655853
-0.53133259670803
-0.490922925185466
-0.529362587583119
-0.673530029852665
-0.55684638237898
-0.451920950957365
-0.68434554644645
-0.301384744091207
-0.586302769307007
-0.482944129937032
-0.550677636663511
-0.419571430242981
-0.655568338601457
-0.329740759561708
-0.701658529291357
-0.59804547313586
-0.459233074852827
-0.471004282134843
-0.520445786917724
-0.473159466298765
-0.503641022703894
-0.416841440872176
-0.509380222684114
-0.472250045209063
-0.29891422998062
-0.525414840473229
-0.630641427620785
-0.442634611604901
-0.411429007480703
-0.512479899669623
-0.480196570915395
-0.312277372142474
-0.395775122939766
-0.544877017767067
-0.56736877970065
-0.359710264362302
-0.361503489650264
-0.36608443756223
-0.406712572603743
-0.590848587221068
-0.495788383848647
-0.550867116462121
-0.302695586907113
-0.555521583544193
-0.395874681090551
-0.357486378141317
-0.320749437503733
-0.312895087158956
-0.64342522710611
-0.381581768399519
-0.514987184858284
-0.67086542902502
-0.31027041994233
-0.570504959186281
-0.468442697982846
-0.467405837027015
-0.39697375786204
-0.396092157541831
-0.45653452438308
-0.403012648323535
-0.324125220503972
-0.343932641354564
-0.537551167764906
-0.418752527887213
-0.508728471826277
-0.515173171723815
-0.393318706330088
-0.374253607378346
-0.306160386095955
-0.437034038618812
-0.316927694509889
-0.465710902823726
-0.403102501068153
-0.367245130574923
-0.407994044320641
-0.31617668468661
-0.457313221231159
-0.220649125070796
-0.240815403535691
-0.313618572036361
-0.480100733242365
-0.327677877435974
-0.444417276300707
-0.424482946791659
-0.359849638267224
-0.464417880525177
-0.309778521029874
-0.233059820856421
-0.311514611715633
-0.396300915020218
-0.329827046838574
-0.358673375631148
-0.33508129612585
-0.304935931321696
-0.140500045932957
-0.404698004602711
-0.287175009746849
-0.332610815433482
-0.397828208227041
-0.535128842161503
-0.354897606961108
-0.43678180034456
-0.174737374406293
-0.331415109162344
-0.354232006933757
-0.233720664699851
-0.133311073556427
-0.344756297608511
-0.151530771320389
-0.400151475545458
-0.284392508522773
-0.286143461158192
-0.412843781674988
-0.101583260498965
-0.208467831227695
-0.313633991631651
-0.299317215733772
-0.315538463413269
-0.372825862543495
-0.328240403451021
-0.321961179051611
-0.26319762180296
-0.423087636428453
0.00902398692850765
-0.421188037317214
-0.196059798619822
-0.318769615427465
-0.312842546863254
-0.0927845750058888
-0.36460843137644
-0.309550504911983
-0.272493965702961
-0.122466686121751
-0.225651298485143
-0.138915558479815
-0.196674814448629
-0.190743018713019
-0.21923659070815
-0.245125750342511
-0.259396886257489
-0.439297108667368
-0.233519667945396
-0.287021257221746
-0.198667287214316
-0.066939190175829
-0.33083207811843
-0.215338182210448
-0.332940648894712
-0.258056286139645
-0.276603792664349
-0.305682067414454
-0.251656106446722
-0.063135525896038
-0.0711813776810398
-0.170763048631153
-0.277611534982586
-0.186518004856035
-0.264862100364244
-0.324870362110396
-0.185898964996537
-0.293622910694865
-0.176757255339845
-0.29241684627216
-0.134054262780683
-0.372269615818955
-0.214440295668084
-0.197873398339933
-0.278716733909431
-0.174303463373849
-0.213769491639947
-0.130900587583514
-0.168056328208442
-0.0871828202083759
-0.00405040913818376
-0.153568649609941
-0.137251636902829
-0.0254986556272733
-0.215532214584555
-0.230878764943662
-0.20733490653201
-0.184528221812324
-0.0907952006342599
-0.241544601164792
-0.147656556961916
-0.0938510535603601
-0.244943677157695
-0.200773351622818
-0.0649441677690447
-0.0533904400496251
-0.154096836579057
-0.138201999905931
-0.122108162440317
-0.154603131406777
-0.260019074234117
-0.0889407372075895
-0.0734205259466712
-0.171549990816138
-0.211572954977024
0.0195689119042006
-0.173632103612916
-0.185979078034636
-0.098940602641276
-0.11029838117367
-0.0181920831074975
-0.00380758982937925
-0.141492813693688
-0.186709786463941
0.180174769003673
-0.0127508581550455
-0.0601022199763308
-0.277606417850176
-0.181895329635999
-0.244612642640319
-0.142752806282666
-0.172556783749909
-0.0667614900455032
-0.137162704689459
-0.0381729579570075
-0.0800045726043303
-0.123470669235925
-0.125751281463115
-0.0601852500355382
-0.0241771294977023
-0.121254790455316
-0.165715198098733
-0.107008320971598
-0.00999025481959618
-0.00341855928469494
-0.0738498421717719
0.0123054198927067
-0.111098218003809
-0.0182241427195673
-0.0601825883536661
-0.12663179071285
0.0628203091790647
-0.0635008981856338
-0.112752435420295
-0.0420721869069888
-0.0443506723733353
0.0330692342228127
-0.125315762878997
0.0790776353303147
0.136183759770353
-0.108780663931499
0.0876272939386194
-0.0598949139427168
-0.0140152256099232
-0.0630431557736398
-0.0146843216911031
-0.0464633862775062
-0.140854077453959
-0.00660109333599607
-0.0662904060038766
-0.0520057321911633
-0.00230761019817201
0.0950352117423926
0.0904456083138064
0.0137248634848145
-0.101407082563132
-0.0484066979695765
-0.110021847270125
0.0159899475997366
0.133723712058614
0.00819293624257745
0.00664057451454287
-0.113312169430674
0.212180789640768
-0.113698247749435
-0.183092393799802
0.0984426579886553
-0.008002227837728
0.0401168721618756
0.0839217452511742
0.037853084474423
-0.0271660670312882
0.0470974704262376
0.0428126211519755
0.10494231821329
0.116377753526855
0.0832000755768939
0.0148814220570802
0.0725137111208262
0.0944949083070371
-0.117437740565329
0.193629314854252
0.0603917323999037
0.032081065509046
0.120874041551518
0.0956120842965338
0.0540934002584622
-0.000444539853056178
0.109101936113166
0.108054510646208
0.115809213470089
0.0850355241122047
0.185338078787436
0.0261295545967422
0.0586324760886931
0.0178117506408241
0.125194951637138
0.137808841072562
0.0843849432595692
0.240372201796335
0.116560233741634
0.0334816577736841
0.0748343553520599
0.151664925619775
0.0843302797178497
0.0477526877221157
0.0251769086895131
0.0472359354204108
0.115904077392885
-0.0131448969007596
0.0853415119464036
-0.00885857430893088
0.176199874566274
-0.0272168903440495
0.152835746192572
0.150455125567874
0.104895730517003
0.254870870625533
0.304327770351616
0.204418763198709
0.161075148234265
0.139697445790055
0.0517937276313408
0.192988578995999
0.066748575374735
0.0504738269790073
0.189417091577244
0.0133025243028811
0.166008427089922
0.133673744536434
0.057754046283902
0.128618080919217
0.199983401901619
0.089353116581662
0.259787309547869
0.252346652633201
0.122946553777802
0.10333369300748
0.109022953876671
0.0932431974056102
0.189366958786689
0.155661513416909
0.145538783519147
0.23703616404326
0.0568425339480858
0.340874232675062
0.21997066498261
0.160242631076737
0.180271749721714
0.115677597909824
0.20310781178759
0.298916872869511
0.0542545294737066
0.255351776073145
0.191579113912519
0.044162808782028
0.151749298645135
0.1086892148558
0.242642012133886
0.151408181065111
0.284682134736159
0.272499660787513
0.129197758261959
0.403230995909948
0.294425318701986
0.0701072559889731
0.157675183511499
0.10038767690841
0.249676437404551
0.259854518119196
0.232802520329937
0.318260318980044
0.306322576816403
0.241577873567686
0.28514942293323
0.293189757934221
0.271987282989724
0.133770008979859
0.186469794523671
0.250332245388313
0.179540913322979
0.309218303766289
0.298142686659593
0.331663897365042
0.26944974605451
0.259261633416437
0.261711253300523
0.295700639430777
0.3099630348064
0.319839287044406
0.297447292951423
0.300983012844001
0.29967161805797
0.223989042942974
0.32239642824353
0.350777708512232
0.267218075957454
0.205459880957012
0.279692438255689
0.327252637223937
0.380393819249231
0.430293013796385
0.260264751272065
0.279592206698625
0.288006053336342
0.377808823244466
0.294926687968901
0.158290810606288
0.343880176112258
0.169863998694182
0.264089900734814
0.285385280273587
0.26178396282863
0.375879376373131
0.387238042242904
0.454846827363929
0.214421540240713
0.33663473250409
0.274634547851178
0.28747645155888
0.24834145298942
0.258113810303884
0.240410736776131
0.389604394985973
0.416766614395565
0.222515674319887
0.336520298461343
0.218603830493057
0.240662158393269
0.195091987865679
0.271557205796107
0.397950531743612
0.369395796931397
0.334815813114739
0.306334032314418
0.257208501554092
0.468664219414066
0.41305768628115
0.57759491553431
0.514991842696119
0.29904404008719
0.381186492860279
0.479614760619714
0.370012778872707
0.417277697142201
0.517339633875208
0.315441915817903
0.330036264026682
0.459012425483045
0.381989717245429
0.347643422327288
0.513619781082232
0.389932971819906
0.283824294483662
0.239582373677897
0.471242076484878
0.291617362203661
0.291168405581267
0.36941512777057
0.333595769087879
0.451535071668184
0.454321224394044
0.331499333953606
0.401018910624277
0.243289973677582
0.39542058848524
0.339429036260139
0.533987156285771
0.464151402753397
0.507737618741407
0.423775551739768
0.386238455609606
0.270582764039972
0.435101051812097
0.54977681699532
0.402882095659411
0.36463457470881
0.447248257034076
0.477828586057572
0.46725373678944
0.367353036768094
0.471271268630436
0.506848653453397
0.477415682167467
0.295919792808187
0.424351271322262
0.422021057568196
0.590548954408142
0.538776095452104
0.410837346427132
0.381472119469989
0.456515834242543
0.429427042609774
0.492117727511149
0.379486706771586
0.444745505356763
0.482394258055602
0.595668102395
0.524695383805855
0.579706399022989
0.40605294672167
0.559383957478276
0.5273236879522
0.519277113994549
0.490502989158301
0.597914840852455
0.550135041965015
0.5159939286671
0.363195702798834
0.344021113968257
0.470228211636533
0.421414902357388
0.576272736392361
0.436946848191407
0.598420073417072
0.525179788656441
0.484610348127849
0.705436468672894
0.630764574125917
0.636669323124693
0.464758976856427
0.520295892593691
0.411436117689135
0.57156776387625
0.531228368602466
0.523271729496029
0.647285286671613
0.615369651622599
0.545284618339502
0.493438766453282
0.666475494375188
0.609973936825606
0.520435311528792
0.507057713038044
0.644175436758833
0.602580826846822
0.645278357385886
0.359162586753616
0.520191925898804
0.694888542970038
0.520099062218733
0.666400230990394
0.600770537251964
0.649887503927691
0.606724492874303
0.709004739428592
0.602779429176147
0.633127410937502
0.69498522078188
0.528120989794763
0.550856107375135
0.580530467039636
0.491826219626494
0.51696263882489
0.531624243750534
0.632218494715354
0.645464425683078
0.494057787901312
0.624927349488354
0.476936658375308
0.686449795373337
0.652912224169278
0.527692198651565
0.595068429563234
0.489307615117744
0.52050715137624
0.650958988003539
0.643855533606831
0.574056971768108
0.644094770892665
0.554608811318244
0.698430721633026
0.780489058857913
0.401712884432276
0.517888839079308
0.529794843220117
0.661138746641018
0.632668243283908
0.560576206035773
0.58387317227231
0.634194921249817
0.640155575933964
0.677081621359274
0.73942270368211
0.595628784863893
0.736067403171669
0.493199485954446
0.614285923451426
0.736072577701276
0.698598618301987
0.622700494443481
0.551194017152157
0.745192846721062
0.825398615835642
0.602739284795557
0.825223866674625
0.741509048409789
0.633965271275641
0.699233364141076
0.839392097814794
0.759925899186
0.6203783341305
0.64939352140358
0.669344934205787
0.664062564605408
0.635922131768742
0.576641674852192
0.713615544947134
0.521062176910724
0.779877296899177
0.850707608852683
0.668776034865462
0.586565662436901
0.669888260590897
0.687156772405047
0.655386826972636
0.653764634760284
0.640417004305206
0.67183567807298
0.626072270840985
0.78963570886183
0.709898688332299
0.6668848355492
0.700060574176761
0.595419899956841
0.573148670057284
0.720891790913419
0.833835652418125
0.771625892705776
0.786244701165389
0.62658913527604
0.786029464692271
0.513288182476038
0.886080677126839
0.745868700086579
0.790234022293981
0.648354949415139
0.638058285869225
0.622471575960237
0.878962670541121
0.670003878485908
0.890720435502223
0.766246584585389
0.738361969855843
0.776521990309715
0.65712002625806
0.745753410331058
0.780729518695516
0.712084533097146
0.691342692657192
0.795805788259574
0.747004799685242
0.736785118522532
0.79569516417413
0.820743174505831
0.802548200254465
0.895865424517939
0.803180479555624
0.870478361008816
0.872144474511506
0.833043147808671
0.789756622958855
0.750441156017748
0.619167966340341
0.921065340723833
0.868495464227615
0.891648031066709
1.03340722172311
0.909996742910057
0.830765528515177
0.781613222390739
0.812888185943577
0.920243549263856
0.75023253955175
0.802422788772762
0.855447492229959
0.982856719147779
0.845204036274492
0.824648400271112
0.7496792383871
0.840856676402504
0.887611517041255
0.861864489802971
0.878874882380613
0.742833787924841
0.7343641819632
0.887736159259561
0.873690423641043
0.94439312506512
0.802950233583752
0.931874674167778
0.86130814645415
0.903788662809992
0.810686299983392
1.01555418374724
0.85776156524245
1.05271495080721
0.768901199826107
0.819073965154722
1.01897197181478
0.859328655494622
0.999989066395977
0.915855576825105
0.841547253127851
0.78284877580952
0.948187478025827
1.04501437395218
0.778077012969552
0.947054704719055
0.877512744564773
0.855495323526132
0.943792876102606
0.980704190415446
0.911889493960182
0.897764414944054
0.910066303589377
0.993633147455431
0.851108541879275
0.823694301168409
0.925290149029968
0.925837533035956
0.827859181009404
0.920360996411268
1.03929158234298
0.93279041443137
1.04049008299364
0.871201083205317
0.842258203631869
0.835234727150292
1.01231776194092
0.982310574772514
0.842689835334511
0.940368203737621
0.928049674387042
0.914622418707403
0.929804658647468
0.923851887132044
0.897245602591242
1.09200056905357
1.07168062559278
0.8841109989063
0.980849803043568
1.02179619115599
0.900362790369174
1.09691060575472
1.01424722785803
1.07023871423056
0.994169937678322
1.06877261130644
1.06598298550918
0.898530100549172
0.923978016563787
1.02001591212228
1.01058752972604
0.960442939104124
1.05803382008601
0.957121534380524
0.889875171576997
