-1.1122781808672
-1.00852228009655
-1.04804745326163
-1.01015480198911
-0.924507328164601
-1.00927997045993
-0.880887890006992
-0.969690276636056
-1.10175238813942
-1.07519523478316
-0.998743614135205
-0.97624285401299
-0.921141854736799
-1.05319190623858
-0.889508666347622
-0.977327092387699
-0.902045642305218
-0.991532753208398
-1.01111110830365
-0.872370945026783
-1.09871072911056
-1.00495932618637
-0.896822031609047
-0.864647323627587
-1.02008159464002
-0.920208134715758
-0.893319668557236
-1.01540763285657
-0.963239320224976
-0.925763389343479
-1.05393314676071
-0.859542535008837
-0.891535248438031
-0.811647035589239
-0.848368594040239
-0.892103906998947
-0.800367950690036
-0.91266290972048
-0.884576181660064
-0.960428303993459
-0.903914235028895
-1.07512190137312
-1.07735219693785
-0.952951443030976
-0.836042947815864
-0.934234828051836
-0.987803547049369
-0.858136511066741
-0.789641531200054
-0.901459315926993
-0.883030070898615
-0.871529561163344
-0.825163425106464
-0.841830313539571
-0.855660399263966
-0.835438268340978
-0.914506472193124
-0.81814877236535
-0.995900184863167
-0.939761990122227
-0.833835867903432
-0.855714610284039
-0.900555606241799
-0.840678606493922
-0.885191410564225
-0.954548034537903
-0.920603513226024
-0.834477379029052
-0.916383531283247
-1.02083752852073
-0.959989468519034
-0.880614817651106
-0.970159430556109
-0.826115820113009
-0.813112785815209
-0.862707515744049
-0.891370480087589
-0.910056647203031
-0.884724583663666
-0.678939761612315
-0.882879981387924
-0.840975422646214
-0.821453276225958
-0.856089014518062
-0.906999589530844
-0.840265602567529
-0.809478027666435
-0.870729629752259
-0.801444163597305
-0.929295710562481
-0.823940582990704
-0.727618511140798
-0.848073410360808
-0.817912885944059
-0.772153903860602
-0.844494116392018
-0.847170810679257
-0.725864814351747
-0.772352111351606
-0.707100062196793
-0.83646546391486
-0.753681985773187
-0.740265631359498
-0.687146172415778
-0.750143660653042
-0.897804344172253
-0.626306088459965
-0.70150645418693
-0.74801037831803
-0.804894419856433
-0.830692844705227
-0.887686433269547
-0.782933248422801
-0.810096300210134
-0.854044928851189
-0.822477352990991
-0.860758842812942
-0.591194695145593
-0.767522137652943
-0.735352211191028
-0.758433375529897
-0.873354380139568
-0.831913875656121
-0.592501616080286
-0.4900496452605
-0.6663108184367
-0.705654525523792
-0.757582414015171
-0.733169512297176
-0.835885286253589
-0.762570077865685
-0.726425717070718
-0.721863683750897
-0.706537488486255
-0.648292407565903
-0.776290205386728
-0.801174356631978
-0.827941663707558
-0.581332222714804
-0.667213700045253
-0.646307583570447
-0.73234028066709
-0.692761494292761
-0.696804979929764
-0.639639483029939
-0.730834228459982
-0.797168832028042
-0.748868897399477
-0.646763359957737
-0.5847706282428
-0.577159199162629
-0.673706119197671
-0.664888258539709
-0.60471016207604
-0.716777143192446
-0.692195647647015
-0.850948785670604
-0.771080525323717
-0.585981603774003
-0.648621982906447
-0.705665364019429
-0.683840160654622
-0.786556541323695
-0.790472162909499
-0.680197717782032
-0.793907078054668
-0.606983280954818
-0.541613888149633
-0.662467493367364
-0.539130816916125
-0.647063876598774
-0.627210335872626
-0.634861971811326
-0.607778496491653
-0.655662129808979
-0.652838419840476
-0.527701879537191
-0.606214805419963
-0.534212919513714
-0.738772879259806
-0.686665518843998
-0.673422779083641
-0.652967426557858
-0.621367713100599
-0.551727181135632
-0.605335058020474
-0.65535427932082
-0.673911407969494
-0.547680221284906
-0.69305262625928
-0.600502036344171
-0.582480813131661
-0.617646651357399
-0.458566932723792
-0.577148101063363
-0.621096635626052
-0.613383360295045
-0.638890266927626
-0.67615054394043
-0.538127720902989
-0.564349226014938
-0.592652414168238
-0.649521736091259
-0.617033313444897
-0.493340631490144
-0.657721197105569
-0.56345802739028
-0.556280176148367
-0.449512249069795
-0.563121946567059
-0.595401236738741
-0.539967841090532
-0.441111587707241
-0.515264809377025
-0.548510175593786
-0.511575539410736
-0.370588430372279
-0.550448523916092
-0.561526390490959
-0.497504937835859
-0.578278700746315
-0.542979352458176
-0.70840817722725
-0.559875047568204
-0.56763110906652
-0.43646387966892
-0.472804475206163
-0.681550802241132
-0.469700687358506
-0.552955555955635
-0.544054908576607
-0.592105138292442
-0.445806391084732
-0.554342499403683
-0.567700627343792
-0.53196373786332
-0.360812240219955
-0.462524085873294
-0.516203365448212
-0.534358004049378
-0.500909346708838
-0.554594424962238
-0.674057780420077
-0.577508329324865
-0.43270629938683
-0.689484892512953
-0.293418285142315
-0.586379922012369
-0.505773214216088
-0.545596404763218
-0.390930114685769
-0.643918591091764
-0.328871011891691
-0.699250638365131
-0.604450474404672
-0.460033082668397
-0.490980332828776
-0.521993929552733
-0.463663236635495
-0.515057616377647
-0.417135354842414
-0.495812235541477
-0.471733236613163
-0.291735699374162
-0.523398673193681
-0.611190179382259
-0.448263929747771
-0.426458884285227
-0.492298446987418
-0.467923954785034
-0.305724028574746
-0.375732566312317
-0.537961740513406
-0.571430092897644
-0.343913132140545
-0.376541249988693
-0.367808455963568
-0.412166688306774
-0.59421432104489
-0.489567965606729
-0.54540950440623
-0.298085113229417
-0.544339871738992
-0.38507124087295
-0.361522080317141
-0.331245499968951
-0.300894045356105
-0.629450836218485
-0.375925325208883
-0.523876982306068
-0.65281510947142
-0.326274897966886
-0.580221198876752
-0.453227295277419
-0.405878947629671
-0.396150783696039
-0.418408847869156
-0.442316955349459
-0.418269945736151
-0.305786023789868
-0.35252078954251
-0.545643698382195
-0.421380596027799
-0.493587727585179
-0.490123007072892
-0.380268976963501
-0.363049687385153
-0.307094467396278
-0.457426761630585
-0.307438043322398
-0.439880023783524
-0.408049746662356
-0.365953552950142
-0.403339189753414
-0.300226594321817
-0.450755337294237
-0.236963610983721
-0.232797555778026
-0.322640912148594
-0.481157379187371
-0.315935638351049
-0.432642203666441
-0.408445551091755
-0.352318193702589
-0.481691282916524
-0.315491484560257
-0.221450615194277
-0.29718262481588
-0.403750194267773
-0.303080180896876
-0.348760494891907
-0.343082564471914
-0.311001984625464
-0.140835965554224
-0.434677337258882
-0.29486522231411
-0.329194141941482
-0.40955035755349
-0.552622173574957
-0.350231156468575
-0.423033679168174
-0.167705424601213
-0.300473968126946
-0.345855085576802
-0.209509848930495
-0.136037646325698
-0.34808531624022
-0.156770797594246
-0.391254296922663
-0.309920976787513
-0.297487251493572
-0.430190008305746
-0.100539242901571
-0.200460630944455
-0.333688752006734
-0.304372265268683
-0.325079129769011
-0.351998945725002
-0.308632590902099
-0.327211006915492
-0.273337855343273
-0.416983252607333
-0.00635421769847129
-0.415923015625097
-0.200233408101105
-0.333498920031698
-0.294177129935606
-0.100064639405799
-0.344155226785776
-0.309052304413645
-0.2914276215606
-0.121206510311516
-0.186809630407637
-0.136720162574494
-0.208981479173099
-0.193169933201783
-0.212008771171687
-0.25994591348028
-0.267063688990645
-0.445350688323061
-0.231107023951061
-0.289502430216965
-0.193152392673224
-0.0643488923001782
-0.338000143825936
-0.197637310310473
-0.336615307533603
-0.261727592602944
-0.277152628264408
-0.287461305921536
-0.258539010282248
-0.0915355490306588
-0.0815344020562958
-0.188921610482372
-0.248927319960765
-0.186562061945187
-0.24544963984369
-0.329136922598873
-0.20620493221529
-0.284141239989376
-0.194896015385855
-0.283839485839791
-0.127829988093388
-0.362177761191675
-0.190491925672272
-0.202219824302114
-0.269170937256342
-0.150371844719603
-0.206302109522919
-0.137786666749576
-0.182469025982436
-0.0746731380658365
-0.00876351138937674
-0.181793741213733
-0.133157866497099
-0.0149570368652997
-0.215485037607312
-0.227327323770402
-0.182641118592273
-0.192809129066954
-0.0767786118468218
-0.257462247217887
-0.150998426152415
-0.0755118070343955
-0.255387089416353
-0.202458313399379
-0.0632678832587607
-0.0494519374065323
-0.132089260197227
-0.152629719392683
-0.141864894490929
-0.16828858699665
-0.265718942851387
-0.11072726848301
-0.0702530852174948
-0.175391751918088
-0.206955917641397
0.00577302843124939
-0.17721430937645
-0.175019564579994
-0.10097645361959
-0.0676048006500462
-0.0180823329776415
-0.00731855026903902
-0.158269073009034
-0.179470765733257
0.186060838438757
0.0175597384059719
-0.0576230400525367
-0.286341182834148
-0.218686364492557
-0.243114442558285
-0.117211647910142
-0.178415113062187
-0.0690921565683013
-0.174199085464765
-0.0670732424841344
-0.0989559271372982
-0.123229110381708
-0.113262255150134
-0.0745619243541456
-0.00837375683960228
-0.153038709596333
-0.151816021860417
-0.121061800180306
-0.0186801192591549
-0.0217621846903668
-0.0866644140882764
0.0166855733208569
-0.114914728411311
-0.00303035773050907
-0.063691776959917
-0.150124290382452
0.0593302031056048
-0.0775828026826824
-0.109627930685205
-0.0506806659237364
-0.0340330387305849
0.0346147044679684
-0.117544518174902
0.0764130756797249
0.145602481301218
-0.100406864025499
0.107614373601042
-0.040895617397127
-0.0101576943497551
-0.0616350954119236
0.00691667437457547
-0.0376743058868703
-0.152224310970156
-0.0104297889786289
-0.0753068553823183
-0.0458064857026123
-0.0342947651621671
0.101025712050882
0.0726844364299792
0.0196474549368392
-0.0817967797022573
-0.0369491653845743
-0.109450115476898
0.0368574521421284
0.111680657847261
-0.0170801018436989
-0.0101236225299653
-0.129121456144285
0.202685348815717
-0.10374504561774
-0.184022080617442
0.0897459215166111
-0.0075150128334698
0.0363226752757825
0.0943998143657717
0.0281767235681147
-0.0030037637482083
0.0392195578712904
0.0227289991425331
0.0828382627889352
0.114365962714151
0.0843755712427908
0.0453808589778056
0.0656509773802301
0.082172782140235
-0.109762971834637
0.183458849639389
0.0736334785181547
0.0223477438073553
0.144982025860734
0.0914401323415004
0.0659935495184456
0.0040309792476128
0.11499130591562
0.120633844270187
0.116042307048602
0.0990157867419101
0.216055347334546
0.0181225673245456
0.0356744936334122
0.0173406947859925
0.113577958522092
0.159195472720027
0.129444077675414
0.245665482310961
0.137642223979303
0.0191652878648245
0.0966454690116498
0.143925886853415
0.0898586432758632
0.054625181272199
0.0180434477238066
0.0585746281506235
0.134775762816254
-0.0298813696271261
0.0912461016495618
-0.00278241882142946
0.181775000651946
-0.03177643191262
0.1596341068088
0.171058572497965
0.109924949609485
0.272392277982871
0.284957186629443
0.240392899869195
0.15177571795589
0.138429771423738
0.0621263629870746
0.193195420904738
0.0662388534407388
0.0522807822505741
0.188072888215263
0.0111956518238955
0.182555391776207
0.138142769987419
0.0703231046360238
0.124846293856541
0.175064868832504
0.0822815229241411
0.268717445447614
0.251038808559822
0.133430904621574
0.108977588568013
0.0899486133417347
0.110659642130374
0.22625167611313
0.172126107010292
0.144705722746908
0.243311083730318
0.0578150564118182
0.345513637176148
0.225702953272123
0.138938065381257
0.191954507846565
0.132310436084804
0.198751150606848
0.293508583269533
0.052372507387941
0.247842767813633
0.182918985020839
0.043486966352871
0.165815474792431
0.131231348344574
0.265360715076129
0.153392757621395
0.295761749631933
0.257613054706183
0.133267726303766
0.389629310030069
0.291881742484007
0.0813236954621047
0.179083652409484
0.124640464691625
0.231282522331655
0.275466771399044
0.225823875395613
0.323795075706104
0.309716751995494
0.248861246846793
0.265685952470953
0.315127360995093
0.256457649923249
0.159721010259824
0.181631062085269
0.242352224554137
0.194006177568002
0.320706303182069
0.280419598290599
0.32802584268646
0.254843312463241
0.276794132421043
0.258103828233561
0.313112692474147
0.281205530051231
0.338758346129511
0.279487873620318
0.318494717158916
0.3030806244759
0.219760077868773
0.334182436602273
0.352722212266069
0.248903432429485
0.212267178496973
0.272987584206962
0.331651762488134
0.393911157706322
0.425580241244558
0.270101951099092
0.254758804119687
0.291631501579162
0.359818279219847
0.317162508682085
0.157513821105455
0.340981755124026
0.167343600191323
0.27542333419365
0.273285216040726
0.243587572234818
0.368043610343601
0.383517706641731
0.44033918173332
0.219641720885661
0.332016982739248
0.288452847524208
0.306715916256861
0.255942165287193
0.263640942530911
0.235413242086966
0.377664993324456
0.406376165614855
0.189516277828112
0.332351044732348
0.225941627079368
0.252194083134289
0.189266598897382
0.277756697720151
0.39994752520655
0.394779994284165
0.348108497241174
0.308723797567164
0.235015935281965
0.460466803186729
0.442298944268814
0.571551337437323
0.524858414725117
0.323455781123922
0.383247356069098
0.464186886668639
0.360992923657092
0.410477155590688
0.533094189984844
0.302579197105296
0.332579867258351
0.434882183318174
0.35040174795067
0.354601192622795
0.507755453273178
0.376838024996057
0.2731597241151
0.239416658994203
0.451785432252819
0.294814746879681
0.303043387452815
0.349765170203674
0.307396175626828
0.424479545858672
0.432084127033709
0.336564514414665
0.393800723274786
0.251040753686902
0.411316440570584
0.333082137983625
0.563887734279491
0.448338482194714
0.492909958149741
0.395779095534371
0.37484324532662
0.283892939836727
0.43082263722333
0.535436633371499
0.393253762202476
0.34344506661031
0.448862274505919
0.484964479849892
0.452232482628501
0.362483665439641
0.483232444775082
0.508414992539725
0.490781576394121
0.274057674558979
0.435889825713359
0.422575572647353
0.590607201896523
0.53734525909002
0.385330714246551
0.402820742355363
0.476181847564618
0.424377254297661
0.481334387929975
0.359235405141208
0.453061864658707
0.474851466373455
0.592954189521143
0.536937960966966
0.585248349686046
0.41975781161585
0.579746113064511
0.518623101990145
0.536833195228688
0.492887100764027
0.605608884321619
0.562151350621789
0.498167439107236
0.359853931280761
0.356335725352587
0.465550344798725
0.415714647132523
0.566364269996306
0.437899576227543
0.594558157109242
0.519890629386401
0.476715605971685
0.700310494044752
0.643859343053441
0.636091951759871
0.48725998525312
0.512364956106372
0.417502217844889
0.570912569514765
0.525051246572274
0.5114858629324
0.614682965640052
0.594534447683228
0.537159117184791
0.509858067351684
0.654103214191167
0.616874738236046
0.5281415158713
0.498440535137979
0.630503893998625
0.585326021598703
0.609335942423719
0.366759461023012
0.518809439247837
0.686277029576951
0.538052381165847
0.674909043172713
0.578319906208431
0.628269940472281
0.605153328197473
0.685460992258183
0.59849014991026
0.630195641700469
0.695263087178632
0.525284091137084
0.527593053292363
0.567266077693562
0.497036958369301
0.52381964533645
0.534630312454072
0.620074212820149
0.625817808517522
0.505081843891933
0.612215704129532
0.483109464440611
0.683115624308892
0.652344149547761
0.521917380437938
0.58871466855824
0.474858292975595
0.523332525685036
0.648175201898212
0.650707922508552
0.558377914782474
0.657160818838173
0.550371094934566
0.680216404894959
0.783736371828501
0.422642684570072
0.500333874636859
0.54364564239582
0.667528397033248
0.641105514958941
0.573777017918548
0.594444450644714
0.619229760004446
0.66267126687341
0.680375958287107
0.744283390144317
0.60600519651143
0.737818270447261
0.502839185268394
0.611678889304313
0.725159489836386
0.69387474144296
0.629905552403843
0.562223818313078
0.749269143184454
0.821078598794772
0.586460699076242
0.844320239626548
0.771809357150648
0.625222756239314
0.696863933637943
0.841110882493564
0.766437108568626
0.645030871893593
0.649089663587825
0.685098284957649
0.660103867020407
0.633769242530563
0.575025086342738
0.712860395100548
0.523769288368812
0.800496491119335
0.832914773036069
0.667390348975038
0.591589082696307
0.651991382413593
0.701821622250547
0.67685423741578
0.649509735467658
0.632666712038346
0.669429999660623
0.598084960038151
0.790977761603844
0.70207233953244
0.650578995649319
0.693114438820005
0.588485883302843
0.560641361095526
0.735033864268667
0.838803242977966
0.796616053167519
0.769544535536934
0.601996186188779
0.78333124549451
0.52388685781086
0.874806143362164
0.742002916378102
0.783744144203719
0.639339945649827
0.667799069619343
0.60595412074216
0.864795373626205
0.63261341652278
0.857395036709617
0.765781915564111
0.732778438773746
0.794314426271361
0.667959784630405
0.746564779109297
0.786568746426938
0.740838777481125
0.687986650054905
0.779390489674002
0.735764699671643
0.728731887951322
0.797716761758907
0.792848452007937
0.805979693989181
0.928952342773807
0.803682934847261
0.879138015057051
0.85514415861204
0.831858120305958
0.789561264343481
0.744030276467429
0.631838647971111
0.920678650750589
0.850182325391746
0.894135141313106
1.05601477168935
0.913476946745806
0.857353852111218
0.786774218328368
0.812102356880522
0.912267628832404
0.756472869744996
0.766188077665496
0.849256743645562
0.982262298539702
0.837974147680445
0.825743870816197
0.747343669824299
0.84668024068337
0.895501707136178
0.884971437371756
0.904551928734398
0.733594728412198
0.735531470872141
0.884479275707584
0.867797048129963
0.942692142776984
0.815649502673311
0.921086069912521
0.866951188533932
0.903118812420471
0.804238415595638
0.996717809207779
0.838622243847228
1.05643351754843
0.752319657296344
0.826358349667305
1.03012369666257
0.836623199337592
0.986336390819733
0.913804958974277
0.835446158698911
0.780240963987761
0.940779740494361
1.04208162929695
0.77265389806052
0.950582839652551
0.894976763099985
0.832475300138542
0.969491765615526
0.992059183214423
0.922959104617478
0.889697606780421
0.890876641634576
0.990305672424596
0.858189755900277
0.837254117182936
0.895743989814461
0.933064029541812
0.839920485942076
0.918243458503295
1.04490905919871
0.933574453713199
1.02947760598595
0.899644962463395
0.830234615427225
0.849251455800507
1.01895986596197
1.00228234301411
0.825724302911606
0.937379602197032
0.92794258477311
0.904783914160602
0.9229510729282
0.924569895416843
0.905825009313506
1.08227946314145
1.07306394783606
0.890276094981529
0.984512646937212
1.0213215105281
0.912468666954284
1.08812332215196
1.01550837115581
1.07526121371724
0.970422405700085
1.08343774666138
1.0228415782021
0.922938127227099
0.936234690897474
1.03126640121914
1.01297132916471
0.941505909252234
1.03680347239199
0.967349300406861
0.91700553511694
