-1.03591330080317
-1.1282927035482
-1.02229058778766
-0.9405404294935
-1.05188456408547
-0.956718699971866
-1.0980968664574
-0.947121888553854
-1.14308586712071
-1.02461839659398
-0.955473806906337
-1.02181085151144
-1.00733582350908
-1.14511441509215
-1.1389046713905
-0.974024223125202
-1.04810923099491
-1.10902567465845
-0.856500038916752
-1.03630351158851
-1.00782052032991
-0.908358909028265
-0.924898510064405
-0.977215736558018
-0.89567820084335
-0.877481774706673
-1.01857009206219
-0.865284666059983
-0.932425275584505
-0.884241010196228
-0.918355350649866
-0.918386755948166
-0.970013203689845
-0.827916271514439
-0.89114085383377
-1.04669132999627
-1.03228481920258
-0.956469480431557
-0.882394220687946
-0.97735477479595
-1.0408667265814
-0.801810734449786
-0.976254817181262
-0.970112810679389
-0.949628395239032
-0.926427978966592
-0.991937489619994
-0.943003412115385
-0.853235268914835
-0.972150744097497
-0.904275646631047
-0.96434365908732
-0.864069150477229
-1.0768981534525
-0.901133775396315
-1.03450380050574
-0.937172951076547
-0.698531130662682
-0.78628726223194
-0.90193812621505
-0.859686251418337
-0.885827291600442
-0.734969709125522
-0.878098349434484
-0.940293494569516
-0.859122250965511
-0.932238662914357
-0.968301075434351
-1.00084662592543
-0.84044997748102
-0.785443591101423
-0.874961284328564
-0.828300160019184
-0.824053354005604
-0.948214751302349
-0.863763515359883
-0.888286277381772
-0.633018030875885
-0.8556021622944
-0.755618218229258
-0.725955068498036
-0.746587291903741
-0.871783164654542
-0.895651117721978
-0.991104399934736
-0.818001892736464
-0.795001576132709
-0.888476331354366
-0.79905945610174
-0.873619517954507
-0.780676241756499
-0.852419698065033
-0.918444206675366
-0.783328284203899
-0.785572357435339
-0.713622714753108
-0.734451769487676
-0.721845808612961
-0.72159443897497
-0.70616871620974
-0.855475451544506
-0.73878882664871
-0.630774238261526
-0.864507573771361
-0.81927400568855
-0.788675908590613
-0.874054084965467
-0.794824702456557
-0.770716281864518
-0.700129863291663
-0.704092323821865
-0.801228276716873
-0.693449980031117
-0.87534169900859
-0.702043949746052
-0.921725954341467
-0.737853255009524
-0.902158314521485
-0.69056125928085
-0.889165356268651
-0.717414013674525
-0.800899951744973
-0.830541303707093
-0.972132842649492
-0.756703443492773
-0.850268184505361
-0.737424106532489
-0.622208716961511
-0.715482829164956
-0.682043065419739
-0.696888049726818
-0.781202940641196
-0.804306036410247
-0.876513480572116
-0.915396410595187
-0.781859293750638
-0.62635628649006
-0.620611294894601
-0.757613620644824
-0.687723985762374
-0.794417128873746
-0.472300154251172
-0.68525764194353
-0.744025245383449
-0.644858652681367
-0.506280857856821
-0.850629841749454
-0.549922151722592
-0.692818670949112
-0.618017619913479
-0.796109234716049
-0.664118655283101
-0.800037697294811
-0.729609198379267
-0.587612895855343
-0.64892104806445
-0.585947200073087
-0.614116472977829
-0.619891658959518
-0.680145735613968
-0.612300967744456
-0.703134632961824
-0.62585443207166
-0.513998538734104
-0.644759603247778
-0.622140414178789
-0.691850513426378
-0.590474590096016
-0.588425698870482
-0.697816724451207
-0.78055489728036
-0.603101150010008
-0.657293123862394
-0.641528787945286
-0.578194381268843
-0.497866981202486
-0.568328573925746
-0.598810358301505
-0.65450516456562
-0.662461293996598
-0.750616520449897
-0.706517487725683
-0.45636590017884
-0.597693292685776
-0.615241516864343
-0.683213054266398
-0.569834221439078
-0.574004393168933
-0.751806244884775
-0.586953994438434
-0.701900009200114
-0.602758672262716
-0.738419351320704
-0.715510791223684
-0.503885579346923
-0.645334900390143
-0.651673186367389
-0.68558515830003
-0.722372787003379
-0.500379964475917
-0.661606038748637
-0.626745704022518
-0.662539695308239
-0.606762181443576
-0.59848747618558
-0.507031720879824
-0.620261265597931
-0.583144555449678
-0.621449486010586
-0.503778158546017
-0.482955124592763
-0.489763863797017
-0.57788320670561
-0.503601549533815
-0.506213121193254
-0.508856381341614
-0.477124216450168
-0.509629103634082
-0.59673728467449
-0.569361061859045
-0.567017874949164
-0.588534570764457
-0.628240909481352
-0.52833740530724
-0.430036579600792
-0.581489523037917
-0.487056315798739
-0.594351088142582
-0.525372063694195
-0.459588197000556
-0.424594541723882
-0.603574745437235
-0.495417872475787
-0.516314028299476
-0.548122492563788
-0.471182796981491
-0.53668801026287
-0.54480702824651
-0.582157387018597
-0.525352246338298
-0.571991210132337
-0.566567300067503
-0.490655829766731
-0.632858985472022
-0.531096809521283
-0.524115925080062
-0.49212853203087
-0.563069171531469
-0.472312115212324
-0.525937620828242
-0.542518121155706
-0.613330133142907
-0.398727328640946
-0.626656884851075
-0.474079888431151
-0.554569556454252
-0.520996613340576
-0.506344169853244
-0.460873633669426
-0.480015860816739
-0.610623373191492
-0.638158479385544
-0.364258733227864
-0.561365807521075
-0.425613249943512
-0.490146292459217
-0.434976497191077
-0.535690554513278
-0.431287619588959
-0.398920729104156
-0.326156970647296
-0.448258209759376
-0.543449934220401
-0.461341352611059
-0.438376943905655
-0.34823644766182
-0.460824240699279
-0.498096184241847
-0.512836244502082
-0.423421675787495
-0.477914633466075
-0.527650349406004
-0.315962796870117
-0.406752305978608
-0.423438931047799
-0.370008520622571
-0.397763551099384
-0.328999668806017
-0.309205756952155
-0.341675567318605
-0.458598680048502
-0.268221144269642
-0.306992231511685
-0.532961396592935
-0.368857151393257
-0.394843356228752
-0.461398961390259
-0.240775762654659
-0.438677328579165
-0.424696656936039
-0.452307767566875
-0.377812798746235
-0.366078615687132
-0.475813410815275
-0.317948975911346
-0.393924226998566
-0.389596242288695
-0.466502767385463
-0.468594691368658
-0.353878717438327
-0.421769712735893
-0.310900463780617
-0.298358867176734
-0.409545231516071
-0.343646837465207
-0.320067265083629
-0.428239392832686
-0.179894237479625
-0.436137211340033
-0.243446684425499
-0.369872614553963
-0.407571960453721
-0.407865311721306
-0.405216012892855
-0.358488114740237
-0.473035798662013
-0.136462822917092
-0.335411897577668
-0.329099212278071
-0.16330571065132
-0.339859795665202
-0.259853526061821
-0.367508517693504
-0.324847124942277
-0.358080403723894
-0.437771222432343
-0.337508190929151
-0.396034513150304
-0.400286468973147
-0.238949796451103
-0.34126477290092
-0.370064223864022
-0.251084522957034
-0.435669038152231
-0.372639096791189
-0.249442381851042
-0.344307347361782
-0.478236277589432
-0.414022629145696
-0.196660270162462
-0.318550562087695
-0.294854800426482
-0.216709691033423
-0.27175955569718
-0.22104226867768
-0.260346817511721
-0.317613643091725
-0.283925018947815
-0.428745020803966
-0.227723280199039
-0.387209089698735
-0.376422806165879
-0.297890220578292
-0.27079566742583
-0.172380682905587
-0.394070567223549
-0.300418483653824
-0.326631289159131
-0.186427077459576
-0.194484222155636
-0.260982620452865
-0.299759232342666
-0.281868822471262
-0.401679166287023
-0.250848460431097
-0.21010985794153
-0.299511048725334
-0.271857602609947
-0.3309198915094
-0.377416932993545
-0.279489138178897
-0.218505436100101
-0.377986869079464
-0.220784906404691
-0.360948403738311
-0.321804149853433
-0.377464915285591
-0.182495426733247
-0.21294747693339
-0.211395743099478
-0.19425842315742
-0.154967025219429
-0.266614738459628
-0.0665781996314891
-0.366632854927991
-0.230065993506265
-0.215443748113925
-0.136508727289983
-0.2890439902665
-0.299691343329516
-0.240271737141174
-0.12438621435054
-0.195255368283499
-0.267057373514455
-0.323319502517762
-0.0488749077721023
-0.0693579189311426
-0.363059600236922
-0.224922023518888
-0.227935643049551
-0.288124978253221
-0.0441303824567387
-0.169647074146033
-0.258517580088881
-0.2325128798866
-0.149659507723096
-0.212864171785696
-0.174770938043418
-0.0692926434881853
-0.161003764235301
-0.0903643160463899
-0.188322352986004
-0.114615640478852
-0.201906643309261
-0.203105354400557
-0.0511604469021316
-0.0882052429336002
-0.179912430823795
-0.0781737628009032
-0.018066444735308
-0.0748830131166094
-0.0869014228209347
-0.244359058980513
-0.150797986004497
-0.0761377231976523
-0.0342993096176687
-0.0770148583391235
-0.0596764716246232
0.067891695076549
-0.00498223895962329
-0.209377891112602
-0.126358994335847
-0.0569322994132133
0.0763281485302849
-0.150241477675021
-0.0545700264193777
-0.182417810539636
-0.0563609017763783
-0.0617426308481471
-0.276612879017792
-0.130304511475522
-0.109572793511701
-0.12149830771999
-0.212323226311626
-0.021863131509163
-0.115880631390415
-0.0299866229005678
-0.0607125456359979
-0.0323657061924508
-0.120365177804514
-0.0885431422571307
-0.0191253892597877
-0.0335328217871814
-0.0418166537232256
-0.184475180815225
-0.112976873451973
-0.0602141171367354
-0.138903063618978
-0.157259661654904
-0.148079733303902
-0.103903827361965
0.155394192132932
0.0912288825086165
-0.117543212927476
-0.0197730868283518
-0.0391996018881378
0.0464578808351906
0.114409483279252
0.00216967605488683
-0.0544934190202513
0.0231793973919879
0.0780458747023197
0.0020329554662991
-0.0128082109786256
-0.037430109260186
0.0249079191412247
0.0369123446142952
-0.0801078891705179
-0.0777741487690183
-0.0233651494451405
0.010494951552095
0.0289671145247064
-0.134614513523011
0.10766773421972
-0.0410048569485527
0.0574958609902208
-0.0170605373330609
0.0533474438561394
-0.0844723169095
-0.0348775942240723
0.00250923414667506
0.125679197619219
0.0368740317855364
-0.039569430834266
-0.117004471194963
0.192468528255717
-0.0164959222591892
-0.0217049675082088
0.100235394456109
0.133805131977771
-0.0312564776473516
-0.00984046710008823
-0.0983607615969413
0.00600732022569356
0.139914789286365
0.0259226702734311
0.157596869109174
0.0615043639525351
-0.0192549998307479
0.198025467259461
0.121040600854719
-0.0408366511644966
-0.0900156951788917
-0.0483391200356522
-0.0675340577814245
0.0575203980401306
0.0936845935771889
0.187039694177152
0.123170445125237
0.0496235285989461
0.0668076088103084
0.0712143643219854
0.039337317255313
0.104350602504302
0.351776389303708
0.109684983332976
0.0753914375159392
-0.0360752021211094
0.0882833369415471
0.0871151517099976
0.112745287913424
0.171982401639746
-0.0249500644737378
0.0816463813716639
0.205244589200271
0.0796194388116435
-0.0213831963888012
0.113871257899498
0.0172888202137011
0.100135290268319
0.0974376063971235
0.126876235721586
0.1556928515953
0.0704745606401326
0.0493132651969007
0.121461696255933
0.0416731647352283
0.128586762078373
0.152987482220455
0.109274301430933
0.196079862714358
-0.084778837067854
0.0832707233384259
0.172146306117591
0.261648970102371
0.0313369236476936
0.0456580687662909
0.182722700358681
-0.022411985207577
0.19615543152866
0.0283436146054201
0.257083364411082
0.188453461520029
0.140766100550317
0.103690772828428
0.104514436503501
0.256332756516438
0.0573726301345503
0.23756784918594
0.0317157764517364
0.263730456139864
0.221231252893243
0.109193762669466
0.0930516159096452
0.345590988531951
0.215524525033107
0.224150881971589
0.203153542133267
0.0814835382768525
0.0515865819905541
0.10925475615199
0.0182097257463206
0.268718988606376
0.287614619840747
-0.0339442014817236
0.26296409158196
0.298897485398384
0.243928104188767
0.237375029737808
0.198441520220287
0.146475797042059
0.185729102449363
0.290206213607145
0.0878257941036802
0.315613738559409
0.288240342491636
0.175430699796478
0.234736873536567
0.245114604235598
0.267729742042044
0.29802844085866
0.100878866969818
0.213539226975835
0.262278019052947
0.258695113541394
0.385472988855088
0.256202013671492
0.215669094061469
0.274783165060979
0.247543654827021
0.140683396300746
0.265715475119634
0.31331903102543
0.0621921577425484
0.197714534763119
0.240393758463358
0.379841883285783
0.175558208486589
0.37876101541663
0.381446950847972
0.286063894661103
0.158527254549029
0.27263979931785
0.271772972055256
0.336883490260612
0.195311475695502
0.378987904627307
0.433087080803903
0.305520977808511
0.272362308653769
0.256370309314804
0.214934240129815
0.40501477442447
0.439288155841953
0.325082931198416
0.188664475552505
0.121185826085676
0.45606352945371
0.30225012021387
0.232913824437415
0.330676610480158
0.243076237007885
0.40500491769196
0.272743184680503
0.282243384927168
0.277972829273439
0.243966763039786
0.383380104764919
0.293882995215582
0.482833534074696
0.290974623855941
0.377501924386701
0.359064726148
0.378815722765465
0.301587752941268
0.279551144254713
0.404221916841326
0.314121505441197
0.461441167206184
0.312257049462241
0.446541671570776
0.335180187001859
0.272095846221026
0.357180946634937
0.470769581497249
0.448606551442409
0.402323393791552
0.362605129122747
0.345236440736216
0.298004914448981
0.167974852954015
0.428121097394869
0.195945556896928
0.22074867935351
0.421696067084949
0.434714827464567
0.418961178169911
0.369425456688024
0.341155059218254
0.348744461067811
0.36876634671896
0.373230016320968
0.333990220189656
0.361183096338871
0.391517202904126
0.334411703856528
0.301453452192316
0.36842982098107
0.455796041528419
0.36139495369462
0.408666831045742
0.316818172780666
0.364372267497158
0.301255961444782
0.222320518717318
0.570886686594455
0.46019015145652
0.33155639562076
0.426197491587671
0.512569558897319
0.455449591299925
0.470996261869719
0.33780230169755
0.363376255985142
0.399650611946535
0.353456631338449
0.332441651045964
0.392428971268527
0.286553181724214
0.437689270595255
0.509071643325936
0.468740538652539
0.477803591498933
0.491375939092611
0.525975756808323
0.453767541898674
0.508309338831922
0.404090113420089
0.638252921701018
0.35520265692498
0.535188976716149
0.434966371592937
0.429144525484276
0.515860842599329
0.408849452439485
0.536607749458794
0.518953096751164
0.334460601991962
0.385155732058561
0.420820265825055
0.407673509803569
0.582978708677931
0.632597034772207
0.68812379985434
0.464681676422505
0.457408768142397
0.598422546473944
0.497338635746223
0.413067954923501
0.483138098789617
0.445114270113625
0.530458937408063
0.49485973068886
0.639668576729405
0.332530641097917
0.615488530300305
0.565182353080847
0.4568253119229
0.639128808447726
0.57792033618426
0.581392740211749
0.665934201321588
0.514148495649817
0.453438744586591
0.466685456694992
0.609264714354032
0.486869005835193
0.47273396221145
0.614363547304964
0.592566340409787
0.512538027472061
0.564270284699047
0.512125938518459
0.736206781885373
0.690615780968736
0.3952340770264
0.459103117937457
0.583518438755246
0.579414567819738
0.506144598429579
0.371288323177006
0.45422382305166
0.542578920152909
0.587833106650449
0.60219050835659
0.438915523012243
0.691497414735018
0.653924773137679
0.568815397854223
0.556705632337601
0.708684662413257
0.421375225767525
0.346131432494195
0.524419981770798
0.525791222225628
0.503470562307494
0.477216546025553
0.414517334058992
0.588438606404004
0.570116775138872
0.837210005237722
0.666133354277512
0.573454384705074
0.625793383637162
0.693860039870411
0.636480052584169
0.662806744038544
0.644973534328724
0.562291161345639
0.57762714105986
0.565071491257586
0.682792615729996
0.51806564274861
0.671145617479346
0.708212385154522
0.691533519850865
0.746297748908809
0.581910898606686
0.672287936065466
0.631268294170293
0.664164018324372
0.596026493754433
0.74547366523925
0.833205335600415
0.826457347566076
0.646117758215479
0.596190715708423
0.668487063786955
0.785749284265982
0.638635801087085
0.712848131731092
0.699878439293582
0.654155038513782
0.556187626284934
0.597346347774217
0.62168676346957
0.565786049599609
0.791902964735608
0.578857643172912
0.631854574378996
0.483122027926564
0.612063425698457
0.649239608752113
0.515336446321201
0.662147352846055
0.654532251835369
0.727647504523327
0.622373315253861
0.731314812227769
0.666638565477777
0.548337509441231
0.602858952953307
0.743964649258518
0.794329192458091
0.81887679937022
0.721627192581012
0.727248401913057
0.773777871114183
0.636169843267134
0.583086522943278
0.751448785730776
0.743128003405045
0.723502888767262
0.749846608609598
0.810910904122248
0.679808401841042
0.790405025882529
0.813455906225268
0.671738777233231
0.653556995751228
0.662469554623966
0.695732312387972
0.840701572731349
0.861687365779451
0.572361544070555
0.704269099557724
0.848926014067479
0.777069986584604
0.835365215333946
0.646824984598086
0.850431182512869
0.800165791055115
0.815274972065203
0.760073730118607
0.783987735988001
0.918532964191498
0.663365398069614
0.840169543974538
0.80506714465865
0.779656849990815
0.725971819233889
0.765692505221364
0.873882240338173
0.804789121227455
0.835075418194044
0.795442266515838
0.777660917108689
0.780225908221128
0.759250593754912
0.842288294555663
0.715032837853228
0.611196716449562
0.947815872400055
0.680097932508356
0.893516138359476
0.883060362531794
0.870421056979956
0.711966574749598
0.834891814777813
0.912356905999545
0.734732938615268
0.808608314893499
0.82456629907646
0.886306846351291
1.02665364923922
0.856607013354356
0.648077099616047
0.78424147397691
0.793478730672036
0.893486140304938
0.78818622199808
0.842880773735714
0.839810371514964
0.830107013954582
0.706919280635492
0.877416769548412
0.813832630681335
0.977688064941714
0.897146802224006
0.743022043458729
0.951747939107487
0.850245211667058
0.823036833589758
0.744797927597397
0.843017634696131
0.792296760009332
0.854890003802823
0.950377250785089
0.873489913857594
1.05088847790173
0.885466706633766
0.874767795910512
0.695647690850519
0.967856192306859
0.952691132845231
0.939767173303211
0.842518533792879
0.913863162388306
0.857783109949034
0.815940796136345
0.811539328590655
1.03775993898216
0.966750696035918
0.851148994278626
0.916608469779016
0.878160958807154
0.901927522166645
0.951397672775011
0.932511185058111
1.01314049322503
0.996946053550681
0.906623239222928
0.80785662535929
0.82526479822131
0.901771872861114
1.02043560151436
0.9280151391048
1.01179740907302
1.03358517628547
1.0059006086812
0.895026299607813
0.822207530220101
0.89547240546793
1.0145536409433
0.858623410961418
0.91876499303205
0.965636151858904
0.903456953810515
0.838162307641478
1.06760231808667
0.913078406264009
0.757429686927029
0.887404510930241
0.879186227916118
1.02622095118589
1.02032755100698
1.05854610923099
0.962179825482311
1.03293925644482
1.09357223459846
0.96670776513726
1.05538468202737
0.983611521703532
1.09383097609154
0.9663469506237
1.01861680368157
1.00046387093802
0.943195707520247
0.945555118116298
1.13572419412282
