-0.995737940410193
-0.913758043678457
-0.942813100605369
-0.935254826019679
-1.02198840461228
-1.09517126723883
-0.986721108773514
-0.81200589521921
-0.930639207278753
-0.976483215873489
-0.998214797575571
-1.03756896595037
-0.972046046964092
-1.05995992481907
-1.05623250968484
-0.969725711614717
-0.993322092889821
-1.18091806575512
-0.984093236112481
-1.00271853591186
-0.974592306078021
-0.946269190635316
-0.839142515234548
-0.955995295421624
-0.834562312263707
-0.936966962423092
-0.901188213764685
-1.06259036055614
-0.962446017895214
-0.766187314356212
-0.90597701658873
-0.8632863196287
-1.16794977296361
-0.868047525771453
-1.0934455922296
-1.04097242529864
-0.840732165834275
-1.08420423764523
-0.937898176162305
-0.810953215353954
-0.969296268018853
-0.885578856089488
-0.699396828805397
-0.749385891828882
-1.04050246002676
-0.852742854237384
-0.979394624809615
-0.995496012269465
-1.06282226503791
-0.785309702959042
-1.12518455930715
-0.984499976140112
-0.96170179582038
-0.708111544358816
-0.93001788470133
-0.793822967918754
-1.02290221717625
-0.997960443195721
-0.767321707372684
-0.914864593316189
-0.796726115407769
-0.989155728604951
-0.840164138380778
-0.851836534323641
-0.84118701033876
-0.80025563152493
-0.819402940184904
-0.953321497490507
-0.84262656082226
-0.835453792913511
-0.908947284175126
-0.829373123824283
-0.940047169719042
-0.685351140807518
-0.773576509091432
-0.727421482696658
-0.833665018409685
-0.736655888815837
-0.83992923587065
-0.804463030759963
-0.848272719978067
-0.748905937377961
-0.908092150354574
-0.771241701200582
-0.763087950151183
-0.67707072542119
-0.740793731006422
-1.00184500727083
-0.867966596579493
-1.0196586631536
-0.821749242287697
-0.793111796331899
-0.92955934467533
-0.798221216339736
-0.797750701430172
-0.671512952225902
-0.782644516189732
-0.894424533967798
-0.732482155616797
-0.821801692314668
-0.792839462552926
-0.842595600189523
-0.847238511149408
-0.801692490079776
-0.815681127494542
-0.848657512475913
-0.79434387473887
-0.973533689490301
-0.750240237186085
-0.774849759850829
-0.766327481607281
-0.824980321376063
-0.703475018515778
-0.815287988932511
-0.744612380906251
-0.673601308754221
-0.782584525719463
-0.646883091464094
-0.759300552930207
-0.670566787006751
-0.766286917328927
-0.839951419518371
-0.720728990269414
-0.870442197874664
-0.653471058849933
-0.647087599376046
-0.790840865973169
-0.757897102167416
-0.842709599368512
-0.672751958309766
-0.55747003284757
-0.750604173993019
-0.666629713889556
-0.869233286629687
-0.453601728581136
-0.744100340343383
-0.741650749031934
-0.791969022130875
-0.660387050897662
-0.654729973873163
-0.572449600326009
-0.593930536496881
-0.682655884152153
-0.653493892061175
-0.806460175907433
-0.786914172780873
-0.76546743590831
-0.709124682661925
-0.647071499175465
-0.846079012266012
-0.707564647730302
-0.716500041088465
-0.682842301951427
-0.78056722230696
-0.636492043716841
-0.622216797787192
-0.777088670573826
-0.619843087732177
-0.65822225984491
-0.691850988194466
-0.635959456029794
-0.658709685689172
-0.756965410337662
-0.717359575150984
-0.591594412636957
-0.60437103124292
-0.871730138397375
-0.523447703443495
-0.725227201873565
-0.63552297076155
-0.686582078097158
-0.694443949762433
-0.594183145956448
-0.655525169228821
-0.58841637190673
-0.674981760226318
-0.646952319334714
-0.494611589623747
-0.784318719741203
-0.643011426167258
-0.684661450710068
-0.578631155779399
-0.650786644195015
-0.537010577464817
-0.610778012638688
-0.55833917230977
-0.657956274219764
-0.51901291658368
-0.653369395487448
-0.583169269705239
-0.507675455741743
-0.690378794347046
-0.673904852710444
-0.621930236402664
-0.592847432229282
-0.726470177243393
-0.561077142347496
-0.618394926719939
-0.662569597011775
-0.69703672060649
-0.482420912443142
-0.550189137312118
-0.702642059764742
-0.623907413230566
-0.70464721090569
-0.626689053439686
-0.768808394610084
-0.653983929540564
-0.565003080849305
-0.491911138860158
-0.621463463401538
-0.54272242249616
-0.593390714760475
-0.520303973805201
-0.569869946877618
-0.534419646282551
-0.564899528955651
-0.619862774122668
-0.619960259989853
-0.670640627313403
-0.543471083328704
-0.575856814652259
-0.575479280262558
-0.583865215237501
-0.465206438025035
-0.461412651897448
-0.654828196529246
-0.540522117973936
-0.589109669595702
-0.53645516980564
-0.354381250410679
-0.501477553054396
-0.390871136577184
-0.620363654028104
-0.440475603718215
-0.660904048824873
-0.503491340684719
-0.50560994717561
-0.520854139300417
-0.595038955123833
-0.498486996838464
-0.536608083701421
-0.627142799457549
-0.601149244076421
-0.415936153119829
-0.471013607718598
-0.428092169408163
-0.554546822576802
-0.393964009652456
-0.46553650229195
-0.510661934327686
-0.517787207162426
-0.43051345625714
-0.573101889126774
-0.602375198070995
-0.522982665268413
-0.466270701980634
-0.437714219350371
-0.460539118391778
-0.368907229634505
-0.422124890928267
-0.604659971202594
-0.367999445363608
-0.571533348124622
-0.588519141412643
-0.487628875167386
-0.417884328704346
-0.277385791230555
-0.349220245940505
-0.290837880501624
-0.401007455718526
-0.427142147412175
-0.498733026695624
-0.543910158672443
-0.37794669997476
-0.492191844190961
-0.523642967688563
-0.436619730487913
-0.457610842126819
-0.436692491159582
-0.4874749859064
-0.381440435224781
-0.526080384854302
-0.266134559591917
-0.375070081303611
-0.384428220852123
-0.43898151495484
-0.455620532185572
-0.484910371136701
-0.323655164451087
-0.409975533260003
-0.461213000122494
-0.476363099663045
-0.399484014178044
-0.492883604827392
-0.302785840283011
-0.443829779268477
-0.456019709115308
-0.603650214575697
-0.415189085450007
-0.435028162741503
-0.398757155468169
-0.270513355245042
-0.328920841825416
-0.369655510743762
-0.376322716099264
-0.330715799915243
-0.269987719844904
-0.339811466822784
-0.326296710284472
-0.509198081244243
-0.44040648091912
-0.13252554137046
-0.5131432346405
-0.318246770860098
-0.369737552716923
-0.409812725057254
-0.441233797656061
-0.447504610345039
-0.365319400292098
-0.361343283538459
-0.324430683981284
-0.253051824945507
-0.369945422236713
-0.341130686057755
-0.293933519979573
-0.113484443947732
-0.293138365716619
-0.342900989439107
-0.17890904583117
-0.476803708598468
-0.403348581145938
-0.316221859113334
-0.269725031595432
-0.269338995744079
-0.205811771689304
-0.441474645613122
-0.307585267501259
-0.314223622819774
-0.372228733971418
-0.295817371690101
-0.227111231734512
-0.273109194117502
-0.430264505720711
-0.22011212148415
-0.180770643027696
-0.20530069614072
-0.213933264237304
-0.351918893061623
-0.298393279617747
-0.177764513446803
-0.371709785897995
-0.205982618988713
-0.326893330355117
-0.281738419645975
-0.27317172888834
-0.226079939383971
-0.301172562519631
-0.235410428742656
-0.315151343805447
-0.391681343821441
-0.321301403467341
-0.328154020934183
-0.209885019209403
-0.187484070735199
-0.172913484859788
-0.330561944203302
-0.280689125784747
-0.220583625109715
-0.156756893484903
-0.327042011583897
-0.218901442978016
-0.44526664834519
-0.193972724234739
-0.286984361752472
-0.292592622771807
-0.184266875625011
-0.280653841953456
-0.225546980265838
-0.237844887926135
-0.365610255582205
-0.269678206108468
-0.242048283383497
-0.339588977775954
-0.273003060099178
-0.270987115547413
-0.386240120286466
-0.209841673289128
-0.0834430705737873
-0.22706907666385
-0.176019449173035
-0.291188933712279
-0.0943342516884822
-0.153236409153214
-0.263166716688275
-0.292558196322999
-0.131652908768564
-0.215423798875493
-0.360365296036674
-0.157033821711729
-0.211352608438034
-0.212442340506548
-0.223066251060473
-0.257743427513524
-0.291795683339898
-0.116422934133441
-0.0769241423328454
-0.321199610244148
-0.12028603549924
-0.142000509007738
-0.137896154374216
-0.229047371114912
-0.158733007207508
-0.248771671542686
-0.249370243800852
-0.0586356779929783
-0.230637620589639
-0.30336348891439
-0.210673274073153
-0.164840413045027
-0.0416760483300613
-0.232717686190967
-0.200344850354121
-0.184698100859393
-0.261391757150041
-0.169454928904317
-0.214395017683534
-0.188188072255701
-0.141011187171712
-0.0496556574397812
-0.121513378669131
-0.129361372371372
-0.227198822243201
-0.0930378564444371
-0.0474979438276014
-0.154896046547226
-0.138019907427121
-0.374380223159955
-0.101590507200786
-0.181544366140127
-0.0385040825346881
-0.148080742456818
0.0119572994500925
-0.0886688611500448
-0.0642295695558521
-0.148535377193001
-0.105546894480804
-0.156031999398508
-0.0899918404835962
-0.0491047929549019
-0.272699702608544
-0.139003891042583
0.0689821789107975
-0.0626640849912372
-0.0382994570520709
-0.0878856353496922
-0.0821757976110788
-0.0496996882429061
0.023569449145485
0.00332040492497067
-0.0541687026866338
-0.115556056480289
-0.0411875307120093
0.00608977417568116
-0.0812024830154035
-0.103596411470515
0.095616974812187
-0.17620398503301
-0.0270463727245773
-0.0206009504072918
-0.0949573667113896
-0.143331608532421
0.0325972832490489
0.0571985769029916
-0.0677851985604553
-0.175727655971668
-0.301322467815113
-0.0644820899924785
0.0624137468184134
-0.00907876692717365
-0.00228448258958808
0.0473042779818877
-0.107830439649198
-0.0801354179022363
0.0478563968681668
-0.13873330931778
-0.119224802462733
0.0894029246400518
-0.253365756119107
0.06566302595529
0.00700982640996041
0.120680100626302
-0.0952387479871006
-0.060210115528993
-0.0716295199177797
0.111621970359193
-0.0109147598823633
0.0489231439259641
-0.200047822664632
-0.129647356093578
-0.0559269605388607
-0.0904800296767062
0.0294858619118447
0.0209041769790378
0.0723503239496663
0.0695487524046924
0.0144156677960371
0.0791301261286978
-0.177973042418167
0.0183045005235252
-0.115174710698337
0.0687023426340875
-0.0420604733695111
0.0952003238856259
0.0677849928709468
-0.024134282587279
-0.0651958369764605
0.0971421001038377
0.0318504157101668
-0.0161660871331611
0.0373232964274753
0.158151267804746
-0.0617447843397948
0.0831347763542175
-0.0103691862424853
0.0638513549538484
-0.0786911355317669
-0.0876650386988698
0.0823474545374304
0.087591418678777
-0.0186112852238363
-0.0731615035580232
0.158512429664275
-0.0233194640903863
0.0911242177505017
0.0311718020478965
0.248958440429758
0.0873525470195488
0.0383410306435645
0.0454753486536093
0.169634244800718
0.024022789192889
0.0542577763341141
-0.0278017729392685
0.0234254321757084
0.0499083614612738
0.0878025767693821
0.0736658574904136
0.114652509081084
0.189519277799969
0.073317198615645
-0.00720543882573303
-0.0945218168861526
0.0200029299618921
0.133517618806184
0.0829798203259989
-0.0287503531951527
0.173399457360879
0.189505770508647
0.0405443342432448
0.116880224603729
0.0759436093339131
0.192888727160455
0.272702164338786
-0.0486494793981072
0.233604819756743
0.17424816325266
-0.115674952316003
0.181450882400488
0.134961364886389
0.0756318659383582
0.142803546806762
0.209770836374054
0.0701349393877657
0.0371578294009255
0.0843775631822702
0.333454567928938
0.253547279507947
0.166738548629733
0.172253364257911
-0.0373269598513829
0.242484471226802
0.236565153264833
0.0591996931968361
0.0637083170088831
0.0763946266807771
0.188447998863217
0.204873372987592
0.216051201900309
0.0685169761562003
0.134612596906513
0.299218382576893
0.128184871953432
0.24112882295082
0.0416382284729786
0.185661769263303
0.257085603691802
0.245107850816167
0.168615673962489
0.289186822773701
0.128458978437754
0.32180156532149
0.156683430527548
0.341244484360656
0.208691899016998
0.0197175301434959
0.167058187163286
0.291488176012018
0.279820523599077
0.35420868888113
0.185789526343168
0.198095812195201
0.367105940944766
0.317395286937601
0.314461258030187
0.17972026249686
0.108444738506612
0.281119346032306
0.267558871925084
0.0157183297347446
0.240165001515463
0.256504086550672
0.183212390745085
0.288040322861285
0.19409173946446
0.271371271707814
0.143363562646069
0.276509535143984
0.21868797186223
0.378565628937357
0.412630777173309
0.236401868748544
0.110971444145763
0.257488451321834
0.25398652908065
0.344124610256839
0.151607097154648
0.422539970086709
0.282000827275479
0.226698806766273
0.12864785452016
0.299905449128303
0.263084863878802
0.282298341259532
0.161361509091271
0.230969723665744
0.275372145501874
0.346591208105494
0.237472463423725
0.311076857713303
0.406815466000386
0.26279247388177
0.427417592329454
0.442396938524406
0.339440359954784
0.342900592763802
0.309316481201777
0.351894869677924
0.409053402513123
0.24865270688333
0.33405430343399
0.302786354790246
0.341752467856644
0.380047639211427
0.564942422969074
0.430318803774086
0.339992537974406
0.339151278043977
0.297893733759605
0.470686101532647
0.312507777235
0.379415637681222
0.327604015676098
0.464041453302909
0.227025150495495
0.417791445384067
0.215125380057906
0.228662873078769
0.264149253836401
0.282287606967947
0.448312843280183
0.23505442636166
0.35973826563569
0.295193113449907
0.343039467002922
0.481266001991634
0.442477157555089
0.341002143374608
0.385088243818894
0.426869268235177
0.290677050697859
0.37601265105945
0.336755166920498
0.3219606385416
0.427780760171922
0.431380316327764
0.36318532536221
0.469914627302798
0.477457535444434
0.249788235053962
0.432524927605585
0.517892739161095
0.461102522058262
0.408415308239108
0.367850367811979
0.373095588950749
0.385572618638227
0.386406338723413
0.245783872967725
0.415543562456521
0.552749842149775
0.349312524327006
0.452197628113915
0.580101756291628
0.517136842384357
0.453363502500623
0.367050618769651
0.552878945512981
0.342361661957593
0.411215005915383
0.48401414912482
0.330578764783626
0.478052735207323
0.367359015395909
0.461131994150124
0.364282426656888
0.533159587339688
0.514252228212615
0.355882789298158
0.442857304407258
0.500686450340303
0.463469366199505
0.475191691046228
0.53825078276305
0.378908029168929
0.458591513977936
0.481534846705286
0.608938514012504
0.291998739669355
0.481953193555662
0.417962681395176
0.618618026991805
0.62888883351266
0.403788253141206
0.689457970685956
0.486343399859519
0.543124876751951
0.569895359824196
0.425260466529196
0.483861161353791
0.455103878609255
0.475739536982852
0.498449868419294
0.488580409775429
0.53312506886635
0.421948920455337
0.528897016520637
0.532969760468931
0.388158981967232
0.523719023641434
0.559557726515785
0.507834770966596
0.529568675228965
0.507110018017264
0.474108239870255
0.507960727889765
0.625978424183111
0.538732455255357
0.645791985229819
0.472817818298619
0.431850684130626
0.529462070138319
0.521941418536198
0.511963816220181
0.509388940621879
0.5684422921487
0.506730714225437
0.510335486156034
0.58524904801995
0.569232625475184
0.54367338779405
0.494516601836779
0.554335623958422
0.440945949470226
0.565304195051806
0.496802633893575
0.533337969441375
0.718231503158266
0.519598990536199
0.632000851734265
0.540864681246298
0.528700284230434
0.583970873784709
0.685317158662467
0.515043806306345
0.484514597258746
0.570062114854749
0.627004517227441
0.498309779247264
0.599618597287689
0.522188770358788
0.655667003712394
0.569255325281268
0.599857956278005
0.582489148188723
0.723405427922249
0.597531453711674
0.577576515452708
0.464466160687736
0.721399626200965
0.67076462160951
0.561015977046361
0.674602739746998
0.803689580748288
0.658144123281838
0.635639546433326
0.649895258730944
0.680896697469504
0.492453216694903
0.590136073755115
0.621717824479425
0.728946151888422
0.594414947043292
0.705361647078293
0.64305833701049
0.525517408566775
0.744685452281859
0.684804645698245
0.747114539791315
0.69812623927007
0.552365660433262
0.590442176039344
0.632984850498075
0.774531261744512
0.590581540125324
0.641728706305547
0.687447629141942
0.862652817954923
0.647599297989755
0.68608538978113
0.717336646597949
0.749410491318555
0.623428435670866
0.781627352063677
0.66567119777698
0.846482559221219
0.652096555147541
0.833143799803903
0.693188029592791
0.591886246148017
0.733282142607894
0.672592269840848
0.804946348963876
0.676914431870959
0.785584021009724
0.970399784910306
0.812063288742241
0.582153341103638
0.691582052618368
0.784466176705392
0.665631539432483
0.635956239382563
0.6436841716369
0.892025449440933
0.740592765347562
0.706807006153782
0.623687180222604
0.838187160151209
0.747628956603533
0.715009136035419
0.7253465487534
0.792650535854783
0.729428130951758
0.71044831950893
0.792136159589974
0.657693491833345
0.819966874662461
0.764219146974779
0.971876590817848
0.713731198353302
0.630962692475267
0.794502823766762
0.761203337560433
0.707980119603309
0.855163359002599
0.856813299768433
0.776484195162927
0.578816607464324
0.850610897402411
0.717503674336018
0.788842232136737
0.729453323443163
0.897892362589226
0.705256622508294
0.823477777146057
0.831267788495641
0.709947099318937
0.827251096220139
0.642592405558527
0.892392617111482
0.887163583490183
0.735306595662521
0.728451829114828
0.807062954736285
0.751339934312953
0.667455391466189
0.831493778074746
0.857442399431214
0.803836422762438
0.848111951770947
0.869560759752434
0.857091533829866
0.82795163079423
0.871782110034854
0.847421203942692
0.687007624273335
0.797253189649204
0.867161010568655
0.877295969485686
0.815400951002423
0.900433422763184
0.963611160768562
0.793053872856609
0.83645537799222
0.860208896097229
1.00701675186253
0.801724708738096
0.842302224892666
0.820390453806274
0.834034851596137
0.855535778984289
0.743918463265593
0.816900534219857
0.858790586908772
0.806145945978139
0.682349436927749
0.77015797459357
0.83609207223576
0.830041800226492
0.791039543555678
1.02754076882519
1.03204945721837
0.910151473965173
0.852686904336798
0.77016695674249
1.00908496727097
0.79834984317393
0.994564497367428
0.943481056873754
0.775910428664571
0.952595239864805
0.874963581067206
0.813626802418604
1.11907071181512
0.719024133384421
0.879217126878558
0.885618887323727
0.932164395610382
0.918680674572101
0.884244175542143
0.948165242871749
1.00384281886286
0.918495799423566
0.777339815324004
0.92823647967807
0.823013914513218
0.770469172236771
0.977072282468476
0.888352249540088
1.05545230369123
1.05485614503401
1.05312671898428
0.965017918393352
0.837644749007094
0.914905173043978
0.926400560511322
1.06313472179403
0.760417245064792
0.919669798936935
0.910680688635821
0.897883324355479
0.877902897543012
0.887156043977282
1.07752201236314
0.97003240470781
0.899879023289569
1.03522004214858
1.00707431455326
0.841180497226412
0.959754522375976
1.02897649071373
0.912840994925066
0.953087436545214
0.929284001785919
1.03913912213418
1.06650993978693
1.02972293284083
0.978502146872101
0.957002137947711
1.23510612778925
