-1.11571743362087
-1.03542124435603
-1.04747070397893
-1.0110917836114
-0.926458980808334
-1.01598770265616
-0.916447483066293
-0.964511283066673
-1.09307762328422
-1.06781496367909
-1.02257470512611
-0.961014292466919
-0.93989778482813
-1.0430019167837
-0.898987651869067
-0.975024938943909
-0.889138202329396
-1.00258233470748
-0.989938669330525
-0.91090794441319
-1.08688642360391
-0.996806299140548
-0.901834099483062
-0.84964039078866
-1.02457356885104
-0.928238932837235
-0.900465956766336
-1.01198702794516
-0.959783555975398
-0.938040141919683
-1.05601706901572
-0.861432480559846
-0.88777813224543
-0.797337877893032
-0.853618312742949
-0.879529016031336
-0.804583296892097
-0.93731148004656
-0.876288125281267
-0.955639565620985
-0.888658581423613
-1.06490101894228
-1.06843943813761
-0.968785577333656
-0.832895648906876
-0.94864231087564
-1.02453007680937
-0.845014185284697
-0.779800995275148
-0.90077305496947
-0.883516678061761
-0.87514545631822
-0.849872639049395
-0.863287835946005
-0.867004579859809
-0.858008333967271
-0.914384651503145
-0.835947216144456
-0.991547658282835
-0.971370363522893
-0.832194715613856
-0.863094803065283
-0.899167306800175
-0.854069229704231
-0.873288698489406
-0.933270977990543
-0.909161697709061
-0.825213630245106
-0.8970686433171
-1.04338641530817
-0.944792583605457
-0.892066500064666
-0.962826262504586
-0.797531470111603
-0.843738415558455
-0.875245737895682
-0.906329029157124
-0.89720752493269
-0.876744026615887
-0.678754038645273
-0.899169333592602
-0.81469409187271
-0.82785981897063
-0.857089597734923
-0.8926915211709
-0.827323716908981
-0.796165996279504
-0.870589798302494
-0.801000034874377
-0.926676402753576
-0.815379007831541
-0.729212399852119
-0.865722019095747
-0.841891540646348
-0.787111628187276
-0.848136650393534
-0.837403199274658
-0.734002093751637
-0.777964040896983
-0.703680200000463
-0.844355247746889
-0.746631147544547
-0.71829980906038
-0.695222499173589
-0.724821139474789
-0.895310280048486
-0.616072879085905
-0.714765489280278
-0.737811825550189
-0.793936297840904
-0.831372340092468
-0.895923058804375
-0.784362448091818
-0.814064518371386
-0.858723921189782
-0.835591055090748
-0.891316159341711
-0.574454378098663
-0.785052946012705
-0.74854520979683
-0.750704421231329
-0.875376929969618
-0.811140071292357
-0.584135746481757
-0.480328817248542
-0.670797227905186
-0.725287614125561
-0.741812633847935
-0.754726396944331
-0.824239600150017
-0.761462498053278
-0.735721818456844
-0.730939267909381
-0.718835872216007
-0.648403318282643
-0.788308815201342
-0.806884582665208
-0.827637199053178
-0.538908005568504
-0.676264566640277
-0.652603180562042
-0.710771707369461
-0.695922297067231
-0.691320075436193
-0.629177833748282
-0.749742983873419
-0.800807062676939
-0.753641513068146
-0.660233706990581
-0.59364826867151
-0.546341911946049
-0.66074106912454
-0.655658300558332
-0.618936779339678
-0.733033364694467
-0.688181488766035
-0.825827547717365
-0.765529370463184
-0.569557280010203
-0.652956909129131
-0.70652271920653
-0.702743342336495
-0.79898004578374
-0.777202714358181
-0.688441997397275
-0.809917671693157
-0.610953825578986
-0.538487931030346
-0.696144320874912
-0.532698183636322
-0.635478118696994
-0.633951555918061
-0.647336236358766
-0.617683726777115
-0.654616750616545
-0.665828531212573
-0.520187670319243
-0.590895091016482
-0.538305250406809
-0.744669392989097
-0.692781996842442
-0.663515303288717
-0.636366079878306
-0.590561317483077
-0.576570174996569
-0.595954744760873
-0.640980074891647
-0.671630958067776
-0.542119576546678
-0.692544436369871
-0.604950355780662
-0.575317406909515
-0.61799270833952
-0.447988695892595
-0.587534643526201
-0.623450091164855
-0.617263855007089
-0.629516808348205
-0.66968651482745
-0.541051522587662
-0.567905728314004
-0.605667852695357
-0.652761255369084
-0.633690634569778
-0.477049329305284
-0.641028811776116
-0.53165061220843
-0.57058274595397
-0.453319537022551
-0.540841456389581
-0.603403179440412
-0.534152867243443
-0.440341796300457
-0.516795522074461
-0.543929656793838
-0.487710556820914
-0.357397397496564
-0.552750855437801
-0.55490310005385
-0.47222491725558
-0.592224418267182
-0.545341324096008
-0.71893360521968
-0.55174732045165
-0.585759576571546
-0.43711888278484
-0.47597751856224
-0.671671392593399
-0.446487741791348
-0.552345288157767
-0.531195906227922
-0.58612599450183
-0.446462143145582
-0.576173199655781
-0.548342732265695
-0.525384792807532
-0.377177251023586
-0.434748992811353
-0.521972266389258
-0.525798104334651
-0.506124824113251
-0.54677138512778
-0.668717030341813
-0.558164123056791
-0.434155950775396
-0.693973749178189
-0.31785728742456
-0.595806042825703
-0.493663824095267
-0.529881052741896
-0.387021304893259
-0.653018119826647
-0.332958518756932
-0.69966413567157
-0.608312298932159
-0.452372420396492
-0.499998652454963
-0.514137596400779
-0.485415271125283
-0.505478466093389
-0.436349330422911
-0.514834138208373
-0.487457333999279
-0.294759609299778
-0.523129520569351
-0.605502604155599
-0.454013676287008
-0.401014489483958
-0.493239541918009
-0.467970183983563
-0.31627805839637
-0.349758704457197
-0.55235856151552
-0.568358493101414
-0.333290959421971
-0.388418639204836
-0.361485836825493
-0.423970812254113
-0.602087801108625
-0.50847340766045
-0.549469116561028
-0.301013564517433
-0.556948697456734
-0.395213136005582
-0.350839192517751
-0.324805746611873
-0.329909618633581
-0.633540639771924
-0.364364357697959
-0.501960567448862
-0.667996474787064
-0.329899959644951
-0.554458551553307
-0.449435679080077
-0.438404384321521
-0.410242636601324
-0.411937376152707
-0.446751178930421
-0.413502295592106
-0.308869662791303
-0.341187974839124
-0.525975414953971
-0.435097951063065
-0.495672185597861
-0.503116440060708
-0.399823225988351
-0.357612569721411
-0.298383958011378
-0.457450708925104
-0.293680655476224
-0.456059719853464
-0.394491676829784
-0.367389792967532
-0.413499778005333
-0.31831156506965
-0.454449268474771
-0.231012338632534
-0.244618287464109
-0.29959420855552
-0.470401803213413
-0.336864014334885
-0.452857045353379
-0.40354374633556
-0.356521386627155
-0.484211937617816
-0.310758262400538
-0.242428201356317
-0.312493022154362
-0.394030555391509
-0.30425048548289
-0.344236048403274
-0.340429995560045
-0.290428161428522
-0.145400952335778
-0.399141853710959
-0.303048292727904
-0.335748399333614
-0.389882219117179
-0.541171624029392
-0.333845976033435
-0.431470448506859
-0.176391824903656
-0.316903931117248
-0.345409909479442
-0.204736989992592
-0.123852834300294
-0.344734070082136
-0.161275989046151
-0.373802347062581
-0.30816406149173
-0.280622256541614
-0.406493533932784
-0.0923443972036158
-0.211356523517673
-0.343673761489889
-0.322460198219285
-0.337581855548373
-0.364366198272684
-0.323154520645399
-0.340093437085976
-0.253946477389246
-0.400738491252983
0.0142720719751824
-0.422600008321819
-0.195133058743355
-0.326214916199938
-0.295470421055465
-0.0894848167453128
-0.370241766533706
-0.304582821093409
-0.292121646749883
-0.140828638270479
-0.196155886005094
-0.136077614737043
-0.209058450431688
-0.188446938313015
-0.210641910714615
-0.259074840904431
-0.257105624915125
-0.434764924425837
-0.251226433569319
-0.27766644246764
-0.188825402932858
-0.0578463540660557
-0.318037810256998
-0.182771208884265
-0.331416317018941
-0.265303164307629
-0.289641781481633
-0.295331679099562
-0.247627515328022
-0.058891344831709
-0.0935106740223201
-0.185608453981883
-0.257238126096232
-0.173671123485489
-0.269630226441703
-0.328013515664925
-0.193020219912478
-0.279148937826622
-0.185727696501664
-0.288644826764824
-0.13464290649768
-0.34217514315701
-0.191981224667731
-0.213806165492087
-0.246496665899435
-0.15072592389876
-0.191121383045241
-0.160777925943686
-0.175723170560626
-0.0785590287916119
-0.0320523934273746
-0.177666311864457
-0.132030184269608
-0.0290009252281049
-0.229108261530655
-0.235876212245549
-0.181596287794122
-0.185787554625821
-0.0856387111702253
-0.250532245340855
-0.163239470961661
-0.0855788946676452
-0.240054691494978
-0.189522690822933
-0.0794258612549931
-0.0636601858034833
-0.144422396464587
-0.14374741795113
-0.135929018137408
-0.168641476784603
-0.29148212049974
-0.108045501818584
-0.0940370810647841
-0.181514260537495
-0.223483032940435
0.0240583114068257
-0.187850392506578
-0.170472842692935
-0.108923785323936
-0.0760484266686453
-0.00939010428708331
0.00118426114479038
-0.151761811445819
-0.161887997750256
0.185174546473238
-0.00813654142437182
-0.0525311204348421
-0.276544418014086
-0.206266551305079
-0.24523418473629
-0.13945634158158
-0.171395848605205
-0.077459020860872
-0.137491347506997
-0.0570174300479275
-0.119781392368679
-0.132832042173021
-0.113572654247122
-0.0552946246615623
-0.0272146837721188
-0.123439239450778
-0.161088396744422
-0.125187077941472
-0.024414639021154
-0.00313324969078343
-0.0811176458477222
-0.00248285139163029
-0.100927804633132
-0.0290457629590161
-0.0604253781288064
-0.157088144359127
0.0558722866577402
-0.0638949518326386
-0.111980663320473
-0.0438812669728858
-0.0403476864278477
0.036316645601355
-0.151613610157671
0.0572805368281526
0.135056973088003
-0.097156532235343
0.114778886818345
-0.0571142788634362
-0.0214635772786847
-0.0775886065193555
0.00380632031080438
-0.0416224188530111
-0.147284299430045
0.00968249595716766
-0.0570515606536685
-0.0414228677320496
-0.0225926384302137
0.103579877604536
0.0729827691536561
0.00896277599973113
-0.0854396677777539
-0.0360186285560311
-0.102206775003691
0.0122432853031568
0.111639381606884
-0.00197794986984429
0.00440049996627599
-0.124772955116811
0.184016844700813
-0.12189999808195
-0.182486066094052
0.0900930348613742
0.00785821627147658
0.057714420136376
0.0925573449633792
0.0414960870383743
-0.00729235133384282
0.0423134674967471
0.0375385308440091
0.0833693688328833
0.123945689269172
0.062994130955064
0.0523764061280254
0.0647499301506263
0.0919992406195188
-0.120451358758435
0.178041134135696
0.0567025128641845
0.0230694658597384
0.148252597614075
0.114713837964231
0.0510911117245629
0.00891815929847999
0.103821961895138
0.126709238441693
0.109971003633312
0.0787757915629823
0.188495785391915
0.0284347748327346
0.0446290902654541
0.0272055892757123
0.134955319070468
0.151562635008995
0.096695523517541
0.239436693974877
0.130031863797245
0.0163007736406109
0.0759801892551246
0.15367514270616
0.0769131212667962
0.0507909961848195
0.0178566480871161
0.0515986589265542
0.111152157107439
-0.00314959291001473
0.0814335498107471
0.0144867588376445
0.184567260395102
-0.0670246290068701
0.149712683870788
0.165826459108277
0.100116850569631
0.283398902858015
0.293095218938575
0.227572393923387
0.144623632767747
0.139135102711956
0.0453015092711371
0.200070211975568
0.065296716458512
0.0512734758168068
0.180331641884339
0.022362764228708
0.17560289236775
0.145813902507124
0.0449521000909551
0.116932408456665
0.156139379742422
0.0866953538572471
0.2721454163258
0.273196298349478
0.111907368179733
0.117689730607528
0.123644818442803
0.0993704505245824
0.219180402091912
0.191825151219364
0.148482731496469
0.245462749260038
0.0850271316097612
0.341853259583375
0.22747683710239
0.152252797006195
0.196104862489541
0.115413619417807
0.196192190170807
0.276791403389154
0.0492119322927195
0.248008231953439
0.183833797315713
0.0469536015300944
0.154452683225508
0.118788515601211
0.258709296981362
0.141418393302636
0.284714163499294
0.268028480116291
0.140629178046377
0.414793383259509
0.283040614469324
0.0973365476143633
0.159327770391281
0.110285834947928
0.231762031289607
0.274633249298338
0.247314264379321
0.321396818626854
0.312068094373275
0.269593749481896
0.284407501004872
0.321338034369716
0.257765874577148
0.158061394466518
0.167657887078983
0.240398389187821
0.202299686177252
0.300916345289543
0.265265312372425
0.330511077711965
0.252756632634859
0.283153057848597
0.278344762150734
0.317264110775005
0.303303197131526
0.314638857196591
0.278206453068511
0.296471314232023
0.29468421515388
0.241995086176731
0.309299679020863
0.321219676262938
0.250367905906972
0.203792476961453
0.26728939852719
0.321614794280034
0.368801475188232
0.432961901045159
0.268234433161275
0.256501731090211
0.295180573322953
0.378336745667664
0.316190827900131
0.141506763597421
0.333946654017433
0.193807924101485
0.274121438106626
0.26671116537176
0.276995903864882
0.378992250094576
0.363498752302615
0.448633143546976
0.233222200067057
0.314830686184463
0.274682490247723
0.306277256333555
0.259516098043471
0.235836308476822
0.222022633882257
0.408629315492699
0.415940286390841
0.203335449488748
0.342875256104955
0.230685814243283
0.243927778842396
0.210987839306954
0.254095987140399
0.399441872596926
0.37206444162349
0.353619085759743
0.324672837888259
0.265501208220092
0.482606517987158
0.436763295461593
0.5463912059643
0.516862883241491
0.312661869298903
0.395929639597746
0.470917135135944
0.374176245255784
0.413585376014645
0.511226240789599
0.294926210735537
0.354124556173279
0.436523499607485
0.3561544703236
0.344456908311654
0.506877295778892
0.394272307648552
0.264885842956408
0.222830545105285
0.451887926969166
0.289781362114992
0.307163067646357
0.377627609942348
0.323469075813192
0.438588383681607
0.440698919187429
0.329435082063099
0.404597901561412
0.246670964148984
0.41500888820428
0.33651180488702
0.528711789349863
0.441780500204279
0.500702500008193
0.406313104371033
0.38937393143466
0.255808951937703
0.428138870534182
0.543427790193959
0.398702841425122
0.378322709016716
0.458869073450595
0.472157690905203
0.471617430645098
0.384511577559051
0.470472292272048
0.506647003777117
0.494892235101105
0.276268076134386
0.438964880205147
0.41758313654425
0.569318200326214
0.526683536240123
0.359634972696091
0.402822453351866
0.464886328361618
0.443752281003888
0.482683386984467
0.384752438994652
0.450747740752363
0.482232009936931
0.609696989862241
0.535734604448811
0.595281674893515
0.415511883353743
0.547356372455111
0.53252466241389
0.540198222403237
0.481933670167855
0.594767133174942
0.557523954647138
0.516325085113394
0.362150161107299
0.352585718860688
0.480233563030053
0.393372479500389
0.560421079112928
0.427055864780344
0.602895064343606
0.538138360547044
0.479332499472243
0.68166323211416
0.636787343666118
0.62859125999801
0.484890702222208
0.533612820799079
0.431431287422074
0.554412144763332
0.52316175774242
0.527520469761661
0.629225680207041
0.588057677653512
0.543992023366774
0.494253226958846
0.659867224718067
0.59810138929072
0.519897123487826
0.4927112989987
0.646889274541871
0.616435318254633
0.637725346157001
0.364575076664103
0.524308668415712
0.708292656260893
0.527851821383447
0.665215216307181
0.601288873541666
0.634370596969062
0.611451412311513
0.703162178518478
0.611121696837875
0.648703924406031
0.699277117524106
0.556783774375481
0.537509073222586
0.57233301274866
0.500107797553564
0.517908545216825
0.547720339009927
0.611691363708868
0.644937090895625
0.50225330366294
0.614646116011993
0.511833464656742
0.680901721017759
0.672715867066638
0.545850325319269
0.594953458164228
0.477548852240648
0.524880148692887
0.625818005360622
0.630257730187438
0.569562548720883
0.637858905710177
0.547529502905903
0.68172324138235
0.790778086840234
0.437716995691312
0.513013111430382
0.557343020051873
0.648565323568753
0.641039292818685
0.589576327269698
0.590831630958307
0.60936317736916
0.63530010196413
0.682341809497705
0.762744047566143
0.60547925068698
0.760510396451099
0.485255133554759
0.613285846272259
0.71352359238077
0.703237895010088
0.620515587861687
0.531686961007685
0.757747307074898
0.817859496374276
0.604554303676094
0.833404720016567
0.7709125212769
0.627124781268409
0.707738781751719
0.852791548059439
0.759065624504426
0.609880897509909
0.642279280837274
0.66398691146135
0.665931684110087
0.659092995758604
0.604763604160207
0.704274963170538
0.53571473238195
0.793645655161289
0.846961505946364
0.6721580107072
0.570528513486014
0.659389361952446
0.709291086924848
0.642346220484347
0.644201864890517
0.628402531239217
0.665865064231581
0.596447959376318
0.784640945068946
0.712498134154942
0.676238158695
0.715930639478492
0.621600382652185
0.561326413481606
0.729140006597605
0.830703826845866
0.809042593198313
0.759981242249103
0.624905507658732
0.804284949724827
0.518114941709286
0.865427105943063
0.750618960236771
0.762779269756893
0.640523363660014
0.632314418152493
0.629236711526728
0.866532202550626
0.656992111793014
0.874054356740202
0.776429561046862
0.72262705351957
0.776437068341501
0.661329801325256
0.746358655112984
0.80175897211281
0.748294218997945
0.67954652907715
0.789395611853299
0.752797583723864
0.741567075812904
0.799476038781477
0.830549288185345
0.826016344647188
0.907718743905967
0.814170042201363
0.873938375997789
0.861644701939315
0.838695279777663
0.795947958818582
0.747014237828205
0.631339736881576
0.909504463563298
0.856097386078622
0.895690326555931
1.06427801108892
0.902138163932001
0.85361101211727
0.760396757841889
0.809427116286701
0.940702299179334
0.749495505739325
0.781454721341049
0.871394980107321
0.972289268922911
0.844422889853596
0.834400313448276
0.749733454325305
0.858185998132747
0.896803050439599
0.861006935296255
0.887709146214912
0.732985523759035
0.742399918702708
0.882787604444821
0.874687958418239
0.974477880309291
0.83168066629922
0.943615101802398
0.880680105202678
0.914038880764724
0.797868023396762
0.988948485262066
0.838377277010944
1.0480971582103
0.754503718937406
0.831329976002548
1.03705079246521
0.845212870278611
1.00416643647335
0.922711549802526
0.833137874406163
0.796557473111375
0.955009386678689
1.04689154955867
0.78844516159542
0.949764702283576
0.866737471336946
0.841013067927726
0.959206903324431
0.971029774694631
0.917707233110603
0.868367371736087
0.899725537293152
0.996529843888922
0.83044471972355
0.828890295130188
0.92076580022171
0.925106357244073
0.832495609463467
0.924052776151455
1.02121069825183
0.931110487764357
1.02560222196902
0.881503537746906
0.819447058940771
0.836646402593097
1.01468993435189
0.989943319936927
0.814677661942688
0.922220627929397
0.936682491995705
0.916914763482023
0.905820112811621
0.941167478076081
0.9185070005979
1.08694438941625
1.07745965830054
0.889243104394663
0.986937851641885
1.03421244886693
0.923821246372436
1.10603579270846
1.01608213091646
1.06659719153828
0.977106449963688
1.058727885698
1.01858030586539
0.920750541887912
0.944055185449484
1.03336250305189
1.02293200974227
0.934872000349703
1.05469139568831
0.941457472725051
0.911799583966888
