-1.1005739170492
-1.01950671706424
-1.04846927335553
-1.02996281303172
-0.930764511786144
-0.994630874097834
-0.902438484993112
-0.954454504067907
-1.09866201774801
-1.08449020879517
-1.00267946423845
-0.967494001429032
-0.911848143599881
-1.04681469583323
-0.900965813615714
-0.981971364935521
-0.898475756537547
-1.00092772023248
-1.02109590025394
-0.8995730500436
-1.09874597583292
-0.994762561316563
-0.898230885956106
-0.867358957111901
-1.0078807200047
-0.905180110747008
-0.906150869035973
-1.03533964444078
-0.955552922641169
-0.915515381144202
-1.06950906422656
-0.871353279513979
-0.881630760252479
-0.795149808013992
-0.847922545371165
-0.873694436576469
-0.792827617812397
-0.918269816077888
-0.88412562863523
-0.957204842168008
-0.888398944911785
-1.06200575864488
-1.07508870847953
-0.975410709422015
-0.850771376024258
-0.927368016854232
-1.00163146525428
-0.848118324748294
-0.78463277675303
-0.911663695691694
-0.877045876814649
-0.868660647705137
-0.843101015034321
-0.848225216830167
-0.859619324413066
-0.843666420469405
-0.910423787090728
-0.826876077034855
-0.968922593937655
-0.970251957594199
-0.843609256296595
-0.876018688014627
-0.895224109047388
-0.836203922344946
-0.882777687279171
-0.957612381326825
-0.931536936591185
-0.816127914860683
-0.886418405893997
-1.03108254031669
-0.936474285401881
-0.882452103490524
-0.9689704748734
-0.798107742704123
-0.849244012212486
-0.873952741213845
-0.863497480746676
-0.899556303297788
-0.87770333114657
-0.662888963754862
-0.886270598182239
-0.852089103812607
-0.821605939763087
-0.859725205978769
-0.89931744589048
-0.8299072547945
-0.777864329720521
-0.863579564613709
-0.787536029543498
-0.929454217624691
-0.803241289464716
-0.731758536173316
-0.867054185527285
-0.837155587247374
-0.776477516501367
-0.846492905211562
-0.838386771948889
-0.713646745464015
-0.792582131860254
-0.69678349487127
-0.848417287378094
-0.743504886644926
-0.74859637588696
-0.712630996996666
-0.730145230229992
-0.924586704801311
-0.630454375852129
-0.709813902269113
-0.739309105480063
-0.798870036543913
-0.846717260205545
-0.869063910830054
-0.788254637160144
-0.833970920154701
-0.872003702771751
-0.83913827359724
-0.882125320456048
-0.617710925622291
-0.7907916518573
-0.728206254143745
-0.751845174251241
-0.885017845085214
-0.818380685939192
-0.589256409276903
-0.475922069272908
-0.666547848161504
-0.703805876105362
-0.732627035713623
-0.751177491313125
-0.818654887578699
-0.754282466869766
-0.743548763851354
-0.751509079477826
-0.700968665145324
-0.647197495306677
-0.797884834555252
-0.813441715331395
-0.834427533037211
-0.572373826949406
-0.666591376632138
-0.650182535799739
-0.733743121500738
-0.706425931079544
-0.720916564304523
-0.624833696076914
-0.747466409384555
-0.809598836287855
-0.758385270257915
-0.66104364324635
-0.57500427333465
-0.582111930295897
-0.66735406165728
-0.672667007107584
-0.614332521149697
-0.714903676619981
-0.691804005653304
-0.850496299736651
-0.762276286746027
-0.572240454249973
-0.659688497464691
-0.710295821472323
-0.696126478492122
-0.782225993560926
-0.775202657715968
-0.701964531538745
-0.805886263666334
-0.597513156050693
-0.55301025881069
-0.692599177699834
-0.526207064008175
-0.642721930171906
-0.636482611736407
-0.653630551849482
-0.596527660203753
-0.627241971826384
-0.649871044731481
-0.517963306222313
-0.576166559611238
-0.550812831141426
-0.735627777814135
-0.688791899764677
-0.704359669175635
-0.635006708890442
-0.611611621045874
-0.578364904134029
-0.594086471259522
-0.638222761896001
-0.658989032373832
-0.560863336637399
-0.686835149413956
-0.602499617820396
-0.585176486517997
-0.614067132138864
-0.477384185226401
-0.589942404710926
-0.641547649747855
-0.611435644511202
-0.629956468488264
-0.649347657550045
-0.545287710075792
-0.563831647152998
-0.591735254879078
-0.642113430870417
-0.614204083930684
-0.501916197132912
-0.650451261225756
-0.563685175098652
-0.561814684061229
-0.430184259590082
-0.534436567130308
-0.593609251869385
-0.515031710755981
-0.453215287846802
-0.512691421214809
-0.552839994482824
-0.506084448900315
-0.364997767607501
-0.550477128008913
-0.56218607798483
-0.489705176371097
-0.5918716392225
-0.543203466954102
-0.702259291061997
-0.540843520020525
-0.578354750475262
-0.435812111255955
-0.472026926775775
-0.675139114480339
-0.464963085436623
-0.555049506801367
-0.554267497567929
-0.585242843924903
-0.440219685350273
-0.564829032011351
-0.537090147130034
-0.5406891509165
-0.368005318651649
-0.444799724889462
-0.516731145820865
-0.518185232082073
-0.508757708414726
-0.523606157064805
-0.670494999900608
-0.565457288874511
-0.435969130314618
-0.680936813891011
-0.323377854476617
-0.581336870680375
-0.501166269453769
-0.545674755432854
-0.39694764147515
-0.652567767027767
-0.331293028088041
-0.687427525284398
-0.597576427404704
-0.452680537497149
-0.483494036311378
-0.530280322441839
-0.468222014291929
-0.489934208762868
-0.430264296735277
-0.499226843928029
-0.498918464698954
-0.288417676782238
-0.497674590012045
-0.624148998987559
-0.440005122617608
-0.430597839063232
-0.492443039098394
-0.492767642670593
-0.316353354990668
-0.359339681850241
-0.546730415305269
-0.562048785152679
-0.351654344678409
-0.380547918435467
-0.375146817000015
-0.406314850894439
-0.583974826680506
-0.498396007946608
-0.55739051139137
-0.297015194855959
-0.541293789213339
-0.37448799762102
-0.358180477085242
-0.336100426659998
-0.315133803874926
-0.626910221652686
-0.374869856188554
-0.513662486866614
-0.656156502360348
-0.335700163278607
-0.560454872027569
-0.464055374704624
-0.424463926989441
-0.40401664550584
-0.402117967644581
-0.45664102337291
-0.409624737533911
-0.307427275468157
-0.333232286788481
-0.545922310330235
-0.41680657787058
-0.487639282433542
-0.499576218052782
-0.394884461002218
-0.348668294789935
-0.296448873977401
-0.444080266702197
-0.318045538036562
-0.455085959312618
-0.383509283610769
-0.366078131919069
-0.415984782099675
-0.317723983041431
-0.468359076787388
-0.222283396699019
-0.249997009638588
-0.318281899646644
-0.478028768868951
-0.32966107715517
-0.435257398558426
-0.432055393618905
-0.370404511115827
-0.464836759063918
-0.325751465844841
-0.249071616127826
-0.312527108132449
-0.408454860292299
-0.311357498656891
-0.350012277238086
-0.336237662854321
-0.302039707356639
-0.132650190364389
-0.424791246088174
-0.277744745910787
-0.324705813757188
-0.422340231928757
-0.512304061163968
-0.353466171662127
-0.417622296531509
-0.192551406071143
-0.334782364612423
-0.347717677374614
-0.221407526742441
-0.153974186052679
-0.343180731386727
-0.155939964233794
-0.380735651028951
-0.298641786106924
-0.288372855524697
-0.403208642441384
-0.0981290378762363
-0.213561227849707
-0.363498155027562
-0.322953712322526
-0.338580558727171
-0.358038236579112
-0.307644043563199
-0.335187928317524
-0.268037226218079
-0.408120741098496
0.0312483301502734
-0.431947999809004
-0.204290651262521
-0.306471121761147
-0.298844974827465
-0.102699002765878
-0.363491945574717
-0.315257033990112
-0.26862378116067
-0.123022079933123
-0.198252064409388
-0.134618736258394
-0.191673009922271
-0.207858636674411
-0.199561109800152
-0.247757218654051
-0.24182711048018
-0.459578649347893
-0.245585085812106
-0.306445472207078
-0.203379362136925
-0.0647158581138324
-0.337921518343634
-0.178943612756961
-0.350306244657284
-0.255233346174431
-0.292365223005001
-0.291364270958335
-0.25571570541446
-0.0992834258046839
-0.0996572066271539
-0.213459888427197
-0.253351320848317
-0.184957273075474
-0.265452199726492
-0.329654961944744
-0.197373593898135
-0.266798346894217
-0.179240377739519
-0.29932065911589
-0.121478562346425
-0.352502929708604
-0.184076774200502
-0.207002862142466
-0.275687272745099
-0.157136744900824
-0.201464989499554
-0.151091843172199
-0.17662136876179
-0.0911828096310902
-0.0328358275609933
-0.171372464110809
-0.141189213920633
-0.0363001170703895
-0.223030661456753
-0.229299731584018
-0.180394413108371
-0.198022921298413
-0.0748717167561291
-0.224834118234931
-0.146379677201943
-0.0710242381482928
-0.260507174990265
-0.194160570778734
-0.0940540131997851
-0.0402727022391419
-0.13746341850812
-0.163771493209957
-0.122456693733371
-0.166225800916134
-0.283118887730907
-0.084526199470804
-0.097371411917415
-0.170872439303005
-0.208842451298273
0.0148595056728643
-0.172883581163295
-0.159681588839756
-0.0937253720012114
-0.0741176105746449
-0.0255111683396008
-0.0263252995662976
-0.153602532028661
-0.154913500349842
0.182263439800444
-0.0018274303455442
-0.0530803738332247
-0.275474550558432
-0.207887865334115
-0.234778196129447
-0.127383647922348
-0.168283835289187
-0.0633704046877934
-0.142680029581813
-0.0379295314165552
-0.121399255509673
-0.127176920142165
-0.12781657056199
-0.0606346351646418
-0.0314172608269127
-0.124980472266632
-0.152210916108449
-0.126762428590395
-0.0203505918510256
-0.0180613282304024
-0.077386929023225
0.00628555816177238
-0.103374551434294
-0.0207999053792177
-0.077660799540063
-0.158071368043107
0.0391007806302511
-0.0577691689289337
-0.114202957773183
-0.0556279783333208
-0.0367811600438757
0.0404140395225651
-0.124583337195382
0.0637280089846926
0.149150418052104
-0.0912474725097094
0.127033956186025
-0.0537224039061872
-0.0113276860832915
-0.0662301874978903
-0.0111198361533395
-0.0566520620277651
-0.135939242285128
-0.0129877524523567
-0.0763548046983606
-0.050325833437336
-0.0209333946782051
0.119893949104916
0.0861715578667853
0.00624638030198868
-0.0970073357784272
-0.0205237246538191
-0.0985204931827728
0.0328568218100886
0.124992315315351
0.0156265606168765
-0.00191187269237865
-0.134259719281269
0.19569791253119
-0.102140953904122
-0.171868679768403
0.106897814216454
-0.0172409965762744
0.0491955124924741
0.0923843746522341
0.0504766895297259
-0.0131535773279915
0.0290961138533197
0.049595917020573
0.0852267822962483
0.125753198525916
0.0841696172962653
0.0356841234620259
0.0723318275451289
0.0850735383552553
-0.121442319476683
0.19412882272835
0.0683983164411907
0.0110381226269399
0.149346516277615
0.106893438456807
0.0601374596936784
0.00577889308196635
0.114842555302858
0.112983130820443
0.0976520023649977
0.0815206123991037
0.205110147722019
0.0306797156217268
0.0429695625680871
0.0244316728054513
0.127175039003665
0.138455989442928
0.0805962425370275
0.242709810249765
0.113292738603299
0.043028859085758
0.0946793497913597
0.164380640793347
0.0840971009391166
0.0306656629749579
0.0179535381448705
0.0502408208036558
0.130249764409937
-0.0299178077296042
0.0814519381818875
-0.0095844199805102
0.198124643242731
-0.0410947295748763
0.160691027327624
0.162681293603343
0.118339921997204
0.275664404415209
0.294346404537826
0.22609018820203
0.148751053992597
0.142129562178911
0.0647129700913086
0.200328470437581
0.0630673398384748
0.0381549482249145
0.178133141795309
0.0366928490234426
0.184931124023377
0.130236527853367
0.0566929795517024
0.139101023956671
0.180955275264888
0.0846156391353009
0.257626544651121
0.26178809001981
0.118401697771701
0.116273026115003
0.0902744480642352
0.114203508550254
0.229412466331676
0.180364191185505
0.158571688668879
0.242652000792639
0.0512173339895368
0.34497992996996
0.220525128579289
0.127963889565548
0.203363982342624
0.118090243956636
0.192323232850208
0.27617881788566
0.0673215916923817
0.260799634247117
0.182554793958542
0.0411997855851252
0.186343308207268
0.105535132087518
0.236911281069276
0.149841699194878
0.274997934266895
0.275069989650257
0.116129803464317
0.404595012910901
0.296621636085732
0.0807941782901134
0.175686621250768
0.0953339310522232
0.24157520365309
0.285433769266517
0.227602405108755
0.321859472810699
0.334689946423921
0.262709074272716
0.262498614356197
0.334496499761707
0.253656236159207
0.140365970458744
0.164059039707718
0.245134596018575
0.166862169482148
0.323071660150996
0.286922827143175
0.31512801539232
0.267356793115025
0.261424281644282
0.255977207836585
0.314935891398069
0.290414619844358
0.317574732772226
0.279080540322749
0.321318135298828
0.315074579264071
0.23010305771665
0.308724535358695
0.324121986159583
0.260853727151962
0.200854570178469
0.265891170289976
0.345453928327139
0.367884570592807
0.431008604574823
0.286041444110881
0.271890186363844
0.29470568670715
0.362662460408629
0.319346268407109
0.146802364802038
0.339161229496496
0.184354841589269
0.275171509707584
0.26925310360828
0.263286245538005
0.368518734855906
0.380340607149251
0.458280280773203
0.212874038329441
0.339526645781109
0.28384372569874
0.2972144478973
0.263917908021328
0.257007835964162
0.215288463392313
0.399581170265442
0.405017128078222
0.206400490803772
0.344104015595718
0.20851600823171
0.242794951300473
0.19904891047522
0.266600360594416
0.416421302954105
0.383697595696923
0.334951558908028
0.295907702132352
0.246602642852205
0.463929591558667
0.453291239457411
0.568270810870384
0.513328304305647
0.293670446137164
0.392313705778269
0.469508011957224
0.369998886225188
0.428629569404613
0.534885637006597
0.281932622092562
0.34134515236751
0.4513680413393
0.373071651817725
0.340497228693049
0.515825091868774
0.383216306594877
0.279625721171384
0.265313345703053
0.450392252559071
0.317670241737256
0.308943965315289
0.379400554675829
0.345426322227
0.436863858664704
0.450608167535789
0.341360583505754
0.40032867750515
0.266229181888318
0.417920843609056
0.323919023758189
0.527220554380733
0.445901462774167
0.492732777318916
0.40953899392531
0.385523994303612
0.25153190234277
0.428462645893814
0.53052081841396
0.395112450675039
0.362890268330069
0.472846922569873
0.49004456646256
0.455710912512369
0.364795419335906
0.48078623868738
0.497192716111276
0.475901084306619
0.288285203816905
0.432697230152952
0.401619824559508
0.584921774365946
0.541486246508458
0.396830240314423
0.40554550804918
0.467916440506542
0.424662080988702
0.484050629319413
0.378421620653317
0.464547318047837
0.467387684045322
0.608356568755057
0.538538918676307
0.572178631811074
0.414555214361953
0.572645052420894
0.529696964578521
0.533682620711717
0.474064252032515
0.612059705145814
0.567040039299694
0.521342665704975
0.375777341439852
0.338412153648661
0.4839103038015
0.413913416953156
0.553127761667769
0.442467722324813
0.603319626169601
0.524707745020689
0.472894104042266
0.701119982207697
0.646229860015122
0.634554239536798
0.47469193436241
0.539066917999173
0.404568571771111
0.542939698009974
0.540578004544213
0.513443400820304
0.620142156328771
0.583915183390494
0.542197904174743
0.496103408810804
0.681786063694108
0.597945469300559
0.529998990751935
0.502133996948618
0.636988230925062
0.608180651506467
0.624622402054524
0.373496156846484
0.526600388081895
0.691629073271015
0.533537359677712
0.661544158225063
0.567979906411732
0.619696759939756
0.60656247430403
0.701723337978119
0.592780269482456
0.61878452591755
0.684715131425338
0.522741281183354
0.553539348850597
0.575375981870681
0.515202326219063
0.531767903844577
0.547258208351959
0.623044929023009
0.650999607519895
0.489270814886228
0.606560643992322
0.514223409886184
0.675981350449244
0.649151938521824
0.552465934499967
0.587270810371435
0.485576004548922
0.540207334970552
0.656040185376118
0.645453361607459
0.595432346553991
0.657331643320139
0.545916214214232
0.676834748840633
0.762954790141103
0.423694399154606
0.483857992847914
0.553799160940489
0.660011567200261
0.626348034987922
0.581027771965594
0.590137570107119
0.64222763298879
0.619357902716502
0.672512037033182
0.757244998997955
0.612648651046885
0.736448272558559
0.485122863036996
0.608100290321947
0.716493524595544
0.718524216689084
0.609110000306
0.561962289928016
0.757626341183217
0.8043475335721
0.615476506329685
0.825994082005445
0.761579007444452
0.618912983611082
0.689571732210937
0.843372382055988
0.759241926314531
0.625954128715575
0.642230081240736
0.676103435295588
0.657362302356276
0.659977842940035
0.580512940469071
0.712478491842967
0.53122187190131
0.767336553172945
0.813856877710787
0.673825695021521
0.613197036389475
0.667492074160392
0.714153869459176
0.650829413862614
0.634746009482823
0.637548850137731
0.68788378827794
0.589035740664935
0.785587816999386
0.718397074779416
0.665261202439942
0.690080215510483
0.610926241176774
0.557255042899594
0.709700104736298
0.837300277563649
0.779743605149864
0.766503839158049
0.628847388150194
0.774898551482899
0.530322156624347
0.883896225629187
0.750898593717267
0.801410285621671
0.648960125841371
0.628045540270419
0.603240683169819
0.870535393181295
0.645441180558526
0.879515287774771
0.771904532882727
0.715955223630617
0.783640200230624
0.662298497068996
0.769038923909232
0.815631568580458
0.707691371897014
0.695258887016999
0.790889175762018
0.757357632974183
0.728727640469647
0.782096240518541
0.803838555726848
0.788050968031643
0.932768551721402
0.798003654348716
0.86860704601554
0.882723320461829
0.835990847833988
0.787545596648625
0.731846859475498
0.64057853845457
0.914400955286971
0.862033872748303
0.883128807884991
1.07984393341485
0.89977955070584
0.840733177686551
0.773170957876912
0.828655426230501
0.914803472406404
0.777423651176486
0.790292770721811
0.865275934308128
0.973650585669515
0.842211294011693
0.829421511280068
0.732411956945615
0.824302472135476
0.882894852493538
0.8587295954381
0.894940759341649
0.70796702749793
0.734850106211154
0.868820098305863
0.881138793321058
0.954393123928825
0.826301462655427
0.94832173965751
0.859001235993933
0.913515125069799
0.796917457155218
0.982714423915017
0.849318127381705
1.0573042302708
0.74922582134629
0.837359238692511
1.03067317212671
0.81912235554141
0.981820011802001
0.896742343609853
0.859330460801783
0.782617105143867
0.957752349138429
1.05539212849567
0.783815334528716
0.93361186303249
0.881499584615229
0.833984429451735
0.969025609854715
0.991540807380833
0.921025178572477
0.863189514564638
0.899866569859432
1.00748588597132
0.867831474787256
0.852022003888842
0.943233286769276
0.930630501441837
0.835573023056319
0.939208338839662
1.02061505306638
0.956946735850089
1.01966324813402
0.89875361369487
0.831686451021306
0.838162204777685
1.00154930998273
0.987239928437536
0.846171066312082
0.968946597105217
0.937301737352441
0.907694822027714
0.932931767473309
0.93563686335637
0.897568439903244
1.0732453156196
1.06882286442046
0.904938150432252
1.00376833253248
1.02250015103569
0.890145878021118
1.08189473914315
1.00688489887253
1.07198429352269
1.00221904494275
1.07105415819112
1.04309610034371
0.912399873725479
0.946687222368734
1.05175003977526
1.02742131147495
0.955414287915541
1.03799815580826
0.953695189061193
0.90513331028251
