-1.1147252845088
-1.00711607962985
-1.04113305339173
-1.02136533266213
-0.931441933184355
-1.00556603954513
-0.880865450915651
-0.955972291048465
-1.07063039184603
-1.07200674536481
-1.01775436905346
-0.976042125987518
-0.914466069586353
-1.04986366819327
-0.881301058701072
-0.966679215035259
-0.905917434890917
-1.00880231509391
-1.00417475139889
-0.901004009849152
-1.09975488171843
-0.982293046451026
-0.89315075890178
-0.861405997007841
-1.02356817049584
-0.916076960827139
-0.900158043023327
-1.01771795115387
-0.950553119273715
-0.918885549852309
-1.05655517953256
-0.871046110075786
-0.897387066641389
-0.8204045932319
-0.851770246032825
-0.899348365416138
-0.808725564100923
-0.918046045855064
-0.892832223911533
-0.956180888031944
-0.888605066571675
-1.06695615439649
-1.06801853126187
-0.956903818115841
-0.848334050884899
-0.929313106973124
-1.00826669863816
-0.849657947273825
-0.794713864015337
-0.888408505366574
-0.877291845782287
-0.869359387149374
-0.833853152105808
-0.845579078677808
-0.869886862357194
-0.848979676448368
-0.917315813517258
-0.840807547033082
-0.963103751778924
-0.958825787865924
-0.83753047954369
-0.878394001945742
-0.909501882713462
-0.828213442048817
-0.886168473057872
-0.949331095054611
-0.905167992894633
-0.825067275778969
-0.912459444612903
-1.0421369927328
-0.956366921886044
-0.899017377492922
-0.963784956761224
-0.796557032058104
-0.829330412298534
-0.860498715685055
-0.891163792643646
-0.906198033358991
-0.869457802284553
-0.650185554475308
-0.87338704745299
-0.844088443623855
-0.815593565165688
-0.846384306121143
-0.913941162330488
-0.831435909984713
-0.776544297909842
-0.867919797641245
-0.788736344961426
-0.93914057953578
-0.789973822983759
-0.737992638189346
-0.856763492057598
-0.839467743122699
-0.754144466158761
-0.84408167239151
-0.84031359868871
-0.729516441287015
-0.78382523680882
-0.697407730352429
-0.840173138535969
-0.747257773767629
-0.739834649817444
-0.704721013602152
-0.726561883151882
-0.8999820508497
-0.640240580336511
-0.713231821924235
-0.735835203671343
-0.798583733380418
-0.845440083722349
-0.867990190546578
-0.794950211971389
-0.810371867382363
-0.857510137928344
-0.82716891895092
-0.895028083180283
-0.584308020384917
-0.780676757427162
-0.747981682797121
-0.749645328597874
-0.904291278364425
-0.812455903962663
-0.600447120702344
-0.463835474828468
-0.651523223360564
-0.702782091598526
-0.753316638407129
-0.755619520433317
-0.791867975969796
-0.740276541406699
-0.74118886506579
-0.738181280389049
-0.711383757222882
-0.6587305198307
-0.801733241827358
-0.803694962753935
-0.831041101896438
-0.551742525683292
-0.67962559342691
-0.64153126518874
-0.718102684390805
-0.696612775527742
-0.698234692584752
-0.646613742161548
-0.760367934890821
-0.791425080904784
-0.756720616850924
-0.652725011144696
-0.580427944223733
-0.553347275497227
-0.655529428960152
-0.677270964787898
-0.609836414580334
-0.730158496375636
-0.683666979718666
-0.819123022532779
-0.763606210173743
-0.56978582949035
-0.653168169867823
-0.708491613589368
-0.711016673495566
-0.789696891655342
-0.79511839629078
-0.680428814134587
-0.804219679420496
-0.608271331035698
-0.556283890319384
-0.698301371059918
-0.534092929890636
-0.659602380683846
-0.621216172765008
-0.658547944030738
-0.582322530975437
-0.637671164506975
-0.678575633588237
-0.537728100429751
-0.603286969847622
-0.546549533111886
-0.756341684116968
-0.678137690985443
-0.673964472064263
-0.618869364378479
-0.607556191403751
-0.58166805209774
-0.610660627452628
-0.659215633791914
-0.678968574898526
-0.54616028675437
-0.693979045245704
-0.610620275070312
-0.604470023370796
-0.609135830230705
-0.466356696630174
-0.592608277333626
-0.632091099838921
-0.623472098497689
-0.641985368139644
-0.677394496683673
-0.568249192667849
-0.539950469956906
-0.585168775858903
-0.661613810084941
-0.61261748902815
-0.489766649901646
-0.652251020949136
-0.551988434684177
-0.561262192218753
-0.419976918322273
-0.566817939677174
-0.608536925363429
-0.515487008839907
-0.428387662093912
-0.502010936205685
-0.55742133670658
-0.511369029039763
-0.371356041246733
-0.557737900720029
-0.566108337949284
-0.491436283224397
-0.598915968949679
-0.549771000967601
-0.724563527593353
-0.554134141780029
-0.575310392885034
-0.412152113175454
-0.485016537518069
-0.664543562315941
-0.440003675414231
-0.547987345014591
-0.540157688306038
-0.608332180611992
-0.432929258906032
-0.571459983838533
-0.54670986952576
-0.536855256329187
-0.37135554745297
-0.4339339843394
-0.524882865060846
-0.530275305992539
-0.501371939308405
-0.532735332883596
-0.68512289068394
-0.570736029122286
-0.435869017516103
-0.687069910740373
-0.312982282005169
-0.604864028230141
-0.478805444072826
-0.5316309662868
-0.411460098927203
-0.632329406512857
-0.329146823018371
-0.724832838502597
-0.600568021368736
-0.430874197533318
-0.491800910142863
-0.534868132118229
-0.485211569503112
-0.495791960466341
-0.415012225295789
-0.491806847187563
-0.478734370137618
-0.28291458306062
-0.521841792406545
-0.623788026537123
-0.431456295310621
-0.42516987884206
-0.503464015376131
-0.478952547557375
-0.299625304138375
-0.376365292839563
-0.583023329630414
-0.568889392110058
-0.361000966717515
-0.36689456537533
-0.371372735813805
-0.395016891166857
-0.600159657287763
-0.515023514918488
-0.547848542602495
-0.318988338675756
-0.544459354930215
-0.368247699734666
-0.337663213470958
-0.30982332303848
-0.329418042314749
-0.631839250374785
-0.3837939137777
-0.547499339427616
-0.651426131949943
-0.329304522301306
-0.55339911605244
-0.459248480048495
-0.452417065522553
-0.39760649705099
-0.418347878643214
-0.44658979959466
-0.418889315476078
-0.273050674467368
-0.335851414710876
-0.534429080779944
-0.420871870387455
-0.503909746173532
-0.497824472983592
-0.407246888585073
-0.368300971651726
-0.311807124611945
-0.451771207312516
-0.314235254748524
-0.446663475296263
-0.39872350544647
-0.360198421416656
-0.427034754444985
-0.310450506943408
-0.460261472641784
-0.225309440585694
-0.227395760753325
-0.319830462367805
-0.466796013452133
-0.29880220484025
-0.454805583687363
-0.416665898455257
-0.352333164604243
-0.471081062201884
-0.298755862624287
-0.224833966452798
-0.316642056470171
-0.419895258412698
-0.312018659260724
-0.340532936644088
-0.326523976586568
-0.297678293227985
-0.138878175818849
-0.415999968324128
-0.286541126910654
-0.334159288279956
-0.409395135999632
-0.555074212754111
-0.350919833884795
-0.441969807825417
-0.176210044983336
-0.308673214986171
-0.329195128800683
-0.211806979240877
-0.139187890905556
-0.333780372543336
-0.144354791897602
-0.369748253267728
-0.297119469814546
-0.275865463097452
-0.374797746003323
-0.116183028034402
-0.198893167732484
-0.352961118638036
-0.315096443775085
-0.316080684006083
-0.352032648227313
-0.333868950204172
-0.324056392534673
-0.257969797883141
-0.397034299547013
0.0321245792131665
-0.425274435983778
-0.182931191426298
-0.345956767771588
-0.31282240685929
-0.097901353904385
-0.357037222082931
-0.299372068057911
-0.267966959344511
-0.0976008047263254
-0.206548246694197
-0.137851927615851
-0.211192611325569
-0.181411426700712
-0.207562384304386
-0.253937632241271
-0.257752977645975
-0.439839102029555
-0.230427291007115
-0.279184761267674
-0.19582534738834
-0.0706877515968513
-0.316700812926474
-0.186641473209166
-0.335001555180472
-0.272126115844505
-0.278522076082551
-0.300476397331318
-0.260059075737773
-0.0904329981230019
-0.0853248429651709
-0.177224273405957
-0.229662452693974
-0.18736452005147
-0.267642292251696
-0.331208113933693
-0.203425787173381
-0.268793740561166
-0.189755987455431
-0.277501362532764
-0.142327743365783
-0.364117720444762
-0.191753157118039
-0.224686272167203
-0.293607049398031
-0.154348745059137
-0.201738547228203
-0.141653586486471
-0.169310258774341
-0.097311710741778
-0.0233924772108245
-0.170555242107661
-0.118174332871463
-0.0267751628639659
-0.222313097422432
-0.215153896082267
-0.186050541642786
-0.203851572231643
-0.0619470455150081
-0.236867303897409
-0.156419600181215
-0.0721236600002842
-0.258499515419177
-0.197709512406031
-0.0828583886456432
-0.0409910763256386
-0.130292403114425
-0.147367047417065
-0.145442322759747
-0.167061530565158
-0.284085471020875
-0.0986954034892631
-0.096075490110814
-0.179442723882409
-0.221977118205081
0.0180293694712557
-0.196031605584941
-0.18470571048222
-0.0862899948542137
-0.100634836707387
-0.0442237492831064
0.0282243454647598
-0.159978736293047
-0.193159846995046
0.175715972938928
-0.00809375006372021
-0.0611031083010428
-0.295697162262353
-0.185915669407317
-0.241490427900871
-0.132836283083317
-0.160321748768051
-0.092329276690522
-0.15930839363869
-0.0531548976076384
-0.096065610114979
-0.127193409017903
-0.114459822469577
-0.0635598911467994
-0.0532333080496022
-0.146490985603751
-0.15123524314702
-0.126706084543704
-0.0172446213737309
-0.0234694978432913
-0.0976476988049732
-0.000128948824235579
-0.103401157551996
-0.0433383804184523
-0.06432171431789
-0.164232643782409
0.0506138138354308
-0.0575905353630887
-0.12076929184603
-0.0494153092906585
-0.0417422595110244
0.0252156234732967
-0.131567397749895
0.0666450581826976
0.142976583752088
-0.0919878144525189
0.0989967674029103
-0.0748358994656051
0.0040015164306817
-0.0868475579402794
-0.00104959948961481
-0.04529674976845
-0.141682786885914
0.00856401229837962
-0.073336406906317
-0.0472016538271377
-0.0270876593662466
0.0960706081007598
0.0859938805894425
0.0189411612098327
-0.0799299017368846
-0.0437476952538129
-0.10192757366432
0.0180796665932344
0.127924788964101
0.0190954797468732
0.0110431043943512
-0.109866966370193
0.181964884252033
-0.117806435159932
-0.179792264950668
0.0921408860190645
0.00490473386721787
0.0527310924833251
0.062091283612913
0.0418528512280582
-0.00216332853074349
0.0671828467752894
0.0506220365988692
0.105371116843796
0.120784618044263
0.0922158799768228
0.0406568407140681
0.0449260508752327
0.0860962353106636
-0.116896884906453
0.19267063830745
0.0589275323800524
0.0239122186585266
0.149590078384206
0.0980690151579059
0.0670794556543257
0.00154621175454521
0.08895789338796
0.112196070925327
0.113183575898945
0.0870376309722856
0.187740718944581
0.0276223841396502
0.0535891223368118
0.00702463153546614
0.135814335457079
0.152221425449608
0.108331304676886
0.246731751895851
0.123466617691519
0.019672756243439
0.0663631061573212
0.180781926222912
0.085822215768427
0.0504320301610912
0.0225016071582871
0.0391389361680345
0.12064823755553
0.000125183635771218
0.0910176675072167
0.00817439179136713
0.195985077680377
-0.0496146146001752
0.158230923065355
0.157556267945052
0.103413908607713
0.267672123081935
0.293148454346928
0.22679884164745
0.139988436094687
0.138711412212417
0.0480865483290735
0.213648874015095
0.0743119028431324
0.0300104026314547
0.185183550406128
0.018702399258106
0.165537338456573
0.141453594244783
0.0460873934174424
0.116072107873925
0.184152157151516
0.0677211765463449
0.264578027721867
0.258709574312474
0.141747598659503
0.116343736413503
0.0924342100915395
0.108443847755845
0.218647142669247
0.178363802905576
0.150834226144834
0.238543465577045
0.0637626821313433
0.358399016047892
0.21265498229854
0.145794825603189
0.192163156032175
0.113252138138769
0.196718382737246
0.267352146833003
0.0750446434806071
0.239909273115511
0.192993927391165
0.0308170968241362
0.153792123438532
0.120619650453543
0.246313027164044
0.157771799039589
0.271215246886121
0.272093316407528
0.130870746135756
0.418980810733275
0.28990644163347
0.077959787789418
0.178360021441846
0.101446148791949
0.234699028480926
0.289630253089871
0.239252584259844
0.317081195242962
0.312475813862193
0.256592483596468
0.290195400572932
0.298271801563918
0.264792384575425
0.130549064066429
0.163281519275167
0.257619443638781
0.185913112771646
0.31361043508333
0.293771528064648
0.344597736040481
0.269399288215247
0.282576613373533
0.248996058860209
0.318999196824688
0.292922863647975
0.34441106818806
0.301511993741619
0.322199955282137
0.294565553528047
0.211791658723938
0.311603115339032
0.346761329972479
0.262843447264486
0.204802741446872
0.256569183896645
0.341771348136082
0.390307770246211
0.429586619394135
0.261687275879265
0.256879629313053
0.312627348314612
0.37481520694596
0.326533489306587
0.149556293605543
0.338426392223999
0.188832605973844
0.27674247699264
0.279732640334848
0.246310480679447
0.37511768294019
0.344030284057574
0.453268549418517
0.202451887639402
0.323211491087779
0.284198244386761
0.321076343903798
0.269813595863877
0.262279673469301
0.221773464755973
0.409805586275728
0.41906057604366
0.193621485898891
0.329832224733431
0.231037391713385
0.239745008212277
0.189619516378143
0.281563076015767
0.414877228355524
0.368704697448696
0.362234743415776
0.313723699557693
0.247705507013885
0.466815365074707
0.435663409154783
0.563145636565467
0.52219117837854
0.314226235176579
0.372720808016564
0.453625640288722
0.35121024517532
0.421116402863707
0.541484075290689
0.299838313705073
0.343113080463567
0.450927344924064
0.365500609259751
0.349451551396651
0.520348358260331
0.38463964612311
0.292030501313586
0.237921415138585
0.437314623424591
0.316993809537008
0.303308762427119
0.352495118862864
0.328163040208927
0.432133271611447
0.442181605541371
0.334181533480529
0.401426252533637
0.260157843270722
0.383723696507208
0.344418101671534
0.52830281995692
0.455599979719066
0.493980689268817
0.386745582054896
0.385297362993941
0.276095681092465
0.400811290645359
0.521154247074618
0.377591482763358
0.365369979886504
0.444528940228229
0.494193173890647
0.445511347708566
0.382455958078688
0.486297525556969
0.524741830698132
0.473888718958218
0.305833094731306
0.430984125471928
0.408451164657352
0.562161191675273
0.546990400065287
0.388014164646268
0.419709149341204
0.478575663018659
0.428380713266761
0.479113489668019
0.384031060147074
0.456496645955077
0.480355543227033
0.617434008632438
0.533669796209589
0.5911732626186
0.428484477832425
0.569584862518506
0.528016405311361
0.529588307436455
0.510085024712879
0.623259873974186
0.557999375873183
0.526060392469258
0.366121308602574
0.336612644480944
0.46872936694715
0.409029954999227
0.593011827847801
0.444643353591589
0.597876245897346
0.518827430633459
0.462167506556608
0.700922581765766
0.626976118204733
0.630206745298065
0.473959568994568
0.526375874155961
0.41971696661077
0.557675303603755
0.528750308918499
0.518992304575511
0.63570234066991
0.574071616115623
0.524712930543471
0.50895770919971
0.666106751907073
0.61090945653139
0.528760780811948
0.490202769046442
0.640256282857552
0.587681465003102
0.650793627068913
0.368813914078413
0.507548132436238
0.697219703349431
0.533676826866534
0.660133484750526
0.583543149804147
0.642228567758472
0.616637989153228
0.693905190293614
0.610593900626186
0.618036029399814
0.69237843838495
0.542170902558385
0.53207160819782
0.579906247768863
0.483293092794377
0.512259306596507
0.539947242718346
0.608290530354227
0.634673675209768
0.485670067905437
0.602921831609705
0.486236017632586
0.699509509947883
0.653897058353989
0.541069710460502
0.595327903753167
0.486705926421511
0.517019335506107
0.643163730516112
0.643764863601424
0.579454591638661
0.660104695978611
0.546785227893159
0.70627366558296
0.764342121869188
0.406770501419019
0.513500676372131
0.551699661428594
0.658595293690114
0.626309363809812
0.556110325423767
0.571696369738465
0.623210263759064
0.647719138706845
0.681525570031265
0.757683042251555
0.606168900683706
0.742328628890542
0.479759703089319
0.609076721798873
0.721585345796296
0.708756236369092
0.621721103213471
0.547255447759971
0.757374951005141
0.827598415153888
0.596529600725496
0.806684456876588
0.777710566580006
0.647114974442224
0.67754951432681
0.874339441588667
0.77260366892814
0.621277314319759
0.656289781752102
0.66780061043485
0.669877567560985
0.654714589383451
0.582945142157874
0.711170056137799
0.514053876485766
0.785527390032178
0.834445872994889
0.67095570343522
0.603860924791868
0.657635005710438
0.702297167396318
0.66045983067644
0.64586490796661
0.635206607064142
0.687749869871231
0.59885701818933
0.78133607035914
0.715706651067441
0.642960457971768
0.719792606829665
0.632890547118636
0.580523413063942
0.731035171296787
0.827192532761968
0.775946168573389
0.752469797578472
0.630133756760905
0.791678880176594
0.521390696525934
0.86379869349278
0.750845017069723
0.797075341586002
0.634878699057969
0.630779134089116
0.596570916078243
0.838419378986358
0.671073316624268
0.83528735565521
0.771311903873415
0.710573399321317
0.785545176957153
0.665307127683567
0.745430255351489
0.803264635813866
0.713854756650818
0.705034800241336
0.794639188184314
0.750772607503731
0.744652809884905
0.786654558793469
0.829578353139682
0.80947901234603
0.921355214513045
0.797796568974206
0.867020466683984
0.869858586610963
0.836438661841088
0.805422965765654
0.738174669511558
0.624278971060063
0.915836498519275
0.853062608516515
0.887535746512259
1.0523742639894
0.902792649323962
0.839741901781945
0.768571110283992
0.815872677537543
0.896997614594096
0.771317361150651
0.784615789110366
0.876202036443252
0.96125728954703
0.854519708886415
0.837653528087382
0.740440985982108
0.832966328714815
0.882934314876603
0.859660457428855
0.899664684717952
0.732117822772564
0.753323816561177
0.871091169983865
0.878090747599793
0.956480310249485
0.810450170069012
0.940653087504441
0.866610856354077
0.912617271295685
0.801937924558702
0.996360213463966
0.855899870563601
1.04980183254683
0.764193711298679
0.820767510701653
1.01998784483666
0.853275608646363
0.983339213415184
0.903498087042293
0.857084962144158
0.794887280178746
0.957280342228796
1.05114276283463
0.783755242368499
0.927708725119038
0.874466766377716
0.822112931958546
0.976709835434045
0.966897578950673
0.924749728564469
0.872636896446939
0.895340545579042
0.999064632099939
0.84059943437429
0.832418567460966
0.912157387670376
0.918801944264892
0.827778418623112
0.951883005782322
1.03672166711185
0.945986354368022
1.02774497636547
0.900560810581693
0.819213312169768
0.832238536200291
0.997911149150597
0.975758657001044
0.831637327201484
0.947650759683679
0.93773527144914
0.898762570018785
0.930656756733295
0.930756430863192
0.92969186888577
1.07745104113991
1.08070416005991
0.886211110920001
0.995712331509024
1.03625315985857
0.901728678833657
1.08898725650856
1.00002776970921
1.08021689644215
0.999926840682999
1.07884354676756
1.02952265816975
0.910589121542101
0.94263533056624
1.02767406316576
1.01052161793098
0.949656745326027
1.0520547086046
0.958824811791942
0.925718298118995
