-1.10476715991016
-1.0114593909636
-1.0427596499925
-1.01358463841102
-0.928246086812482
-0.994296584293492
-0.891625815619802
-0.962134138455694
-1.10416648367931
-1.08660259798639
-1.02821618229393
-0.969300593214252
-0.898860629929849
-1.05118987053748
-0.890523585605085
-0.975858132238518
-0.914910362439457
-0.999733380718084
-1.02475073790323
-0.918417521580611
-1.09335576003715
-0.980702654974163
-0.884516938677532
-0.870467143830166
-1.02672378682085
-0.901125595234365
-0.90348968202491
-1.0307292027856
-0.972089052601161
-0.945600447448985
-1.0430161688019
-0.890059472120099
-0.914200041575976
-0.804011602390974
-0.831160930224536
-0.882975757883549
-0.790463810100643
-0.933833266779913
-0.868962536708396
-0.966025145126729
-0.874993245060884
-1.0573366107785
-1.07980857640884
-0.972500977550771
-0.846719332265563
-0.941266248527602
-1.01951222710585
-0.860167954953298
-0.785118246221575
-0.900996724479145
-0.876746217620934
-0.875660948877474
-0.860518947173226
-0.848611103452369
-0.866599979715949
-0.838300386590253
-0.910644485061484
-0.829821818300022
-0.964295180069428
-0.964639625770392
-0.817992207263969
-0.89321498663341
-0.910399469238403
-0.856408716551114
-0.888554852861883
-0.924251613829999
-0.926419878243478
-0.811635224903284
-0.896822442649063
-1.0524039303846
-0.957338661803515
-0.866314890361889
-0.970363503009529
-0.806322551529074
-0.847445940797654
-0.867657928565774
-0.877610596897359
-0.898864390613393
-0.88181775741157
-0.668826114042958
-0.879083931319048
-0.840856708123114
-0.82694213617728
-0.850689094786628
-0.921236357453757
-0.842065461332329
-0.793476218683283
-0.859356894967157
-0.795312511069825
-0.902892582948356
-0.814494092176135
-0.730068759762684
-0.853676770826636
-0.83813315682652
-0.78603240567111
-0.855848330392956
-0.84688023336437
-0.734208502385366
-0.781464272391961
-0.711535872261429
-0.861753711734326
-0.747283487048975
-0.753292084941476
-0.696877104644385
-0.721523331297562
-0.889457201345741
-0.635352668964758
-0.712233555898979
-0.750568554005667
-0.809620706278057
-0.827383060757278
-0.865774870845808
-0.785508431158448
-0.819248305544445
-0.863348019534645
-0.831535883521928
-0.896632823054932
-0.60665758455376
-0.789097016023339
-0.75597067950728
-0.747903538034318
-0.885068859244418
-0.816198933295411
-0.597211156281568
-0.486165749101077
-0.687420063618473
-0.722219407615861
-0.742507951250809
-0.752597087022939
-0.805049679459709
-0.760875061349804
-0.722479193141301
-0.759177888074464
-0.712835436971922
-0.64170364240636
-0.778018495744723
-0.807978409276904
-0.849197576190887
-0.573573316919574
-0.669210513937495
-0.648677106939946
-0.729928348452549
-0.703529169261321
-0.684240585606381
-0.625298543986909
-0.736810455049317
-0.784732739672713
-0.757865839176797
-0.645659820492129
-0.563088995972168
-0.557097732860285
-0.646168124715075
-0.675631049670354
-0.596264175018167
-0.707913731898123
-0.674594499966604
-0.838738033758298
-0.768638880377183
-0.56441487183261
-0.667129797447855
-0.690319392918783
-0.697867366140789
-0.801188208915803
-0.808906297482556
-0.677508468777552
-0.820161216946999
-0.609179950018383
-0.554104504354519
-0.650390120043246
-0.526294716372676
-0.665091477720264
-0.64096682776736
-0.63625137136839
-0.617266070784596
-0.636979993054312
-0.688644869082683
-0.533036807927284
-0.579376908046417
-0.541810037213164
-0.751961747100649
-0.685314364279904
-0.68299726541737
-0.640234274950636
-0.59626748671958
-0.575691876475893
-0.600055558130825
-0.64459223155784
-0.674632314125618
-0.545300638451486
-0.698799174793501
-0.619399347380892
-0.604855427100276
-0.615257420738466
-0.469033110746161
-0.584853549514939
-0.633334696057378
-0.592188064074188
-0.632798180450951
-0.680507105867311
-0.538587198420136
-0.548819311572167
-0.592541632813316
-0.662513402297152
-0.621835414739116
-0.482312306013894
-0.634208087999901
-0.544196787558364
-0.584191332689052
-0.44529592446415
-0.527122495043108
-0.602710917802576
-0.537147512653245
-0.453338982933282
-0.483386989416446
-0.565679672409621
-0.502960782506492
-0.384292573456346
-0.554364384092142
-0.560057353517155
-0.498279856773175
-0.587826887673295
-0.546557342683598
-0.702396171373388
-0.566067433129575
-0.58320982773748
-0.433206315486446
-0.482776506194286
-0.68273323085312
-0.434370687121769
-0.550365863147353
-0.533072041343101
-0.59477335716327
-0.438668125421943
-0.571118079177873
-0.522806170920079
-0.533158735435309
-0.363663861524042
-0.450862942324537
-0.51604895287286
-0.539521979105823
-0.484649974824908
-0.540877768348493
-0.675840141339119
-0.551534807979479
-0.440630981978723
-0.686612077437926
-0.302247899231224
-0.574897395092376
-0.495046551475079
-0.518258205783582
-0.400643096714837
-0.658151893295625
-0.334763216001788
-0.699938684171357
-0.598947689618523
-0.446895030913501
-0.473488569341756
-0.508291935843996
-0.449097382191969
-0.489966284098746
-0.413396115054181
-0.505084256402211
-0.458639279688462
-0.299080574194699
-0.519194999192357
-0.609333187520388
-0.447399345221934
-0.41203361405739
-0.495093260084784
-0.474507937217692
-0.312136327745515
-0.362194972421612
-0.532670067997988
-0.56879626891063
-0.351831130841782
-0.370307911747892
-0.367582546045244
-0.401978524434194
-0.599344112657633
-0.499162789140221
-0.552399950866027
-0.306197140791655
-0.54542440322923
-0.368994837228967
-0.348299186017766
-0.323188191599082
-0.303621729742724
-0.648313097122884
-0.385056989133792
-0.527850601523555
-0.648131694342501
-0.321774100168084
-0.54653999998601
-0.445190861513232
-0.414052420483577
-0.394141004699146
-0.404547750423812
-0.453340371519224
-0.399041770700279
-0.312208118472353
-0.321245970726216
-0.5479652668775
-0.435235995755652
-0.502629520817125
-0.488095443890885
-0.410321966452252
-0.362124154716766
-0.294104625194648
-0.440997152264867
-0.309416335165892
-0.449170382477409
-0.394095533027822
-0.357129838621628
-0.4387941785331
-0.311629107788616
-0.462493736517908
-0.233067471249678
-0.236177706999424
-0.307206449709582
-0.481447421801065
-0.340487837599766
-0.439036384056964
-0.424040305589951
-0.352141151942912
-0.481334696906287
-0.334782369630468
-0.225452192241405
-0.318331082184719
-0.407242704183775
-0.319294705712626
-0.342624773264729
-0.34942380607078
-0.308963466711346
-0.141008617620053
-0.403383229295401
-0.29515424626069
-0.310250475069036
-0.400715431278942
-0.533259890949323
-0.363871237847037
-0.427942245535256
-0.165001103241056
-0.326054310634688
-0.355284076137617
-0.199664101401917
-0.127079437471245
-0.331304397931368
-0.15506143892099
-0.39504837372686
-0.295994141236301
-0.274095573669298
-0.39108529367171
-0.0881209019997475
-0.211103289514744
-0.337553796803811
-0.336987738186401
-0.310414065169949
-0.371289692837235
-0.302333713567402
-0.337570931741403
-0.274882585565079
-0.422663505280589
0.0155378832615439
-0.408624765726465
-0.218252896536438
-0.312881230955442
-0.286418223959985
-0.10084503673662
-0.33922963050564
-0.309980210425047
-0.280976332342936
-0.123410598970037
-0.207768973293419
-0.151310608858977
-0.18938416159598
-0.200601817747097
-0.202231946801666
-0.244716103069955
-0.236357493919206
-0.440802663861367
-0.23255730120772
-0.291509692263477
-0.201229993277485
-0.0811777128670771
-0.313967223373563
-0.187186655279818
-0.344310567225101
-0.250161110915006
-0.272926743305199
-0.299265756618074
-0.263834041492194
-0.074165124547817
-0.0977957149904345
-0.187817943456143
-0.255993454037494
-0.161093824925971
-0.256817004337964
-0.322038030472122
-0.211910432648747
-0.278527397901805
-0.180779909129582
-0.296199362358143
-0.125556561635679
-0.347288222824241
-0.183442761010915
-0.207447813793472
-0.291903456375016
-0.151860070346706
-0.206846021386293
-0.125825550898102
-0.168538871352191
-0.0880267484940195
-0.024664148747253
-0.165318784742408
-0.120442182211524
-0.00424519588784194
-0.219627414445559
-0.223427766210395
-0.189696111160656
-0.196271014067989
-0.0839894195115651
-0.239374905368594
-0.148252444725584
-0.0791313577624736
-0.253085978967775
-0.189913646906336
-0.0788600181506927
-0.0554144498913055
-0.125455783308109
-0.141235306054358
-0.12993337854664
-0.182428110485814
-0.281353052259729
-0.0901139650454506
-0.0857980050795022
-0.169951980446419
-0.221186974673138
0.0303335637445191
-0.180625112265486
-0.174155020559144
-0.0973820432841225
-0.0796727294848112
-0.0241421817664723
-0.00422689255256762
-0.141253426127978
-0.167957434468723
0.185533949195217
0.00221772937686483
-0.0658418154512368
-0.269474455862962
-0.202864379885423
-0.247029197847267
-0.133451106805568
-0.169290714573163
-0.0777036170415181
-0.127771286068992
-0.0569964512102264
-0.0895405597598909
-0.122391253782514
-0.117199268053711
-0.0601949916828185
-0.0254970945625556
-0.140311814011764
-0.143412951258026
-0.129852613726882
-0.0194016100732351
-0.0153798392648279
-0.0996340949083358
0.00039763520634363
-0.116115600796736
-0.0325826462032542
-0.0848452973350248
-0.162218431283908
0.0673511824729245
-0.0634256948940026
-0.123438275705141
-0.0433801057978237
-0.0310789472743125
0.0318566877089205
-0.137809830741197
0.0820484562133139
0.151659757645395
-0.110794404215038
0.105530000737768
-0.0575514162085052
-0.0301697568889759
-0.0931548124927541
-0.00136665906658586
-0.0335693720312686
-0.136237332915539
-0.0151577796183366
-0.0707139656955426
-0.0463138008958202
-0.0146190293078401
0.105187749346685
0.0782978225343195
0.0119802526283109
-0.0883825576077502
-0.0324955778444481
-0.0996642280665777
0.0322867948270698
0.110458745420306
-0.0154253853889627
-0.0123410114465207
-0.114967542835411
0.191060070107173
-0.0915024992620978
-0.184487188875333
0.0919707165250776
0.0174648064093218
0.0530560114276885
0.0898384003593466
0.0438208190168819
-0.000571470258024059
0.041468160858949
0.0395941125605584
0.0686971014399303
0.119686786635615
0.0912742612581663
0.0281335062964976
0.0703069505544482
0.060695721012862
-0.113999819574238
0.188569545636201
0.0789291768311352
0.0263508919844042
0.147107526862891
0.104557059884621
0.0578501050579229
0.0119132579278991
0.121142994822189
0.122058070879678
0.118708576950552
0.0829955905775066
0.187648989520408
0.0288241807640867
0.0639383702523223
0.0151295815375527
0.141553686683453
0.147548237618071
0.109693983181932
0.247536827740781
0.122150564985192
0.0148668501559658
0.0804150146834975
0.148331576738343
0.0810767248691485
0.0551579829960714
0.0296551603122183
0.0579821186312851
0.132593752460884
0.00119943783204788
0.0853815228131397
0.0060014230560762
0.189170810614998
-0.0521043565697766
0.175309346225845
0.169745670388877
0.116691213171599
0.267910396815899
0.297414372894888
0.219370491282635
0.161099800624598
0.132254969342779
0.054563350332757
0.195869264651217
0.0788932174728804
0.0458952124485881
0.196560281774935
0.0272900928021899
0.187948948171285
0.128027886247989
0.0640427585627993
0.123579627975152
0.173972074933939
0.06748223416424
0.258400617585753
0.275456367781601
0.130921141554574
0.116230134218119
0.10972731631028
0.0865841977101357
0.21099413088134
0.16755323557154
0.158649371472428
0.247597696905704
0.0548769621082289
0.331814042340455
0.243979257541114
0.14498118338279
0.202548068403815
0.111397241751775
0.20017061678995
0.268296922600337
0.0379997109917082
0.232874517769229
0.191424762212047
0.0401049382522122
0.181965661297999
0.121474473857527
0.222758790759679
0.16430465118925
0.283390386846448
0.264803823843527
0.13165055677389
0.396849466357417
0.296440672676086
0.0829508626295086
0.167168732200699
0.100736570177771
0.235505381765394
0.290141600947801
0.243021371762188
0.311787274302275
0.322851441803619
0.240894184647565
0.290483210874374
0.334079355108386
0.264342857191353
0.14891696144658
0.170342729478799
0.244193598574203
0.187357921243255
0.328317028027681
0.281118839307835
0.333385743691977
0.264377731128655
0.260184311372607
0.276521765859822
0.323070920395614
0.297633255290866
0.325249798100507
0.297636728493601
0.304316906887066
0.288104221278072
0.247200362546619
0.335916711671163
0.316834623980593
0.268538455954174
0.173270700600688
0.265130957065939
0.333768985808468
0.387037656968627
0.438283078867958
0.280727194445733
0.255364366644684
0.309486958495455
0.360845774719019
0.324285794888007
0.154136647644051
0.337285165624382
0.175718713212841
0.256687372191258
0.276350344199522
0.260243645883848
0.393296931436688
0.38337288469853
0.466254041791198
0.210974173440534
0.331031275958579
0.284578650491066
0.294824299705684
0.262986773454666
0.240020461036118
0.220495270418108
0.411091747288588
0.406973446576614
0.191828846198761
0.334276348033927
0.226501818034023
0.234732824906789
0.190661811698894
0.268414996429998
0.4102316298247
0.374334899381616
0.332765064494986
0.31977126654179
0.248363848577702
0.481031760149453
0.456317789177874
0.570779189701268
0.528007475972848
0.319865477046379
0.39342588315552
0.475995401417081
0.364003426748973
0.437103977663169
0.528785441162222
0.292643757853604
0.348038112700421
0.470170564539676
0.344283287311255
0.329356584582626
0.495738800787499
0.393184545031069
0.303042643518203
0.238606579023519
0.44144891799251
0.305649554376369
0.288410828754489
0.348639220801153
0.338437076047963
0.411003063269003
0.433049461138915
0.323822518774304
0.401332811928889
0.255929761658246
0.41339738545977
0.342577847798859
0.510810328098212
0.458958539872782
0.499060164708276
0.395692412813696
0.384348202171081
0.274883060496833
0.432307421779498
0.526952781695795
0.390553405613873
0.356692426457765
0.461214007011247
0.489000193121218
0.466030498908317
0.37769725861777
0.487051394600269
0.494681525015412
0.46812063213418
0.295332689481082
0.443649062246102
0.427782558695575
0.578212383770373
0.556447349538636
0.391334649191107
0.408735066988777
0.480823121606264
0.450418559835836
0.46146820659076
0.363696737950778
0.446962649140828
0.469584311392234
0.606123131723879
0.520031246416471
0.592498295852367
0.420663721821371
0.563793349961689
0.517570724282498
0.52274305215466
0.492846710424237
0.615528987569067
0.553682410601555
0.507895115580229
0.374266886290262
0.35548864662051
0.481407586175662
0.408041624259291
0.569810188952542
0.432661834831856
0.603325320878189
0.519652798844454
0.484158073816983
0.698510950135421
0.642124475996626
0.638167461516951
0.462902645934618
0.521786212647107
0.409262687550422
0.55073885879777
0.535318337058387
0.495638416801573
0.6222151909458
0.566577258237713
0.535999572397496
0.497747551832648
0.653583175007105
0.595912703312969
0.521059082694808
0.501407092320615
0.632137511359379
0.581138187120602
0.625159030107404
0.370551126004764
0.517941573737826
0.697266918768215
0.526785793062753
0.655772593046343
0.568282654149148
0.634866127451599
0.614689140894533
0.700990666375494
0.608117320687119
0.643699986421058
0.706678853892535
0.545652064603971
0.531875592179582
0.551373332050454
0.511619735383515
0.53478781132555
0.529472317695102
0.643067826048163
0.638795181267934
0.483285059432779
0.609802787800918
0.493980428634858
0.676928741030295
0.633216104011247
0.524037887086802
0.603217644220971
0.489094057268712
0.543594516083811
0.629531440238152
0.634585519492555
0.56153538595832
0.654872334386564
0.546885184446829
0.67388030835418
0.793574658367034
0.42668920621835
0.493595071106479
0.526495193691856
0.629099155951273
0.622791102460318
0.547589769953536
0.584834203343357
0.633154147512254
0.638132168102511
0.666662888284093
0.740791363726659
0.61268799427344
0.741578334536891
0.49804020257018
0.615954468449828
0.701166603126482
0.722625509226424
0.62642956948347
0.556078496888269
0.735970649037679
0.81492931842804
0.586235804047847
0.823559087181692
0.775223664768135
0.624572699207661
0.703952143235697
0.855524291088401
0.742076788439771
0.624781661348094
0.657084335007353
0.662705526276733
0.668947518748501
0.652902373917897
0.591094288497161
0.721286427769527
0.514431121957174
0.774328748991101
0.836254378028728
0.661107130281175
0.600171231661393
0.677798479069292
0.701757371140905
0.662054510348032
0.654727156956451
0.619951176563338
0.677061516527248
0.611824458420437
0.776165957269844
0.71703693116143
0.674277866477382
0.714037447167837
0.59667009976749
0.577767344427826
0.729139411061373
0.827483035910013
0.797639457328652
0.777335517996449
0.6426144384397
0.784118010379398
0.521941920875743
0.872987461123735
0.765711931329261
0.789256366254849
0.639280077253408
0.628087804153433
0.618643815959241
0.85256052485073
0.646354850901024
0.8764241165119
0.777444961801061
0.717884307387419
0.77370547940491
0.652944067311004
0.742222006356348
0.798431639977336
0.726854248243936
0.696633791162427
0.765695407122776
0.726167158263528
0.743072595563293
0.780337772048485
0.812560494812103
0.803986672186776
0.912062956917204
0.816845424857137
0.870414613533911
0.864877521193932
0.832989642628364
0.776529597017816
0.757654017339712
0.628568095485002
0.901650467456313
0.87054204581223
0.883411758077321
1.05680583248595
0.893883768347636
0.857119049252546
0.771728895418054
0.804890714112313
0.917727603512858
0.737158979256014
0.781941473235349
0.888634944577169
0.979905904133941
0.847561761912575
0.824069040400689
0.76596834508128
0.85449671980236
0.885088390023774
0.860933325812233
0.881685924826199
0.718969896689646
0.739388556873981
0.882707893812707
0.885442878761659
0.954180258074306
0.833947168080754
0.940556619589021
0.862137478022883
0.902464410244523
0.7942666849346
0.993192914488886
0.856317366049988
1.04827201495237
0.758396139568689
0.814536122835188
1.03064926715741
0.844590652527178
0.983513603226022
0.91939416985571
0.858108246228842
0.786310562855484
0.952637830502217
1.0552799915582
0.794320557132639
0.93580581330613
0.874299319712182
0.833343684883462
0.967806137549133
0.975178049806952
0.923949954303147
0.880216120895733
0.882033472464787
0.98850350417396
0.854851603239889
0.822503233468792
0.924647202519912
0.929996920762125
0.842287516240364
0.936554794911185
1.03215453992756
0.943719674069734
1.03662048368981
0.892394301842956
0.841408349466428
0.856462940854554
1.02995427569659
0.98235816604487
0.823840775551231
0.944790107698336
0.939087718074181
0.901418626215381
0.919451793655879
0.929989344233986
0.916758333478725
1.0744959705532
1.06566201234967
0.885709698463106
0.993140113564564
1.02110104946751
0.913039277094102
1.09060676245962
1.0019114764354
1.07826899999722
0.978773057393282
1.04446340744421
1.02881972884366
0.915304942306363
0.943687787295423
1.03800924621335
1.01604596224105
0.958880058713911
1.05459068993941
0.963601953825418
0.912250480939376
