-1.05624458919026
-1.11066191155102
-1.00477999356514
-0.94839336419153
-1.02576144686034
-0.994351905322131
-1.08327063348539
-0.952230595841599
-1.16479461765471
-1.02471781946907
-0.955285034859412
-1.01762939332482
-1.00453461088936
-1.13064221843809
-1.12790060828498
-0.982956385204298
-1.04899905138613
-1.11462719328744
-0.853751880259071
-1.03404024140591
-1.00009754991143
-0.885713051318729
-0.922617593539059
-0.973205379123623
-0.903181557832165
-0.861234921906522
-1.00938733277627
-0.876659489973276
-0.943743324347224
-0.880713569431948
-0.921149047009194
-0.919970430872536
-1.01108066589559
-0.829466537889716
-0.880816062559484
-1.04243038304793
-1.03654491730409
-0.935302959593566
-0.897793695496357
-0.988126347603124
-1.04849167384437
-0.80285091349142
-0.98298029475317
-0.980264958532591
-0.934428500583854
-0.934396770964774
-0.996191807468417
-0.950967479174423
-0.843502074128537
-0.955060817691977
-0.913873554830519
-0.966706950870944
-0.874315434813607
-1.06582613768674
-0.88319227479507
-1.01724208553442
-0.930339631123124
-0.724792680675815
-0.795195920869355
-0.894596810890089
-0.883930896330454
-0.902805728015458
-0.729618502836345
-0.875764737722795
-0.933988015485376
-0.849675732308952
-0.928111782624888
-0.957914323011515
-0.973856543123197
-0.829948639485272
-0.768581320146075
-0.865753801454359
-0.813088617478909
-0.828357971984255
-0.964358344288658
-0.835260006102862
-0.88447650956368
-0.640704995721828
-0.828191611470295
-0.749811155631821
-0.708376860360799
-0.743255500059807
-0.848832296044985
-0.889093700222627
-0.985181092340728
-0.814989543289483
-0.795199524269418
-0.886475490299476
-0.785874929977749
-0.877669277527798
-0.792389747055571
-0.862080447673999
-0.936623740702533
-0.807037319905991
-0.806414725552754
-0.707295054491308
-0.716912148363535
-0.734691799494949
-0.734448247658315
-0.715930491820572
-0.8646811834306
-0.736532767254976
-0.63467979300348
-0.870980062466412
-0.820310825940634
-0.806411203306855
-0.861220043055767
-0.805485617630317
-0.784349545434667
-0.694549232644224
-0.681781188307525
-0.811090721960982
-0.720088097586856
-0.864017449074577
-0.695463122755246
-0.895008465426554
-0.757762813719733
-0.907754194430015
-0.674836029477906
-0.903140655650589
-0.711211203108333
-0.802234388821454
-0.828385281491107
-0.957064063637236
-0.756151161982706
-0.833048261566425
-0.751418673967236
-0.635796221356757
-0.710430242523612
-0.68164239189017
-0.688762412235712
-0.785402970297377
-0.802358906593068
-0.890420989282077
-0.89530277089052
-0.782030724466771
-0.635194648219916
-0.623867278948569
-0.747199212499792
-0.67994570388073
-0.795487727486093
-0.455231918659
-0.677185758611686
-0.741976226139086
-0.639860533115136
-0.520117227981503
-0.882751100578475
-0.5614698153156
-0.696238430984495
-0.622285175636321
-0.809468080421927
-0.680522401165079
-0.80730218226825
-0.702579896002141
-0.603904555212461
-0.646132306228642
-0.593619084804622
-0.631933961221742
-0.614454859528184
-0.715316962121944
-0.616587949805882
-0.714297039461265
-0.604951399056551
-0.528371435689869
-0.664044652920038
-0.616160091918455
-0.699235684965209
-0.606340203974551
-0.598960394631635
-0.689087389137105
-0.75768420552952
-0.60174009348158
-0.63120988884383
-0.655473413047311
-0.57882043842253
-0.521619713025369
-0.554863241960464
-0.603180003597213
-0.647837391257844
-0.674887790061279
-0.733337363108289
-0.692737556840114
-0.441325933393714
-0.598278470571633
-0.61615212603788
-0.700243610641722
-0.60830236868519
-0.582826144948417
-0.711540193332284
-0.602068927137478
-0.698335219643313
-0.625590904309846
-0.731294097302556
-0.693780778435949
-0.518692541714106
-0.638977313884012
-0.627153064796801
-0.671615977779357
-0.714488936870336
-0.510858215622718
-0.663605672680085
-0.609826893232718
-0.629327320412884
-0.62058958506815
-0.583632310811898
-0.527226112682568
-0.643686121184289
-0.599632916274067
-0.64018064909978
-0.50073357642877
-0.49045949879249
-0.483898853138186
-0.570085343278088
-0.498892243298731
-0.512949434643501
-0.54105375973745
-0.477429493932709
-0.509012328553552
-0.597202597937713
-0.594653519177983
-0.541301430013671
-0.597413239515174
-0.60557953318725
-0.53375555033169
-0.420961741370059
-0.565686513626854
-0.481849951690013
-0.583966731216035
-0.529664012166551
-0.474268826138109
-0.419543695768767
-0.582990652932857
-0.492851637146572
-0.514540974534206
-0.546558441808269
-0.47872292432835
-0.543935072669769
-0.52426922755758
-0.592937364218479
-0.526617985090585
-0.56856701839358
-0.563733800019529
-0.471708170949756
-0.633606959196249
-0.544293054409028
-0.525288069688167
-0.506054087565269
-0.551303084789247
-0.476225923208476
-0.522826126625972
-0.511739618386267
-0.6045667778073
-0.392624111988917
-0.61821113496965
-0.479124841889005
-0.554791933081614
-0.514388788241352
-0.53594818345081
-0.461589738716926
-0.501067464049446
-0.622962566140863
-0.621126572319246
-0.351544701255109
-0.55956622504936
-0.39013759982133
-0.491282970260925
-0.437397181124059
-0.526566933457331
-0.409842286119504
-0.387963965257862
-0.3212572200442
-0.427610619699469
-0.563107067628234
-0.456199447773381
-0.407613318418315
-0.340898613527771
-0.472069222197113
-0.497315885209751
-0.509599060657174
-0.436744693367055
-0.467284392456546
-0.528138338266932
-0.331963194427046
-0.434329387684676
-0.445314908439437
-0.385261626567752
-0.370903126437275
-0.313526450224136
-0.34538546498607
-0.336140905998468
-0.431339107574645
-0.25459702188918
-0.311935769802974
-0.527086902099215
-0.374880189519898
-0.388175098259479
-0.451398586358721
-0.224341832973073
-0.446623877572105
-0.415328445897907
-0.437184978638683
-0.375522855169223
-0.360996373091122
-0.483346381208321
-0.316435414320715
-0.392064039425645
-0.383657694013679
-0.469907108994251
-0.475079799757062
-0.355231125679054
-0.416767162756228
-0.297430355644601
-0.290614430225638
-0.414513948775602
-0.343790517053874
-0.320565327572324
-0.431843899577207
-0.183585827812227
-0.424099555723272
-0.26025074877489
-0.370795788469533
-0.414114544005918
-0.408669016358048
-0.386809654513857
-0.382632164618515
-0.446348977442271
-0.145462391194319
-0.334851438917002
-0.339209062764324
-0.164402863448036
-0.345160029317243
-0.267461747923784
-0.376955803129365
-0.326635172029297
-0.338584575371655
-0.451663857284627
-0.357028093049088
-0.401045962062876
-0.407511760647635
-0.217553947246671
-0.308533111270129
-0.371276098039292
-0.253960870217516
-0.437212569501045
-0.369112894008359
-0.25860925576387
-0.354546592057066
-0.472776205219045
-0.423617835819506
-0.205613567752825
-0.310076550949714
-0.298049983282146
-0.196997019024738
-0.291996133385994
-0.220691377806568
-0.271518224140442
-0.31884851433067
-0.2801772201562
-0.439167578412575
-0.216018062357266
-0.396602072417062
-0.400218601859474
-0.283687473056655
-0.274383400470348
-0.179409987140043
-0.405374355498458
-0.26750098830618
-0.325821432665996
-0.173564821393962
-0.200767895175143
-0.239813943975695
-0.313091965563531
-0.278671748059081
-0.415599499771425
-0.251291445082747
-0.210703837056301
-0.310008414341363
-0.277670705657443
-0.336092209048897
-0.374409013217787
-0.286784564469006
-0.236968214622453
-0.364451545120088
-0.249750010473001
-0.362566308701498
-0.328548175492893
-0.376594268909362
-0.174276450911645
-0.211604638669082
-0.218759482770552
-0.181011180449587
-0.168670113320318
-0.270480561920219
-0.0586174218956405
-0.36925331288337
-0.245353911606005
-0.20695586819679
-0.136523861569842
-0.287623922214555
-0.306967789777987
-0.244454253058562
-0.116217769710279
-0.204192787216764
-0.284361021299788
-0.338554417422977
-0.0436741568222308
-0.0623270977600736
-0.358868033676852
-0.221470983352555
-0.237965652499716
-0.264490070790278
-0.0310305946906416
-0.173035769805824
-0.258386047638078
-0.216671369810126
-0.159363516581131
-0.22422090291269
-0.160129323394878
-0.0659274219318731
-0.153213881492715
-0.103293342860128
-0.19311125079485
-0.141186377780147
-0.213931601755667
-0.207665360943
-0.046622406239518
-0.0870305783102554
-0.182216957579558
-0.0802683284901616
-0.0228278611404346
-0.0888682394597832
-0.0862313337463102
-0.263748491400459
-0.145970965573906
-0.0472742600483011
-0.0489160284220033
-0.0783311315596924
-0.06934604387434
0.0663322981089843
0.009947984516732
-0.232456450180765
-0.139890903099472
-0.0538200198466316
0.0840644616884366
-0.121964716449585
-0.0856411311342064
-0.162617744224361
-0.0500114621366826
-0.0627486434341066
-0.267679593559665
-0.123674488144849
-0.122824090217707
-0.137299858180708
-0.215515208430301
-0.0134594068822495
-0.105589012121319
-0.00676548492760842
-0.0279324763026588
-0.043217074747559
-0.104346448159337
-0.102103551335526
-0.0111714297657957
-0.0459096649555738
-0.0613107202077421
-0.181355784439708
-0.109087293570696
-0.0544730912840312
-0.150964972829935
-0.164689568330269
-0.154792435029917
-0.0874663881792989
0.177124727802602
0.098467928255891
-0.105614489214443
0.00813550452002126
-0.051105072456692
0.0639909981909958
0.103155873517009
-0.026625578028891
-0.0693404750604399
0.0344550286983435
0.0663214029802994
0.00219987187739027
0.00101809869805191
-0.0342633628686752
0.0116063493293897
0.0376883823074721
-0.0827654027406212
-0.0674667317196498
-0.00749478023559273
-0.02364513610341
0.0251780485730125
-0.14370199421559
0.106964542999063
-0.0196000576001534
0.0671705033821139
0.0102897029068688
0.0265779153628803
-0.0893008860645947
-0.0296647936611299
0.00704769966769942
0.132781561011179
0.0382954711215178
-0.0491729372445639
-0.109963631775393
0.211995416361194
-0.0233307365573498
-0.0278731528024443
0.095717149868176
0.134363928259195
-0.0413843099837614
-0.03162046321231
-0.0881714720433601
0.00410960399284313
0.138975014560038
0.0597624167549204
0.158574003235175
0.0723164889216915
-0.0171824035845865
0.216889083779868
0.103891888862157
-0.0460812891317596
-0.086678327999862
-0.0455986639537236
-0.0760986928187716
0.0564364371500535
0.113811428653932
0.189042203109906
0.139620637058362
0.0330398179440894
0.0655511403769996
0.0636834282682648
0.0319708881849175
0.125940044892225
0.347855893931754
0.112460089365649
0.0716689497101768
-0.0448611326599576
0.0583293974976667
0.0794362884212684
0.107195691800641
0.155835997397858
-0.0287711986161342
0.0849727030723212
0.192980955271722
0.0719457609441348
-0.00524715264781166
0.136613980032471
0.0366896751485681
0.097563947071764
0.0829891316793597
0.091538798928768
0.156710620282701
0.0710584256181032
0.0577299972014913
0.109601014627459
0.0278917211557208
0.124954401447039
0.148337119693431
0.146038030777551
0.224188912539721
-0.0419511923296488
0.0934556362690763
0.176091899623458
0.238610051942302
0.0323561742310063
0.0298201305619157
0.169259916751456
-0.0264269859799902
0.190123724876932
0.0278900193986167
0.252370461746331
0.164411188561141
0.140383747472736
0.110817940967975
0.10226521369753
0.264655402805258
0.0744411962655131
0.226082540729789
0.0156782837681657
0.250508716561163
0.228714080432053
0.115845290169175
0.0878823415866646
0.346791749703395
0.238171075194987
0.22849802513828
0.193029620583493
0.0925216303333224
0.0414277983686401
0.107442822487527
0.0196595476637792
0.283028726521523
0.287355764317771
-0.0388687020046816
0.259885802257377
0.307542740975713
0.239341408060672
0.237403016411122
0.195286518029333
0.14965821032497
0.174622156774501
0.282643507409882
0.105910845264009
0.322241770649457
0.297333856668803
0.185354489851072
0.235272189435002
0.224857577945335
0.266578640019107
0.270371932273999
0.0839607228011982
0.224254723044037
0.267514301747922
0.252206247762183
0.392636771663173
0.249498974918154
0.223017979372883
0.255358810771986
0.252631077420105
0.137905329684314
0.245901719629829
0.302242476884579
0.0478575573188574
0.197783071670685
0.264573263496887
0.373342007118806
0.152957739024613
0.358246715973679
0.354363793145223
0.272339896808716
0.142854327681033
0.278357531305715
0.252837630520798
0.333609771709942
0.191286151851017
0.389214304153237
0.426451731531246
0.281126381529621
0.257958876039401
0.265892158636417
0.219081218798598
0.417512637087028
0.447095307623215
0.327196282567821
0.183512082679433
0.142697728185888
0.446920654536886
0.309686511686923
0.218779789487418
0.324481811161155
0.253874605487976
0.412568851777348
0.271119844547126
0.290590664219127
0.263275980624449
0.238729633846277
0.390870441289987
0.3018037289412
0.461181587921098
0.321565789377321
0.358816496509008
0.358659675001193
0.381936949831678
0.303319609365846
0.23165134764654
0.395248412702503
0.332951756053588
0.434548886621237
0.322022737064896
0.445504517484585
0.34915320090392
0.293203148564024
0.3670773193072
0.487170012388614
0.457460762927635
0.398853731397459
0.389169889266226
0.35397119544361
0.31491217652072
0.170099007353621
0.428924606749006
0.194677055693945
0.205224000066199
0.411188926205065
0.426013449604329
0.403443548439495
0.352975070770154
0.345713842262109
0.350162294305201
0.358647979364717
0.359654309620203
0.333539839366797
0.345993299630008
0.389467807564781
0.342247689509288
0.298192586823578
0.361408736036205
0.451607888034782
0.351826695163316
0.425517224085304
0.309393055213284
0.361495264973651
0.317154184800703
0.234001811533982
0.568608034920123
0.467637143915724
0.327858592121768
0.422619533908482
0.523993373657202
0.447791883403304
0.473553462733478
0.348542996706108
0.351923057086646
0.41573726071006
0.355539273082802
0.303694507510533
0.394713314551217
0.280362692138356
0.427174803883469
0.506710907548222
0.474094257808865
0.479869925161565
0.485457645127793
0.532958285738792
0.44967084198415
0.49152222870122
0.424145760023475
0.630321977178492
0.356455718297599
0.540966313083275
0.423726327386896
0.415874262204077
0.53088371549385
0.414106796939292
0.555565228371877
0.4943280289024
0.317433177351897
0.362051173688245
0.4083002454141
0.387560689915536
0.590684936107135
0.613719268487456
0.683902319972219
0.457992381205514
0.46664577800852
0.608318904055205
0.506037763645447
0.433252807845048
0.472437272744134
0.462060646403002
0.548350386124078
0.499849163455916
0.657350601278294
0.369545373283757
0.603649411820365
0.578360676670377
0.450047537242365
0.647641284079044
0.584586210969845
0.583405106130802
0.660543041107957
0.520463542617915
0.441585932963431
0.462509879079596
0.609714220652463
0.483470181767745
0.499596444441192
0.63225500537313
0.560818382820492
0.532292526365497
0.578631776942413
0.485001262751617
0.72574569040789
0.719112048345167
0.387471577991532
0.451657534109158
0.5777928273679
0.569127365191142
0.483933577101034
0.375819733987695
0.462100018409824
0.542531402369006
0.598077560325949
0.602616911973434
0.437010617333899
0.680305146589549
0.636833824102917
0.585418021629408
0.572167725661327
0.697867771144104
0.424207055793078
0.364404959531575
0.545574100286965
0.526397273069356
0.531414702756877
0.478075518058961
0.428407147756947
0.577029185530091
0.55969276490421
0.859164981396178
0.659733404645611
0.555843546224673
0.617921194488974
0.716177609198067
0.64420216244344
0.686319303554359
0.647967337438521
0.593763180673757
0.580222076330473
0.563473102500345
0.673890987763742
0.515946328617527
0.706618509506633
0.681491098436682
0.669644251605776
0.752506336884365
0.589398752243569
0.698009047149312
0.630309855029835
0.684225251570903
0.603074037353242
0.740209255807635
0.836229720861096
0.815224153387548
0.633815869208739
0.595737719348496
0.666899198514173
0.807874279490185
0.645274727663202
0.725926628356103
0.713066143943072
0.658181926022418
0.552945933196037
0.603876806815941
0.633982208153699
0.570762288718377
0.79180598631896
0.585964480058046
0.627645264553421
0.480570787927067
0.614083219470776
0.645533688008431
0.526253881595563
0.670427339621789
0.652346808114852
0.736077221364569
0.613946134351722
0.745991608409637
0.660653787254087
0.550270760260639
0.614430065683961
0.746438472824202
0.794947759939502
0.812026219602
0.724567914409107
0.711275712178987
0.782926551273168
0.657291214220925
0.605378453377948
0.758030605061266
0.729458712018096
0.743758486726942
0.745051599882234
0.804362139545295
0.671431374668846
0.818677180036417
0.802938746706546
0.676093603682749
0.672634411838451
0.665254653934336
0.712227637720199
0.833908029577304
0.831529240168302
0.578033646485303
0.696099089002247
0.873275245728967
0.774494632218358
0.81332442324015
0.654201226368802
0.864538802391845
0.784090420847815
0.805317283293757
0.763973699159825
0.780008705516506
0.912522454036843
0.641810823922319
0.833815880913798
0.799293057992087
0.768019125752934
0.730491022786143
0.770070233107146
0.888386028254041
0.794450734874764
0.810743812260756
0.773005100193845
0.764309865841671
0.742820337685542
0.768124825362838
0.850681528890521
0.708594523901462
0.605419321751894
0.953254899296596
0.692018666863292
0.876937426115006
0.872692529382777
0.862526908395829
0.692177248983669
0.832619834406345
0.88434330061671
0.745650860439875
0.811922204735524
0.819637722637604
0.890434857336082
1.00584281073553
0.852704389767289
0.639487224693631
0.760453078932891
0.800200020671108
0.91221424409242
0.784023158819891
0.83166577699527
0.859256362490399
0.831368091451038
0.684442130861174
0.897579536944388
0.833111299509451
0.960335880106703
0.926715169892561
0.72948950045888
0.968463454067552
0.842831696149075
0.815555662758191
0.714563698415945
0.83696832297966
0.794606856300001
0.858996028969471
0.944146947651513
0.86735545478533
1.04256911512964
0.868342207723123
0.878733739417156
0.695680573209364
0.963298096542486
0.943448991597454
0.947134291634345
0.852490267525607
0.943299922700709
0.845377380046462
0.826574955102666
0.835001095335951
1.02559677474751
0.940878259221045
0.855112361068933
0.914764589234834
0.867736310946752
0.915459123927746
0.955955505068776
0.944926682440252
1.02350431078838
1.00503015614375
0.891855656074935
0.810578042598771
0.844879913402762
0.918427480581053
1.03640111342516
0.940473169407311
1.01703589444022
1.01542086412587
1.02270590527199
0.904721095975735
0.8444278794838
0.896404828633189
1.00073124612427
0.855911983697908
0.930266139801438
0.962639029682223
0.925016138331343
0.849222709294003
1.04787547091618
0.898961374092957
0.77682798863226
0.891938541017412
0.872049176005571
1.02044536332385
1.0217839015926
1.05215277970556
0.953954753607887
1.07741739677616
1.08285231407222
0.985234614172866
1.05850306432275
0.986862199785709
1.07594563103746
0.987645798154813
1.02061884216923
0.99124599977773
0.930461352404193
0.932506737552938
1.11669474492362
