-1.0242565192224
-0.900358714610322
-0.970701649525833
-0.928849642235016
-1.01983012848801
-1.08729978634737
-0.968711232247317
-0.808459806386857
-0.910728719743369
-0.956801792349051
-0.992201062352534
-1.05339218190769
-0.97587306195494
-1.05567024948124
-1.06604543615626
-0.981988882898531
-0.991299572549239
-1.17568205723446
-0.993791672686164
-0.986222362892358
-0.984831364544497
-0.950996640383112
-0.834737607078151
-0.942031600340501
-0.833735040412418
-0.956398198968023
-0.88557951156953
-1.05066243483059
-0.944620997502941
-0.780501897199077
-0.893722736658712
-0.86922915027533
-1.17670940613049
-0.859184988003037
-1.07755075994286
-1.0290986287295
-0.837394135101461
-1.09180843349998
-0.933544115953348
-0.790883990361323
-0.965799085099919
-0.873949960620962
-0.70538992326921
-0.759450192362724
-1.01798500676881
-0.836080444037673
-0.969906574261991
-0.998279199814271
-1.07834388573453
-0.774715673722267
-1.12231746788407
-0.970040479397501
-0.955415356445303
-0.712827113986956
-0.94367013198673
-0.790717815875605
-1.03044718152052
-0.996573304731585
-0.769499378406885
-0.925438904802688
-0.786679735634604
-0.985431729785778
-0.85191532752718
-0.835882851499883
-0.857737771799143
-0.815690578680998
-0.82630779018147
-0.945625988044915
-0.827289370320036
-0.820258062845584
-0.928167894237859
-0.821435843739328
-0.928871184714991
-0.693504368562115
-0.759981518617397
-0.730096778800594
-0.836978837111877
-0.773330880900844
-0.855443346715043
-0.821134107839321
-0.832836804504665
-0.77357374933906
-0.898144294124298
-0.763399719672116
-0.771063273361867
-0.673746728961631
-0.736354827170559
-1.00808101219998
-0.861488992857942
-1.02385296877263
-0.832466479079159
-0.776649205877415
-0.918149645184676
-0.790172801450193
-0.812254236197916
-0.698388512888042
-0.796587316930788
-0.900063142414689
-0.73673307624896
-0.803390490204594
-0.790632869197794
-0.830614166448609
-0.849048532478684
-0.822923599178463
-0.828210068022587
-0.845642370082083
-0.787324969276073
-0.976775647616226
-0.745917792109177
-0.756592768838232
-0.77580820296715
-0.794969624694836
-0.705097958848281
-0.821784839588218
-0.733514751545246
-0.671353098932025
-0.80267692018841
-0.617189956182327
-0.772627326639007
-0.664534501640048
-0.752791748209566
-0.834324272544559
-0.726260130007421
-0.863492155092308
-0.656064803957762
-0.653802281263325
-0.796598938438781
-0.777557077388563
-0.837621014368787
-0.674647783647884
-0.570936550193125
-0.76085907310564
-0.668687237247147
-0.85838461864211
-0.482936464972386
-0.754330958390153
-0.727773571960963
-0.791094282863133
-0.658588615015427
-0.654198823009174
-0.580404621007878
-0.585158508233824
-0.678266700831347
-0.647500709324465
-0.825616435124719
-0.782744285912411
-0.762157905819694
-0.715712642089733
-0.651816129604039
-0.850246695978424
-0.700888513830445
-0.742240920620483
-0.684552574246006
-0.783364720789331
-0.645637631445982
-0.617209885442279
-0.763149738794085
-0.607378913822389
-0.656978893071939
-0.697157344461377
-0.636691964433852
-0.663389021482608
-0.759920762631528
-0.710983108019637
-0.580055128860173
-0.599350480927598
-0.832573646820224
-0.533850241174014
-0.708333152954373
-0.624371301116458
-0.682198642754314
-0.690339371867496
-0.602720572516545
-0.650885444324219
-0.581038115237779
-0.676964844313954
-0.647061086800123
-0.481010210386915
-0.789440851662273
-0.650712728257033
-0.678286980994428
-0.581086672781881
-0.649844131900399
-0.540957488339569
-0.595458736312184
-0.574180417922628
-0.654239884759144
-0.526003445035779
-0.646138885687551
-0.561554130973398
-0.517749014621852
-0.705169781989067
-0.669177497831191
-0.61920951706863
-0.614241065339711
-0.726640493369884
-0.578892426669327
-0.622348618356516
-0.657954509078726
-0.697782543498472
-0.465504278139414
-0.546446858237485
-0.713700987176577
-0.621527445025729
-0.682031699180769
-0.646792340862925
-0.762867781696597
-0.650474293551856
-0.554169532400252
-0.514064078841306
-0.628053411657005
-0.547080594811391
-0.559073944504269
-0.524740667608877
-0.570876118482469
-0.536331757300997
-0.575019335947166
-0.610590938255658
-0.606734122342895
-0.674528794284766
-0.535194939877218
-0.57575745330287
-0.575112728918475
-0.600461226655728
-0.479132252471721
-0.453785928113096
-0.631679696897428
-0.550206091188707
-0.592895778328576
-0.508318610941776
-0.350445762295909
-0.513839465341721
-0.391041244976059
-0.60661908408782
-0.44871844496309
-0.660510314584091
-0.511508711005704
-0.499267194794826
-0.538988494168002
-0.588704407548333
-0.487836276645783
-0.555323562650782
-0.613587155051935
-0.60575809175844
-0.419743205028425
-0.448228183323619
-0.451527556960826
-0.56719483906342
-0.433169453576944
-0.470653982849945
-0.528150708696619
-0.508901427842238
-0.403211239476933
-0.585889205347159
-0.623059617638535
-0.532781874211004
-0.453683559977655
-0.433493093336106
-0.453865585269645
-0.357488214700142
-0.444652666522002
-0.617566064956866
-0.377738493240052
-0.585149670191081
-0.579597796089685
-0.462098071150075
-0.414050449365357
-0.273056565509467
-0.345919080533452
-0.272588656923641
-0.395394391842467
-0.433507866710517
-0.496101556780024
-0.558828685582434
-0.401768260849182
-0.504773596517726
-0.52675048662426
-0.433079661007514
-0.42712904322585
-0.46327154687994
-0.487194046568001
-0.381694446268773
-0.51963971462589
-0.274748850586437
-0.38144752329167
-0.387894806983151
-0.44027497773743
-0.454903093360316
-0.495250636710068
-0.337086530134091
-0.409919068827342
-0.464425345015337
-0.493529754192832
-0.40945806282929
-0.508107785978828
-0.306306528397197
-0.42441470988561
-0.450950412814525
-0.597186561959133
-0.424748483809941
-0.434199708359626
-0.407717830286269
-0.265099165332182
-0.315332765244286
-0.362221060667749
-0.346417617048886
-0.297570921498249
-0.278711246888367
-0.345751749574389
-0.338263733402432
-0.496399802301701
-0.455709757231118
-0.139075074852226
-0.521186244249498
-0.344517348848661
-0.377864501196428
-0.407316079914345
-0.43187367318973
-0.438500651234711
-0.365318404343602
-0.364684245811228
-0.321442362791187
-0.259220298970801
-0.348054508382491
-0.357582384196072
-0.295444754594873
-0.111946300006638
-0.289726902966576
-0.341478394957209
-0.179762989298979
-0.492673161974001
-0.407991458113799
-0.311841840746506
-0.275726571119305
-0.289498179165351
-0.225803651072566
-0.430501235386052
-0.30265012280521
-0.316809892630657
-0.369877396673213
-0.30261341069376
-0.201335082680133
-0.259679074993557
-0.463980116255337
-0.217310132372576
-0.184213036848304
-0.205945825529897
-0.213118758883924
-0.335589069476334
-0.281621211916268
-0.220948530948512
-0.370513397627018
-0.218614897654553
-0.33549581257164
-0.320078213860146
-0.280716562168717
-0.234711274139273
-0.301062932371021
-0.238173040150399
-0.33013270648485
-0.387586032712421
-0.339111459677685
-0.341532694723391
-0.197970654404712
-0.196356956529231
-0.199618502251936
-0.333533934373099
-0.276643613200587
-0.235985507605021
-0.156291825478879
-0.3128627607346
-0.237467457528644
-0.440909305207391
-0.195045620649709
-0.315831792184644
-0.288264508662283
-0.186585934402895
-0.286579624566257
-0.200078117326646
-0.245268801513944
-0.359800271147563
-0.266638740489201
-0.253746950632533
-0.348418910390545
-0.271741879496968
-0.265546735105241
-0.382557602348343
-0.210770593867204
-0.0863590221872607
-0.216552211144079
-0.167107924022959
-0.289650201167683
-0.078114537653187
-0.150068691758769
-0.282627898573778
-0.315118975556512
-0.124194228313699
-0.217127787769535
-0.352103212819796
-0.154702473746789
-0.191459317801442
-0.223725355485863
-0.220783685907398
-0.257271584405434
-0.298634604779722
-0.117410277806096
-0.0759622536182182
-0.321769773278331
-0.105579579525221
-0.150001285465657
-0.146360827285243
-0.244127754947039
-0.172482988832356
-0.227134807586912
-0.246244489549248
-0.0630183355097738
-0.231198279526691
-0.318206987683527
-0.197736726239109
-0.151706613406264
-0.0401028075598546
-0.226602088274595
-0.177732498711307
-0.20887483655372
-0.263961058974141
-0.189225059703686
-0.224465068632622
-0.196543028813703
-0.144541027696105
-0.0566938637725189
-0.133386972509539
-0.137413870959493
-0.220922487291819
-0.104876468514067
-0.0521620385445015
-0.128931185127629
-0.120003015387305
-0.372142372280713
-0.0775964416228213
-0.195364112057185
-0.0595731090375806
-0.154566863416211
0.0259518786773458
-0.103711301395055
-0.0618305539585885
-0.147650042230791
-0.114278105044218
-0.145084835873243
-0.0988807311502584
-0.049208512783401
-0.254876830844907
-0.146459618941947
0.056968303392622
-0.0559408565351848
-0.0391712093215939
-0.103377621373936
-0.0996107641994623
-0.0532159026196072
0.036699925489301
-0.0150393787622524
-0.0628112297497929
-0.108425202251354
-0.0529404242864425
0.00373731059735805
-0.0911674331793414
-0.12068101216142
0.0884386108326786
-0.175265634450293
-0.00643167373416571
-0.00210030261211942
-0.0921191134914022
-0.158342990551855
0.0315327593738015
0.0516721606415337
-0.066276381288283
-0.169997473048063
-0.289378332288528
-0.0792465242324335
0.0555401958743248
-0.00482392880471144
-0.0124439478533906
0.0126195278881576
-0.111443796842374
-0.0856554504353312
0.0378732929619372
-0.129363566128295
-0.124999339474784
0.0817185122814299
-0.25049944655119
0.0720776847906164
0.0266059316433481
0.121672246651359
-0.107782416672816
-0.0500384453351407
-0.0681150988457543
0.0846316639989348
0.011147737480302
0.0339621992880669
-0.218800923158364
-0.116152616003821
-0.0296461344765951
-0.107532167911114
0.0293453587822706
0.0193886919008799
0.0623294490886704
0.0668934444856334
0.0111924647111317
0.0905736287416494
-0.166083444454997
0.0165248538786038
-0.148120930214945
0.0647987815919406
-0.062254807790064
0.082482515811301
0.0452715281335656
-0.0350821332206279
-0.0797720637522959
0.0925083722635756
0.0351732162503885
-0.0437382368208077
0.0298977260111119
0.166389395382709
-0.0733390724590836
0.0883323848818556
-0.0233328015899115
0.0864716539887477
-0.0706224450170364
-0.107335897873595
0.0675761053941079
0.0982133425289918
-0.0289445788676267
-0.0656187952510534
0.16810372462617
-0.0055276728579187
0.0745377247789727
0.033149874040343
0.257460447898417
0.0702118949618868
0.0345064929314465
0.0433560426569947
0.172291288837642
0.0176062444701322
0.0664091216122813
-0.0241553482704695
0.0176767664773194
0.0490609327408337
0.0795701194810434
0.0817140675669567
0.0941043229851553
0.209212390641558
0.0903394146947507
-0.00853564963950435
-0.0918987218856332
0.029651040644412
0.150947974148397
0.0892244467045717
-0.0394610247846177
0.163769604081058
0.188791455403736
0.0688442713495803
0.101511518542699
0.0810203185201333
0.17691993530812
0.272951853576804
-0.02845278035067
0.238280676833641
0.184374637026548
-0.113013800643072
0.138273255047239
0.13079193014571
0.0932207526461988
0.147695667618724
0.195733138518882
0.0560430933191188
0.0266850161331787
0.0950591706619388
0.328281881005834
0.269706170802339
0.160120929581063
0.184621331387523
-0.0406091563576395
0.265676926560166
0.215148619211494
0.0838399984118294
0.0826194140506829
0.0820177369415054
0.171071337458956
0.212990742555635
0.210467419528658
0.0633772061866085
0.119763917075427
0.279296112464873
0.135091760313262
0.250324865878576
0.0652481039296895
0.1982435333351
0.285502835608794
0.231154985679075
0.167564087254698
0.291513102076702
0.125965372960768
0.331643055152645
0.156397513329862
0.319576621923108
0.197590075178762
0.024748461386843
0.166515945845406
0.275637302030838
0.290060389338317
0.358363090570529
0.194037820142747
0.205380345901092
0.359336511017121
0.310100578944483
0.309146370471341
0.165688359265135
0.101555893921451
0.284143763563836
0.260222131318317
0.0500679712599521
0.239860306195891
0.260314491768918
0.181761302083932
0.289015993505434
0.214993247202154
0.262126702201099
0.122737038084556
0.267979589394517
0.198485462745834
0.394651646437386
0.411616066694183
0.245126656155815
0.101102967297242
0.264343199139956
0.249873016639843
0.330372683425775
0.122417841703811
0.445086411614859
0.281776051498324
0.227771226426085
0.148462743203134
0.309746803346658
0.282176053092198
0.29133438689912
0.153208988084281
0.239670347347412
0.267879140704134
0.36757278075402
0.242614751175684
0.31058126076312
0.407129187204963
0.265938442558368
0.405036676058614
0.432685247321562
0.361319521249731
0.37434845204542
0.312814776252748
0.344932006505868
0.406924147782739
0.251833294380115
0.305259946561417
0.299287999714729
0.374839652899143
0.382294559359719
0.533451858477319
0.428880226783903
0.342276443007894
0.316958237032289
0.28063495844662
0.45899272580682
0.302433680850338
0.413343867087491
0.315023402265855
0.439672455618586
0.218362259968849
0.397564306562265
0.218915660816509
0.257970230936143
0.256981697806263
0.292921535279798
0.448459460862079
0.246371077059916
0.349394474587377
0.280224540328909
0.341945551590749
0.483180134454008
0.445635910034215
0.330111232609698
0.394019202946745
0.427301322276668
0.292329043871663
0.3888757554442
0.327948534408425
0.294433061305416
0.41103958717576
0.437502524393924
0.352726191670511
0.482766794546543
0.484717454532895
0.264325974703401
0.41689311782881
0.52639143218861
0.454518900228564
0.394750221968068
0.340619521576105
0.393710111178023
0.372056524827853
0.400276063994619
0.255684037439923
0.426997225365273
0.560396885463067
0.360269631603547
0.465756967069117
0.585337718386499
0.50862042437586
0.464709716136483
0.367460215354028
0.550481587352078
0.343878788033833
0.416994494395881
0.500428543930926
0.331164368570404
0.478633117019603
0.366432789945888
0.466550637054634
0.355981458486492
0.557801194111495
0.527231870303301
0.370171136169902
0.428680646556647
0.497911463956917
0.454240176518043
0.489186222973149
0.549462977019593
0.368917813630147
0.448063742414282
0.465061619382832
0.603249287535193
0.276972005539331
0.455611343041748
0.416767280508211
0.657395033905084
0.640791387956052
0.418035256334215
0.713866027567757
0.482590170833757
0.546049414711289
0.588461171289269
0.421212954090051
0.479639463226742
0.445711127007224
0.475667279586132
0.491736019647496
0.487453012072155
0.518705694742926
0.415438570448266
0.540691551361519
0.55593742097405
0.379856513921745
0.535049235698507
0.570827379242571
0.509291587353587
0.559043632817428
0.490999802822647
0.489643173859461
0.48870495816179
0.620112685569681
0.562223145293986
0.617900222959226
0.483035358589186
0.426211043146987
0.527516840093383
0.534431496092843
0.526612171506207
0.527503353817226
0.552637492306751
0.502343627037138
0.5114164434701
0.587216002236592
0.591160764728951
0.526068231285727
0.487799801652573
0.567503215353718
0.437470714914659
0.575657958386251
0.471311010196203
0.538661674344545
0.70526072577677
0.5259246688427
0.620662978323601
0.545887969883973
0.541398968252728
0.595579160751369
0.670740980050562
0.505882650941496
0.503768332320503
0.575187230585618
0.628696148379729
0.507046430955261
0.597890606370276
0.512001085543835
0.665614550080727
0.566566416496313
0.586759240381961
0.597798869123974
0.722382901315487
0.592142675976562
0.530411410750841
0.476399568834313
0.711003821203538
0.639286096888028
0.580176496125418
0.685406859946212
0.782689797570867
0.67570841387472
0.600590173605541
0.666300508093948
0.668420075244154
0.510264894916832
0.583391039227592
0.619209307660824
0.716007492557272
0.576016491874976
0.702781290627039
0.648614094842905
0.501774481704136
0.744304667800495
0.703141810345739
0.719522603434517
0.711261706282296
0.562264599380167
0.582071062264417
0.643528444391876
0.808436524697713
0.571099337183265
0.629913624029699
0.677712765283761
0.857911920352649
0.631155400270609
0.68305269733871
0.719258718094765
0.75557189385292
0.624441159704995
0.794055374380249
0.658499377899053
0.833004366871579
0.660465275851204
0.809033827567476
0.680260704258869
0.583456217154349
0.711263761044695
0.669877612935455
0.811520966531001
0.682932320011732
0.7538093887346
0.981985802440319
0.802156446442842
0.58498255139237
0.686753259383038
0.785502584732938
0.644346847888459
0.615339434436482
0.657890083856718
0.879933751547056
0.745317987078073
0.705465891977356
0.6381890751638
0.834706611414064
0.738415753277521
0.693973785359966
0.706889633659166
0.781878116987092
0.706508152538472
0.717561512633946
0.791364580794303
0.644895314081934
0.830003013637943
0.763218881754476
0.964769990491791
0.703750036067855
0.631170985711423
0.811137934159777
0.764916526137579
0.677256109604119
0.847961131347814
0.882902897123602
0.772529740599574
0.564859306244765
0.864348292254261
0.728559517575905
0.760907278760401
0.72597915829134
0.877246616764347
0.730476548503009
0.833102336675216
0.834102861516365
0.733482892488221
0.851934524889324
0.634887273753501
0.902193308823401
0.871169875707872
0.730361404235078
0.727786265913595
0.804702171708324
0.746457560797242
0.667525120363629
0.804538662349802
0.856555471349526
0.81005232376468
0.843485579666458
0.849386221356999
0.850741137386826
0.854652206583868
0.868828685547676
0.839917539315296
0.685328866645127
0.814054181646382
0.874636984271203
0.890047094646495
0.809809551999546
0.89586748581612
0.97034427991311
0.784716033606386
0.830054864840455
0.887623245293568
1.0073918075723
0.77987179349495
0.819475749640348
0.803673366286957
0.825270560741824
0.84858567315568
0.737250175642477
0.831982720147879
0.87096049543298
0.808545268686992
0.699591665617026
0.767196101175826
0.799407300591004
0.820195299288992
0.794369819677275
1.02068036344488
1.02426858527212
0.92435914722212
0.850517456374031
0.779327406686755
1.02006577099689
0.768494604435804
1.0122529251876
0.933925358967136
0.753867881984741
0.949531058032836
0.87008517604909
0.822923635539649
1.12227746021315
0.736171553760721
0.881797711039097
0.892647321500838
0.917357252050467
0.923327555656195
0.879121617029354
0.964172475352063
1.00503197755727
0.914084360566516
0.790799595770061
0.953118039054732
0.818896976584638
0.765884246695672
0.963903649873929
0.876268796327746
1.04870634067867
1.01623991651752
1.06211325704053
0.970428715617118
0.81680447259387
0.911431339396441
0.930803056120515
1.07181134871972
0.777503803010209
0.912837099836866
0.937365073574482
0.923127899322688
0.867591930166109
0.887792880928847
1.06913639593991
0.979580828444637
0.934077143079391
1.01265730844781
0.998702425447253
0.865219747617037
0.960089136764341
1.03028702249907
0.918693056088616
0.980404492117171
0.920529570713108
1.04457015507274
1.06090953946291
1.05080452917356
0.966387054394506
0.961140445927208
1.21587091652632
