-0.965381376442178
-1.02412052911557
-1.13246826518849
-1.09233909879741
-1.04071854820447
-1.01404763765633
-0.929780628632884
-0.901600979325674
-1.06025004106085
-0.953156570218629
-0.957992012323006
-1.11554504540797
-0.919970209492456
-0.850928255430555
-0.813589621191538
-1.03272746767166
-1.08140038913619
-0.899950158826755
-1.00020801411957
-0.798044317424949
-0.840201592802214
-0.884664051162113
-0.966495033630255
-0.983435594253348
-0.838179759259901
-1.10514557898565
-0.992202630245338
-1.10815666026643
-0.945799666860169
-1.02525906143055
-0.92160200956376
-0.884124231349102
-0.949170891484883
-1.00416394486076
-0.898193780887649
-0.989437660236994
-0.892945777667905
-1.06112546971306
-0.879773114796569
-0.90910535412581
-0.9586753941865
-1.07454055441306
-0.970082084191235
-0.966271274591918
-0.889472591853357
-0.9379469690352
-0.882636400249515
-0.680520687193661
-0.863378921238672
-0.961790360884921
-0.993766988973895
-0.881272920045105
-0.822145385823604
-0.814658589569909
-0.93397127699125
-0.920026694752634
-0.836616083142805
-0.899458653841199
-0.888036395852796
-0.792427242132827
-0.874271394656583
-1.02956739384297
-0.891223263027181
-0.83135967212919
-0.899073954068646
-0.88214382182499
-0.797191779760306
-0.870241112175938
-0.843536387209801
-0.960037492779038
-0.691955374686312
-0.730953870079783
-1.00344520375321
-0.889054255534678
-0.783076663508615
-0.860171080552785
-0.961606955464933
-0.727052158187742
-0.895142458720487
-0.802897483088669
-0.822675682619081
-0.75883341624754
-0.968918783601847
-0.74569592805099
-1.03046708879548
-0.805631923762738
-0.999488656022319
-0.846170160578971
-0.742663835970459
-0.734269699414619
-0.792522410804487
-0.827143676927654
-0.825758262239703
-0.798103693634487
-0.784891836657256
-0.791903202019254
-0.765273171134554
-0.682368732798988
-0.913383846060857
-0.720859524094361
-0.757874958421742
-0.841259414336773
-0.601064349245135
-0.6822367907023
-0.76780586443389
-0.80096900396181
-0.723657956886703
-0.694212760391554
-0.821954178998647
-0.762718544714778
-0.587666057164103
-0.816693111982396
-0.853016192051017
-0.766792601915808
-0.85114982068348
-0.839306287122636
-0.747966853852163
-0.758388219689481
-0.599417304506472
-0.779284993137809
-0.654789838847746
-0.89530419832082
-0.813531598342281
-0.851226503530895
-0.841581517118899
-0.687993801407508
-0.860780670151851
-0.736970334077435
-0.812094383794756
-0.693646324608667
-0.681988575124714
-0.726834001467584
-0.649644028614053
-0.832784726865543
-0.712348729324385
-0.769379035637598
-0.654010596302442
-0.781121495136146
-0.642153098189861
-0.658499978430462
-0.617004171196757
-0.56880800050525
-0.874371531446835
-0.55459449807718
-0.648644771447933
-0.76936675588801
-0.760465638722221
-0.69013375784391
-0.656685805742054
-0.649869488891188
-0.558054449067147
-0.565560512930226
-0.658335576774527
-0.76803566932115
-0.746433709537567
-0.638115521595004
-0.71495932039086
-0.595015684005902
-0.697189627014621
-0.646020733677304
-0.771797100758253
-0.627693523789213
-0.662175318395909
-0.558043825368267
-0.604555141494024
-0.741051260893697
-0.752826649443648
-0.618985537520465
-0.753180104438485
-0.729444155144666
-0.56753148502105
-0.639553973297361
-0.512845408426363
-0.685412035375252
-0.695868033269113
-0.635330805265549
-0.71936510828947
-0.633671644950258
-0.794383490835804
-0.635758267424029
-0.730636451826074
-0.610664715410835
-0.644967244684725
-0.667346353188407
-0.687250861832604
-0.606856088281008
-0.645094615581185
-0.582025060589602
-0.625969367097121
-0.741781640946843
-0.631560867244125
-0.740201309767176
-0.494157523517574
-0.613592790473169
-0.661028167191312
-0.602707531380103
-0.648694563762239
-0.574270622949153
-0.623133070435589
-0.698143697177118
-0.700331166165873
-0.529108996898749
-0.562364077646367
-0.510862242002332
-0.673753215769364
-0.646607845488346
-0.398155182609342
-0.610156039668462
-0.485263317918412
-0.323584929274601
-0.536403428844706
-0.525631582253139
-0.66427934915052
-0.532183735989531
-0.615324494144156
-0.51889758098349
-0.35069998061776
-0.510397774990982
-0.714386729507357
-0.74404397298119
-0.611706363718944
-0.62060640714799
-0.393654531890631
-0.808864525002332
-0.706893820280004
-0.613276929330274
-0.445427242026031
-0.488729230527693
-0.402507274695796
-0.550399523157606
-0.660715014993056
-0.650935964507586
-0.597683796183211
-0.599044466562122
-0.543361400344845
-0.465819668470298
-0.717160172430821
-0.463361859571546
-0.536681307426441
-0.466646593246393
-0.519488795670891
-0.583208090803191
-0.505786489538638
-0.571233811925233
-0.588831271865518
-0.357985952591042
-0.526702369047156
-0.428694300258983
-0.425797055581734
-0.634298429618561
-0.39126083631018
-0.487844136319508
-0.403331831938197
-0.393903882631753
-0.630361346142578
-0.464888896949436
-0.49594232973215
-0.478722865044577
-0.475768317111481
-0.379649441325359
-0.579430244300063
-0.516052529712353
-0.259006009786617
-0.527354949702454
-0.637264217597548
-0.577825626096988
-0.413508741986984
-0.54177997271312
-0.568316577950424
-0.46166548937712
-0.474731842080837
-0.343457243403536
-0.42099123718348
-0.418989409989477
-0.445733560718351
-0.658727887324862
-0.43903323066594
-0.471552761425324
-0.423683272922029
-0.444030672807972
-0.414898935004492
-0.452659611636335
-0.496293265873512
-0.411743129968278
-0.454874833685452
-0.492031665147363
-0.364838582340229
-0.420469571349886
-0.35772619824464
-0.607787018279727
-0.45909435909778
-0.400697778602516
-0.598851961307626
-0.446715007561205
-0.384672779360664
-0.410429171769471
-0.437596303771124
-0.456807610424221
-0.319860677067373
-0.546250634540759
-0.472124449698752
-0.445721268001616
-0.318042751189778
-0.391650312435194
-0.246656291289005
-0.37037985396936
-0.549280689065646
-0.165590867325346
-0.325000065795699
-0.306695695775797
-0.323771260506725
-0.33253797612664
-0.391891580976883
-0.216363561246671
-0.409743332758615
-0.343019630566019
-0.32487191346209
-0.172011490331026
-0.442703209724509
-0.394175760687466
-0.301344070119005
-0.345633930617881
-0.306455636118677
-0.431413547615216
-0.403883358610079
-0.394356044337476
-0.180684995399985
-0.288645430041227
-0.372205571437467
-0.47358113389112
-0.194181544293879
-0.212012644060231
-0.280425925993917
-0.305473328509902
-0.293517992588549
-0.361435804842976
-0.27951085688142
-0.265396949919496
-0.3274755787008
-0.214067813234772
-0.30113978785364
-0.253769783056335
-0.365953872555369
-0.235375902832722
-0.345389775018611
-0.357012330089981
-0.298029382556915
-0.380551907633426
-0.263905017778758
-0.426708039406577
-0.214644780527949
-0.305206374385917
-0.312385469569145
-0.171535469152891
-0.406901756366372
-0.279042250196907
-0.248273415474352
-0.327128539575867
-0.245143471419203
-0.276009304244036
-0.253776009660702
-0.361067424213993
-0.281501770881958
-0.134610072851046
-0.191535647719486
-0.275428178405188
-0.309428795963295
-0.224205679418086
-0.190052677256439
-0.28083233706438
-0.22089277135378
-0.27671518581796
-0.131468446021854
-0.139578152708759
-0.280405653492118
-0.287923739432748
-0.160704383075095
-0.341534216057909
-0.167585178562469
-0.223822673645126
-0.250918674857402
-0.309354723485161
-0.160603883718983
-0.20336600157501
-0.200432538760197
-0.258680812162827
-0.298882860592312
-0.255014375286638
-0.285500534182887
-0.15239498392644
-0.29571168223187
-0.159276717225608
-0.222546345247982
-0.273890979144132
-0.282981033719998
-0.251810352461949
-0.042932788377342
-0.320757528038707
-0.239072753451084
-0.0195981954368625
-0.141749436651004
-0.331246364016521
-0.0686006047085957
-0.157355280834165
-0.302314618898889
-0.273726887868879
0.0043083070827141
-0.331707382353657
-0.221923236795326
-0.102894592401758
-0.181589975981913
-0.0931417223966819
-0.184873452719702
-0.190011557647717
-0.124908221969439
-0.13046931101608
0.117500928499746
-0.0394105087691184
-0.100518809804155
-0.174767612789376
-0.141496890168937
-0.131726426119701
-0.139892784665103
-0.154615218428884
-0.13718016133111
-0.195593394080972
-0.0162351306266252
-0.0583439069979801
-0.0511310389271531
-0.192860287321348
-0.233598389368121
-0.160913615586159
-0.102981939311159
-0.0740956405684946
-0.11077163291823
-0.118567167502987
0.0453835990896272
-0.0594377974771283
-0.130191667993522
-0.1404784044873
-0.120080671841587
-0.21370517121896
-0.247725027840655
-0.206196970789518
-0.183428276497424
-0.207238948939675
-0.158858962232822
-0.269823163472617
-0.211697968983183
-0.131810631215243
0.0616912386864491
-0.0592804141054237
-0.040101624225611
-0.13591212049772
-0.0499683057377692
-0.125203547993294
0.0129404902972047
-0.128428546626567
-0.142770050203339
-0.150409603291205
-0.0733364904137745
-0.0210420802465121
-0.0850895377618753
-0.0600570935744382
-0.161019588136954
-0.187738297772476
-0.118826629274025
-0.0190418685725137
-0.0353686553507768
0.0338282986493791
-0.0799172796441256
-0.123594394069299
-0.0100944841188799
-0.0131722379652396
-0.320669054903465
-0.13637524734118
-0.241591366316845
0.0148997392435066
-0.0642407705222193
-0.0329345849061457
-0.0117347528951509
-0.119978594106593
0.054319787691132
0.00487984157443261
-0.067318618867062
-0.0181787802690526
-0.173737710830153
-0.0189168857043178
-0.0989700811993504
-0.173276651806768
-0.00208790685495356
0.115738776436503
0.00944306762201761
-0.166526834549105
0.0765806325533226
-0.148739234927984
-0.17624673350062
0.0329663074537699
0.0207603034595334
0.0316094009571478
-0.0466622414943721
-0.0181967044996532
0.00365940838140584
-0.0623913352438528
-0.05969137625112
0.224992873179616
-0.153868496904103
-0.04342332464418
-0.0462816387078423
0.0504697920984015
0.0594214920391387
-0.0823433695484227
0.0194408949661454
-0.13855285305143
-0.0519202679347619
-0.0106427121618431
0.0518810744851212
-0.0336384074067606
-0.00718083075530169
0.150349629886217
-0.0908020079332687
-0.0240392711079998
0.0112983841334102
-0.07486727766178
0.00647979966730326
-0.0223887104243788
0.188268503166057
0.0980324138342033
0.0719958103622368
0.193960264226087
0.0263088738080571
0.0269005644793759
0.156183843379757
0.164530639944653
0.0907521800096581
0.212052174097575
0.102915943647221
0.0675151767179844
0.167053731019172
0.10232485534799
-0.079185979791404
0.113328605528028
0.0921582097191519
0.0356326074752073
0.000772398638941786
0.0968642879282514
0.0731826929039833
0.145468075779018
-0.0152102970868027
0.0743919015871401
-0.0186893234147499
0.191968703809417
0.114715585385749
0.122334961863
0.177172211069755
0.0625177885927862
0.106396293897832
0.151693470428451
0.132923558468195
0.201079401232739
-0.0145455805941637
0.0200822512221654
0.0677063583067551
0.0617458391353842
0.376419662824612
0.26370553641109
0.233063681596092
0.0493152038325702
0.16198667212341
0.0109475761420484
0.144250621005066
0.260809863885586
-0.00386984923019778
0.00393914321084288
0.0973896052996435
0.193031366999814
0.167566720212873
0.128065112890839
0.190768147534145
0.258911762085615
0.202280751339546
0.216760209881846
0.0784868340550087
0.193025334876512
0.0781882535654928
-0.0063634392221237
0.119893751818643
0.0913219256412042
0.184380233675405
0.277135155752981
0.209256061145997
0.181795854757128
0.254812589360407
0.181905090028934
0.167705319364016
0.207162951895087
0.239697012893957
0.218264570584928
0.159263193739785
0.115573947126554
0.215330257801519
0.223113103590963
0.202038120641209
0.360785733950084
0.234910872125167
0.0236734326178895
0.217735278671599
0.216303653661489
0.380376733875189
0.159937314971908
0.247541169236383
0.243660113111764
0.157994742505725
0.389419800229787
0.278009482234118
0.224466882855433
0.25909667447854
0.155347050270128
0.31028077132826
0.440803368503919
0.363741204960818
0.149939073673534
0.256097945233764
0.224285250566935
0.340463045642381
0.287344931027383
0.39066510571798
0.171029560849484
0.319103562886352
0.33114903470453
0.184766335945856
0.193802382518662
0.271124682753655
0.364097918170471
0.242667753118221
0.42012308749562
0.314064648046594
0.448555507474111
0.260653220313404
0.267439730676172
0.288824676464666
0.274608325164436
0.206781228795623
0.256364876232093
0.211801890483291
0.357076522279112
0.412158175168386
0.352365748690232
0.223446834608624
0.453702841863034
0.527564562219927
0.397524539384385
0.359467836476433
0.360094585778679
0.0961294984662189
0.354507371379228
0.391291882244288
0.165015758456767
0.445526787766805
0.328396077571496
0.362078295283574
0.372592752375783
0.305438766596738
0.425336012333523
0.289359774647918
0.334407551490893
0.296377756305156
0.300685901142846
0.379990086135482
0.321796180624466
0.394286571088485
0.356444575829245
0.266031409622097
0.416468599464433
0.338506477665154
0.292882595849416
0.321254133215112
0.368933152998232
0.381673771735114
0.472119679072703
0.313568913776207
0.379131911870426
0.389873577016509
0.490351019072357
0.437394255655895
0.402014082737453
0.361520496019409
0.41777986674988
0.358904069085068
0.37104857945174
0.478592171783553
0.291179937345248
0.469391363050454
0.37843801779803
0.389890402498124
0.35476471444383
0.369093555984739
0.471508961599001
0.429171612319614
0.498461011446368
0.338189989561763
0.275616985743579
0.361458826179881
0.626268687230226
0.387972920942046
0.573474783796952
0.345396838532884
0.292013097901654
0.336470992201956
0.432105923055302
0.423587689642829
0.412314034222312
0.357588431077365
0.462534193877035
0.43860797673584
0.660871474829043
0.47624032806345
0.498313826091966
0.483492253105669
0.394068669734029
0.492437553658919
0.438662531989765
0.349933032641391
0.55366644869369
0.603949684912748
0.25350217788812
0.518187176660074
0.447361729886071
0.614999106978342
0.32012145219545
0.421823980739004
0.531587712363272
0.460715112612137
0.533032938791468
0.515514738457736
0.376601386278285
0.549667507204597
0.536939325884878
0.536331594661028
0.273994902044568
0.434547985497958
0.425249392489573
0.33604033470249
0.57730080528851
0.409202549634337
0.487175403933491
0.560287330823328
0.419928405770477
0.354246508635884
0.578435793799856
0.473534566286427
0.390458606210106
0.55648982966026
0.477240390736392
0.469410631098398
0.32165049445668
0.486407623197393
0.574298580330481
0.490609772013293
0.533920231101693
0.521847838169923
0.445814255642108
0.448537984422405
0.573722775232456
0.431369805120681
0.525478873914648
0.527417041156608
0.56147692129007
0.497455598509571
0.484092677301127
0.482207841852007
0.402244800647498
0.528816505041513
0.551271260699933
0.670175234135411
0.644551879716052
0.58268583577768
0.372682075354854
0.575868191388866
0.505239112045939
0.61804275302827
0.515479019475206
0.459106151446779
0.594559171516026
0.561762445259773
0.43908853119641
0.568461952090688
0.512309418713682
0.629225578623335
0.547977136386851
0.455717163798714
0.72710403135111
0.62714709041774
0.612255644223268
0.56638989299728
0.646366504235636
0.518506499729574
0.598696101741647
0.449363685254965
0.660401318316463
0.554676238060638
0.560721904527932
0.664976295277534
0.807604350509638
0.630223080916983
0.71506054372426
0.562319765708092
0.571516634209654
0.658624846816621
0.654033108815705
0.744570648576491
0.71192321656755
0.589963643205807
0.643397012568175
0.70001710435207
0.48534220446173
0.66430320865934
0.552210671580695
0.614801546608049
0.528024078854978
0.547712041715614
0.647058561678467
0.517989191140322
0.632628574594973
0.784050098919509
0.560220918418332
0.740096116735443
0.760965568836224
0.68109997857489
0.671757387195299
0.635540378774865
0.605767541471637
0.661715086465406
0.802673593755134
0.680314848454918
0.55456720635343
0.692185534142029
0.574585009602904
0.514002777914565
0.629332744809925
0.607969961439295
0.751746865141618
0.683962149118056
0.620850715025942
0.575983821037209
0.599619591366139
0.715509796636831
0.675621704570361
0.752800943501299
0.682352667438878
0.729941215572527
0.863811005760848
0.817404197655229
0.562075479336642
0.802886191280915
0.718034200676312
0.772472090503936
0.652289395863753
0.705762165530109
0.784224666926597
0.735490428431976
0.762463801948597
0.735071878204691
0.692831618678967
0.713827148095502
0.76909319947883
0.703132418236449
0.693121243541346
0.733856194312629
0.642597316188251
0.735423005007164
0.745122034937429
0.669295117698599
0.704919714861192
0.674014029364748
0.825145925144558
0.669131906429243
0.654697394089502
0.737292511520246
0.613201156244024
0.663989449687541
0.745501552174035
0.710033324235493
0.76799103998896
0.642339551250773
0.663067791699397
0.641658923470991
0.779516860024126
0.724940460430894
0.843976568133525
0.7842817432499
0.750329818527983
0.887314759830808
0.673294704434948
0.747251858888937
0.785811851305461
0.795748050034543
0.790526219140335
0.887201349018388
0.772045139893188
0.807126644208172
0.748873600649591
0.813040272660588
0.992265760002161
0.918014999949843
0.844345858842669
0.823829229785096
0.944332173171943
0.780630034481377
0.816905686747541
0.795962478306332
0.822016616866386
0.946644658625764
0.775520939091769
0.777312100308937
0.844053874608294
0.996708586360813
0.656699176352665
0.813267530957545
0.779612997905207
0.865426628097877
0.832804231267376
0.826783846276442
0.789973358109133
0.929338481017252
0.617999194095193
0.928034330730161
0.874948124691554
0.661922263040655
0.918066749519764
0.919718941230607
0.957135395305201
0.849308948325007
0.946312731324653
0.76149578044154
0.817668588108827
0.87731904717506
0.992675259044728
0.909395017409374
0.868096296132941
1.00592321439585
0.839644128766212
0.789852132341819
0.943228231933555
0.947418253376071
0.822089496856746
0.836297259321132
0.894101430135473
0.953538605450204
0.936531474452738
0.9927553721133
0.996423341699442
0.9991106002776
0.924580607084064
0.831902567538868
0.897691580309799
0.967022505100521
1.04468724011729
0.937775478396828
0.917767926137466
0.965811357817868
0.94743834470669
0.990109679519019
1.09726438267942
0.920740398031962
0.91059054445764
0.851830763737211
0.999546191499101
0.966939245164892
0.931840402349652
0.898295178936712
1.07014333421336
0.95666518251405
0.965287770477963
0.930494119191026
0.937996290760615
0.8794876539292
0.934997129539546
1.04751899825271
1.0464116437693
0.847306306987711
1.08660565358082
0.977312899617211
0.805744984293085
0.918726421480647
0.934228833509153
1.1106389701961
0.937982753004297
1.08250064214968
1.02574977832926
0.902842984805843
0.798716089073623
1.00908692834853
1.11184897966423
1.11121917979732
1.09495551154954
0.923506070533292
1.07232347596609
1.04291197855179
0.983392678144192
