-1.04102615085174
-1.10782839483488
-1.02682849146694
-0.932775244767159
-1.05110613425967
-1.00740194180102
-1.08392828901677
-0.965249126756864
-1.13602518048472
-1.02890098831135
-0.951991463147886
-1.0241905224526
-1.01783995347161
-1.14171343638695
-1.12626804070439
-0.992155078737188
-1.03317350044851
-1.11056220121443
-0.848909889626233
-1.05282137050722
-1.00840764577738
-0.888605314627768
-0.930030543077501
-0.97264966357639
-0.898467105717014
-0.870245351854171
-1.0080503092605
-0.869808764569795
-0.908267891359834
-0.895405551144943
-0.941447237517282
-0.907588668263989
-0.992241043137669
-0.846827839614227
-0.86477602649936
-1.04972212836193
-1.03473205379903
-0.942552645195147
-0.887288873574087
-0.976532774221469
-1.04860214222368
-0.810076869584387
-0.956783066513485
-0.995126802558264
-0.942153270861159
-0.917517791102565
-0.98858557340351
-0.934567463666651
-0.877782855406745
-0.976429180244156
-0.896677273212223
-0.961904111950462
-0.858674313660151
-1.05091102409922
-0.897849210582629
-1.01439044853677
-0.932755193023067
-0.715434300291396
-0.77636187963472
-0.889913900317671
-0.882371655018513
-0.88376704140927
-0.719280611416249
-0.871434895920608
-0.938496516228903
-0.861487089501112
-0.924822172044626
-0.997038251508904
-0.976452871928472
-0.845381473048701
-0.77602073146509
-0.864951467986
-0.81648615751985
-0.844259461369477
-0.971368171007987
-0.839389178974329
-0.888436267416603
-0.653805046466162
-0.845281026210988
-0.736912107161367
-0.72092575800488
-0.746447994660251
-0.856543446400064
-0.880406352004287
-0.989385485895169
-0.818501108201649
-0.786232572756564
-0.890466046426594
-0.808050789387243
-0.869258671581518
-0.764633517305832
-0.841653881460726
-0.926613327625878
-0.80537244618565
-0.782868851341464
-0.732641123117034
-0.720334649493808
-0.727684891344141
-0.699379651278724
-0.715794350742507
-0.845683050328774
-0.75727538523872
-0.612372377076522
-0.857467255285696
-0.812578892846689
-0.817968692260543
-0.858638239673506
-0.81599029616635
-0.783265451223561
-0.688017735183282
-0.694342566313436
-0.81813310024827
-0.706925170017688
-0.87216746544938
-0.698198571836559
-0.8934095443749
-0.717785928139366
-0.902799880573304
-0.685599823577112
-0.869086626433241
-0.726286869029564
-0.818561951124126
-0.832740239374164
-0.967635000151797
-0.746752638564745
-0.835201957821907
-0.731718072368086
-0.638450931331738
-0.70428655271106
-0.682579408654407
-0.712325249835585
-0.787717372920347
-0.817512929576704
-0.867163929529119
-0.907817954943519
-0.804691766190818
-0.633046976682214
-0.638187393911204
-0.753028865206596
-0.692453842418704
-0.803573777799204
-0.471577375628341
-0.662313202371934
-0.761436451028184
-0.635265332704596
-0.52053108532898
-0.873827829356108
-0.551662294702686
-0.678407394776017
-0.618685115744142
-0.798211066958458
-0.676871143740449
-0.817473408225738
-0.74327053877265
-0.608018969814648
-0.664338302606271
-0.576515545909841
-0.642464225714615
-0.628360399465662
-0.677932575602469
-0.596251725291894
-0.702065686096385
-0.629813354553156
-0.538999233825351
-0.658718164629446
-0.638496096611001
-0.713419326178879
-0.605043613089083
-0.563767865173458
-0.694532977392071
-0.775672988214238
-0.601050267959773
-0.66142879403148
-0.64734580483746
-0.602030319012154
-0.50224826589225
-0.571927236602758
-0.580654997138825
-0.632760471686631
-0.683618921491983
-0.733612247992563
-0.704309302324864
-0.439011177664683
-0.576373336251432
-0.606864786723297
-0.694035396842922
-0.582742694231529
-0.607323927276962
-0.728211835129841
-0.596708985349775
-0.69934786167558
-0.609357583198743
-0.739800609182284
-0.697900600359003
-0.504390377635303
-0.654257236760082
-0.630687493603111
-0.677112346092885
-0.727651545494217
-0.494972660953268
-0.667918686765776
-0.616407499993293
-0.648485865464665
-0.606594833495114
-0.60797517362288
-0.511119066830581
-0.654415639174369
-0.573499139090497
-0.636194569862517
-0.493592706379511
-0.492967390835668
-0.477663723176628
-0.560137617510424
-0.489867676998449
-0.510010835898215
-0.535834026712771
-0.486695803902053
-0.508648441209544
-0.57706122107143
-0.577119339014995
-0.549919477858537
-0.587111954391538
-0.617948545537041
-0.518962199441332
-0.40883473965419
-0.59262798658099
-0.499629868344097
-0.584220881044053
-0.53753297146959
-0.449806428594709
-0.434832730738959
-0.594530318005303
-0.519500855687665
-0.522499627183715
-0.555346959848856
-0.475300080166595
-0.539724300089199
-0.525733283034952
-0.570327486029532
-0.503764384740443
-0.571743245414391
-0.559686762908381
-0.457619242027938
-0.618701321559729
-0.507591938160417
-0.529508638959529
-0.488747692103442
-0.579364850779443
-0.474646727704217
-0.535267916994519
-0.533171357761246
-0.607730476201251
-0.409063232615961
-0.616553302463235
-0.467830998727085
-0.5649203159803
-0.507403492341391
-0.537673462127541
-0.488369984577671
-0.471069028210916
-0.624896422247636
-0.618296029023381
-0.360209390160293
-0.56148777126027
-0.412138901368605
-0.49015878174907
-0.420032427717902
-0.530008972310185
-0.414334217706886
-0.400517562581546
-0.324406811111444
-0.446600045379694
-0.577563067265167
-0.454388715687372
-0.421361702915913
-0.330617508822358
-0.456936367295458
-0.478939904239473
-0.512286170805649
-0.435595246935231
-0.462801292086069
-0.533497053625848
-0.321293856491297
-0.41273167545658
-0.448488907922254
-0.358911487902133
-0.379547833443425
-0.328859873324379
-0.335751957458826
-0.33056730577657
-0.439165953579467
-0.263251399534661
-0.312431750440582
-0.530177893674667
-0.368375257199354
-0.395540379744925
-0.46288050779481
-0.240807662855419
-0.441240692658996
-0.397074667022928
-0.427774154314335
-0.38496663177247
-0.357639336545769
-0.493610034466893
-0.316251346639975
-0.377174642748636
-0.389685646667537
-0.45489041302356
-0.459029760844622
-0.354594972843717
-0.432626679801201
-0.308836730040508
-0.302246167488068
-0.413486765714209
-0.341387663463827
-0.316985546145008
-0.409957134584301
-0.184991733384937
-0.445284585993976
-0.258600653043114
-0.400776975253681
-0.403812225097853
-0.412634674856227
-0.399907191427738
-0.360448752835806
-0.455415342294509
-0.160127729336776
-0.355879613854153
-0.344816005472096
-0.158795268802051
-0.342218410518574
-0.265687845023614
-0.339810910652344
-0.309734627509481
-0.342753830412558
-0.453876576805455
-0.329182911104143
-0.398960328451935
-0.403443658975161
-0.227587715271058
-0.326016673884401
-0.355782675286563
-0.241121452251278
-0.431479526617373
-0.371269593608521
-0.245568056357481
-0.348582394850754
-0.475194538648363
-0.414213683632425
-0.219873711416196
-0.326423633107306
-0.292092107405422
-0.215938355009492
-0.279552283049958
-0.221859279980641
-0.252610056216825
-0.322030080362563
-0.290240992611789
-0.423746225842661
-0.226457773235629
-0.376566664122495
-0.401308418962435
-0.288842045277672
-0.277394130195062
-0.189443911377564
-0.410019749048789
-0.30225127679808
-0.322600079511189
-0.166413965915767
-0.190912125603222
-0.241473128289533
-0.30449070867119
-0.290784542434544
-0.412967245128007
-0.249136091780643
-0.197944025346093
-0.301762483820695
-0.263336697293362
-0.319739996329978
-0.380023361778241
-0.270666734567177
-0.242328296110758
-0.377039306132851
-0.242969722559021
-0.348846605679454
-0.312900879805618
-0.394092513119798
-0.184212041098364
-0.224549718708601
-0.210955940523373
-0.183491028156702
-0.162556004565568
-0.266480067589859
-0.0628579021826531
-0.372385250156965
-0.208434283576684
-0.21097135320856
-0.131208265598489
-0.288206402470498
-0.322553841207329
-0.23929703230518
-0.103649528470197
-0.212010649444626
-0.272043204779998
-0.326520676243702
-0.033730902546586
-0.0558899063326187
-0.357999922182207
-0.214365781246919
-0.236559299064257
-0.29653986533178
-0.018567965552934
-0.14685128159485
-0.25181423028377
-0.217079303887645
-0.151981620103584
-0.217970233357951
-0.185088385335749
-0.0667447817207715
-0.174105690487966
-0.0795052060175607
-0.196695425812683
-0.141022519825299
-0.204447934800103
-0.208898933139535
-0.0556673570231363
-0.0794650540096285
-0.166456624569344
-0.0721450423111573
-0.0285528363954212
-0.0983602256650119
-0.0969912102463282
-0.272453666475079
-0.166764366288687
-0.0813411211921097
-0.0573566996824305
-0.0947462430186062
-0.0466808644924633
0.0640343600710525
0.0196575137312624
-0.227299149692472
-0.117614380734649
-0.0384469757731073
0.0801643490558453
-0.133431110728823
-0.0502584195411096
-0.149083514437791
-0.0658211926123193
-0.053410447692296
-0.261474046934279
-0.141959363954691
-0.129077977752003
-0.133483989832584
-0.215965054290544
-0.0126258945848725
-0.113428681019911
-0.0418817087605617
-0.0589882904343773
-0.0615606647716997
-0.115073782533675
-0.0680564351793285
-0.0154030949273421
-0.0505586452041415
-0.0499632811516763
-0.176012919062612
-0.117947758230932
-0.0458451589211076
-0.140859168524608
-0.147391943077416
-0.137135627556597
-0.0972643341641268
0.140798708419823
0.0956552368080557
-0.105942346698579
-0.00856249488163944
-0.0472767680390061
0.0346426688121607
0.0991342680359113
-0.00334964916805545
-0.0600958672332575
0.0237642487520135
0.0991581963874359
0.00522017300791698
-0.00581344541961125
-0.0440985779267756
0.0169379150286204
0.0448234776975961
-0.080796086565407
-0.0770041540945852
-0.0330257284779598
0.0208410575204999
0.0422646788005455
-0.14079604500349
0.116214583944217
-0.038035972811742
0.0775908064491271
-0.02291424592317
0.0306057591948311
-0.0980849454255858
-0.017831353131928
-0.00653746509622272
0.131322741050937
0.0429634735722522
-0.032298288198245
-0.0969181052708945
0.195218488747587
-0.0254860276924538
-0.0338216956766082
0.0856242389728837
0.131754624188493
-0.0172524631044458
-0.0277128603326305
-0.0748515291005025
-0.0132507930059552
0.119454891548738
0.0333840922650269
0.149662032098612
0.0490702107167266
-0.0408150423182715
0.224340170072165
0.115899663032895
-0.0567211148519837
-0.0832416815284044
-0.0497886181463498
-0.0703672459683106
0.0422491105064617
0.0914326513093558
0.198609810644564
0.13348311582523
0.056067828040623
0.0615396374240673
0.0504791890422346
0.0333064775762418
0.122937268127279
0.341759775160772
0.108184186592981
0.105989542893889
-0.0473989112030859
0.0686036900158314
0.084666543687151
0.106724014344649
0.148725619274832
-0.0209548012581724
0.0617952155193075
0.208536738325813
0.0779804350674252
-0.0121688104246579
0.105623686340945
0.0359031833214466
0.109453142060826
0.107204692726984
0.111098659317866
0.173491502747002
0.0750764076782106
0.0568543011748537
0.100501362566531
0.0442154960502252
0.13822150493957
0.145565910791522
0.141008699443132
0.213122145689729
-0.0814762170699927
0.08991607528054
0.162718323907687
0.235001896047515
0.0580643082619363
0.0407308382128342
0.181260629530827
-0.0072086162233289
0.214710360523554
0.0104536784463795
0.253666447389603
0.200669359118512
0.131314924543775
0.127550305353281
0.1134793983488
0.251087606666397
0.0708113247677424
0.231947679624858
0.0153043732809357
0.264232277057549
0.227716994012607
0.0995518037611111
0.089655559005293
0.35420718374496
0.243674962909968
0.227068123623767
0.177408848271266
0.101889998447096
0.0464058959008268
0.114831744939305
0.0229271540991912
0.249687467198784
0.279556799985255
-0.0528797490759605
0.238632226815608
0.300101743649944
0.236498570248353
0.244916508981068
0.191888119343177
0.169713288899821
0.165996457695152
0.267354958579516
0.0878153619039135
0.324638024696253
0.299660295556203
0.175670658314799
0.226212551433067
0.22349833227686
0.255101789717973
0.283355949240354
0.0917938939740764
0.208931085529548
0.266888698397445
0.273198405183744
0.386247014679897
0.253944232670402
0.229794285959209
0.257993015654278
0.229753459202197
0.144369391464481
0.260066871920895
0.289215746805805
0.057436956714223
0.202046348367347
0.24039362091763
0.37212525034384
0.161728462412548
0.357907954800526
0.358899321903501
0.266680687541377
0.162747719704477
0.294371154812993
0.253700280233913
0.325643764191399
0.189315842592754
0.385890865071918
0.430735025660349
0.273238151470356
0.24512302265598
0.266245793435736
0.210894692050962
0.398241066693403
0.461944978269087
0.312329196053525
0.2024198457279
0.121149094468868
0.438774246647984
0.277264764590883
0.21940438349231
0.317933965837162
0.248943492842817
0.385310902880679
0.264516471700571
0.277956572662497
0.250511819751427
0.238937798536347
0.388106517536015
0.291868946250667
0.473049666848475
0.315438580710758
0.369155695672972
0.371795595400355
0.385315785211451
0.311355931296324
0.243960266179288
0.419948446544341
0.330594585757007
0.472703122981149
0.322032690519454
0.44679959399725
0.331557941759577
0.297905489201655
0.372774405346974
0.475991856490863
0.453407598236803
0.394462245453933
0.345623873699615
0.361906463790231
0.317923067846666
0.184073169059592
0.433542114979202
0.1993451011318
0.220138180813328
0.425776255097726
0.431681492338483
0.416598763495685
0.352421135422834
0.333064640302422
0.348040712679506
0.386696145691596
0.37420756534936
0.349426221478629
0.356700205383322
0.370698175707571
0.34328655789308
0.279055272221361
0.349902042095576
0.449625303318247
0.379205221260574
0.425288420245456
0.314163185857259
0.360540248479396
0.314621055946869
0.248742784214962
0.566124164834063
0.461311591490267
0.323144356227802
0.45869663480758
0.526095968973329
0.437074546490552
0.459611584792032
0.346553984808576
0.376031166752668
0.405591792976482
0.344838512602709
0.304933306579836
0.421815883130569
0.291084407471354
0.433026820428774
0.520274801908138
0.472451794135933
0.478535260854065
0.480141827702022
0.54280555295076
0.447591350504788
0.492119385883421
0.422024155433856
0.627836214153873
0.376227745047023
0.520260925399176
0.416846611244093
0.427742469976027
0.504704855250615
0.42626997333169
0.535677890063763
0.501000932791776
0.319702220835561
0.379716550076236
0.415331795231616
0.377548430270901
0.589048756330756
0.63085622114346
0.682988865745307
0.450790274773296
0.454880730226567
0.583244255620201
0.501140851189263
0.412350357912357
0.484149024340096
0.447641333372431
0.553544387725181
0.50659962157345
0.636218839041011
0.358455651682041
0.614865534665748
0.572229150368382
0.452931581180933
0.623697675226006
0.553224039269624
0.581185498800507
0.651084704962017
0.504655242725403
0.466541619566563
0.467352480026453
0.613314259483182
0.48910788877506
0.468571137882515
0.589722987979812
0.574420219460199
0.520514235742454
0.592830149944762
0.508496361959018
0.730425443617564
0.720363755935138
0.379090971795719
0.448223615731941
0.571420885933516
0.570082276435089
0.475412274623663
0.368640951654551
0.45120690965966
0.551009452361961
0.584964667729207
0.59563096934984
0.449004121302486
0.707847554553305
0.653750353234267
0.568384900017876
0.555174387936628
0.677248104328222
0.432645341149588
0.363211077163762
0.515187007355686
0.535319015029844
0.550312172479653
0.483856067107884
0.439360866614356
0.567264293408934
0.575517724473963
0.844930557374631
0.664154176372191
0.569505097461385
0.640708549918427
0.697433982599801
0.614930487258738
0.667212978057051
0.658824347635996
0.59159127765362
0.58462530724854
0.554946740445076
0.694776319810986
0.508273218654567
0.657695814382289
0.673855116914815
0.680349063103102
0.729730905447379
0.574360845658054
0.686572230387111
0.634205156921092
0.67968600808217
0.580497904812594
0.71924547138858
0.831155871123134
0.839194649328992
0.65755800044039
0.636201473130867
0.661542509408656
0.802796199462572
0.668019265202469
0.738107996998992
0.700339558408306
0.673837150972821
0.561009905971595
0.59007489012646
0.631690842162328
0.566582653680395
0.792359388419148
0.575474811820481
0.634571404637634
0.484301784624628
0.611523189743137
0.638305441572951
0.533760772849184
0.661630462585831
0.649642041821776
0.727409262674043
0.636286639325393
0.738329907896986
0.659399276689507
0.54002229348569
0.613744466139058
0.743032261112436
0.799740683098931
0.826228201533825
0.718689309747404
0.734624303653423
0.761657728620003
0.631719426244377
0.610991963305304
0.764516771911266
0.719000948586269
0.743771801270481
0.750314712070384
0.824029650109974
0.676882384120745
0.803054614721657
0.823266674834735
0.66688259375203
0.65277533469252
0.665025902051378
0.6965091080898
0.849574513574602
0.848776212777621
0.590763717905565
0.703282134696459
0.861939622688751
0.786268864785235
0.803795625930526
0.63915905043713
0.874828617176973
0.796178562797917
0.805950532695568
0.776933850344339
0.781239618670106
0.918563145831414
0.651249980893798
0.841465036002926
0.769930751973802
0.775662337362776
0.733173814947203
0.771004854998986
0.88186942643737
0.792072409831295
0.80561637586726
0.791821735101016
0.778847529786074
0.756538920968146
0.785411471054953
0.853419900874338
0.707657293652276
0.609972457877147
0.958255514541263
0.687779531401621
0.874270064966983
0.860302384497746
0.869103440431737
0.68297088944172
0.85544401474446
0.898350425186913
0.755498944356058
0.796779179723819
0.816517303993581
0.905552145808587
1.02363631322812
0.853725670310858
0.648343324433932
0.76972950344579
0.796737728748197
0.891507423994834
0.778727344171867
0.816624828352357
0.852106989180242
0.821848425298447
0.699218498077141
0.877351616084885
0.848786093910993
0.969869792244291
0.903549549651579
0.753551699658053
0.946433114313961
0.864803638277444
0.816898235933677
0.730568269937023
0.827762831169922
0.810964645418705
0.868811330926307
0.95002994221456
0.86280576891431
1.02901368772462
0.872201546323292
0.862327434528801
0.691107738635929
0.977742338447188
0.952362472602011
0.928990486664815
0.843100423233102
0.943139234634471
0.855174538526497
0.80570540997963
0.826517918031399
1.03141336628225
0.953933656677299
0.869910877657833
0.895022469394176
0.877104581471379
0.897535783768639
0.938213964586582
0.94626976587245
1.00709810993794
1.00524544794165
0.908901972115595
0.811484777153814
0.843775116795141
0.902396254258136
1.0204658451374
0.926463025558388
1.02617119130349
1.02402738171501
1.02124444412379
0.903956051348909
0.8364278515498
0.898228931269705
1.00595137389852
0.851948453858842
0.91926962328288
0.953510527158258
0.896633072173543
0.849156223672636
1.07730725572156
0.907321351376957
0.763588700194465
0.876632959106937
0.880525593881044
1.00761473711007
1.01298790875833
1.05037135173465
0.957083125307227
1.06489321253388
1.07919234268978
1.00037756135148
1.06977505250353
0.977356824182097
1.08928333912274
0.965449670493619
1.02799343949337
0.987089836942496
0.938068758756091
0.929185523850173
1.11014161141894
