-1.19581454025371
-1.08319660181592
-1.11843703315646
-0.89644666289228
-0.942365052657559
-0.951040238254598
-1.02251941339884
-0.908485533284524
-1.14639662687741
-1.02358561808194
-0.982088880775819
-0.995403819236623
-0.894027034403345
-0.846976542554022
-0.920295607817924
-1.00258757047331
-0.999944999852425
-0.975231807049092
-0.950162682999788
-0.897361633897125
-0.92198566677347
-0.961278700498748
-0.846924385112452
-0.914256294975123
-0.972000108411902
-0.83093110941992
-0.930789002344775
-0.895271882113385
-0.94796049180334
-0.962434595210757
-0.977276918334113
-1.01925134070111
-0.900216187819727
-0.912070021900518
-1.04883215403816
-0.944266843960659
-0.910722562683186
-0.911208251638164
-0.814461264004566
-0.838728346777121
-0.896511965726958
-0.774711576040533
-0.806102511636923
-0.807965015216481
-1.0027976482963
-0.881141566881683
-0.875352543907574
-0.953918803248157
-0.893775144293361
-0.878412235579257
-0.794764336258832
-0.985230681342652
-0.869620037136214
-0.866911586376259
-0.912398411032335
-1.0478928768343
-0.923646700519828
-0.918442515472946
-0.977565784016321
-0.919312399551027
-0.708841562343838
-0.944730310952927
-0.89799390640902
-0.759241581873075
-0.805736505640121
-0.709561015896492
-0.889845275827811
-0.839524999960278
-0.807280343276481
-0.826438558290642
-0.863455837394338
-0.836104416904422
-1.05521924957516
-0.943980597110235
-0.947388691092857
-0.930547596810461
-0.851107531409804
-0.716931237348423
-0.750902591084502
-0.828567953402762
-0.84166072474303
-0.838933396248436
-0.860488348509289
-0.825015694380595
-0.798219569202469
-0.7448170176243
-0.80472475630999
-0.890510532299691
-0.866909831972365
-0.78757419598809
-0.715730246228439
-0.718930704468999
-0.772078213624048
-0.622526986293821
-0.807179492323956
-0.91498455363247
-0.836158420180495
-0.724511330186538
-0.776895288765155
-0.723195268428357
-0.880495346828517
-0.795081219369461
-0.81463507938841
-0.871544307777882
-0.823570042435756
-0.864322166377482
-0.762425764608731
-0.813929873595304
-0.82168244003231
-0.783109799012879
-0.800708361043065
-0.786110545607813
-0.780516003887349
-0.625585851306847
-0.784084074159364
-0.887625419358204
-0.642186612940631
-0.710243418769071
-0.636916150140065
-0.674991694315416
-0.666075180831613
-0.7888522081078
-0.723140507207262
-0.790705143691706
-0.724515252322745
-0.671788402792013
-0.709418794719134
-0.569965988390585
-0.693509250444134
-0.771386631450347
-0.68148747748872
-0.876942507335079
-0.617466712487712
-0.634984590685295
-0.732635195994224
-0.769139790704012
-0.741169460454639
-0.70465347495528
-0.669599383508288
-0.767118367897956
-0.670045958251454
-0.780853806934017
-0.791824087109742
-0.857810728108214
-0.655638996261038
-0.757518982793629
-0.639889100942929
-0.770855284658887
-0.759880067666346
-0.727608361095372
-0.562988545548338
-0.654795977247894
-0.773346493778041
-0.586581660936423
-0.75615040761624
-0.724235151688199
-0.578448499767101
-0.737991763284689
-0.757899286530232
-0.734779157048719
-0.692744495558943
-0.786410892398426
-0.593994308236288
-0.593314915722448
-0.668450652634001
-0.568209486839978
-0.575844986716434
-0.714920011105614
-0.54386311745387
-0.789981502837752
-0.723343205585006
-0.651295450041205
-0.71077393765576
-0.568405334520983
-0.716135728047473
-0.676944379748093
-0.681667009223424
-0.616762419709282
-0.682364226734519
-0.658282194989084
-0.694081115338696
-0.60511674248089
-0.601612549147819
-0.601961998408054
-0.670347043510847
-0.626170884348455
-0.617291702419625
-0.661012150797956
-0.646501425815031
-0.832580025602607
-0.523465122150153
-0.676391098859392
-0.655288750873377
-0.636744543761773
-0.637081335514337
-0.659185546776417
-0.533201014417605
-0.754205320610856
-0.558339728097824
-0.564850864956454
-0.621679047415812
-0.689491831555908
-0.623525445851468
-0.631955218001188
-0.619810206106238
-0.639132707723667
-0.436765491082574
-0.506330938418708
-0.76041041749639
-0.648257746065674
-0.544927280779436
-0.481354988025015
-0.536776973618752
-0.505050743644832
-0.692817900624472
-0.409265669032656
-0.410438044830244
-0.695420718158866
-0.608323469092402
-0.568019186883564
-0.523134138833634
-0.497517039641408
-0.640281949871463
-0.423222689357383
-0.483659972126217
-0.654947857130108
-0.683302728427013
-0.478602339452921
-0.410074699281792
-0.42725836955177
-0.619977601549063
-0.559002447219497
-0.386714076216826
-0.557304193617848
-0.496356051387622
-0.550694876449873
-0.58346242993624
-0.427287412307817
-0.57664311619063
-0.510976542713811
-0.564435608009876
-0.408571134109464
-0.578514673295512
-0.462863901097617
-0.401492702599081
-0.514523579980344
-0.582092616656722
-0.583761086328728
-0.416467511888439
-0.475692492573937
-0.568165695945267
-0.532278985530202
-0.541605377491621
-0.536601288861466
-0.666366816764013
-0.46030202168687
-0.421507481227363
-0.375563893121021
-0.468063492726557
-0.546105733618961
-0.472921373649661
-0.428883296811253
-0.5325332741917
-0.395444169214504
-0.484302098464709
-0.440946510977286
-0.471537057696823
-0.491894491163548
-0.353815974364324
-0.346960572642823
-0.494318180413149
-0.550131502244247
-0.484151736368659
-0.313480108783939
-0.462266009332973
-0.412586133971099
-0.390809794021922
-0.506692011019725
-0.542856584863529
-0.435711242521342
-0.318310924417659
-0.374470934507728
-0.516143233171083
-0.436437832505023
-0.381393534527347
-0.353838105272127
-0.44609535834816
-0.47876461260972
-0.310778485375885
-0.361895821123721
-0.391126853792963
-0.579028218175374
-0.399889593733298
-0.414430416550507
-0.436637792221953
-0.316469714853718
-0.546233708930697
-0.358454456201549
-0.486146327001434
-0.49429617286481
-0.337203769489806
-0.39959814896602
-0.367169690546251
-0.415663987361626
-0.23470305786748
-0.230969497721485
-0.367127193689486
-0.430593082316095
-0.31406900454429
-0.486133743344043
-0.322049109775983
-0.570833634243875
-0.497410236832502
-0.253880692363433
-0.392957966648105
-0.288444075279255
-0.379214352238629
-0.540575762747946
-0.272861058181304
-0.300235418963589
-0.294275649560477
-0.350693776974749
-0.231425032460599
-0.224169833556066
-0.318750703923233
-0.333963982793426
-0.355812239275594
-0.302607339424502
-0.491527217696619
-0.346989037083612
-0.346727900612482
-0.297162142782955
-0.145485826840785
-0.400858350220659
-0.462467638214462
-0.435888171031769
-0.340934917265475
-0.402725670767204
-0.295584113186955
-0.416539857212308
-0.2882054200076
-0.392484489021283
-0.330249440251867
-0.279775997873037
-0.338969311452977
-0.279666190727491
-0.424171719591664
-0.293027483494554
-0.261557309946863
-0.285432094682524
-0.480446467198823
-0.347151106148968
-0.254972042568637
-0.221439430901049
-0.285958233895628
-0.356194477621381
-0.294212533565417
-0.349614152431188
-0.19648889398663
-0.309717436028755
-0.243506133680975
-0.399570687277285
-0.339097320359243
-0.327923487644642
-0.267155002688799
-0.371811083732191
-0.294474164626617
-0.248335307874353
-0.152203869604388
-0.117695203172266
-0.154870113189719
-0.319996207111506
-0.325450754700806
-0.220275018008014
-0.307799367082779
-0.160638595859658
-0.262967772221424
-0.0600721823730561
-0.278123000886197
-0.46098838873793
-0.320727516248595
-0.235056956157587
-0.171625439333066
-0.387849911307254
-0.377244795481496
-0.250862729708346
-0.173081153793068
-0.158563278325404
-0.237582100668659
-0.16418485723922
-0.301103891132753
-0.164349088081749
-0.136034791720648
-0.370218692702388
-0.174846180922013
-0.298194596404893
-0.192214518508924
-0.1672354742131
-0.197704674810817
-0.234974958963563
-0.116825620814688
-0.1968050593162
-0.340286383276827
-0.206232709173882
-0.0791725174153945
-0.33379618136044
-0.166091361344231
-0.194881836355013
-0.0128998056494033
-0.185597653803616
-0.144049962560287
-0.0793331889850717
-0.263455544114676
-0.210272518067367
-0.14206587623311
-0.345382194545422
-0.0856801538888245
-0.326328810160424
-0.167960145314865
-0.0902548665473854
-0.251635568172787
-0.131785274406085
-0.209078823164818
-0.264383961659208
-0.262061148554348
-0.101679799040496
-0.104526711832229
-0.00686813599566688
-0.172413054179407
-0.0561384596995559
-0.243282887047361
-0.281016294940239
-0.241698100778084
-0.184895304057757
-0.246123914668537
-0.082075390417082
-0.175970366429184
-0.027461381953308
-0.0863850361444585
0.0513736335591341
-0.0334355939773258
-0.110883513414787
0.0309135823125061
-0.175150468958436
-0.187650458880029
-0.110445734706108
-0.107076365901042
-0.0218126691039324
-0.179895187741651
-0.0815163392949319
-0.114847178244843
-0.0278906170441001
-0.190643281878883
-0.186885424679257
-0.152233223321004
-0.0620592793468331
-0.0910423006905416
0.000494075007785052
-0.197306310755405
-0.199498949861792
-0.124671338093199
-0.0505088259290686
-0.176482474631236
-0.180562942989472
-0.162614870934649
0.039503726556151
-0.0859857472025113
-0.0528248547221574
-0.142963736415144
-0.138878641759586
-0.15495849688664
-0.126965949547661
-0.233463940036319
-0.134423204872354
-0.0940637256464098
-0.122189902416618
0.0738857480248044
0.026935208591048
-0.156804102563821
-0.119081106335226
-0.125335530507463
-0.00842032126572612
-0.102418263684869
-0.198281335545315
0.08302850023457
0.124804442373976
0.0324908810677711
0.0340675740707316
-0.16007941302267
-0.0319011859672435
-0.0345848835117689
-0.041981172378016
-0.0159248111716265
0.0582200921453417
0.0422929920840653
-0.136789213577128
-0.195427196436272
0.090431902920311
-0.0869744375801459
-0.0102615010023684
0.0698795219103776
-0.0991823386650577
0.0448531698759397
0.0528305789535325
0.0303558803030609
0.051171327525793
-0.104632914177969
-0.174371203789199
0.0929815838721814
-0.114946968632808
-0.0167530579624533
-0.010680279699131
0.0677815796728511
-0.100863374080749
0.026292765636046
0.194607912237386
-0.0520293672117917
0.0512429212950543
0.115511765072975
0.099293262428257
-0.0135142915751333
0.117663471761965
-0.00771711469173311
0.0420705604346817
-0.00111842001878704
0.204036882771421
0.138687713414477
0.138671897070218
0.0528023933838427
0.0788498847736252
0.116787800092534
0.0448917574501033
0.0411838776544031
0.125509298743687
0.0439267220861407
0.120974323851079
0.0557083758925083
0.0383948230212885
0.101377815631941
-0.0029081140481362
-0.0271278989853434
0.153101173340384
0.0823018277862751
0.0278437484725821
-0.0571523863157914
-0.0113064374173858
0.191127636277628
-0.0143612442796177
0.139343168622919
0.00758801471330553
0.0373599268230211
0.0822370768033138
0.0265547543578273
0.158774975386357
0.104056101421866
0.239665361395586
0.0400040341458265
0.165902835457723
0.0331980229858059
0.157763532166167
0.0500421864077757
-0.105115598812483
0.11148099676284
0.0976504520222398
0.227213042088775
0.243004742853056
0.240388649646936
0.0226018833701217
0.120303041154856
0.248817528690979
0.134545078037103
0.0994926880293188
0.138183045236133
0.0783817045423179
0.150420060108641
0.138574764831229
0.0187107284811871
0.135721974584158
0.196618369300178
0.0733663052138754
0.343819118827404
0.0336810456714829
0.211503674185358
0.193135074502708
0.171480418615553
0.109753688505665
0.222203480762733
0.122540619991059
0.140508328592793
0.300843611697566
0.296202746672972
0.244758765732004
0.123475629747305
0.0914923501237536
0.138309697244231
0.177190063971422
0.107042610558046
0.187714594155434
0.146195377890111
0.281505903331157
0.0917706495104674
0.0696827864784309
0.184592787617584
0.185288173252503
0.369694103736848
0.306301492324662
0.212164384310846
0.347043658828063
0.229627174032895
0.215913896709526
0.255338814141967
0.241211210539363
0.216316259993574
0.125096964659628
0.264152005429536
0.310572880307457
0.277723069542956
0.215921602843656
0.343209360866221
0.246870666290665
0.343844054935045
0.218425985214011
0.133387270832676
0.243310227320779
0.286195965783505
0.278917695285172
0.165884615523186
0.353285158036984
0.236399677964084
0.295668275064921
0.299812679758786
0.120942629451687
0.0998218519187707
0.175928458596786
0.399894662156932
0.273252787603887
0.266817750949317
0.331500020620445
0.333214829276216
0.232735185234422
0.0929469256064767
0.365875566963205
0.310760376986756
0.210399820296183
0.351341037125152
0.0597752760577606
0.334796283542512
0.190742748804558
0.224354503568345
0.292074530376226
0.268251132545949
0.272693666581084
0.393777873194377
0.320617110899751
0.407594949237658
0.379455120780478
0.461722403814771
0.226719722176937
0.370228216204593
0.287515546055641
0.330664033240179
0.203276487264552
0.345498127894642
0.204111624799304
0.520841669385969
0.453884485998855
0.270875575252175
0.339342938192626
0.388723912877679
0.353134229027294
0.240580713900943
0.268899152373688
0.316446087478639
0.326453700334503
0.412531296392076
0.383681641736063
0.274166077740032
0.45690170049565
0.450992553575887
0.419098066930405
0.496613073790369
0.484106832541939
0.359826870682601
0.404566663232607
0.537558031982403
0.169815812268538
0.369787481341079
0.441879014576641
0.262329405111834
0.297079786690033
0.253824798830452
0.534852202083673
0.37802898866477
0.297278615188376
0.504264842376204
0.409810457902187
0.405193199601069
0.375552630825939
0.426020447750844
0.370216229690138
0.488928256092633
0.427854898542235
0.441569635540961
0.394429197851231
0.44777499890473
0.374498933972528
0.370463220334925
0.453923415333323
0.373346360193437
0.384628911019396
0.428017554646373
0.287812161309411
0.383225319084858
0.414342973222653
0.473704452234692
0.394596201699815
0.454591829561931
0.37751167054576
0.436063296658066
0.439564019296296
0.283635655448276
0.396304044581421
0.534744315306273
0.469057734327314
0.559337059760112
0.619259711359077
0.453130670437532
0.462267904582976
0.321934543473364
0.540556059919587
0.462528884083582
0.337684977204965
0.548431971521449
0.501961824707322
0.48762847526688
0.58714073268708
0.444093407519846
0.527823626009445
0.548537599495177
0.566378022789031
0.476334640383879
0.57386453719935
0.416642499890328
0.534956262424167
0.391087500007548
0.379528609446264
0.447523211996632
0.745822230981066
0.499736063205853
0.514726624731819
0.437597784352245
0.506975166166981
0.584666909357024
0.550073319999836
0.395815829256658
0.572642857111571
0.671725131103745
0.451602687374276
0.473785229913421
0.448525597339536
0.395343182994785
0.510812339523962
0.554280744072851
0.480607209866872
0.536837987941112
0.496147407656646
0.454009403290279
0.442060485328509
0.525898302307551
0.529422391226871
0.614323295690317
0.6365381473851
0.608356311648135
0.384296595310513
0.526331939342552
0.580779469327846
0.613946109905255
0.585576056208042
0.438476721104032
0.563144820257008
0.624894239315217
0.626416950036291
0.550070679812154
0.668468355260339
0.565981597946196
0.517428053615062
0.610881599723336
0.552039116337414
0.669817922329376
0.570982442423106
0.600363598363161
0.389349676244229
0.450887706662122
0.586017868270371
0.563678053656607
0.614235679211387
0.540662489258299
0.566569349062884
0.513929378350613
0.565948602381243
0.580130991605086
0.57816788883871
0.444057686449564
0.85130239923977
0.646670380828459
0.569172189325156
0.606713775841105
0.707403743142736
0.494613550988622
0.704836389956563
0.601832247939368
0.604836227557725
0.586947630150518
0.636275137403496
0.60276120082717
0.627856299201309
0.729865752877147
0.577566217618581
0.734218489211662
0.552692236504128
0.596653434604775
0.697680016317965
0.596025096885657
0.594237649782463
0.761181163387239
0.747925043532584
0.61532039794546
0.678687415519421
0.669140647530601
0.728986661409385
0.709193089704302
0.671020271339837
0.738504796967684
0.767849684754283
0.724854454634439
0.583672976771449
0.623176517601479
0.719001747268118
0.747668248325378
0.738867077031008
0.658619703459139
0.536427165922671
0.632061269526069
0.774444505602457
0.597836525486379
0.722208336630057
0.713544527692496
0.817387287214128
0.649306192348221
0.630877347289029
0.572119801693603
0.752150157487421
0.747257196528823
0.627286603007811
0.669854301142932
0.69566953133408
0.686053691376551
0.721384890043555
0.672174354115804
0.724862876596615
0.606572180671535
0.876800810955267
0.634771268854511
0.542211759759814
0.786519380062993
0.722344358032299
0.771788874813283
0.689282941035959
0.833389579522242
0.700493069272208
0.744142881667061
0.702370153806936
0.736474588988262
0.697950762728809
0.839080577481194
0.859102182189201
0.888246605918587
0.746941803411653
0.669450362416032
0.577632207325724
0.730796679751118
0.730931150559959
0.829230813525098
0.750856249108997
0.700049546299024
0.878440746672441
0.69555492337941
0.862522960001117
0.774912083084703
0.661349582197887
0.84147423011059
0.720426288409603
0.930600351043243
0.739117582091849
0.65637266817957
0.81290297319071
0.832072769678444
0.700385931038105
0.777977238756693
0.739642483379068
0.87648514162035
0.762349368143322
0.808909001089268
0.678782070485166
0.666112281751978
0.871004919896638
0.83747494099531
0.8115828784719
0.845245718483195
0.856969779609183
0.911703962065663
0.812021547988091
0.775532489453168
0.884870296761752
0.957765266190252
0.771675689818252
0.922069926780267
0.684242991121417
0.735753762096067
0.825316068071666
1.02596999025426
0.766898498588194
0.883416260523198
0.814776596097134
0.68835407340174
0.840806293131352
0.911938055334579
0.775683937268009
0.761222544588997
0.859221715007213
0.881708493953287
1.02145450746157
0.876334156865171
0.897305734534573
0.902635088357585
1.00998273393352
0.814199402800498
0.870825713809012
0.952265091083102
0.75000269283246
0.979955683334749
0.934974619969012
0.696665074645312
0.882419533611699
1.04569143207245
0.921434447454552
0.751925742652812
0.943521313639247
0.806717322336352
0.908325383242064
0.87591735991607
0.763130720041686
0.885575855950917
1.04637160342395
0.82847773841871
0.827344119397401
1.01555789001998
0.932129281242275
0.871318032970408
0.970438350415735
0.883046778068941
0.895250918563274
0.909368841364272
1.04618268514808
1.05038834451929
0.846791179083314
0.904317369417627
1.07167539568822
1.07588958113164
1.02167700399803
0.990761477928927
0.947756680012019
0.831428200348035
1.01794550258383
0.991966721475032
0.894866201263991
0.794216866250599
1.03209170401315
1.00440035805333
0.802632241575224
0.767722141948892
0.818133288478437
0.972089092464976
0.835702661256682
0.979593353500618
0.812218113538445
0.975232986172756
1.00750277334505
1.086970869007
0.982441098495633
0.992743838844077
0.99900064677738
0.976396907431256
1.03198447641494
1.05449940845598
0.973198819204537
1.05230644812409
1.27840297528194
1.14225217325809
1.00687304181716
