-0.947816399508901
-1.02436482644908
-1.13758931587368
-1.09738032395595
-1.04848340063255
-1.01603265658152
-0.918710715249511
-0.912747931505905
-1.05113019004711
-0.953986782126748
-0.947276531934227
-1.0978590759601
-0.935021255986149
-0.854648056043797
-0.802364527073449
-1.0503623575456
-1.07969710082226
-0.910756714467982
-1.01120710134309
-0.816534906093923
-0.822520020281003
-0.882832174078568
-0.975249493619614
-0.965497053385247
-0.853017689427961
-1.10700492155534
-0.965079866559813
-1.1265945044693
-0.950222916546851
-1.03445312921062
-0.909055635887423
-0.878595299036673
-0.967689344109877
-1.00287049044686
-0.88551140074141
-1.00807681558691
-0.89192735273683
-1.08469665972053
-0.858771417675132
-0.935764559685841
-0.974607863056845
-1.04140094872404
-0.953201630258417
-0.944261085656875
-0.911287934791844
-0.940623542716495
-0.891108840344846
-0.661880940877566
-0.887316637891484
-0.95462043153403
-1.00030328578773
-0.889492258868392
-0.817277552671351
-0.811761770766068
-0.892054559094978
-0.919858576136066
-0.819182333807538
-0.887053486188344
-0.891250972212475
-0.802056713900715
-0.88480735865651
-1.03217977183492
-0.882706637090491
-0.825099290370624
-0.882913654042295
-0.880284030151219
-0.804524371004763
-0.880625962753786
-0.843079295037474
-0.9738299463509
-0.708756197128562
-0.728908905848625
-1.0126727108382
-0.902282946097708
-0.783828352821538
-0.869238903746781
-0.950925822870203
-0.739191491497754
-0.880382217738111
-0.778611946908974
-0.824350777477789
-0.779131961560494
-0.979035948165277
-0.753605809123107
-1.01511695757333
-0.807615855843967
-1.00618829650222
-0.825909632592343
-0.742957717829016
-0.734366177803864
-0.785783204178515
-0.815302400495653
-0.820445645341212
-0.794004746793757
-0.787701789302135
-0.79960528256924
-0.762585060285287
-0.682236509357928
-0.907978914689181
-0.715545187849161
-0.743958309603355
-0.827241536288559
-0.598188080649688
-0.683102210607873
-0.762202696583923
-0.776193665883533
-0.722026400441282
-0.685764016836841
-0.820329807263103
-0.750228571578155
-0.601076940696237
-0.857523199920762
-0.845544829023244
-0.772721307273341
-0.85388780094131
-0.833177611695748
-0.753081490818774
-0.760117718805078
-0.585927835055517
-0.757040362688024
-0.645619318681987
-0.896212532044302
-0.823366998121751
-0.870243878410405
-0.855231647798007
-0.705856549899092
-0.873419517294483
-0.720181243327926
-0.805816132700235
-0.674653712310914
-0.690225989543285
-0.734390517067827
-0.659331676938811
-0.839476344336899
-0.751014721059013
-0.763000046833756
-0.674799761555104
-0.792041268065056
-0.672575107627542
-0.634810700304144
-0.636911075821627
-0.577090778698351
-0.897288394968778
-0.549346513804209
-0.677727043655331
-0.771186763578273
-0.758809596390363
-0.692357372401207
-0.680266284005887
-0.631677044191555
-0.552816046243013
-0.554826239502006
-0.624897358662625
-0.754942890187066
-0.738294529276827
-0.626412732991689
-0.685503541312053
-0.600456771466959
-0.681645344091692
-0.669039008277461
-0.760270676761981
-0.613031450646892
-0.6814427752948
-0.560834851389254
-0.585515203964864
-0.728982121390478
-0.723331004226353
-0.624803100463739
-0.74825991979127
-0.734309846281434
-0.594277748651563
-0.61935332449352
-0.552698976705992
-0.689533960330506
-0.727779201706049
-0.628323449646967
-0.709991718235796
-0.628686697607912
-0.806494106685556
-0.63378389162264
-0.724107040421158
-0.617583344050597
-0.631396301643525
-0.661010490741624
-0.671905057000493
-0.611890716595217
-0.619052028424923
-0.580214486305941
-0.631751487243687
-0.756249038232276
-0.646605359601322
-0.729795687884253
-0.496977675166085
-0.629600776362448
-0.649030671378764
-0.590038146519254
-0.667987148546793
-0.581055563536171
-0.635728855985953
-0.688189345310498
-0.718341013421731
-0.527177927497989
-0.56065969625653
-0.542843918603948
-0.673815622329229
-0.629773442228248
-0.363533933978643
-0.589303582059094
-0.471565666828043
-0.321732990849094
-0.504660780420816
-0.523746511588801
-0.658219144325546
-0.533688602514474
-0.629413515567074
-0.518402175524786
-0.347717361026534
-0.504387901855236
-0.704974052401221
-0.723586845593163
-0.61058931041686
-0.591980910574387
-0.417594267984745
-0.7963079275601
-0.687758498687196
-0.603235719713193
-0.453053651937581
-0.515820895614982
-0.378511812305254
-0.566009534080254
-0.663725606614827
-0.675528677505453
-0.620134147020998
-0.607787504289637
-0.534944062161142
-0.443329629290053
-0.716700507896702
-0.46623339325025
-0.543719452198208
-0.467879678233265
-0.526401827964267
-0.591017239724156
-0.501435214922768
-0.599091509114952
-0.595329510175496
-0.366836867754258
-0.511798041760363
-0.434480123428398
-0.431558974312529
-0.644701937359012
-0.384690044938048
-0.480629129679998
-0.442957699838795
-0.38512418284903
-0.633527360299559
-0.474192898907193
-0.513052897077876
-0.479909765218894
-0.465988439407533
-0.37836939940341
-0.579585407731252
-0.536799129825031
-0.271203749146528
-0.527002502604818
-0.626610458151633
-0.575727785671377
-0.438388030700529
-0.538444102480493
-0.539179103764872
-0.466332156416596
-0.478958509627207
-0.35251996610608
-0.418168224289571
-0.394154125013093
-0.425430423784765
-0.662378396049631
-0.455356139447812
-0.477436234450872
-0.427470286197004
-0.455768130713811
-0.443028785574031
-0.441854679221169
-0.501381840343962
-0.426900907585172
-0.488789698917513
-0.505350370112066
-0.362562830261479
-0.414137150970619
-0.346567419077231
-0.640935237658887
-0.467912356681424
-0.385026898214775
-0.615019925656264
-0.445697241106202
-0.376683982733501
-0.446675178595666
-0.455494841031984
-0.467854868889277
-0.313416740790749
-0.548237547134507
-0.470514415973674
-0.45275819589266
-0.326946344328325
-0.39469782393321
-0.228974704619798
-0.369872608657762
-0.568876330596746
-0.188197761648398
-0.327459935017895
-0.323763199000957
-0.352342613011855
-0.333966458819741
-0.390626103920651
-0.230087132872284
-0.423152426302204
-0.360644145581147
-0.324282867549538
-0.178203383669385
-0.464436909446382
-0.407395954175786
-0.29100156127493
-0.368414856636521
-0.31179686155004
-0.437195779813459
-0.429219595210527
-0.406846084962954
-0.203571196074115
-0.272807791538765
-0.395634666289682
-0.48999330209008
-0.191300997853126
-0.229173589529
-0.283560177192092
-0.279536583319173
-0.312545708794764
-0.353280358373131
-0.287296875140884
-0.259787168862188
-0.307586430198818
-0.228909310030882
-0.298088783626009
-0.249650211245621
-0.341807937158211
-0.233365407153532
-0.339533141509587
-0.369607276008004
-0.285106365910349
-0.371119942004883
-0.285743537741812
-0.413648633811213
-0.208836025768382
-0.297883549889477
-0.306354212140066
-0.1647756462103
-0.417002422104786
-0.298121972755726
-0.271517354135807
-0.334887080916448
-0.237221169401961
-0.278750350981414
-0.256290068164004
-0.356310628195057
-0.288933712812929
-0.129467268471688
-0.17707012803711
-0.290425061771615
-0.295470198686139
-0.207028226893606
-0.212160949479506
-0.269769225555345
-0.217411700893626
-0.266157775818726
-0.154223623670128
-0.158033131379501
-0.289494517125106
-0.29499188842611
-0.163641462282636
-0.320813000836466
-0.188436174334457
-0.245721390351498
-0.242690086576122
-0.292453605308647
-0.15460247221506
-0.20659487706088
-0.196101227399437
-0.265045416729732
-0.283459299077179
-0.237585420353219
-0.255648383364348
-0.192521654494882
-0.279213235167138
-0.144722201600666
-0.208604777932095
-0.274085873656719
-0.273803968050235
-0.251046498535995
-0.0555787361710894
-0.323815230562993
-0.248039719049973
-0.0317300347507815
-0.154837745311792
-0.319571083696724
-0.0545825521713303
-0.154848118592639
-0.272661910830301
-0.270849842275672
0.023420319740831
-0.328318574576991
-0.231216835126151
-0.0808718070775265
-0.214530173455561
-0.126386876256424
-0.200806408854395
-0.173446317134844
-0.140107184789226
-0.122718985368725
0.120195298340308
-0.0178767979818764
-0.0830732384627967
-0.17524844517597
-0.153043327492731
-0.160076874495674
-0.151457978425333
-0.141104485960145
-0.158436994345372
-0.214291532341075
-0.0214598074150573
-0.0454204169862423
-0.0510235247115704
-0.188444709821117
-0.24086082255913
-0.171994670578416
-0.102154370024951
-0.0681274266561928
-0.114456190508136
-0.123170658589777
0.0559333974161264
-0.0693544475690678
-0.123357106137754
-0.127796491284854
-0.107376057542434
-0.216283672481301
-0.247829212291426
-0.183471316528753
-0.17007666824758
-0.216681403927125
-0.149624398947445
-0.283902916540415
-0.191392257859961
-0.14043303729989
0.0760239526637728
-0.0662499184786283
-0.0263998105591729
-0.132428814663366
-0.0426866429788473
-0.12794805009428
0.0106564924340841
-0.113941248207049
-0.141625858454372
-0.160712299029613
-0.0848487987501925
-0.0234757211365758
-0.0743286857635346
-0.0615861053260829
-0.16881715282984
-0.18047736315004
-0.108960047859404
0.00985180494610417
-0.0368995553591814
0.0156411257277869
-0.0986178949329591
-0.109112912751051
-0.0207771686607655
-0.00707958568123222
-0.328776588196057
-0.146779387109378
-0.251499008806854
0.0409774111553847
-0.0536091606580171
-0.0244566662785606
-0.00401922343378895
-0.113770321361705
0.0541871865108458
0.0221876440654161
-0.0541659092667443
-0.00603152055424025
-0.164810382160263
-0.0319933212514302
-0.0731603580911388
-0.1728297729263
0.0157469326812443
0.125336187505452
-0.0125937964055924
-0.135404427071098
0.0621246006226877
-0.130520002025278
-0.15943629906085
0.030696006122548
0.00693312186483852
0.0216561276490333
-0.029660752544513
0.000108177162768731
0.0324390878672372
-0.0349706120556542
-0.0726047850997621
0.245633305423461
-0.1477483960209
-0.0339175984131572
-0.0352842667192556
0.0688617849158901
0.0358379339271747
-0.0488432304099231
0.0130769163008637
-0.143201271524325
-0.0235128151342764
-0.0155068618229922
0.0461156602993671
-0.0365604375631816
-0.0245935463654904
0.2072850428994
-0.0873433125926129
-0.0291881125812465
0.0250766056820262
-0.0911009767732817
0.00978613842049006
-0.0255458046121916
0.195880970021983
0.0786746133748254
0.0673362993723202
0.203341624647688
0.0355778900414005
0.0166370348688844
0.142805354938325
0.151105342726419
0.106567598187889
0.188543079613622
0.100065391014794
0.0600419704645987
0.173765522263213
0.126249736920315
-0.0642117902500261
0.120345837553924
0.08116151774229
0.054629431313002
0.00655448554189228
0.127403790892746
0.09020248101441
0.119759736007803
0.00323713075859221
0.0776531927262841
-0.00912996378816302
0.182313179496393
0.105932070003583
0.127107525407988
0.195353813841743
0.0367483991480553
0.131556407119211
0.158264133044873
0.137005026321097
0.208837981246954
0.00442904486071739
0.0203732307040545
0.0455594922880075
0.0358993195325496
0.361410811249134
0.245639008779157
0.219750036558308
0.0114364504650774
0.168996726957137
0.0187367359177462
0.132610967577154
0.240565771682547
-0.00699130313420069
0.0158549118076422
0.109791374513304
0.220430988666161
0.14204981749862
0.159181095293547
0.19793540960084
0.248416034375569
0.173914499003519
0.217374292642008
0.0652148426644563
0.193562634424555
0.0894461660377302
-0.015805409939416
0.117533255936935
0.0819662820856477
0.182219361450172
0.257329342701196
0.214961575013629
0.209517950658284
0.277392720713462
0.175916552620224
0.197533303758835
0.200000061156165
0.226074660816565
0.195021629364782
0.146076884949524
0.110291144306705
0.216980533186498
0.218676567718185
0.229542687781657
0.353425618549448
0.242848662426584
0.0108390751242219
0.21825950103568
0.199284057703034
0.359447743914436
0.155493082637844
0.222596523655898
0.261364234161992
0.158840814495167
0.386124223088862
0.283923706147767
0.218928600985116
0.258353189993035
0.153954863916999
0.294754370873066
0.443946555970568
0.349306700663441
0.158710876355974
0.289452585720908
0.237786452589656
0.316135981431258
0.300079352310062
0.376615879114118
0.161046970683702
0.330767855091757
0.342881099276534
0.191306069787634
0.198428418756703
0.254656169212743
0.349636511912703
0.226067769781597
0.401559303757957
0.302847236204464
0.431866548838657
0.255388416514687
0.269398639094874
0.289111337921694
0.284048390705156
0.207727269050569
0.253462206156973
0.204314087866516
0.380975521361986
0.393158006413869
0.354231659831416
0.240278466317351
0.447405157629607
0.522543722434983
0.394621469164841
0.352952706622062
0.377607521269223
0.0699454473482903
0.350067579549884
0.365012406084403
0.178057564904243
0.451242435205662
0.319071166459592
0.340144823278132
0.367524227452259
0.314712586382067
0.415365875766621
0.288529728984142
0.362098083786556
0.298539670355906
0.3074404560109
0.4051466185193
0.306968738241619
0.376101651650801
0.36084506876397
0.25466554378908
0.422486616641892
0.34939741402216
0.28971230696041
0.341094357536318
0.345819880478199
0.384269183352909
0.461676468230311
0.311012182153424
0.374471903236852
0.388826080928215
0.501076711347668
0.431486571877838
0.386622981863164
0.37228102285717
0.408448629744891
0.360240831771852
0.387940490015193
0.497973484451102
0.301646666825696
0.475332546340263
0.401199961175414
0.397506995338836
0.359863397651737
0.38434476087573
0.46379527551295
0.443698783160984
0.484885061975494
0.326151783998411
0.280152036538674
0.372488972131407
0.606968385648748
0.397976120589826
0.569575726061476
0.344688346316241
0.310210230750184
0.336603837532116
0.453737667347057
0.39852869387014
0.405866579763206
0.362796434771898
0.462372882675041
0.444015315668338
0.667715373455984
0.480029839209518
0.495048725448878
0.472938052787908
0.387693896962709
0.518017945948198
0.433174175976232
0.383015055745488
0.548456309324106
0.630815903568762
0.267434576740992
0.523077405403397
0.456176494750768
0.60549093062495
0.327351457135897
0.429606346603621
0.542690198704421
0.448418845939677
0.501152700177002
0.505312433754904
0.3852042377315
0.549001009571194
0.516108772148298
0.529180314753282
0.267544321732935
0.44532206186912
0.422329274367115
0.345893994659007
0.564651987842368
0.407811570317428
0.473828490700157
0.536257808764646
0.436434645404239
0.361386010217732
0.585020637280464
0.465257734871835
0.410016656728178
0.551071520777745
0.473853127057727
0.486468334533846
0.348714988394005
0.485136734864162
0.584956826226616
0.478236832755734
0.552279798626765
0.522574843761587
0.459370627318439
0.446101169451329
0.560602750826978
0.451965795059721
0.534617274259285
0.538718698520143
0.572782901411031
0.499864689525597
0.480769182049693
0.488162194691532
0.389898934057753
0.538145604742499
0.538181051448317
0.665985272560369
0.647038445383325
0.599516523877789
0.372716272641025
0.56440381118572
0.507352697374083
0.600783890122776
0.478432052458659
0.479528312223252
0.59457235417298
0.564532062911394
0.459070417104819
0.590476687113682
0.501656311141583
0.62786374778034
0.545437007039027
0.443842853283505
0.723713395222903
0.609965657553389
0.629803740938197
0.591792311200023
0.643557558920386
0.516041831877074
0.594816859709789
0.436929180824059
0.670088292840815
0.533627434616562
0.559223108659547
0.646181469987886
0.779206729867761
0.628077255017601
0.722545151747434
0.575856591104381
0.567378774290064
0.686441960630667
0.661718370330186
0.780421170254686
0.730480882528418
0.589935678768254
0.650164982474244
0.683537343958224
0.507610335141029
0.643093280448832
0.542197231361101
0.593111874167921
0.534998692159307
0.538285348332819
0.610119472076345
0.505484906872366
0.63442146851494
0.794554441816048
0.584987978638332
0.729641194980264
0.768694006799339
0.663843844745052
0.661969887552181
0.617862653684945
0.587454715099307
0.677809786829407
0.801351908892799
0.656576244470185
0.555875766470038
0.688715265831975
0.584297985964265
0.52346864085698
0.648155106925884
0.611079371006096
0.746265191670971
0.69451102653589
0.617516395149663
0.540133913452507
0.635871432175929
0.71635864327601
0.693219002855746
0.755428075845665
0.684733174778007
0.757970299243394
0.879947302612174
0.83019936220682
0.566779341637349
0.81065371986323
0.70917269914818
0.795572067958344
0.639462917620099
0.708510083834906
0.786004375435876
0.739872353770732
0.748904243726013
0.743632437473475
0.684234866585879
0.722673740970991
0.765766450144662
0.701563480385984
0.692248347431467
0.735960506094428
0.647501517208132
0.708134762263424
0.749014536509466
0.690210530437161
0.693611221666467
0.65854835311894
0.852294159085882
0.689361850915128
0.658688157825561
0.730921044762489
0.617018548219297
0.657502051308954
0.74263314366217
0.733630628894183
0.782500605890589
0.609692502832909
0.667040968236187
0.621389594424595
0.778699393715303
0.729303598883701
0.870245863116949
0.776689906376644
0.747407679608252
0.884104465815372
0.678549433981775
0.762559822520779
0.784941766279484
0.791060386373683
0.775812147070103
0.902487528232013
0.766228261294935
0.812793949376568
0.752851516783915
0.813494646339245
0.995153862659802
0.920581562026799
0.850429149833986
0.830506606440151
0.928174721129595
0.775162874264551
0.813420706759499
0.810561012633734
0.819662477342773
0.93846116452863
0.783525694184444
0.786813458655257
0.822487714728124
1.01207465910303
0.650746004835131
0.827405897667296
0.773967868418291
0.88018641732042
0.830487055483667
0.83077486192998
0.769329729680012
0.932854369695003
0.626383182130276
0.930911039956351
0.866945934956225
0.659609864032546
0.910436448459465
0.928007866234981
0.964580816105392
0.860807064516003
0.957525596931089
0.786214065175588
0.80606161261226
0.881746325144718
0.966560759416319
0.916095852709787
0.852633634024442
1.00172955386781
0.83744809219452
0.803395781137724
0.960937323172887
0.934258739665675
0.81200510691314
0.824818489680217
0.888948205211356
0.962493166279242
0.953261315922666
1.0134308557892
0.999612118888013
1.01829047306242
0.945996715132337
0.829870831895533
0.906900567448721
0.964965816980733
1.06712309815319
0.916892845205707
0.9502788390721
0.98246783098543
0.951095514497245
0.992925610617107
1.08790148311617
0.893244600833428
0.899464464593183
0.832623220586658
1.004437375179
0.963308908890965
0.931037729709597
0.893387373257118
1.05573120900143
0.952763601223397
0.953901104000032
0.924837745466069
0.936729415879566
0.855470522537461
0.930983193807921
1.04944351908217
1.01688475888956
0.847005788704624
1.05970670141074
1.00298486184089
0.819357236811113
0.928508561148649
0.921354949412015
1.10743338361909
0.973170747894067
1.07618208110622
1.03185068924206
0.915475225588991
0.807772667604313
0.99003949641112
1.13666477505439
1.12571082266428
1.07895524139062
0.932419727120662
1.08532824924208
1.02536682653836
1.0109729309068
