-1.02806242003665
-0.909866772595922
-0.979408150702381
-0.931394589997502
-1.01503767403244
-1.09255098615217
-0.964809275379582
-0.829003929289104
-0.922406040235464
-0.953803821685818
-0.978875934930196
-1.02587360910517
-0.980237867961461
-1.05855315826565
-1.05687055633172
-0.955343542110474
-0.989215492462094
-1.17729193824073
-0.985893092796021
-1.01442169807078
-0.971833100151365
-0.954134704287358
-0.842701578708383
-0.940998862126483
-0.846164245427458
-0.947941237342426
-0.888232376725145
-1.04750812037102
-0.966300020431403
-0.766767851380011
-0.898558169941562
-0.844888366639775
-1.16777057101295
-0.869888229695186
-1.07869227656672
-1.0396511598702
-0.822451064078911
-1.07829132126484
-0.944248154296469
-0.807207163799113
-0.957199232854847
-0.88653710752131
-0.694222115799435
-0.727093922860636
-1.0240044244806
-0.847235850111302
-0.967203046710906
-0.981099334862727
-1.06600679624911
-0.773671108647521
-1.11992854649079
-0.966383732765815
-0.955086628587029
-0.725513210942278
-0.927615328762575
-0.809120914686555
-1.03124361964147
-1.02427145285369
-0.745962683630796
-0.92260915136511
-0.789494146739813
-1.00292402895557
-0.86559939226546
-0.855769466324881
-0.847289047077794
-0.804458069283655
-0.813114235769301
-0.942748329691071
-0.827362067920183
-0.812259975832625
-0.917214331781633
-0.817425750970706
-0.942621696950341
-0.668288510131442
-0.764156498887776
-0.728774413936272
-0.844290177204641
-0.751975968887501
-0.836234946195467
-0.819562314758878
-0.842811444314138
-0.756614766041795
-0.888061846670951
-0.766410185298309
-0.773656064354651
-0.67185082971719
-0.748134004537367
-1.00142320175319
-0.835153578037072
-1.01290274561585
-0.827823819745866
-0.798693877953036
-0.91603551481031
-0.793813618349143
-0.819349091329491
-0.689184698683391
-0.782144398402245
-0.903709209042365
-0.721953305608285
-0.807844335124474
-0.790944006845832
-0.857767366141814
-0.834400471752995
-0.838764572659093
-0.817320914378617
-0.84537858395489
-0.814006905723833
-0.984857323465113
-0.758736864368133
-0.778773059970051
-0.792696512320379
-0.825162558361646
-0.697701832429587
-0.807883213943579
-0.747765268853532
-0.670255156972344
-0.79618071674673
-0.620633412120003
-0.773125103073092
-0.661609561999839
-0.771695888061004
-0.832323597596891
-0.725779719085124
-0.881415318811816
-0.650564227025795
-0.653636333788929
-0.799040433403941
-0.756143265077574
-0.849374790800732
-0.686538549154119
-0.555455300477747
-0.753837216653134
-0.667452435612555
-0.861171564863497
-0.487568505963745
-0.749030775809484
-0.750393812999656
-0.786500308931456
-0.652394216037125
-0.654439788956312
-0.576027020453421
-0.581774667386985
-0.658109721931569
-0.666865460791963
-0.806312022307266
-0.804818183554445
-0.745927241774855
-0.715398139149155
-0.653848040661411
-0.862084613942773
-0.704496998466799
-0.738478218518226
-0.701703622344235
-0.788450513893668
-0.640575516552435
-0.599357609927003
-0.772914052035273
-0.622508950449859
-0.656579655609483
-0.692852650115633
-0.62865067382886
-0.667570469045625
-0.756991297734963
-0.711175939307012
-0.588779606013906
-0.592633978797474
-0.85034319291663
-0.527653810105822
-0.711407151780533
-0.624975068350314
-0.686924866020756
-0.67226354825075
-0.590595660399525
-0.659379357748307
-0.591847109341405
-0.679136138051879
-0.646932221401352
-0.49544757611627
-0.771053812170988
-0.656973875455017
-0.696975121703446
-0.581941431286209
-0.640471726855296
-0.522464721617118
-0.605534977314556
-0.564568768346737
-0.650163359605099
-0.526835238454086
-0.65291991269144
-0.571470672972835
-0.515362555570068
-0.712626206959042
-0.66189064735463
-0.60893657804936
-0.619417833250323
-0.726245535648795
-0.562308996760215
-0.609757214074841
-0.662922051719275
-0.715595502633527
-0.489952360598892
-0.538809852496381
-0.724458451103066
-0.620154248686913
-0.705472819228494
-0.636478434641548
-0.753795199859664
-0.641444204091247
-0.596619267242271
-0.514787419417593
-0.65850239442647
-0.544338719791848
-0.568504068612091
-0.515989375550986
-0.573406700693915
-0.542734768387286
-0.58553418905878
-0.616241720706479
-0.59752469806094
-0.686577138747643
-0.54314217622741
-0.569221107178371
-0.573770993567915
-0.599653153461096
-0.485315575156131
-0.481731496404265
-0.635830743813571
-0.553659079703143
-0.585408255792039
-0.521620338124875
-0.334188634723247
-0.507125950505991
-0.40510127060599
-0.591072553588575
-0.434490994220081
-0.648571767148287
-0.500480765278805
-0.515719834760461
-0.519365016688113
-0.579131342099588
-0.47967916637036
-0.551733197129455
-0.640628887628001
-0.626774183441674
-0.41849330142723
-0.439629072891316
-0.430108559084723
-0.563095788261685
-0.429074933609647
-0.464248067397526
-0.51360308424401
-0.509182753618287
-0.419710020843247
-0.570323956947418
-0.607161904879927
-0.517427148296526
-0.449246023469976
-0.43592015595867
-0.45053807300652
-0.347160970716825
-0.438426152887017
-0.618886663637639
-0.362822679936681
-0.58075577249712
-0.553476003597166
-0.473325347883584
-0.422153415073763
-0.280334269240797
-0.365482566635966
-0.303512003718427
-0.398976294498298
-0.42258381558921
-0.48623436943014
-0.543289103062046
-0.401781310890236
-0.487998182558027
-0.499127965946812
-0.441054677133251
-0.413594131123999
-0.467207964215131
-0.493459066159799
-0.390233755395702
-0.501748370803446
-0.267627494801419
-0.362062635442124
-0.379154175439845
-0.459970848141986
-0.454091227899608
-0.487482064912899
-0.337406963827232
-0.436598407949288
-0.463963546188171
-0.449277091939548
-0.419629740400898
-0.498860956399721
-0.302344767515302
-0.425826135857131
-0.424009566322753
-0.595849140631781
-0.418182279297919
-0.436911521386436
-0.409704381178937
-0.271068479063682
-0.318246427597782
-0.382513748300611
-0.35361409926479
-0.319294666768701
-0.279754339191195
-0.336393861459772
-0.33223035313778
-0.519151730973407
-0.449940481644434
-0.131297322038388
-0.506449680880177
-0.330834311391337
-0.351950641636661
-0.411184512883867
-0.42626318574962
-0.434441266126767
-0.361985326049508
-0.374722471883918
-0.33354726904409
-0.251884736348858
-0.353860251105623
-0.35966982422821
-0.312185862197807
-0.104565257484342
-0.294190296516359
-0.339671005270384
-0.172220008875955
-0.494272903834114
-0.399396518022293
-0.304914494913323
-0.273831203463698
-0.280298787908842
-0.212222823678616
-0.421280193090344
-0.291360725532798
-0.34386679650906
-0.367500734591239
-0.315089301377002
-0.210907269989281
-0.289191353778166
-0.458914941121629
-0.214060099228878
-0.182649108333621
-0.214887577095112
-0.194357738180612
-0.332545503321284
-0.284596499626314
-0.179717596977922
-0.371326314291635
-0.222850968255654
-0.347278079367446
-0.298879788502982
-0.259077906973623
-0.230311976053865
-0.283933684789816
-0.246906817657391
-0.317004963763347
-0.401491801540671
-0.323627271640954
-0.320444172018704
-0.199942402400635
-0.186224777257979
-0.196785941296259
-0.332222957973945
-0.263290085449858
-0.237291743912875
-0.156744573613729
-0.318693164958709
-0.217606343465665
-0.466366707478191
-0.197118801479207
-0.313768800644531
-0.321186701888644
-0.18145274220382
-0.292108136534038
-0.224959083936416
-0.264353562549642
-0.36165555230185
-0.252518424830874
-0.256190133050376
-0.37138926713415
-0.274592513576276
-0.270163672207318
-0.376173787193149
-0.219825146778387
-0.094687296867919
-0.226826983110533
-0.203028787170196
-0.29664514669876
-0.0936258702781854
-0.150043123986091
-0.296803744068479
-0.304244311283469
-0.126400933423465
-0.225119273853988
-0.381726828403545
-0.14597625790273
-0.19319958195483
-0.217670651459564
-0.208391711606917
-0.253167903909671
-0.301658728902569
-0.119963305967911
-0.062402045980423
-0.325288229381914
-0.102721239107542
-0.135507157572879
-0.128253277357611
-0.221825562959376
-0.175029147328033
-0.240909715897195
-0.231948690200916
-0.0540388857791765
-0.229483710823839
-0.311926653142334
-0.210681632335118
-0.163303850585101
-0.0430590774207167
-0.222481062947485
-0.183264241427534
-0.18245017813107
-0.266663419402647
-0.18335436989233
-0.210992330572217
-0.177366295763714
-0.112192224693085
-0.0698968976944483
-0.132775825851191
-0.129807674508982
-0.22274083957086
-0.117504675794435
-0.0402043851477189
-0.148033617124613
-0.13756576811135
-0.382063804504255
-0.0938627085262057
-0.196879950858325
-0.0468596177373418
-0.159546331228019
0.0175126457895862
-0.0965473780568754
-0.0400489420802768
-0.149213055498019
-0.0977247253558061
-0.165823198952007
-0.100904918331137
-0.0405159526880426
-0.269640107338462
-0.138897387213774
0.0747595393313894
-0.054232992400288
-0.0452962702376536
-0.0975622607975126
-0.0922760521845097
-0.0558378596077469
0.00316377062770607
-0.00116885332989391
-0.0684209424202097
-0.119489323244201
-0.0402464890220981
-0.0108337295996871
-0.0955598422703308
-0.118064338816572
0.0826712101842954
-0.166589189683865
-0.0257254588226583
-0.00527005935704147
-0.0961340305156831
-0.153805097619432
0.0284576746554598
0.0380265067907831
-0.0450726176237608
-0.153264558319949
-0.288152146594488
-0.0666988305348476
0.0600515363841425
0.0157468398765377
-0.0209813014056226
0.025938524742675
-0.11956135890111
-0.0750001549308916
0.045065386982915
-0.151377070377531
-0.119723259079903
0.0875791464328265
-0.249626250468238
0.0587362419148176
0.00807969161912848
0.103621188453137
-0.0989621089458832
-0.0472056684122398
-0.0772283445397022
0.0759553698009227
0.0381673794634752
0.0474405652967862
-0.198281311959507
-0.119527896206051
-0.0528439838908359
-0.0881392739440368
0.0403479544342622
0.00160702484204052
0.0523807393191447
0.0483355625677863
0.00593885844615691
0.104709533289748
-0.182644891364636
0.00434553769752698
-0.124368519551814
0.0848870492668973
-0.0590488117258948
0.081255158145053
0.0540971141885388
-0.0224373961147408
-0.0712933529989492
0.108116064747782
0.0557839821304708
-0.0197492905880321
0.0304131846987663
0.154737684018804
-0.0724590720735144
0.0650196578647299
-0.0143729673165763
0.0635632041295771
-0.0876752501716889
-0.120030932032288
0.088403149963489
0.102993675234585
-0.0276346576024771
-0.0750640778980149
0.148427949472577
-0.021136053220621
0.0746827723662791
0.0031033837692808
0.267782363833736
0.0732344261292563
0.0261648076338238
0.0355627284891674
0.177587890839164
0.0394322660880658
0.0483590143890122
-0.0351478941973752
0.00104275403821015
0.0436028857690548
0.0884387021520044
0.0839770170870295
0.0981070200973659
0.187395653356315
0.0989486040751454
-0.0134213540233136
-0.101253029333399
0.0446891666107914
0.128751492534251
0.077600381108085
-0.0341763352057216
0.156788250830138
0.192092573821251
0.0568871252284576
0.112284215824554
0.0585550724311155
0.192483347281193
0.283064582793173
-0.0181924957137569
0.224473501264337
0.182209237105683
-0.0904420053384727
0.15832002919063
0.140756650608812
0.0838531895215003
0.152937733160923
0.221139655609582
0.0660225934457521
0.0437576187830431
0.0627691451242265
0.322382055014547
0.255995983400513
0.176564171274046
0.185791853198323
-0.0536575048901962
0.255266083732493
0.222435583465684
0.0499734409171763
0.0899728161591576
0.0784144580869264
0.176046712254943
0.198709697542635
0.221742591282451
0.070640514462216
0.116761458932126
0.281112157356676
0.118812295923527
0.226220016729384
0.0590591604816689
0.188027825950635
0.297908872553517
0.244168080068798
0.169353872646411
0.267613286362836
0.117197015604458
0.317334259591073
0.164488830642711
0.320100483287156
0.201036141374039
0.00931331284553654
0.159491224572701
0.280898133933795
0.262606868529635
0.34911762774996
0.191900041583058
0.206855170329217
0.351465902239591
0.320429682993532
0.292900815081075
0.16039558284766
0.0893004144157538
0.286356090777616
0.267865698272817
0.0259140128126026
0.252883439027023
0.266066743611768
0.176539229247142
0.282976605499106
0.178028965028305
0.271728873127852
0.122957579365396
0.2671742159157
0.220130188444129
0.377073444671586
0.405853837284824
0.273891729552211
0.124441167866271
0.270075661122993
0.262812697918542
0.326162602205382
0.123135145454696
0.434055362979003
0.288095770254129
0.246183154654182
0.158375055268406
0.29004739936781
0.259500676986212
0.269986692874761
0.136007659161426
0.266625359222903
0.263749327132114
0.359277275901748
0.230311784715552
0.32492925044424
0.399330209450645
0.267898438142035
0.404476445019031
0.439869599245027
0.344061353541148
0.357021417635089
0.311356320536888
0.334429028879805
0.418863775110805
0.268425036373027
0.316950335706689
0.319210259973051
0.369118934378177
0.375622485714572
0.542785241748784
0.420909196234339
0.32875321375125
0.329150651413525
0.290243841226858
0.458869587705666
0.307381390816565
0.414148510826298
0.34628203488595
0.441774052835771
0.224550481039965
0.406186213703373
0.220822199434042
0.232143312400178
0.274511622948601
0.285079021268199
0.440952381745638
0.218077060865362
0.342234509765709
0.306754491255216
0.337571433365029
0.474466097887513
0.454781209392323
0.344539504237565
0.406191383333216
0.400836327831057
0.314197836771316
0.393317289724792
0.33753432882367
0.301630740718976
0.428768370511194
0.429501784211888
0.375204543270529
0.481922329618071
0.48172454769187
0.261672479169052
0.421782837655747
0.515980471576114
0.447723526748349
0.423516712297898
0.344708726879713
0.394820226834486
0.388256323901915
0.397324326407592
0.25973232665552
0.429774563878552
0.546892666386101
0.36387376353668
0.451338787622871
0.595289558885934
0.499441247980108
0.445894130862761
0.370346909816516
0.539444393754944
0.346697369618379
0.426642751709722
0.492609901224888
0.334684992981145
0.462442461795951
0.353979445802047
0.451617727359975
0.357087042423955
0.54729620756255
0.514734532451337
0.380830760695603
0.430378955123855
0.496316286233761
0.461170455778079
0.483370709960814
0.549536538117057
0.362655155837401
0.453906119350539
0.463009328464082
0.589550409970773
0.281765715860737
0.477249421536051
0.4262273617292
0.613777819817471
0.627462265492159
0.409574710752165
0.694513034613708
0.491859374965145
0.535043502988774
0.573246695417181
0.40221130912968
0.464748781942661
0.451811317249995
0.471825962619667
0.496150990435326
0.464224713224731
0.511054551548136
0.4136633072845
0.520681226941502
0.55012055090247
0.389636389991866
0.530079138805916
0.554764395732143
0.508412343897
0.554964677317826
0.479932814282883
0.494193048429454
0.493327526396993
0.633929737481461
0.549645914359534
0.637772010321871
0.480218084832531
0.407450246184049
0.543342545388676
0.531487390980073
0.519602587188793
0.528888348574475
0.529085103882554
0.514571459708392
0.525379032380727
0.604442367614489
0.58566909482312
0.531026639249792
0.479623081818624
0.564595386380938
0.443119386583159
0.547495844820141
0.490261567940658
0.54510316005455
0.69685720326688
0.508420759421411
0.626426049278794
0.535930379069631
0.525831651005934
0.586362666201873
0.693417113111488
0.511551618609841
0.489572268332695
0.574560262696918
0.625040594453221
0.508523058054902
0.604720719990172
0.5239748865042
0.682210316190939
0.57795462828645
0.591217257090364
0.592730570428039
0.718623121525108
0.590550094717955
0.550657901808339
0.474933084171497
0.697835730733539
0.654494067241353
0.577451242984815
0.682448282416077
0.786666133713497
0.657158541510742
0.618273329471798
0.653929368010367
0.649320403479359
0.514738682142737
0.589906357913396
0.614333703667692
0.713868192012098
0.582779901535194
0.709689500006796
0.636979232895511
0.517120525289727
0.751076802248511
0.702386452113686
0.730539020969689
0.703739535669962
0.563865386676857
0.585284723292392
0.644026076749477
0.783275252088624
0.587024663127096
0.646727770850727
0.66802763505628
0.86653252417797
0.658416662989804
0.687857461914058
0.711350758081114
0.761120470106496
0.638195990747936
0.782617305041451
0.662710249938125
0.837656766411175
0.649294855385681
0.824301393969337
0.697296168616256
0.602195347870571
0.729293775575653
0.667651658290717
0.815460046093433
0.668048659910819
0.762659303381715
0.960055424312288
0.810430252884647
0.599336086257355
0.685692032501958
0.779260263349845
0.632193130730225
0.634617106870011
0.654071392778891
0.910466883178253
0.737340357401302
0.706756378685769
0.628399698267812
0.808431400223306
0.727017163489637
0.701551101373864
0.693937580832076
0.789331295374505
0.711303447655763
0.715245455260152
0.780660336714858
0.640618146260057
0.843731392182807
0.790938660457167
0.973962901883233
0.718339962595075
0.609317795809438
0.809431321621558
0.758615130584292
0.699096538376944
0.844418427153719
0.888500396012003
0.773035613513505
0.585207359191045
0.885614903039087
0.727110701819746
0.783351368630438
0.727244425793749
0.883270189898064
0.705294448157769
0.830403865803972
0.809640789417852
0.721013452815094
0.849674350106393
0.640786445971303
0.88725570404005
0.881273052041128
0.742063371978111
0.713488519227435
0.794325653894115
0.747687607741959
0.645185103266713
0.803023929401443
0.874195753271163
0.79921306937829
0.838694172359264
0.874726866250469
0.856575252527334
0.866628551148435
0.869677018469941
0.826744298772832
0.701336150973519
0.797055344262732
0.861850210068017
0.893097682026457
0.828136979860871
0.901819825317558
0.936046054234594
0.806004444515934
0.807426367473316
0.866843237160562
1.01080616849513
0.800278841720246
0.829117306590111
0.788164044134706
0.833259661587282
0.857460626011983
0.752966760257264
0.807539978146666
0.864545108207134
0.809208423147078
0.690196871070274
0.745454480497119
0.827891726711914
0.806160433752869
0.789966149738727
1.02544053177465
1.0267243549637
0.92216515415991
0.85584322496086
0.760795305348579
1.01208357785033
0.801548403289747
0.993103533547372
0.941414648145964
0.780712541615814
0.93493311241307
0.883576088348997
0.827369589360192
1.1202980839174
0.727258082581674
0.884413186272887
0.868486411257965
0.914128591824946
0.907851649354172
0.877732781016826
0.976277059023788
1.00806907562028
0.924454436301583
0.779885272259677
0.924316095943106
0.817257406846558
0.770049670716933
0.996973689551442
0.862357044579549
1.07842503773543
1.04185956309059
1.0571246895143
0.971901953742612
0.830326770000657
0.898173332184784
0.912305341905509
1.04970396132845
0.781154264765792
0.917141852869847
0.918359269894487
0.914435672904142
0.861954209905051
0.881675092167291
1.05790395528976
0.987418814572094
0.935533983186231
1.02755694205089
1.00736365766629
0.860109624447162
0.949334029308254
1.03338388621528
0.911892096420724
0.946084697460597
0.914728949649048
1.04346825196272
1.07155869951346
1.0194119304677
0.971300857939651
0.943077219053094
1.22271659487447
