-1.06484731305719
-1.12093690320046
-1.0229948377207
-0.945064386443664
-1.03996722685594
-0.973328588743751
-1.08835683297775
-0.962019778014676
-1.15176934589529
-1.02207297440415
-0.942843281132219
-1.02000905605711
-1.01056248762377
-1.13853092407826
-1.12221278630439
-0.986808705800511
-1.04947715733774
-1.10502375975067
-0.834049050625984
-1.03333863236403
-0.987661351475463
-0.886037605198662
-0.928624060361191
-0.982459998478053
-0.89738098317421
-0.860866879383098
-0.999696531479663
-0.871595273212701
-0.924700948993914
-0.875692530860057
-0.947472595564842
-0.914285256130365
-0.998361755024402
-0.835065435396999
-0.880041143802242
-1.05533462519308
-1.03173619048261
-0.957314472357544
-0.881618446795559
-0.973867455434597
-1.04248251804554
-0.804532667303836
-0.993705018357675
-0.98457304206578
-0.94092004154533
-0.93827093050646
-0.990470523017664
-0.924157584484348
-0.891977131877107
-0.975129117912995
-0.913865358494166
-0.961422905615216
-0.867608390633082
-1.06093345107472
-0.88675075010584
-1.00648468276805
-0.950467314667418
-0.711285083687453
-0.77925979844923
-0.886344920179089
-0.886138705418883
-0.872057770777834
-0.701948459682107
-0.856095161014235
-0.964793262274177
-0.853664090917566
-0.937559546497127
-0.970984176758528
-0.996008591339791
-0.837607408958692
-0.764401313755877
-0.855721947496759
-0.821429158321631
-0.830295611254621
-0.958841411956734
-0.8426560730813
-0.890261254844494
-0.660407166358844
-0.845068671192998
-0.756440529693416
-0.71979574217334
-0.737284885007559
-0.855554310619526
-0.895783676348067
-0.992666770205147
-0.805000901101874
-0.7993573411931
-0.895017343293298
-0.793121327008794
-0.894189464520054
-0.780514268968186
-0.848136723842887
-0.940801500643422
-0.786689997209972
-0.788184703663684
-0.732864033755487
-0.718894731108615
-0.720575788420886
-0.698680234526135
-0.712110368640664
-0.839490325975804
-0.752548232633151
-0.607177155893214
-0.866350668761799
-0.808517655738936
-0.813338507285368
-0.882082665054153
-0.803320151573107
-0.751122559845344
-0.730425758249209
-0.713030013394268
-0.805904561867725
-0.702172453774587
-0.862223458372514
-0.682798097276121
-0.919290689588926
-0.723912757894604
-0.895580098222302
-0.662609756441777
-0.866939683824041
-0.729890087127559
-0.805261332905078
-0.816361092231689
-0.955199481646161
-0.749039991234642
-0.850832549229639
-0.735364205767861
-0.631820888957733
-0.71874926054625
-0.676570599119163
-0.694901874816382
-0.775447708551579
-0.809655016668729
-0.870156602575098
-0.909791868551031
-0.797570424101378
-0.620626378824647
-0.625758448707491
-0.758759606382488
-0.681382340569232
-0.80199747217369
-0.471934598784342
-0.694941747112361
-0.744045019313587
-0.638121394255748
-0.520405921553366
-0.884898122587485
-0.553435632531137
-0.674409770630255
-0.623105432403341
-0.803176131621761
-0.674971899729279
-0.784435742696962
-0.725854374155217
-0.612511457020218
-0.645987597372615
-0.6028689419134
-0.628772700013981
-0.629824588019543
-0.692616194794628
-0.598417565524888
-0.709410190180304
-0.609391535590949
-0.523688783017457
-0.659751875122467
-0.634604008151575
-0.707981691300933
-0.598390829188357
-0.559589628124501
-0.677405167256659
-0.7407821419491
-0.602939964211813
-0.648487064242222
-0.620967354681776
-0.57850110310778
-0.51964929484456
-0.565363771035492
-0.57837352319789
-0.656676163757387
-0.668728319791103
-0.731717171352063
-0.705674688833841
-0.439678127622514
-0.59671452801463
-0.620642921744133
-0.704185556763023
-0.588349745052617
-0.569637498023053
-0.721293650439686
-0.602434139972143
-0.696416889921978
-0.631761779199695
-0.721174458425443
-0.699137185341121
-0.503182383546836
-0.647790029871747
-0.64642754830494
-0.67160911451944
-0.704124081008676
-0.513429933464294
-0.656495016682088
-0.614837923691338
-0.64576305517798
-0.603682112083004
-0.564216586874442
-0.525156734877408
-0.645929751839785
-0.581173092273849
-0.623746038607585
-0.493802134443396
-0.512002781061449
-0.478518755925699
-0.573858610269445
-0.517519299043337
-0.505132985425854
-0.541139921156955
-0.456135328307112
-0.499575608727547
-0.584367435853225
-0.57361455106483
-0.575745780687661
-0.579280518938045
-0.631656658102414
-0.533303480477422
-0.419280028754838
-0.575536299381755
-0.48026319665635
-0.600662841254622
-0.52963542573237
-0.467014074945987
-0.420521304789666
-0.598293131930128
-0.507462139076771
-0.516808892763567
-0.528998665432204
-0.488927665696575
-0.531957841193127
-0.541479989897967
-0.581254934827167
-0.510062776900818
-0.568852888428914
-0.567398562994283
-0.481498221479054
-0.609839484882596
-0.531262266075995
-0.52528985004195
-0.500132346490804
-0.561673444173841
-0.486539525010174
-0.528464108925325
-0.534178472398849
-0.597694446908709
-0.377586379031202
-0.625722840391313
-0.477285038672538
-0.569254921924423
-0.506664635205425
-0.526929926409476
-0.467932778704834
-0.497887725810921
-0.61864887343188
-0.627370303696754
-0.365436950321841
-0.573297174599423
-0.397079690191469
-0.4933559083609
-0.413054690044653
-0.537380155896172
-0.417880298103299
-0.417401699533356
-0.319687189305658
-0.451440531383449
-0.556907391977664
-0.444484907005358
-0.43262100483661
-0.339760923423107
-0.44953912634394
-0.46980398892657
-0.516417524830121
-0.436413416488127
-0.456603784642058
-0.505203871669409
-0.32608200353057
-0.414275049456046
-0.458453340573745
-0.382380562035416
-0.376741336431719
-0.327014698029102
-0.338739365725079
-0.3558876734423
-0.452769898455186
-0.278838332229189
-0.307582654799248
-0.527586413118454
-0.360250426156054
-0.39475680278192
-0.452693310912795
-0.234988681216041
-0.428720487327326
-0.421356335494453
-0.42318985982633
-0.36942854971301
-0.367392786137839
-0.467324682643158
-0.318577731379998
-0.365451692015818
-0.385149094243559
-0.48436914529656
-0.474193515997239
-0.351185329184963
-0.416312560228686
-0.306432596771755
-0.28779220875467
-0.419123759281428
-0.326279954382827
-0.31397461180846
-0.422683174039936
-0.190580782784943
-0.434647866069348
-0.24525783441495
-0.365235610892316
-0.406169752919988
-0.395937644106594
-0.395201673484457
-0.36012795143843
-0.468094460027937
-0.128597058210091
-0.32502892646876
-0.33594882961779
-0.154526432106877
-0.345959846743966
-0.260810112792137
-0.341717532993676
-0.31453257209938
-0.345147194016253
-0.419554669878991
-0.323927388432564
-0.403615731836563
-0.394895619982198
-0.223933244100688
-0.3287840821606
-0.365025252361229
-0.237615655238842
-0.446512540165964
-0.365184360637581
-0.210510320447885
-0.351763233198288
-0.470613735479942
-0.421483571624284
-0.222184347492019
-0.299211561475062
-0.289916538446229
-0.203259055045393
-0.253015803103757
-0.210121432407948
-0.239022296074438
-0.309172793622149
-0.276017707962833
-0.405127707188503
-0.211109523062569
-0.3759517100693
-0.392460410093801
-0.309222644469527
-0.283072869379113
-0.185340861171218
-0.401234104754593
-0.295785336566662
-0.320818887026731
-0.171372874237076
-0.203060412325005
-0.233774525384899
-0.30236926243043
-0.270983100957443
-0.407114311085
-0.22936419159511
-0.201892261261743
-0.311336587469314
-0.260332615204985
-0.329379739541975
-0.371245106766145
-0.293017382832527
-0.243668282867089
-0.364731566839903
-0.238878066823523
-0.34440069684865
-0.308017922226591
-0.400988382009296
-0.169874362576389
-0.222505045295044
-0.209857376483689
-0.158549278492928
-0.153766482938408
-0.27398431819478
-0.0744583374748123
-0.348766109498769
-0.208403776828064
-0.196674978675682
-0.133325936700732
-0.275551682552175
-0.30865948285504
-0.246324869193946
-0.0985440017901592
-0.208260294548969
-0.275011131487064
-0.330508970423949
-0.0518262950626009
-0.0692112436612237
-0.371692970722728
-0.209216459537119
-0.225355196589396
-0.264921725648049
-0.0405114010524183
-0.181971656285504
-0.24418191871499
-0.211773694674576
-0.141842019398817
-0.232574348038571
-0.154474152042257
-0.0681022335114435
-0.165136983194221
-0.0925791339477819
-0.191457173243575
-0.139916527800872
-0.19293993354164
-0.216584278884427
-0.0613216288917776
-0.0771358503758351
-0.14994757329354
-0.093500478101352
0.00686808998430373
-0.0902126759165676
-0.083264635501418
-0.249834913107207
-0.168897201597914
-0.0531977782251349
-0.0405356349093158
-0.09347970877079
-0.0554492203826934
0.0561235639779094
-0.0033336584818652
-0.239944671647191
-0.119547898098754
-0.0685210186630829
0.103441034458344
-0.118036293011067
-0.0634337326561693
-0.147607844354249
-0.0634298654923392
-0.0535141860952225
-0.282548368037691
-0.130890651674471
-0.123273970567662
-0.127369274425621
-0.204409771922267
-0.0168440341785605
-0.0915435263605404
-0.0292379512342278
-0.0329003335652922
-0.0449059875723348
-0.0989330794343672
-0.100108037851336
-0.0214138657519226
-0.0326288629048372
-0.0564813011996591
-0.182984830896313
-0.118006447602046
-0.0405400380360404
-0.137927607391713
-0.152873965639968
-0.137540660042394
-0.0860508931023429
0.160464307524022
0.0854425690442299
-0.0998776507755287
-0.0397457288511365
-0.029871923111832
0.0432610990654303
0.131426502309785
-0.0287347786740939
-0.0785558062550607
0.0161644747812287
0.0990624748781142
-0.00516180878414514
-0.011431997393374
-0.0335487317459767
0.00970579400053103
0.043406656423842
-0.0965001643429901
-0.0762586790364801
-0.019609788919877
-0.00258541172126092
0.021443206294198
-0.13545568579166
0.104676391097921
-0.0395716110732832
0.0602880790767983
-0.0264160246117867
0.0426099740765912
-0.100928024632671
-0.0466534629121471
-0.00854457536451865
0.131943987500401
0.0349121657013909
-0.052483791599126
-0.111187892828031
0.191682960173428
0.00143853252125268
-0.041147360716078
0.0906514391657554
0.150611978936427
-0.0220706800054665
-0.0197215264696736
-0.0753822661493315
-0.005278128061935
0.132761809699366
0.0575667777969546
0.146687886742896
0.0515850219526835
-0.0307593251108504
0.223032068909774
0.122441681372972
-0.0367250757419934
-0.0875627206892503
-0.032561054987863
-0.0814748097107878
0.0262386780741978
0.103308503129819
0.202122839414
0.143111189203545
0.0259571401849724
0.0563453317412184
0.0624133703289852
0.0340959828509633
0.114520025063357
0.343628522778912
0.097881782062088
0.0820816345081024
-0.0321426747148644
0.0595895492117895
0.0696799829842896
0.121656797971604
0.135048725980477
-0.0260237411844228
0.0813021144142754
0.193948217962158
0.0776873568674878
-0.0154686999018384
0.116795059034441
0.0243303111747004
0.0918254696001279
0.108493401233046
0.102846098570155
0.167029711158984
0.0630171525179084
0.0739155107569257
0.106107769901027
0.0505194218638092
0.108259798012749
0.139233953240221
0.136253706973438
0.227228726438843
-0.0395222197916677
0.10056200102596
0.167515128107866
0.239513732862802
0.0406524245223371
0.0300609766796267
0.176629415952172
-0.0098342593405051
0.195673611517527
0.0115194752167559
0.259313364363514
0.172845497645954
0.138152277562268
0.127481257974722
0.0710684861994989
0.268986876299387
0.0619042823065974
0.234794235620746
0.0293068147837282
0.234956476076234
0.226531638154158
0.102132371849328
0.0927186099280893
0.372485296156213
0.244310780070754
0.245162200141897
0.184961812067667
0.0654365130261593
0.0625707714905845
0.117717385960606
0.0155256539596052
0.252955787157558
0.273132733475675
-0.0308530922760114
0.248651492790256
0.305641340105927
0.233458254059296
0.243398729082474
0.18930779763011
0.141900649441825
0.176025627149138
0.28758063697128
0.0937881248652239
0.320469451121598
0.29586958204025
0.166081575791524
0.231965086093744
0.24881557804126
0.284293455240615
0.284431657245531
0.0934467114124596
0.211546865783953
0.285415510089432
0.264494276518832
0.378995014675398
0.238524708632663
0.227957509982319
0.270985124504567
0.241985355873478
0.136786725717942
0.254681635892346
0.29540659602693
0.0606898832081352
0.197866401412468
0.226640987896832
0.3808910562022
0.155687271904584
0.389587796231059
0.355339627772274
0.261645961441532
0.138801050784913
0.281106799977152
0.269971096377764
0.33380402357215
0.168064430746597
0.388057501120729
0.43464862461381
0.297300162437042
0.246149767008178
0.263695272276767
0.235694596464211
0.398559390747091
0.437618447101546
0.322251075203582
0.197324427705235
0.114814311762022
0.452524034814036
0.29842162798471
0.226733033061224
0.326154626393728
0.252599330346178
0.40416854182522
0.25957440051882
0.275056974454694
0.253195594824444
0.248724764670202
0.405526767098713
0.297703495164492
0.483128037253956
0.292566453950469
0.373506228641829
0.379605826603572
0.38094414969752
0.309140759537697
0.278225084246124
0.412358597025466
0.319412399954238
0.441233421465867
0.32363683946434
0.447276830406489
0.351198350822424
0.298964306441595
0.351190040023143
0.477809758925505
0.42945899335965
0.410203661065108
0.364871079823549
0.353791793143307
0.333455224315644
0.167167577735213
0.439496952993704
0.196519587980937
0.213955636882706
0.423049826682307
0.440590414799134
0.40471898312599
0.340405303815028
0.356324721330147
0.363101492563514
0.382026540441344
0.35410285413983
0.332725745983859
0.352144302446355
0.360472118057052
0.339549070724406
0.292133927466039
0.373605518074069
0.442035315261065
0.357902851650944
0.429172731864368
0.32743747549668
0.364188422372288
0.306934611414621
0.237012776980161
0.558013137921542
0.469013609120981
0.325798841985266
0.432301057692888
0.515626135060914
0.428471649097213
0.481292507934329
0.337413299128247
0.337871622715456
0.396383294728294
0.344768328599282
0.305845130958233
0.400366696355027
0.289326831301877
0.411284803333443
0.530830512292704
0.467110919303143
0.469482667541679
0.470760133794305
0.55040235438553
0.483392514019694
0.511906585012599
0.399737146535688
0.641691958917138
0.362715184068873
0.544929950826299
0.42588679030043
0.423417779544507
0.50762912019315
0.432388582865683
0.534451389982731
0.502404127511602
0.330857604035855
0.384599123690447
0.424637163757055
0.384421877047857
0.614860916004426
0.615436459533369
0.686164557217857
0.455368874600601
0.502377597626291
0.589902084721095
0.484914229395437
0.434002421291359
0.471823097737122
0.463992853647891
0.531686851698674
0.502458407844351
0.651873811530253
0.355352468696027
0.615374856592652
0.579402804483876
0.463248940187721
0.622507540332366
0.563601120351531
0.587411432807789
0.663521570136239
0.521157629442129
0.439196341969975
0.476160030953307
0.593990387630849
0.476169282511502
0.491798796785465
0.599792031507251
0.57084662202959
0.516676900910269
0.561277030519885
0.501864062822736
0.752798402108813
0.697375460143921
0.384897063763324
0.455073128149366
0.567489200457492
0.573836065085621
0.476163695682493
0.376053350969311
0.466945993908026
0.537610507896445
0.58757949862619
0.590490310519949
0.421921811068051
0.682107445919238
0.662086650505169
0.590520632318984
0.561161915219738
0.708354368903173
0.430873442445403
0.360039966726896
0.539491009718409
0.521768471602192
0.545040028771583
0.494736589306565
0.435893160162141
0.566634966696133
0.563239655979376
0.854395202120909
0.675267467781594
0.569109584252798
0.626429801140527
0.721533372742907
0.653884605609118
0.683934351867531
0.656231904804162
0.612456629969536
0.566411684257609
0.560122655199855
0.660948666722022
0.511178792795788
0.675237714871477
0.685461668968123
0.679759519143836
0.747857656825121
0.567865350225407
0.68659036915471
0.621226813704238
0.662547042218276
0.590045274206019
0.747644340728672
0.814210748702438
0.813949242442768
0.642892145802561
0.619731807857473
0.67064216080986
0.78712187997779
0.644628114347084
0.722108279053062
0.700840615782776
0.672136095204238
0.557992412558793
0.594868373901327
0.635649488498657
0.574656599554508
0.807331774724516
0.605392860466213
0.646192847524482
0.483187339287323
0.610622828118705
0.663090063742532
0.525489343817267
0.682542896244194
0.642844568672763
0.745504105516983
0.609283749834051
0.726312204724631
0.65269677741849
0.545794923441335
0.60926030564701
0.726959934509685
0.787954652604189
0.820197630842391
0.73369511503308
0.729276532414327
0.776226394622054
0.644525076285329
0.608635826506186
0.767211559199336
0.746885147291948
0.731106070061038
0.765326168379821
0.799516468279479
0.680884059809776
0.795149628738626
0.81366773307337
0.666966546726066
0.648014913301709
0.680918648531573
0.706738456634441
0.843939352901297
0.840778287559587
0.577000076164125
0.704750853504182
0.873459302162389
0.779775054028499
0.809208616916561
0.669863610949961
0.857759533574932
0.785397356263479
0.80703937458597
0.758469903009607
0.778949326762367
0.908152273755287
0.656351986212916
0.848559219688863
0.802497746212727
0.783956123198218
0.719947809053157
0.769323832360583
0.877257663211564
0.803286631780582
0.816304797709821
0.785370215717704
0.775733072995302
0.763288045880881
0.774251374894387
0.848138325827499
0.705248543147673
0.59986036182938
0.96195787243459
0.700603862314154
0.884105509803023
0.875067230036923
0.865368059790039
0.694117876372622
0.847382347583227
0.892560027791999
0.736358881994958
0.811581245463661
0.813259393701371
0.886814975820467
1.00626359117839
0.846480420806054
0.643259563669272
0.781018981075774
0.815751167474401
0.903761513493674
0.788814647151381
0.830147891671414
0.837511919010013
0.841664087414763
0.692214948178653
0.882284628841959
0.82983413773047
0.959505494227045
0.867606061953468
0.726487056907505
0.981971953441085
0.849367190598415
0.819775360929138
0.737245098778388
0.8338138231328
0.787235008771615
0.870705556522245
0.945221813593027
0.849418196908515
1.03768726754521
0.860985059609343
0.892014763199971
0.672237313931919
0.983600172005348
0.965317646296504
0.964257332877037
0.845395415898227
0.938007698417238
0.857823579620042
0.815825642832164
0.828179114325293
1.02983229038768
0.954658058234089
0.864250670126284
0.907993323509484
0.883357832486283
0.917601100648594
0.940034073909679
0.945675883699477
1.02064896019347
0.99185385433658
0.910782926444329
0.808328739179155
0.831227064498888
0.902615190093423
1.03772658945994
0.934637619446533
1.01367292818984
1.00608949393213
1.02875547331457
0.898263298462435
0.81781835863115
0.901520041991977
1.01345140500742
0.857366179054289
0.907744301913037
0.94930204900664
0.920147726414772
0.845450315604865
1.0582844622239
0.896283965988216
0.762426001119604
0.888483729895465
0.891295858686011
1.01510540541481
1.02248033796448
1.03683080200204
0.937903443334711
1.02765533828752
1.09662418439495
0.967366714815779
1.04690446468543
0.963252686902814
1.09001434926729
0.993083390535132
1.04353779006887
1.00973836333795
0.910836112129895
0.951128341442695
1.12156741299075
