-1.11125585227617
-1.02048989287252
-1.03629175432184
-1.01407386384413
-0.912457080853197
-1.01976925206608
-0.898888477709543
-0.942704002050356
-1.09800095605666
-1.07288014804958
-1.02695848710485
-0.977324522318457
-0.921948700211801
-1.05677523861931
-0.896340107465962
-0.997797133652406
-0.91939009608994
-1.00073696127381
-1.02813982271022
-0.896858925956591
-1.08061062634582
-0.991513040714078
-0.897766543059743
-0.86963459074665
-1.02475494934578
-0.920091276394955
-0.898693473362299
-1.04901669115075
-0.973652098130604
-0.904390532918715
-1.05198135168382
-0.863285640888853
-0.883752448095059
-0.823672282851617
-0.833293229749239
-0.906087759585304
-0.814401345050089
-0.912244321779408
-0.882389233075551
-0.965751907735007
-0.910365116001359
-1.04720161983779
-1.06965420733263
-0.969771347078578
-0.827683145966372
-0.927525122545224
-1.0037022958618
-0.849035531947393
-0.79874544897796
-0.891233620935143
-0.891902060476784
-0.881026685131092
-0.84809085211859
-0.831364518915864
-0.854507571216104
-0.843895193730292
-0.896725278658192
-0.831040066798374
-0.973208759331882
-0.953733894755839
-0.818814491522539
-0.858140128746733
-0.889919718163876
-0.83948103932639
-0.894430965983662
-0.938409295328179
-0.915150991727822
-0.826613135133266
-0.907598950366602
-1.04924841869737
-0.956644894136117
-0.89038945903507
-0.956366733169569
-0.807369234605694
-0.822379526846225
-0.872047133234346
-0.889502212739315
-0.886303462460707
-0.89997379469976
-0.664877158436651
-0.87972945935209
-0.844162157483619
-0.823853938286347
-0.859284857162738
-0.907720012271995
-0.825930471698453
-0.787038900259695
-0.884793183263519
-0.797591102313814
-0.927660455834025
-0.800334604175928
-0.726282353772832
-0.8615161128541
-0.825585125131663
-0.787352974149598
-0.850638179137655
-0.852596717128959
-0.708038880360982
-0.773727454907625
-0.72636945997106
-0.854675806373529
-0.746326109176757
-0.762329036001718
-0.696132701873343
-0.72743022131124
-0.884008151959256
-0.629241656160397
-0.713641129669308
-0.743755259896828
-0.80488913841421
-0.850012417298605
-0.850868750211363
-0.780069717783873
-0.813907270700254
-0.858740506804967
-0.840365691940706
-0.894338632122193
-0.592409950108633
-0.772932215800468
-0.760811244823992
-0.738049645540991
-0.879830793260835
-0.813225171726367
-0.618303610507059
-0.473674484426209
-0.674404344366208
-0.702571154096228
-0.73562081322844
-0.751989885410251
-0.799109671385791
-0.746702322503079
-0.723627804764944
-0.757728216142223
-0.728944106030931
-0.644972179631417
-0.785878808665478
-0.808903000612682
-0.799064080812231
-0.543558185711777
-0.682200705017654
-0.665607145441329
-0.742296143541022
-0.695881260688474
-0.674276776512889
-0.635377291934418
-0.737952196616108
-0.783778550054499
-0.764453404657774
-0.643223472155695
-0.572742212897379
-0.559619432591196
-0.654752090707088
-0.673544166888249
-0.61888895248494
-0.72689705617078
-0.673607283351866
-0.839572931423092
-0.765355530215704
-0.563858850508522
-0.672958467297108
-0.690269423264595
-0.699550695933855
-0.786873770800587
-0.77930519703013
-0.708307994543184
-0.8092930129085
-0.61453503223957
-0.557834950921493
-0.66746460240441
-0.531466243520191
-0.645833358178632
-0.63793799932667
-0.666396520798653
-0.591102328313057
-0.643349117929941
-0.63260828813734
-0.515837003930762
-0.599711985748564
-0.558032724088785
-0.755653228307252
-0.685553001933841
-0.693680681882408
-0.647666462409088
-0.594799385915531
-0.589766124902233
-0.594095807510426
-0.618667244525736
-0.657355189746107
-0.551336236894535
-0.711876238548201
-0.623659739580597
-0.612329943405533
-0.623299291614962
-0.473058077783241
-0.569492852845595
-0.627901660293164
-0.605839383250096
-0.644211599612768
-0.696017401034807
-0.54701360660015
-0.545569957142912
-0.594968925981552
-0.659502415529886
-0.637894000186667
-0.492690179701575
-0.650751584837929
-0.565765701818546
-0.564275180834971
-0.437345922228381
-0.565592780076485
-0.586383119170647
-0.536478629362366
-0.443866316416687
-0.497063992766793
-0.563298148356935
-0.501488474183248
-0.377607890353301
-0.539716385486101
-0.563858346558506
-0.493197152379547
-0.58266379504779
-0.546729600732839
-0.683926766596089
-0.540086516097859
-0.567062283694973
-0.444386353233733
-0.485987372882676
-0.691163391498737
-0.434018572533227
-0.544056591680696
-0.54798747843696
-0.597631791552494
-0.459166418950224
-0.567712646427701
-0.539702154860147
-0.536736353991091
-0.35827114951695
-0.470793365274951
-0.521717779191076
-0.528540030647957
-0.502414512947122
-0.5349638064327
-0.650646609612972
-0.566844284590334
-0.423490653417585
-0.678241958881047
-0.321572018020047
-0.591840056041514
-0.502158387787483
-0.566692507842038
-0.396687198416441
-0.650337825121413
-0.315893467062235
-0.697030942112035
-0.597782127951024
-0.458942297979929
-0.487721930126427
-0.515372396093653
-0.474787999268239
-0.5130734951446
-0.434610306468418
-0.511674308695353
-0.4527682589814
-0.303792726702766
-0.511076989436468
-0.619392717839965
-0.448850406188301
-0.416530594050822
-0.506206831870631
-0.472290745178116
-0.334168372446263
-0.368996844092795
-0.557039613585826
-0.571364637502682
-0.334644561884828
-0.356288968639164
-0.364303555305992
-0.42175700046973
-0.60526418741983
-0.498139707647735
-0.537165682506851
-0.302705952419228
-0.551322831503808
-0.373769558892667
-0.363721263823307
-0.332084726661778
-0.312727774484671
-0.638351703305504
-0.378103584732518
-0.538678407796826
-0.661324526140099
-0.339203348974685
-0.569036099769155
-0.452996255261759
-0.42294894090253
-0.415720534674976
-0.40490310905557
-0.442405301204998
-0.41688781203169
-0.30326090247504
-0.344698501442954
-0.531673945705721
-0.427772615288805
-0.473358264004202
-0.494649710796056
-0.406505337478401
-0.364729192030327
-0.301109139928123
-0.449178983441109
-0.317505914134492
-0.429380822598226
-0.394079748405373
-0.37135414193595
-0.414958163982315
-0.324318458688519
-0.463248538287287
-0.22697915743586
-0.236620040115159
-0.310316109182442
-0.466924410099751
-0.351059152791539
-0.445862458481835
-0.42627656717147
-0.350486773488741
-0.48479771184742
-0.308166759054296
-0.241494103620166
-0.291693539129649
-0.403815101508904
-0.316107716346434
-0.344520795643484
-0.348628266053756
-0.294262594916113
-0.116459268463402
-0.405396894705839
-0.287036397093938
-0.320090642109866
-0.420516313072194
-0.526828117258079
-0.367565687171133
-0.445009281145292
-0.194031333516085
-0.310265555495233
-0.356924602986839
-0.196144240987815
-0.139436431418905
-0.354365859119725
-0.160178802729301
-0.401314588721932
-0.296122594191882
-0.284829626318055
-0.413967071362819
-0.105619473498389
-0.219012596325083
-0.333784492836999
-0.309620142722752
-0.326921744644221
-0.360270851939654
-0.322406723890543
-0.325457553578072
-0.247383351174785
-0.395432567564271
0.0283850683140331
-0.411849360847319
-0.217698578719762
-0.311027287677465
-0.296356859345436
-0.0997203251738228
-0.343184442499002
-0.301861123499561
-0.287804967289161
-0.106970333658888
-0.211744841657146
-0.133567690580873
-0.186667953417131
-0.187582063684947
-0.204047631938224
-0.232121198679331
-0.25701073688333
-0.450326800961602
-0.24827136046408
-0.278930701309367
-0.173592050673779
-0.0723587622240109
-0.317975024222073
-0.214935905065706
-0.34133493281248
-0.230373894963196
-0.294032294043956
-0.308077281367237
-0.260274600464017
-0.0623876617054031
-0.0881549072141878
-0.183761021004867
-0.26119280389551
-0.169770200265147
-0.252009333886098
-0.34915978435605
-0.203404544359501
-0.276385410289189
-0.18926278798541
-0.283344298584318
-0.1262136592146
-0.350081758106807
-0.182961920276666
-0.211046636875643
-0.254807395745922
-0.154314516108065
-0.229341216314234
-0.140815254486233
-0.149015297518228
-0.095185922548114
-0.0349406742516819
-0.170627327650865
-0.121230745744509
-0.0124760264046308
-0.224388679426065
-0.209510464581426
-0.180027051628163
-0.188603900005954
-0.0714356065403709
-0.23153717499145
-0.170226138949344
-0.072410411016603
-0.248320653620187
-0.190934544398741
-0.0849642241527587
-0.0503437680056855
-0.139381489319263
-0.141053639464593
-0.131257075718505
-0.151021012925175
-0.265904619706354
-0.100694131547436
-0.074345979213325
-0.182129208561585
-0.213086532546603
0.00163101726104757
-0.175392374806596
-0.16434361315964
-0.110598616825151
-0.0917346017277492
-0.0255356901230043
-0.00512583439110392
-0.156999004435186
-0.157664889874969
0.182342126486646
0.0168760205133529
-0.0427626796572522
-0.281224761521027
-0.205516097018472
-0.23416243347897
-0.134909651911501
-0.170858698897285
-0.0905415495271034
-0.136739391262239
-0.0455052708671638
-0.115594639553573
-0.131431135910532
-0.109784191829169
-0.0403278360915664
-0.0296067543537256
-0.131065511802156
-0.158674222404778
-0.114064205728779
-0.0199166426731739
-0.0137019324589911
-0.0790485706771368
0.0162337437604679
-0.0934369259373325
-0.0284246826124447
-0.0597385532883109
-0.146582107417599
0.0609581135154535
-0.0653390385495026
-0.133533011290086
-0.0500504310103348
-0.0222858658228717
0.0455537817575464
-0.158075808789471
0.0812606409526424
0.153867686641441
-0.0867851742284645
0.105362550234917
-0.0403155018295147
-0.0327177042546082
-0.0836042393941052
-0.0012666524820215
-0.0500823329601165
-0.139881539645036
-0.00750543482137724
-0.0552385325982214
-0.0548991497799553
-0.0202972269027047
0.107323544666531
0.054515571498125
0.0166704673467187
-0.0836934570962813
-0.0166158328359545
-0.0919811251954411
0.00911132209971995
0.112862563933897
0.0131309754628124
-0.000383883607211555
-0.10956517549586
0.19026271009803
-0.08990464045347
-0.167471891960631
0.0918262305515422
0.0125692265676102
0.0411703246572009
0.069679161799082
0.0345387677062847
-0.0118421225488173
0.0479881623914959
0.0441680684185051
0.08582684287076
0.125457494424318
0.0903011051227607
0.0285724448868325
0.0755805031915103
0.0897285880111547
-0.109570106646596
0.198033059836588
0.0460019257471814
0.0341372017683508
0.159918196826947
0.103259944640106
0.0480377189503884
0.000929458734813186
0.117491518618134
0.120646745536288
0.119234725129456
0.0969275660053082
0.186879474611135
0.0388550119447943
0.0493802096642405
0.00480255352493416
0.135873599440681
0.150523544142817
0.110708552673612
0.250962282028122
0.119904192871152
0.0166990504151062
0.0645142343045106
0.143699884906234
0.0778843134521378
0.0462174224138356
0.0201826406165907
0.0345762010609771
0.159542792296904
-0.0180946290089453
0.0964434007517278
0.0116948023258398
0.193417467743504
-0.0599551412325151
0.161979299641986
0.165569527551168
0.120842257238178
0.264142124868976
0.295441193923047
0.222716093061243
0.154347644232503
0.140977112029715
0.0607151051041111
0.191141666124634
0.0706676603701631
0.0559358414408909
0.175028092689032
0.0325766686711565
0.18013019011486
0.137215159155511
0.0548934212129223
0.125903640195048
0.176321778495509
0.0787098826363066
0.271685045112079
0.269423481522072
0.127878457644385
0.116044261565557
0.100629826635975
0.110318322243714
0.198639786265314
0.177683457208772
0.143104845235352
0.233837235294236
0.0537033331118112
0.34164588465345
0.237415322260471
0.137987428243073
0.207597171956904
0.116295539573236
0.192068082091288
0.280805762107592
0.0532321839398236
0.227181513715703
0.177775052232185
0.0386108119808794
0.170316407105894
0.116648586300172
0.239321108788089
0.132024893623605
0.302315524577944
0.2680139722981
0.1447133408827
0.390180860000392
0.294711141416799
0.0907117349245566
0.162700098269413
0.127656513042254
0.239504547483415
0.296389848771746
0.233633384466243
0.309135945237073
0.333373826173748
0.258677234252525
0.288944549279976
0.325220413293165
0.258151022316646
0.154663248672338
0.17176227145744
0.234958604396889
0.188486480453012
0.303538821110009
0.279947537932027
0.32454994273108
0.278931517513149
0.261531698930962
0.271577433132985
0.319471342029486
0.281745506044182
0.317253170921622
0.280568228325941
0.31163572306323
0.293259610175573
0.235466971916122
0.311394133019351
0.319844962903998
0.277892174189588
0.210379446181271
0.287395825195105
0.327574676042094
0.380143931255904
0.462155190654959
0.283617516460414
0.260845401032807
0.304093833764969
0.379882590294701
0.308349390482816
0.16294101324215
0.321289398921752
0.182803812128069
0.271682924314143
0.268411681895564
0.250354163490874
0.364346694344291
0.365489818621677
0.453698241779127
0.216771353924244
0.327170066999678
0.274797870529058
0.293511978872784
0.264473254583015
0.267405915184413
0.246888504823664
0.402139202326641
0.410599266905748
0.204027085692378
0.344641467002183
0.222722781303235
0.239505852945167
0.203328761554899
0.293774467452306
0.422092458076894
0.376509149504248
0.374577165090816
0.297228029968077
0.256288942658187
0.469644461407325
0.413088496083808
0.590459402736566
0.544737736690017
0.295277850738234
0.399542151808684
0.479890344369918
0.354279383776164
0.406152259749578
0.530313700043424
0.305023828262189
0.328872180183149
0.460753823325538
0.353738640718743
0.332504211301327
0.522761730458001
0.412490132198551
0.279710963206854
0.240789179461022
0.437070243946363
0.298920635591199
0.303040926751024
0.37138322059407
0.317986098851228
0.440494520161625
0.43892992446203
0.328340944094841
0.410682537079202
0.240590191205426
0.38861289961186
0.341143725533401
0.546395984135859
0.456595289382644
0.501256720279901
0.418731228084878
0.388542974379619
0.270051417784745
0.423980587723673
0.513362985066278
0.388326907077483
0.361669619804266
0.465435381974962
0.488544537962359
0.452949693855346
0.376028461448607
0.496608246854505
0.50758744015076
0.487467347842615
0.302706425956406
0.429539449817573
0.420360492828208
0.582531386302036
0.553816080571316
0.400269877652862
0.392020886711042
0.479746496110156
0.424904400119266
0.493253455634054
0.37454023600974
0.45339839155507
0.478186991494519
0.588331533544916
0.542184309939282
0.590162489977898
0.429040551604186
0.552968039063843
0.527815476198766
0.524230086744821
0.489781987544753
0.611754965526126
0.546989050564693
0.519468969048149
0.359106238194803
0.343719814619607
0.483934185831715
0.397707235172924
0.579169407355594
0.448455864726096
0.576356643207026
0.516199038422658
0.48482890601361
0.717015999571963
0.641357558867587
0.637911001949446
0.476765802065016
0.525850722967114
0.422900533947076
0.560392747754892
0.529364968756147
0.527600015088767
0.625537482327007
0.596807598907417
0.540470144732534
0.508081136932643
0.664679383732411
0.604860531921509
0.534281099810714
0.496413499274683
0.627476768536071
0.58288007077597
0.616355779029601
0.358018707719752
0.505047853696637
0.703411309953399
0.531691733752204
0.66586708017615
0.588524398854046
0.625758006519418
0.590974672687673
0.697597913199321
0.624889335818608
0.623718459539519
0.699338207662487
0.528588381497409
0.550175942067545
0.57286876835708
0.509041859966509
0.5151285549745
0.52623072089194
0.62248410036679
0.635443524995517
0.497726586709523
0.604081134526687
0.493522167584974
0.687481194843375
0.659731018826448
0.530174206408758
0.564623514630162
0.48653077648819
0.530288596907898
0.641768722882364
0.629983506092637
0.585227234984423
0.660482372809085
0.537193248047746
0.685536765553642
0.776839188185983
0.425742510608583
0.500810535299023
0.549566348157242
0.641360955431287
0.618273167760027
0.558662344542006
0.578974411374011
0.624503208097515
0.642600685474884
0.678111617211122
0.742954295825514
0.615998728932135
0.744681756793861
0.499036273478778
0.610460134298068
0.719877595182555
0.712481484311691
0.632514907950746
0.546076276900276
0.755098675746374
0.802690019088016
0.614473127298382
0.822900611480319
0.761592275569103
0.636352804084939
0.69686383437527
0.846804952277338
0.762558414259593
0.617017659840464
0.650212767374897
0.669289297826513
0.659201457053814
0.638627977329683
0.581772014882115
0.721766015646301
0.516657161626726
0.791160950015529
0.838753362335643
0.681276204006241
0.606465089567338
0.661147989204097
0.695796938938987
0.649703625637932
0.648294325591464
0.650215375715603
0.673674246015301
0.623583604592327
0.784677717410895
0.706216756639376
0.674587443434244
0.705641013558409
0.598381954851581
0.566249292301016
0.73609920997291
0.829635417138312
0.774758614598048
0.769755983225044
0.628814905193962
0.776374567702096
0.517501661578905
0.86953038582311
0.753592206895954
0.786033522536354
0.640720548571667
0.62545922786769
0.611258337385993
0.870379466080154
0.652090762987186
0.87421948374714
0.782502487210578
0.72374683892493
0.769046493336665
0.641689371047044
0.76109462045813
0.78788930820321
0.707887894609374
0.699332694562637
0.784369227513009
0.740474462018354
0.734609749193149
0.798479150346909
0.829105695642965
0.802776510273052
0.907014379467704
0.795300109565517
0.856229576078995
0.858009690788262
0.82994849287007
0.791064372682098
0.757931222886304
0.599920915295418
0.90576372162583
0.868390185568598
0.89639922349729
1.04536650991446
0.893405221512301
0.870824167907586
0.777935511929111
0.806971913377788
0.927628763653357
0.744128444925369
0.77516409337135
0.84810206844414
0.974406457098651
0.847768033670509
0.826734264705891
0.738876329870714
0.842184757679689
0.883523120100979
0.865080967676933
0.883759978853881
0.72774735613944
0.740244744581693
0.889916716795504
0.876469328699739
0.936276716659566
0.816471135230504
0.932281957436659
0.851145649954901
0.914227280766047
0.802826417092335
0.979028613383574
0.850084353051737
1.05093163402452
0.761188594847059
0.825499718090531
1.02676639149262
0.83668001538664
1.00858010289844
0.915352272326717
0.841372235412505
0.788974580370083
0.946753490468246
1.03646841660345
0.784241190901708
0.925714885294506
0.878213160210685
0.836968196608879
0.963872173927669
0.996801484853746
0.918491149614521
0.88138034213197
0.895234983347326
1.00571086634872
0.847861200090601
0.849569422929703
0.920919499517869
0.924427121182867
0.822514556015101
0.935044301153608
1.02486638861229
0.940172320748841
1.03387024106998
0.896373442384358
0.841832966602573
0.833309519339022
1.00375782186637
0.978627282828858
0.833485486029637
0.949217065211078
0.922123387866115
0.922534194158615
0.911756448250046
0.939143248418104
0.921839702376251
1.07813140483165
1.08233359024082
0.887502265970704
0.992665899790842
1.01406975357448
0.918096687945868
1.10633394530362
0.99101893735546
1.0737015728335
0.989243340497319
1.06010121694584
1.0410485182872
0.915324274183563
0.933782275508601
1.04159800836435
0.999501114225595
0.933923873157148
1.05602555779819
0.962302696763061
0.902021972770938
