-1.04283997655564
-0.903579283083363
-0.964675679673192
-0.927853021662372
-1.02073574896431
-1.09454056889588
-0.973011164557576
-0.824414284442924
-0.926376661227462
-0.957043714059072
-0.998244686051281
-1.04896744894118
-0.959856092190637
-1.07977814156037
-1.0518925316409
-0.962953070069479
-0.97838287923923
-1.17409794364516
-0.996872963615463
-1.01064303140141
-0.989033306814393
-0.952456901356108
-0.850721264330514
-0.953410439019065
-0.827033133202022
-0.943181998426352
-0.893626002130845
-1.06154839503358
-0.932827268244582
-0.750883037845284
-0.892477463657746
-0.856862536219977
-1.16317405011234
-0.879862072068211
-1.09151516574121
-1.04625741363873
-0.816452575533557
-1.05819733300473
-0.944670607061504
-0.786937592528572
-0.980144616624313
-0.875723845459184
-0.703018860228723
-0.760737189656259
-1.03629794244503
-0.85359333409441
-0.97158698953916
-0.987555172810846
-1.08297549418512
-0.788425313382687
-1.13104039822231
-0.982071874273773
-0.954158721616575
-0.728178225266617
-0.947726811535101
-0.798197062091221
-1.029810137284
-1.01748916603883
-0.745337393371791
-0.924510880091316
-0.791845620157833
-0.966545115220857
-0.871854422867563
-0.84037384087208
-0.848079320861429
-0.818529431801838
-0.827277557099678
-0.957328086857698
-0.822518896425685
-0.804790841595777
-0.910714384063059
-0.82588143355697
-0.941554114569998
-0.694980026176003
-0.744890851844457
-0.716406466076154
-0.851318618249838
-0.75915465583753
-0.835554505532363
-0.823570696369639
-0.85501810169622
-0.782575516282708
-0.900846737170109
-0.760748875698977
-0.77440641989819
-0.67860164158013
-0.745579956972789
-1.00066996195496
-0.864347252005208
-1.01096524381372
-0.816402335644433
-0.813935130476626
-0.931444269955991
-0.785430431052017
-0.813242629049497
-0.672064490173466
-0.777356365397021
-0.913092254112556
-0.735568909111685
-0.817414688916039
-0.773678608289345
-0.872574557752473
-0.862549865231244
-0.815894724218574
-0.810774137224804
-0.839101761676346
-0.795488773391303
-0.96399371792906
-0.744736939379676
-0.76727977408921
-0.788237090976014
-0.819274851970501
-0.71413354233936
-0.837163861903363
-0.762666704216347
-0.650555533185266
-0.802140975923954
-0.647797521274425
-0.764028112374112
-0.690943262927308
-0.748187309279452
-0.850912515930058
-0.71846987065411
-0.864536937990886
-0.665159928067213
-0.640448431556339
-0.793254679747153
-0.757179776604832
-0.852884212822703
-0.666854236568298
-0.557764676291618
-0.774192281364419
-0.655959587302092
-0.873641889443858
-0.488412995408419
-0.757455936908094
-0.735106022186242
-0.787510453917981
-0.661603868236521
-0.648468641425086
-0.566356496754996
-0.573283695089738
-0.664784650170907
-0.652028284853523
-0.81986621237181
-0.793199947922831
-0.748623297907315
-0.740931600211482
-0.656753895632271
-0.819478152432338
-0.698497658909031
-0.747914022311554
-0.70406015332489
-0.782736389309411
-0.653383343979308
-0.61045852468308
-0.781257953293067
-0.602821241931905
-0.660309170399908
-0.688169884539564
-0.647769120218563
-0.651495177531787
-0.751037902190773
-0.699677241534783
-0.579543105617965
-0.582671531303586
-0.862412358247976
-0.542483680268046
-0.715800294972175
-0.653941502226097
-0.682752578316651
-0.662360068402411
-0.597829377274122
-0.642878830697355
-0.579203853251057
-0.658604887997537
-0.649444027094084
-0.48442649561857
-0.771453974169878
-0.630014321289655
-0.685119217648188
-0.572850866995187
-0.653525971474128
-0.547833825474819
-0.609478093681632
-0.578912179749046
-0.654924613123411
-0.523408481375957
-0.64933579357862
-0.588967868997461
-0.493228816751273
-0.693485459782175
-0.656484061132485
-0.611626484027197
-0.626221381795465
-0.739323346051504
-0.568763124973887
-0.630427835343189
-0.664576185389812
-0.718579944431311
-0.477506117999685
-0.564251243473091
-0.720586182554293
-0.609372858412071
-0.699118314377587
-0.609032272121865
-0.748671931437636
-0.657549275385231
-0.558956595607772
-0.513927911358743
-0.64335820170664
-0.542718550272588
-0.556321035035019
-0.551084286532429
-0.580069942479744
-0.558798403060785
-0.570816986096048
-0.620500224064626
-0.598766409499167
-0.691037875385615
-0.525541185065162
-0.572751371053972
-0.591730110346752
-0.596295953070976
-0.463918390757863
-0.458312021689115
-0.629822761828975
-0.534642881625406
-0.589972326332633
-0.546919505350358
-0.361469033648911
-0.52348301150645
-0.402113752859069
-0.627175997431032
-0.441879353971771
-0.666455711754144
-0.497189049946491
-0.523732751590741
-0.545081722774443
-0.595983910894299
-0.485002581268679
-0.525666594766884
-0.644089360892741
-0.618151350050418
-0.435501734076284
-0.448716606007774
-0.420795414894979
-0.539056286896798
-0.41780292870864
-0.456641416882976
-0.524078546536345
-0.509149066793325
-0.417475382943758
-0.575807103739193
-0.603897365097829
-0.535269257347514
-0.472141398052993
-0.438095926927357
-0.453370912030178
-0.36254206034486
-0.427942907723162
-0.592584901951248
-0.361007320111982
-0.569902598326324
-0.576757456159179
-0.484000989858556
-0.432483685801009
-0.278691642617703
-0.340744663395709
-0.292594655284158
-0.384878158188304
-0.410060123550775
-0.506083557940172
-0.546604990535762
-0.377974364250527
-0.48876057946926
-0.528521599671986
-0.428307184137851
-0.446333999230247
-0.436623136766099
-0.498565153034578
-0.378924666920167
-0.54097854208248
-0.280786877828949
-0.373592337704352
-0.410275592887791
-0.443265767839849
-0.474703602789447
-0.48720720744673
-0.335212806676738
-0.427807896428112
-0.458065164012349
-0.470997679929879
-0.394768830213558
-0.49682934929914
-0.315393678177114
-0.416712005550139
-0.429358416269064
-0.601047528679007
-0.422242582335871
-0.442485814183168
-0.394288955844364
-0.255859820657201
-0.324756114654669
-0.388842599116572
-0.375431765117545
-0.325888717454259
-0.288871143347618
-0.355205183033252
-0.33933149482346
-0.505656179510595
-0.428748996271213
-0.152418192366185
-0.504854861026876
-0.34207649767537
-0.346946286422392
-0.403539239043964
-0.431707662190853
-0.448041875539003
-0.358432829340017
-0.358783496955598
-0.340042509909884
-0.24175292404225
-0.354831922245712
-0.340603558679979
-0.302802643285425
-0.114474054338359
-0.297552430098657
-0.336258480614859
-0.149893799294966
-0.478732059725794
-0.401181121243852
-0.293864567083002
-0.278040435998813
-0.279752646753969
-0.218758223009233
-0.435003477838496
-0.29820798061011
-0.324799654802211
-0.355964213892843
-0.307350169470894
-0.235007167411439
-0.290534274692221
-0.446595010163433
-0.228113737041177
-0.183085403355264
-0.217965669228375
-0.202480281559957
-0.324123438655979
-0.275866339533148
-0.195652132523475
-0.370961150851901
-0.2194250603603
-0.339087659332639
-0.297306012131041
-0.275809213398284
-0.243468593924134
-0.289008904936475
-0.24393383576702
-0.329776391163529
-0.375876485340372
-0.312616652818934
-0.329152577645574
-0.205421054570724
-0.17804274447796
-0.185529850875855
-0.331725421837307
-0.256863290016575
-0.237131841922301
-0.165021671829255
-0.316230389221815
-0.207321157983084
-0.436946569174279
-0.18566019917753
-0.303603240611043
-0.307005627428411
-0.191810484820061
-0.291156593313319
-0.209611521010673
-0.26395482845983
-0.370117201631144
-0.280545195386857
-0.259751170244831
-0.343733192950381
-0.263725999174111
-0.257319239179338
-0.378105807032806
-0.200516470901335
-0.0900977543538089
-0.223940959196496
-0.185441463973121
-0.301723142938818
-0.0798945361731483
-0.137392733375746
-0.293671901956594
-0.310434545544903
-0.116252645034006
-0.227025721115211
-0.360199407468892
-0.146574610069253
-0.214263803251778
-0.236357699258054
-0.209131414868246
-0.257730199452551
-0.311006772272255
-0.132045704711892
-0.0769641256109805
-0.33342470819177
-0.104245531653461
-0.16221805494384
-0.140657467167477
-0.221071773939387
-0.15665845052927
-0.247248503021379
-0.234911460503624
-0.0622827073526229
-0.221682439275954
-0.312959172982986
-0.185252924208683
-0.154645461824981
-0.0470237552136712
-0.234939104846732
-0.201597381221367
-0.199755268007875
-0.260857286073457
-0.199552243195614
-0.189566098045408
-0.177970402103214
-0.135961240342435
-0.0758460319689656
-0.146096416385083
-0.120665198124084
-0.221313086835961
-0.127413163401781
-0.0394171964459341
-0.145242688797358
-0.116560566852557
-0.375924538955677
-0.0989056011613619
-0.20334424301193
-0.0399696304555806
-0.154272786295082
0.0101771021269786
-0.0948276908536354
-0.0700223513196538
-0.151531499738598
-0.106065797052675
-0.14373003315072
-0.0882745946953116
-0.0494596817127952
-0.276556050661518
-0.141756836712166
0.0620496645082947
-0.0629832424764964
-0.0342331713343175
-0.114060181403168
-0.0890707839591696
-0.0579354606456327
0.0378146396300065
0.00290914421298997
-0.043365764305984
-0.110265211372076
-0.0534902373929295
0.0171360877965863
-0.0918076582430327
-0.106814791348267
0.0697511891639476
-0.169912458867467
-0.012998870401605
-0.0145475724301037
-0.0750166102136687
-0.149887518875602
0.0135551849782734
0.0569326794197277
-0.0536949248800181
-0.166891319889475
-0.303996653693051
-0.0816984895010258
0.0612313692793515
0.00886071237507318
-0.019034484296144
0.01665443466163
-0.126654254208794
-0.0806848434666658
0.0424982046641779
-0.147298966500363
-0.103142783084043
0.0988456386971752
-0.231426080774273
0.0836405745598759
0.022699002845618
0.114618887585021
-0.115845261113066
-0.0529666703434723
-0.0708114699451262
0.082472373543137
0.024748160139166
0.0329113928862759
-0.202424936392681
-0.112818776407432
-0.0549458279450053
-0.0910729536803178
0.0131973630189226
-0.00333768345361518
0.0470185247078323
0.0680497602613316
0.013418237976472
0.0863369974079569
-0.187355690437741
0.0171312503266885
-0.123315505654795
0.0534460887007673
-0.0739462269278235
0.0859301833970373
0.0566054336018362
-0.0383640390650419
-0.0682272346056207
0.0924586501985463
0.031299236356914
-0.0316163772804107
0.0420015669150707
0.153061889537123
-0.0524789917777543
0.0631267040072931
-0.0106386570150783
0.0675344707062301
-0.0734413461850235
-0.106295832289529
0.076198569369694
0.102122042191662
-0.0226243769605454
-0.0530057442440521
0.139654491000919
-0.0331685064477509
0.0571843873022133
0.00313914088587051
0.229426873649812
0.083133682459946
0.0155567420821757
0.0458436066513499
0.169344943168091
0.0390756329078958
0.0605257849513449
-0.0315866527803333
0.00829387352527544
0.0779528520987183
0.0948231973557333
0.0762332363686165
0.100213227974447
0.191910769951691
0.082876164520829
-0.0080739027771792
-0.0856353143536345
0.0304186346586823
0.156582657314032
0.0874941012952438
-0.0401456547551261
0.172369293536352
0.204106245410231
0.0663896239795697
0.100130029160956
0.0644769258677912
0.182551836626048
0.27012925492914
-0.0294816791407895
0.243197710572743
0.172852469494575
-0.0913542709116213
0.162621336667345
0.150269289163845
0.0819656949095103
0.160106891334994
0.221881524408737
0.082004894346596
0.0375595217523051
0.0739791395020314
0.330142732473295
0.258901332364653
0.170382652203015
0.196410790893193
-0.0370825219149365
0.259447747705815
0.221532597373164
0.0619167019197298
0.0850779801544018
0.0654804102843233
0.176248537525876
0.189240595897331
0.215857720855848
0.0699391700589227
0.131458148046271
0.270009886171447
0.1211726232195
0.226893362766135
0.0541222054228706
0.198481712866592
0.282508037264056
0.234175297125541
0.163257145476113
0.282543951189802
0.109002557267766
0.335747794856431
0.149156080458974
0.332583321513283
0.220912282267615
0.000872772170755967
0.165319931126786
0.287817809845456
0.264357070457985
0.356985944940796
0.191390429727644
0.201641845387159
0.346620791398702
0.31234289228635
0.286334387089954
0.145485768363858
0.0886531343101782
0.260250221867498
0.27026654275572
0.0132140834659483
0.241130586718297
0.253057359516944
0.202153326809396
0.27927201792667
0.178731146705015
0.294949505833518
0.132919764454261
0.27674039547689
0.210512795679956
0.37872026093558
0.398959287846484
0.258311373858627
0.134066067452204
0.261967731521047
0.243149755716604
0.334060715925662
0.133266942839242
0.405830857288087
0.277701180972397
0.22496675457696
0.14938417307505
0.305011876018869
0.252214214630573
0.284590653176529
0.157385283422937
0.242454152620847
0.269983377827591
0.374761842884767
0.254576136944905
0.310196202858399
0.401237928871687
0.270556346178335
0.409815245557442
0.458242372463845
0.341627917263166
0.377312265645588
0.288526964289262
0.348990919817349
0.419650334301958
0.244782814326599
0.318301336498392
0.286160664098061
0.342382400488788
0.383746308379116
0.558205045539701
0.432938353521694
0.341746798878832
0.310971340565754
0.269462773026415
0.45855130901555
0.320665423409816
0.387893461794805
0.327059797827174
0.455715022635633
0.243615637324014
0.394812466452832
0.207627558024982
0.23378258315518
0.254974080016456
0.277792963166227
0.450197148428653
0.228692047347197
0.360991754441342
0.299108683085197
0.345612877512224
0.468006592980979
0.45477331428438
0.338865091708138
0.406035812518336
0.424619044699503
0.295081896066038
0.37274567883383
0.330683247120478
0.324475695416373
0.415049269655798
0.423537536446665
0.369406662626228
0.491225405329423
0.478155008993194
0.25443292293047
0.436178513149913
0.52641232690209
0.464598849057183
0.418956096701942
0.341083583857661
0.407726778916768
0.369967753999653
0.397444692820958
0.230786446891224
0.429326633119198
0.565833223528549
0.354060571127724
0.456198723548657
0.588460298871744
0.491964573705915
0.451549339762837
0.359734731487569
0.558343709853904
0.328222155295685
0.411723033911528
0.488265783647563
0.331617859188943
0.470900697293479
0.340604461544393
0.457418381407025
0.374041106676544
0.550340497952626
0.525096630681765
0.362867972470675
0.43959857106452
0.505133632597223
0.464201409858963
0.482683600714577
0.553520369839592
0.35768115686329
0.443181091767583
0.471645950026843
0.584960992250079
0.29409271402708
0.46297132014526
0.435269845560314
0.605017802556643
0.64043141033372
0.42287550064522
0.699217100616581
0.484521919632863
0.527231594289677
0.573926205441482
0.413974151418245
0.482085767617218
0.438950499454426
0.483426951746685
0.498948771014975
0.44940495994256
0.521311693470045
0.42117896425472
0.512688340338885
0.539795933663788
0.387540712095348
0.523608574909705
0.565327055521981
0.502358652700674
0.559927253320003
0.481189166405599
0.501684161942795
0.496585998724716
0.631150592592961
0.537927818395726
0.628656607848482
0.476616737511667
0.433013261521466
0.546031237947376
0.516017774150759
0.524838749218118
0.523806025436083
0.522563578587855
0.527873378371448
0.52066512727329
0.602111818869333
0.563986418349491
0.556367469720918
0.48390966626858
0.571749869210404
0.46470056302586
0.561911203755358
0.488599257169887
0.544577975547302
0.701822842730152
0.525989183988143
0.61974411944844
0.517554130276485
0.52988138089076
0.586033411737819
0.680415904404592
0.4967111805742
0.523227899547663
0.565549179141378
0.617334973582797
0.491000580836539
0.608791065935251
0.524314155781658
0.6649508565349
0.568006204575012
0.606932143976437
0.587103798023737
0.721666817257039
0.598780777653546
0.549064541152206
0.509376268537418
0.715508562072985
0.671573734072541
0.581829963341835
0.682923222263159
0.777418858038064
0.67264683020473
0.609054509837613
0.634361373722583
0.667918936718007
0.504170586778516
0.583558674732823
0.630906926845151
0.734227654197412
0.577979585092585
0.702564163354351
0.632745050152267
0.50738477846764
0.764904462629749
0.694859919766893
0.724864033569167
0.709702982731962
0.558115518986268
0.57952671564775
0.632585386415171
0.794948070433932
0.584456557127742
0.654364281069903
0.689951359877714
0.861658303855783
0.631369440503184
0.698473893440248
0.730278401890413
0.75662978623692
0.641302875408003
0.774375029764293
0.68257342002348
0.839584059070977
0.66370084441389
0.805418695186262
0.697004596691047
0.605533562212695
0.720204256036947
0.659196064773915
0.819492802621093
0.67731969898333
0.755303422351688
0.975228822963557
0.794082417570962
0.567861610173449
0.697931525090365
0.784314311850562
0.630573403248905
0.59698901508534
0.656897341676496
0.898505441574393
0.750522982213872
0.70930190513047
0.639642895115021
0.832930411984992
0.732522565081427
0.697072536710502
0.706645864117123
0.785022858633267
0.709105299555012
0.700893110033984
0.78505971539592
0.620279275959638
0.827761719391483
0.75972806966856
0.958621901519317
0.72283600654905
0.608891159729383
0.798402678211962
0.780353998777618
0.671228266908558
0.834065678673374
0.907075096072981
0.74786469794814
0.585404673802811
0.876902229679199
0.725137389121075
0.771536623187003
0.733654009182045
0.879954646885689
0.700970044811346
0.82342471392239
0.824554134978897
0.733274085183252
0.822347519997289
0.639037853972659
0.907468238321819
0.875412368669246
0.738228676149171
0.71790068969987
0.779734691226486
0.745821596763509
0.662625031531122
0.786453977660589
0.858828477965011
0.81930254877827
0.83642186063847
0.871734295984818
0.866625461792221
0.847869819426734
0.875161137471532
0.825930537513564
0.684383992110346
0.816420033891543
0.85423315861623
0.900576924240781
0.814129391067803
0.890801255811383
0.964198237958907
0.810413104058163
0.84924557507746
0.867081676240276
1.02674002440629
0.788902758926909
0.847177787139317
0.785433225039919
0.815064745282733
0.862750191678693
0.736115503439435
0.827312459882628
0.84728360135718
0.794344568918579
0.701295098609861
0.766334762051089
0.832185187082871
0.813823077346645
0.79673472062247
1.0053378139315
1.02445107888639
0.922043202019564
0.838949809531073
0.768567907824386
1.00661855032069
0.785019568811697
1.00445636355053
0.954474808199591
0.752221443243393
0.958409203612549
0.864945796456562
0.824153932312534
1.12306380565775
0.722192693853733
0.875081727816615
0.86780586591207
0.930537190136165
0.900162408952268
0.885425821391755
0.944410224631194
0.984165395976162
0.911491443189367
0.784339348833606
0.939032333249102
0.825555043049938
0.762948330649093
0.977171201839341
0.866672993652621
1.05418989426104
1.03112629102737
1.05356134258478
0.980606842877256
0.825106088462075
0.902527431076715
0.942995884267802
1.06658651046271
0.78619442014831
0.890595516560691
0.930650207477939
0.911646366461957
0.875946901324903
0.903218439008654
1.0510823066106
0.979240882638785
0.934780712463572
1.02315392978816
1.00544576124047
0.853310662286522
0.95450247567518
1.03153554115169
0.895097799200235
0.967973162621579
0.909937867576226
1.04469267323296
1.08105317264328
1.03134869937745
0.964129488196411
0.940968151588523
1.22063611329999
