-1.05925895059578
-1.12646445132678
-1.03375363262321
-0.925259029686797
-1.0358362208526
-0.98773490867876
-1.09252008220358
-0.967327494902521
-1.13845495428421
-1.02669815987833
-0.957936420663055
-1.02550065985287
-0.995824872244989
-1.11478144828284
-1.13016091700776
-0.975910650374008
-1.04367693450228
-1.10523540893843
-0.862145723807273
-1.01554678037979
-1.01041566408793
-0.88509771368056
-0.917265254016068
-0.983399640965386
-0.903115874441728
-0.863028495913825
-1.00617751593099
-0.875957260020221
-0.933241534579177
-0.906208565848647
-0.903530445939484
-0.931967818849814
-1.00137085709115
-0.831721376715846
-0.878245017791317
-1.0596616503334
-1.03338901301106
-0.954492113556871
-0.886312620911033
-0.980521041510646
-1.04844121649837
-0.790111530009113
-0.965526605588016
-0.961072515794537
-0.944030256144725
-0.916912374510106
-0.996669756746676
-0.944015033058237
-0.855652004894477
-0.96089312914249
-0.904054940331442
-0.966047211291476
-0.881142205332054
-1.06352491877288
-0.881600076986864
-1.01452875993369
-0.942045860121385
-0.74779953766837
-0.788935528739327
-0.882457620547326
-0.878717157802911
-0.859495603678203
-0.731495655133772
-0.857753616246862
-0.93812359667633
-0.863693781639051
-0.932802854649528
-0.996923466970534
-0.978543383621074
-0.843552847806474
-0.771758604199483
-0.882925703516407
-0.826888333332802
-0.831420907462989
-0.95588108073985
-0.863971046638949
-0.894046249601488
-0.6302611674456
-0.842764180628925
-0.72873042471283
-0.719006807059154
-0.759014478637787
-0.858909749088909
-0.890440520252477
-0.987135340871143
-0.816520246754569
-0.792399154408613
-0.904073751840157
-0.797550049122801
-0.880126137957271
-0.762594432976835
-0.863346236501622
-0.934560976002628
-0.784464154901729
-0.76942006301795
-0.725012312544751
-0.728201803866662
-0.720776829564462
-0.724567711527162
-0.738527911866895
-0.85727808365937
-0.755486309603494
-0.629168893398628
-0.886771520614528
-0.803711922682315
-0.809716006824184
-0.885928989005776
-0.810036360690773
-0.757048263167257
-0.714032432487236
-0.705694480490085
-0.814106563984043
-0.697771859697799
-0.870836058481598
-0.719568582222032
-0.912739723359372
-0.718139993407966
-0.896524972280163
-0.682084150330584
-0.876850368624555
-0.732729447392229
-0.804953551329619
-0.825652681771922
-0.972891940941787
-0.754124211012768
-0.841436167858916
-0.745168585646273
-0.635765389457185
-0.714720888219429
-0.674066032006096
-0.712154108824749
-0.781019956846349
-0.818190209247539
-0.87623911222798
-0.915406742632546
-0.78645585360638
-0.628279471191711
-0.630673639878189
-0.758451442005898
-0.68530218725113
-0.79312100460716
-0.47002149998892
-0.690285775212349
-0.733620118214161
-0.640768976172753
-0.514394604273952
-0.870634944628874
-0.547222822957888
-0.697384785666451
-0.611512187140704
-0.795315658331595
-0.692675918211799
-0.796715844955561
-0.739627263240235
-0.58411829090673
-0.656881212105173
-0.591252597591917
-0.632396431623677
-0.622885638527038
-0.682293328133946
-0.629822409995599
-0.706368721382679
-0.61512775591997
-0.521422799327947
-0.644241729435028
-0.612561006328916
-0.705738591162332
-0.607908390863628
-0.569185836414417
-0.675521770254832
-0.753916032151802
-0.602741581210821
-0.661534472804508
-0.632024987429742
-0.600481757293318
-0.506870115334293
-0.573188266119537
-0.578298539250151
-0.64301087791169
-0.680341589275896
-0.725206418186891
-0.701722925618324
-0.445862038845377
-0.592790032629208
-0.628540061310698
-0.696599282298614
-0.59117597979661
-0.567474100660902
-0.744750197767656
-0.611003975453959
-0.673470634664712
-0.619063288109976
-0.751814646651923
-0.686727083854084
-0.514370875623403
-0.671891484738903
-0.65130506220073
-0.676289073805827
-0.707161349584362
-0.511731293101642
-0.657718999239973
-0.627751933577271
-0.667457793909484
-0.615151798200462
-0.590502380656966
-0.519429816301967
-0.650610061629106
-0.580055571291391
-0.629712526280582
-0.49636491789917
-0.491437772676309
-0.49139195939851
-0.587349776129972
-0.500433557193483
-0.521286487674673
-0.561749743740677
-0.478470556110714
-0.511415264384625
-0.602871889402429
-0.589313640350665
-0.561037307256844
-0.572331224568979
-0.617553027533594
-0.519153959500984
-0.40159773567804
-0.578770698391768
-0.492266704350881
-0.59083115896603
-0.533261908643174
-0.478164562869692
-0.433180606978445
-0.615103898010719
-0.485755137341531
-0.543004522795735
-0.556720943784686
-0.474754252706128
-0.51490334073282
-0.536692698636741
-0.573046796596483
-0.540171030653383
-0.580048834516401
-0.583610466576551
-0.475747897840071
-0.619792065175531
-0.546215073668414
-0.536885373404796
-0.502709443251985
-0.566187829525518
-0.462571893592774
-0.546244567465213
-0.529650421317838
-0.58877528447076
-0.395902015663781
-0.629934609767818
-0.465731507777883
-0.577497100669926
-0.511855069724863
-0.532367586367901
-0.481553101926779
-0.489982837135835
-0.620537597967391
-0.609950731065279
-0.361867461760907
-0.554081455070432
-0.407656667137581
-0.500018553379804
-0.421810917976312
-0.527923382324024
-0.421390960225601
-0.395829575983812
-0.325264841493112
-0.438448251452922
-0.575030665424107
-0.44756513537025
-0.411875529219331
-0.329509444942725
-0.468863754334764
-0.475785893546244
-0.496823384894368
-0.434148054908998
-0.454468375724749
-0.518448200290368
-0.325900671893801
-0.428927429941834
-0.43408009857309
-0.398673398228434
-0.376947244841385
-0.332711168691283
-0.346337526675126
-0.348795422254012
-0.443550502797466
-0.275321622427035
-0.317862245178058
-0.547006631634335
-0.364850606957458
-0.399166092782566
-0.455913750156355
-0.25976181523887
-0.422484026924223
-0.405813442742441
-0.436959698555258
-0.364452228774807
-0.361872205654945
-0.503442739394829
-0.330410569789851
-0.382800791554136
-0.378922290882393
-0.474779987622772
-0.451505097624601
-0.359183418614554
-0.434910158472104
-0.317081638677864
-0.303817675048991
-0.406558132971639
-0.326807765702124
-0.326387982877192
-0.449924015631699
-0.178358520212748
-0.439885885190133
-0.234398071368124
-0.376597453296077
-0.409421955471219
-0.399346844855749
-0.394651807678265
-0.352508473999293
-0.465558055540713
-0.135914351895407
-0.336745542499968
-0.348143106700544
-0.169276467170886
-0.337290081351928
-0.257153109322425
-0.368381071930176
-0.316752594816367
-0.339920587898814
-0.438213864444408
-0.333792759438912
-0.417028417203093
-0.404481387430337
-0.230006847889526
-0.323498461968679
-0.372586172923714
-0.246378048004745
-0.443399642456332
-0.37847027837272
-0.246295915289271
-0.349081201997052
-0.508989570412972
-0.421083362158463
-0.23147770701117
-0.313400498844078
-0.303217162248894
-0.196000422795684
-0.268810474817559
-0.215982561015466
-0.264323690735503
-0.318716771939723
-0.287830546259411
-0.411956486713058
-0.23887785847515
-0.396397820676107
-0.386001275120767
-0.285879100823924
-0.282677007650075
-0.184844758399257
-0.410338128998
-0.300919397543451
-0.322915106654104
-0.166117928834074
-0.199165873341274
-0.23466088840664
-0.287580773582119
-0.271745216583906
-0.389635680335774
-0.255228523316413
-0.218727409472139
-0.301680019104104
-0.285150367345989
-0.321524830576572
-0.37882707430133
-0.287151280401737
-0.242602865651384
-0.365041749872481
-0.230713482410455
-0.328283028838216
-0.304204559942237
-0.365762842149635
-0.182270405220667
-0.218244414006823
-0.218293921183852
-0.19107259113624
-0.151838664262798
-0.275036731646879
-0.0423655109549805
-0.353087146183608
-0.229373868189047
-0.215989390999365
-0.147183911113557
-0.278161032064286
-0.29871346496396
-0.254145365333965
-0.113508321095382
-0.203367090560677
-0.27012885666303
-0.33415843553929
-0.0373407352063785
-0.0753000916515994
-0.340122583923861
-0.217252576383197
-0.20126702705207
-0.272450075515608
-0.0257991883711173
-0.174838046086676
-0.247367490979537
-0.219259612413033
-0.157090209280745
-0.234223652680182
-0.195451597355396
-0.0772010453298908
-0.150467429457848
-0.104720733640087
-0.198660526591809
-0.146684412329351
-0.182136423883807
-0.22509443390225
-0.052461885762429
-0.10013042807353
-0.168887719598213
-0.0755238154026167
-0.022242832411284
-0.0952364156239963
-0.0628094945711274
-0.251693228927678
-0.147823603936889
-0.0750352043549698
-0.0363854009714481
-0.0827709273924365
-0.0393251175346003
0.0412867011512469
-0.00627829238509427
-0.220063792631556
-0.117808343496479
-0.0534055660718218
0.0885221248761338
-0.129442569771842
-0.0660776348393025
-0.152242349165335
-0.0546493791595448
-0.0522510147838026
-0.269349985144393
-0.131612825278609
-0.128078037259397
-0.136481817216028
-0.210047273923505
-0.0139380741571452
-0.106436925838525
-0.0207618992485905
-0.0437204546465406
-0.0326172497241825
-0.116198012060476
-0.0857163096789772
0.00273110945212178
-0.0611484863676719
-0.0583314580107786
-0.191428665206518
-0.123991926302365
-0.0490123541352366
-0.155932766175714
-0.150518402569554
-0.148118930311163
-0.078774281794401
0.156758584405712
0.103111916461463
-0.103619463519273
-0.0149881364844192
-0.0325365205798762
0.0242141579989569
0.114172868098752
-0.00648219849763489
-0.0623287113429998
0.00784626431372435
0.086610647387575
-0.0137641266598153
0.00222617230559587
-0.0222750129819599
0.0196726801258533
0.028055997922839
-0.0938968356867337
-0.0579039821093941
-0.0278612048494665
-0.0148484021336669
0.0390179277449932
-0.137976053569509
0.119338995281986
-0.0593228115959135
0.0748561476367124
-0.00807303645875684
0.0240614345860163
-0.0886562302377542
-0.0285895526021091
-0.00640973018525155
0.133203089887504
0.0478815014712165
-0.0426451569510571
-0.12525859824928
0.201007168069313
-0.0197175678043754
-0.0156721217885571
0.0774394270550109
0.145651180702151
-0.0270643165153252
-0.0130328424557042
-0.084256606722808
-0.0134320413447834
0.138317716178711
0.0566488206479905
0.160629551830656
0.0614752168894879
-0.0407251887889179
0.237795071948161
0.113124625191404
-0.0542716723663403
-0.0837521805589654
-0.0425545537336611
-0.0819773333890665
0.0542964072429313
0.101954320263586
0.175752705986751
0.112292380654158
0.0283211502876231
0.0748081817792955
0.0738048687817448
0.0405492687161862
0.11584270128871
0.354553400053083
0.127542687625178
0.0734915063585464
-0.0402448644135962
0.0758466727490311
0.092812027789454
0.132470242874836
0.151611350844702
-0.0328251867361123
0.0842378663184658
0.224864169882432
0.0840485512872516
-0.0194469507339611
0.132725363747619
0.0261576571251772
0.11153559240713
0.0966696491012703
0.0956665862556256
0.163281529283771
0.0679626858408441
0.0503689513410287
0.0925260767624058
0.0383723336113154
0.123827321574768
0.126034459654476
0.115457465248243
0.208653707708819
-0.0606816206174624
0.0930312065421968
0.161733352447314
0.225818777859873
0.0697358850957374
0.0636379326328645
0.179372599035376
-0.0205080747700619
0.200894360412171
-0.00390351272624704
0.272432834890653
0.180040677914927
0.125269650680739
0.109145680530121
0.0848514068971544
0.252537116243441
0.0709305423725598
0.227090633116336
0.0135227590447045
0.261014843692056
0.22845403366485
0.112174185539747
0.0791699894721248
0.324022287240945
0.247307755378097
0.222649353386846
0.187753680749778
0.0814774197328346
0.0520588232414512
0.108447191600416
0.0161994124968487
0.264532101497159
0.2884390685608
-0.0581585537472101
0.254701891306561
0.305965770104158
0.248189578391277
0.269370104756242
0.204787493264256
0.133235427489305
0.167450392800713
0.281376265337788
0.0768607279160719
0.336745875247146
0.294514055145688
0.18233562896527
0.216393860100943
0.217087973181667
0.261395312163502
0.296682913693972
0.0881254116476114
0.223772891767418
0.272778491787055
0.273113302882211
0.384527986054425
0.260877006814806
0.212576761629471
0.269385394246258
0.232076743200245
0.129565038883288
0.258638254328142
0.309166369068368
0.0738846907728735
0.19831896653344
0.241223861355185
0.372779884143749
0.165228153474993
0.37433464228636
0.364148085799346
0.26899539404371
0.147478068884318
0.291541605399907
0.268457796936568
0.315952932082854
0.191280729443167
0.381978158902717
0.426560325534547
0.274771764642811
0.260811768036228
0.25938840015391
0.215878929074484
0.398924368723022
0.445033524313012
0.320659727314145
0.195943412160904
0.131631398163682
0.451406431547867
0.307466948878688
0.225154147135719
0.32773428845397
0.251842797409894
0.391402306491217
0.267086124452482
0.285790879717674
0.233378510275896
0.254361612585402
0.388430611173916
0.290743991223333
0.47790704514452
0.291977711223306
0.361263362772532
0.336445417236854
0.372378918377794
0.318457745449739
0.258646958522949
0.403669433427794
0.307425282225704
0.454666384660772
0.318688446310854
0.439389387769198
0.344541546632282
0.284034224626799
0.361532727049863
0.478072464667845
0.460624952978557
0.409694268383652
0.35866479637064
0.34482928563499
0.308127874365046
0.191294929135917
0.42371166545637
0.198833442499095
0.2133767844033
0.425477284119423
0.443669742297292
0.424857083868795
0.34235602845974
0.357211605753057
0.364210672163479
0.364654244488507
0.380544282182586
0.340903642096682
0.345682019910146
0.379627731346377
0.330542627103168
0.2890053324899
0.346928589197503
0.446396202769069
0.35859742442638
0.415976881771783
0.342646339810567
0.326892707310444
0.293725582177044
0.230516160383622
0.554742195228507
0.452649493301316
0.338179760858545
0.428648470150822
0.534681104244684
0.42858236375202
0.452541977554712
0.346933856595813
0.345134529364978
0.402203345057882
0.325672568941191
0.31460490558137
0.403428900178137
0.311508911466083
0.443150894563478
0.507675793791333
0.48082419081139
0.47538876836233
0.476894028417106
0.534192225674403
0.448096243512566
0.497013331051531
0.419237632926494
0.646614650406997
0.36016803520611
0.520527641778739
0.420755723449003
0.427038756124652
0.503839729234372
0.429188113778612
0.5374032754764
0.520786148247027
0.325540849007599
0.370609636973641
0.39765971524342
0.385390123997533
0.552435752620515
0.638590180898911
0.678866360873144
0.462299586473979
0.460985952134191
0.602022504713026
0.503421000505536
0.427712102116892
0.489586213648789
0.450101253064196
0.53443259190829
0.4943231098787
0.633985157553074
0.364530137246542
0.604770634907922
0.574057601517214
0.460091119118667
0.621186272583265
0.560543919309835
0.575184843923587
0.659338684780298
0.531665073341384
0.450371254312878
0.456071525157325
0.613274620436707
0.481604118149499
0.464739952875896
0.614598033267493
0.580574575379869
0.507835420209056
0.560645173731597
0.487708074426919
0.731066902860362
0.699311336351381
0.388688058858483
0.457023718380515
0.575196412785579
0.578274871763663
0.491165833776115
0.36780883729943
0.457452513110546
0.538593024472733
0.578120982940866
0.605859708310243
0.458395026091461
0.699602051328574
0.654404054898344
0.580890098168885
0.570725473166393
0.69551263201099
0.430171903974774
0.359463019434113
0.537609951206813
0.52858481919984
0.527710141784755
0.483241107398901
0.440130402094954
0.554553234952564
0.548493776154675
0.862040134433057
0.67043482580827
0.582271335789741
0.616903428144259
0.708817574381277
0.636681274909429
0.685413584189434
0.656551782485895
0.586497402811386
0.581910829302408
0.558864450587451
0.685424480208611
0.505827951007134
0.68426761216597
0.68818130249328
0.699568550917269
0.742326261368105
0.566204456241337
0.691269466902094
0.633793309951947
0.673183902466692
0.603000829372585
0.722566084351443
0.828524922009269
0.819492104867341
0.623913392600136
0.613715754792344
0.668829567873839
0.798894137470207
0.650303529050759
0.738624907502956
0.711305755157845
0.667373287429268
0.571470747391914
0.584924846098784
0.661918585806821
0.58027430039824
0.795804169696236
0.565677782855142
0.615817644476989
0.459962666134939
0.611608459203154
0.646041500713571
0.533336677940686
0.665698697226685
0.654147859533608
0.735083649996644
0.612119603579757
0.748949962969523
0.655726192433485
0.540257154739614
0.621696483671251
0.722666604216362
0.806452660790936
0.822355377004948
0.707990287589234
0.745143020187943
0.785015932161762
0.642346108982467
0.60620308543531
0.758365476213611
0.730991860010649
0.740582906260477
0.757945181416119
0.806767431514659
0.678604626116762
0.806284165658558
0.805389755296796
0.651511179593597
0.668225230344939
0.660286406079021
0.720431743046464
0.847693211537746
0.840524817969481
0.586577208598671
0.704929154709661
0.867063142934311
0.792140827695429
0.808334377847636
0.651505188913592
0.866024700160812
0.786838645786609
0.797620292362668
0.761828225568955
0.79438248274235
0.895869601822758
0.657601412620069
0.844364990299279
0.796835792326584
0.796685209397274
0.727310749627594
0.759183619897047
0.886709139350469
0.799257552007588
0.817912235405059
0.764040350025748
0.786964518505647
0.753048322782355
0.782779678827822
0.843571691134995
0.713077891535047
0.594484239003149
0.967797112071796
0.69423027315865
0.897261550286775
0.855030587591854
0.870450172253576
0.70051392752147
0.848065460663149
0.899449858675327
0.735780885404394
0.803800410574946
0.819708915519826
0.902721540822241
1.023972964985
0.860815733315594
0.64874581599039
0.768287404631805
0.801904382470551
0.88872250125507
0.776274115747978
0.833607089465183
0.865859992732562
0.823466495876213
0.699609037905754
0.879630535616529
0.824450397144137
0.97463149871477
0.892071946157583
0.730869927935617
0.969367592393
0.85605005715829
0.808065122703809
0.73177189550691
0.83119579079131
0.769720995789192
0.854290020846454
0.92760962230758
0.858019953189334
1.05747561632653
0.864864253459402
0.886482766893701
0.680859994825015
0.967795992842941
0.966103326623805
0.953532391359639
0.849751548858214
0.912137718289427
0.865996906549442
0.810400315556914
0.813673946866119
1.02162263935471
0.957748349475401
0.853663670200885
0.89603392746534
0.881431993104831
0.920670133055316
0.934333418355795
0.946793793950923
1.02256846827569
0.985414019740568
0.916244854669491
0.821155759684966
0.829321154737671
0.897210027787091
1.01299160041147
0.940792215450721
1.0344282339436
1.03727850213456
1.0015624402485
0.905780734934411
0.82884790495912
0.888172514393645
1.00695133863209
0.85645823763115
0.911017782673478
0.944868415897748
0.907677750386594
0.854413335294177
1.08116190874316
0.902409675447061
0.758089086204843
0.879798467963008
0.889922012541761
1.02334160017819
1.01209200016238
1.05975745677584
0.94408236928263
1.0368755481972
1.07810814752043
0.963088038918134
1.06553498189354
0.969355106725753
1.08361760922949
0.979554565063347
1.02812659044402
0.994392978699488
0.949688576085931
0.952729471511695
1.14119574464903
