-1.10824554240267
-1.02758061005373
-1.02156762820777
-0.994689768928659
-0.92466756497516
-1.0208625454618
-0.895027431022098
-0.966807907547971
-1.09329882141966
-1.08334159017374
-1.010611579824
-0.988316144830809
-0.907847216525918
-1.0584511219422
-0.880285425445738
-0.966424366354339
-0.896186637494691
-1.00170658706961
-1.01466261363115
-0.896033395411206
-1.09469549989584
-0.987212108891328
-0.896636558155168
-0.855645403075272
-1.02982739273505
-0.906898305490034
-0.913178747656228
-1.0135947272108
-0.967824050341817
-0.943852423284193
-1.04273504165162
-0.867642963274852
-0.901899630889187
-0.813492884861043
-0.856008370403124
-0.897524784674185
-0.80068970920751
-0.917341973425813
-0.856486895002523
-0.956742488472368
-0.892030164501312
-1.06291201995592
-1.07923217994827
-0.964715481616542
-0.835014068565942
-0.940659210606541
-1.01817634819643
-0.862227352734769
-0.78624074248384
-0.908787189879973
-0.902681726620379
-0.86294134972098
-0.854432064211184
-0.853296715258923
-0.864439996796435
-0.840702091964212
-0.893219334161584
-0.859094980899782
-0.965133127542529
-0.941518876942021
-0.836682017010337
-0.872265212652306
-0.908020994057053
-0.833641541899253
-0.878547403865286
-0.931440797055897
-0.910245829819843
-0.811039183736548
-0.905468948453644
-1.03333539522565
-0.955451190895009
-0.891934666179346
-0.949868921648927
-0.794659569799434
-0.839488571596808
-0.859723349791717
-0.891986466038121
-0.877106818017246
-0.886052726687253
-0.661096631310717
-0.875329049181586
-0.847718283979946
-0.826399144620572
-0.849235360695825
-0.909095289913226
-0.839311783403312
-0.797155789204314
-0.88156912606768
-0.789487861063128
-0.930479408463343
-0.79424236757588
-0.738629055663008
-0.857701759975006
-0.834820563940005
-0.783420950853599
-0.86882431925845
-0.857925728042609
-0.718144594372687
-0.786039276251494
-0.696690860384279
-0.844084001227483
-0.75034223057588
-0.750506489725907
-0.69511379007012
-0.723597608233054
-0.895211966342006
-0.640374518766187
-0.702970023855674
-0.741783772649266
-0.808440443647386
-0.835208239298733
-0.872038287537048
-0.763114078020175
-0.821395877746206
-0.864554631969016
-0.821586639826774
-0.880191929054934
-0.586175669727051
-0.793855261614466
-0.772937948938301
-0.761290885545981
-0.885026131504532
-0.815096965046321
-0.601074327437686
-0.478706848425463
-0.644790644069192
-0.718085583283831
-0.736986836303068
-0.757440835193846
-0.833169683068968
-0.758470421666222
-0.748340163663783
-0.742207828767009
-0.719232126623324
-0.655567487346834
-0.779164138021759
-0.801052069710772
-0.825984081998997
-0.558398961748303
-0.683251332004206
-0.663932115987575
-0.718650777321443
-0.68483768266185
-0.680874993345227
-0.626628900976059
-0.753147203564589
-0.786283451893373
-0.764541249370626
-0.643815787214144
-0.588120613947273
-0.565936668485775
-0.648150136243354
-0.672920425601596
-0.597672216070458
-0.728757488878493
-0.688091983559421
-0.85400498634419
-0.77544022192687
-0.559894058844707
-0.665392697647438
-0.702059732744207
-0.699978942916212
-0.797422006847048
-0.790610823753661
-0.698810322873566
-0.815947665320418
-0.60861333050945
-0.557670891254903
-0.671780497436282
-0.521422169189478
-0.658507509092518
-0.62336542740564
-0.646200391795075
-0.593770072091463
-0.637588232137133
-0.662183146562198
-0.513659194492701
-0.584624237813006
-0.564227845710261
-0.749206851357098
-0.697288641135264
-0.679305649671632
-0.636435958873942
-0.601470706486711
-0.566400991049368
-0.598533025158686
-0.642983260926036
-0.699989785497629
-0.554937529130974
-0.709269285621263
-0.611796559590447
-0.589095780656559
-0.62658287434872
-0.465302096509537
-0.573379003247698
-0.635132781603149
-0.605377124665469
-0.642087554469082
-0.643074415684042
-0.533969180675451
-0.549090094728842
-0.5821909463078
-0.640460616470641
-0.597689050911863
-0.497422463190346
-0.644809074105301
-0.552345310852701
-0.564314839753338
-0.455873261512598
-0.54176465356869
-0.591561478016043
-0.508695024736328
-0.436920332090193
-0.512537859462714
-0.561867214559281
-0.492413898064592
-0.357925043249558
-0.551459828048476
-0.566116704124739
-0.487826987135287
-0.567464519220015
-0.54611852047769
-0.696371890827348
-0.54238284434429
-0.585787106982088
-0.430131681245964
-0.461246138324307
-0.669221689178163
-0.461557891662431
-0.562162710245129
-0.525472638237988
-0.578257231749519
-0.442950656595634
-0.577461829627505
-0.532199028647273
-0.51449014685114
-0.363012011069507
-0.438345024560453
-0.525282320644025
-0.533383841611133
-0.501430798375652
-0.548175106126938
-0.676057517014786
-0.550694550515862
-0.430828511092909
-0.664290161691331
-0.323192167999606
-0.598341951457395
-0.505269291905371
-0.536710058083943
-0.413787093521523
-0.644730449967613
-0.315172098444689
-0.690127397796481
-0.612200786646125
-0.449797466849606
-0.478491688241037
-0.525234614253555
-0.488069073250711
-0.508264432844396
-0.422058632150606
-0.49698493947149
-0.477651364251462
-0.283619232120851
-0.521438031603044
-0.608529855014511
-0.443826750766016
-0.414560855799335
-0.491437125251038
-0.477539903637172
-0.307018379271639
-0.391570276225615
-0.540105761036821
-0.581805909894668
-0.346306411321738
-0.364204305659576
-0.368817680104559
-0.392178363448846
-0.587339502154873
-0.505420134063045
-0.562985613099871
-0.28163407408359
-0.550419686947426
-0.361449638245847
-0.360084701757975
-0.333317456372478
-0.334953950296448
-0.628191106992782
-0.345946370212171
-0.516116369402809
-0.664386328798116
-0.33126939356183
-0.559528517820415
-0.446185553534544
-0.427986890582264
-0.413706059235255
-0.392847199897076
-0.432663963152166
-0.412798128467516
-0.285824151330417
-0.334602097768236
-0.524469512489023
-0.415594179338574
-0.507593428322107
-0.488347557008963
-0.378776377291977
-0.354408104595816
-0.325239882590779
-0.449399807170369
-0.311186292524118
-0.46679662458792
-0.410005657696066
-0.37294517298951
-0.414376729748163
-0.316706787146903
-0.448993598888853
-0.237969589652741
-0.233067145383264
-0.328103069074421
-0.470382579688312
-0.333399111488536
-0.440494216902541
-0.396215681466313
-0.351682397335933
-0.480308979869613
-0.326064795455594
-0.22151522263212
-0.308054043402567
-0.408345568680946
-0.322021049088037
-0.348570328685183
-0.339373915146426
-0.309697168404125
-0.140459433607652
-0.397914532336281
-0.26498029656769
-0.339952569206868
-0.404338315534063
-0.54692877287423
-0.338994668044994
-0.432901078864441
-0.165182849679451
-0.305181124829831
-0.355630073431875
-0.210698724432583
-0.142021367888329
-0.358270967761459
-0.168739932196556
-0.379029443249703
-0.30409657135984
-0.300789935242373
-0.422489814969435
-0.104761998541144
-0.208981830488327
-0.32583338953303
-0.313380065072389
-0.309895096070234
-0.362182800767255
-0.306414593688083
-0.334902998076124
-0.281523631558813
-0.40253437955263
0.0143829831118224
-0.420820285646491
-0.193819246202382
-0.328679005139521
-0.30248147044099
-0.105369782992533
-0.357491447622085
-0.293932625399418
-0.292005197649285
-0.128173295823007
-0.208518524917171
-0.144863739873044
-0.189966517282382
-0.1781292526503
-0.221477501675115
-0.243387369598368
-0.249025335673252
-0.449221973778585
-0.241361346972123
-0.291351759657339
-0.201788467595085
-0.0895669453817311
-0.349334965309875
-0.2022876938998
-0.344553030428164
-0.263524899504915
-0.286561087095544
-0.308052354734313
-0.282441362724406
-0.0748072832257584
-0.0991973583415396
-0.180588880571316
-0.26432373553954
-0.17164712408934
-0.248461619354816
-0.329181417867435
-0.185699388971208
-0.256323275783447
-0.201088321614254
-0.295483783993689
-0.127054799366945
-0.362460401159695
-0.189112306870569
-0.221872481642911
-0.248367128292693
-0.173369190448283
-0.215531641775027
-0.145138781709506
-0.16562217406179
-0.0806832982180214
-0.0352630855642339
-0.186021986501193
-0.12226589687148
-0.00628910119980945
-0.210239302556548
-0.215092173664908
-0.172907453549224
-0.196302738102255
-0.0674511172556346
-0.24408574434583
-0.140966361317076
-0.0728528163301747
-0.244402258581505
-0.206242305261329
-0.0669943518628278
-0.0472899380130617
-0.130825813636547
-0.125626264691628
-0.132770525452223
-0.178512234341782
-0.266977856403434
-0.115122014732799
-0.0956177071432814
-0.164331069484908
-0.212577224735417
0.0193665948388935
-0.194696268866568
-0.173983057781726
-0.0975430941058191
-0.0931486580219845
-0.0286321263501941
-0.0195632734898218
-0.13531460519123
-0.183650408301047
0.192181213067441
0.000388718943223964
-0.0697320648714017
-0.268804760639767
-0.21146835565194
-0.23778991157293
-0.119641697728571
-0.180925743791396
-0.0782865569302923
-0.16318561489177
-0.0624149897310646
-0.107936272140736
-0.128444815888525
-0.118417282594843
-0.0433507880959749
-0.0277029972140752
-0.132489875081477
-0.158838568262917
-0.123447397871099
-0.0035587111726828
-0.0193258381390918
-0.064893210461267
0.0159802027239463
-0.103634053333259
-0.0330903655242578
-0.0651652982158718
-0.155337516841241
0.0461884447155224
-0.0572174630764831
-0.114746470829598
-0.0549088310523128
-0.0371072469240232
0.0454814531036465
-0.143278805419042
0.0774823694659985
0.144658623865744
-0.106071564341119
0.0877273839464728
-0.0778974723650534
-0.0242454548215109
-0.0775504108343428
-0.00157169572696194
-0.0293157542117257
-0.147431482800918
0.00732530602296223
-0.0547222986423006
-0.0414841348083805
-0.0162498848320751
0.0893005205132627
0.0861462320690505
-0.0009429203571666
-0.0818955649093434
-0.038350598424987
-0.0760266368101846
0.00174652925696734
0.121030237018425
-0.0161561480212061
-0.00745303784210577
-0.128847988144834
0.217362645269168
-0.10233137161912
-0.193660606052305
0.0929456842315644
0.0140343695550471
0.0695251301014422
0.07806705146816
0.0425638671186711
0.00157083841243238
0.0586460127723833
0.0501678264446329
0.0945382739249978
0.125372358307585
0.0792779778775321
0.0405345343972224
0.0670032921918991
0.0845442468915374
-0.120227674786719
0.19323161549895
0.049293094134208
0.0340488980480362
0.129795573115441
0.0823436240386975
0.0599667067521147
0.0111618538387363
0.109318797859941
0.131009881049399
0.0981520214134576
0.0791423782160061
0.199034120781169
0.0286347750551001
0.045765088589616
0.033128428915685
0.13606083861518
0.157807627549153
0.113783582090303
0.238389501179554
0.124157452599891
0.00659290474050353
0.0771850273376059
0.171163746954345
0.0968918870729961
0.0371101907356054
0.0277976167695309
0.0312774058303907
0.113461575566267
0.000340131549745404
0.0937911251903421
-0.0161274822098061
0.201409083108311
-0.0170703177890678
0.159393295919955
0.170140265052738
0.123710398346254
0.27865709071443
0.304247469409999
0.226774284338642
0.139514955750462
0.142811209703205
0.0377969346486007
0.189982070264328
0.0626680366105025
0.0496060643607217
0.175762717051257
0.0300506693962494
0.181930196300416
0.134832276196128
0.0526753420126598
0.14079243973682
0.194994224798096
0.0648024655732022
0.263019977966379
0.24047135148986
0.117860255356383
0.105113250565711
0.073587305668682
0.0939808575986338
0.225578165547734
0.166571115802672
0.146961709921695
0.237041755051843
0.0655693647556125
0.346596210181082
0.212757985344564
0.154405329150103
0.183612528641984
0.108122693602268
0.206948157606622
0.277397764189002
0.0646740530481483
0.250066229710644
0.169726678470514
0.0286720792032726
0.186778451030314
0.111361793328128
0.239195364995775
0.150416788617066
0.282573821483956
0.271100316752535
0.135036670032745
0.401775944052522
0.286540984157764
0.0598703354112941
0.176551884264105
0.120578670649512
0.235799342346696
0.282326462681093
0.238099999961993
0.32152992153542
0.325733457533745
0.25458227249817
0.281034157459003
0.298290189999926
0.270220985556362
0.14097235300856
0.188147504483983
0.257418352614137
0.211110997624165
0.321372225616557
0.277984810312866
0.329581717063392
0.284496695672156
0.285601617098373
0.253703721431807
0.331748105289387
0.275626391341301
0.326946662473829
0.275811767081842
0.295971335406367
0.326997422277276
0.23314901403101
0.330549395359457
0.331576734631404
0.259154535354881
0.226314149554752
0.293755390731014
0.318478974315891
0.383687208287704
0.447419670982967
0.282495384737251
0.248813595078376
0.300466517782492
0.383188087527818
0.308432000074819
0.159861571571547
0.34576004468144
0.17801487183727
0.284894354041341
0.273624798151923
0.259783787221506
0.389624947392985
0.372389635553239
0.440522302269255
0.215429758033625
0.339815816207556
0.278417281150524
0.299510752363143
0.267551753584706
0.273700629344244
0.231081994284819
0.384726931357291
0.419172213066181
0.220332343827468
0.349507105034082
0.234268691929854
0.244476214781427
0.190465943445506
0.280910824794229
0.414490232111706
0.371427631604793
0.345836804870864
0.296277770503765
0.252696827611768
0.5111505123685
0.435633789545306
0.56917510340094
0.498541351554406
0.307084049070767
0.401097241821901
0.465914446005237
0.369700999625865
0.419013966580951
0.536137507626514
0.298248662084998
0.3157269516967
0.438038977923782
0.365522646369369
0.33563323685337
0.492335203067583
0.406898777205211
0.28340612530652
0.224153873099579
0.443022015510494
0.295604049407011
0.307270907492683
0.363912639734925
0.307912681314776
0.438606948641713
0.42898746163923
0.335223098583546
0.399117563606912
0.249704404203709
0.407538819430146
0.32896051390484
0.538259590371506
0.441354377095984
0.487899410064765
0.410743239810555
0.38802610183062
0.276245459511662
0.44518596393645
0.522988564929647
0.382613227534703
0.360785732445002
0.469944372627055
0.471723231191818
0.456206580315748
0.364364369062944
0.460489968690879
0.510447043582993
0.471332372478361
0.282646588104484
0.443784319062602
0.41159333194353
0.56683051769649
0.553807528130644
0.3826716100396
0.421962388428343
0.474610918444548
0.42788540520891
0.488471318807701
0.381704682243375
0.451836272836832
0.470584559923962
0.588833200426216
0.520938234448234
0.602169812949673
0.424066029448011
0.548395306512837
0.530956805182085
0.523708998236548
0.484588588824601
0.614986213207318
0.554960919560796
0.509619780935143
0.384512355006765
0.351459090035151
0.487514424529335
0.408869667134709
0.55333265309191
0.444147424007534
0.608264928443571
0.536665840864799
0.503458685616611
0.718774383976551
0.623040144708379
0.636341521465745
0.483238183762545
0.524543302965696
0.404698054266583
0.560474117139063
0.522727338062911
0.508753808183355
0.638816344721248
0.578986881754557
0.539438865489129
0.49846146295999
0.658992424153307
0.617943027894324
0.52406220468036
0.506265128233403
0.627997875070176
0.59004463703528
0.650615054589406
0.379357477748931
0.507966328301264
0.696750018046556
0.537307525446335
0.669760269474671
0.585591865928457
0.631548491209317
0.590246021333776
0.691600139375687
0.600413194826568
0.642084757036383
0.694071675481021
0.531746862763501
0.526658194488388
0.582525008058367
0.497348078265552
0.538310278347879
0.510687847121554
0.613643711700154
0.620264435031551
0.49858151246637
0.620013676180273
0.496698154496969
0.68774944733699
0.645624850948675
0.538808795021836
0.562815327351474
0.486999688353535
0.529926053319536
0.634944538967234
0.650888710252337
0.59286354927902
0.655578410812386
0.523464029248453
0.684679075287106
0.779367672798364
0.429479712094411
0.515456052624196
0.523928415676024
0.660419122569813
0.643578458716513
0.566450641319722
0.576059815616918
0.612705041957042
0.644605425203446
0.664996767300529
0.744522629359022
0.596201665736538
0.7385062535338
0.486501956957977
0.61275874872634
0.7059562035866
0.705223770351674
0.622993801636936
0.556474615957905
0.740126654682581
0.819790169521339
0.605748301234148
0.8245014430833
0.781651980895159
0.621793281787526
0.693809452452566
0.838997821445387
0.764290067771415
0.622513577676646
0.657007384711522
0.668623578702108
0.651140908468448
0.651258180094509
0.58903090608795
0.715829603025544
0.53136214240054
0.779441427690055
0.822516308516515
0.692938567138654
0.594227474432561
0.658695060130897
0.720268019440506
0.672267251658542
0.654852407635672
0.63394009676535
0.67852955769506
0.603474468816556
0.798354453875862
0.708843463112052
0.673386014181489
0.70091608838816
0.610753246845189
0.563068924889015
0.708749821286349
0.820461294703485
0.777803530332963
0.769754402751706
0.63121780384751
0.788178883564387
0.541284735692415
0.877520776474201
0.740278696202129
0.782908363466513
0.644076875862611
0.632625133928261
0.612121511603487
0.853288851377732
0.658327989052478
0.874063591294169
0.768105148021793
0.729098914941234
0.79495147286275
0.670889153194514
0.762931709657962
0.784703228641029
0.713932869010928
0.698698549814318
0.770855696639143
0.751635127095284
0.753410013213931
0.799317856006982
0.809718382479728
0.797416392280197
0.91160005136398
0.818968505913875
0.871863091386232
0.829659355905144
0.832449699873784
0.783670298219178
0.772069719296591
0.620106432466101
0.923067993948329
0.860369985353472
0.902368422912206
1.04245786126701
0.890161565404206
0.863887212709487
0.777700620767603
0.829468005700676
0.924171233044688
0.740141014576159
0.791613276917124
0.851181111780579
0.968369936200331
0.845882873712649
0.834579661378625
0.754506784584105
0.855719916015913
0.884785065782279
0.860099680423362
0.896858160740606
0.73418908930571
0.741194821651142
0.857504983755996
0.89083034551048
0.955384004759156
0.813756556852092
0.9565300395232
0.8647724273944
0.900223339252301
0.794887172656627
0.992525158314399
0.856475493871478
1.05159373503139
0.765664561963352
0.822858546847133
1.03501302187545
0.842625727254706
1.002421521472
0.92908724368373
0.8445737479146
0.770578435540065
0.959565921884716
1.06447837100901
0.787498160110656
0.932879789962646
0.888239355621172
0.83636059829373
0.963370449235913
0.981654661544932
0.927249816155717
0.893858369086376
0.88945918249754
1.00301142970332
0.847746453537383
0.824334035518224
0.923895235290524
0.931474559842397
0.833650647560685
0.933899473422837
1.04390501103468
0.9389086652467
1.02957114170126
0.879044473641185
0.842152151347605
0.841777199955911
1.03083260570413
0.992995030575367
0.825665932280718
0.949878446345156
0.934277396453358
0.89791324719398
0.904755602224327
0.93921318228057
0.915048683816397
1.07538553903236
1.05840596222172
0.893011679739426
0.983700017364695
1.01973476903054
0.905573497162478
1.11020854199067
1.00178623970873
1.07179239510988
0.983561320838433
1.07569605634501
1.02792666135125
0.908078425918954
0.947105937190063
1.02215858733887
1.01455249783595
0.936216640011984
1.05975230318409
0.959477605047293
0.912990506006054
