-1.19071882605171
-1.09569030901038
-1.11818558519806
-0.900674631717136
-0.937186300960627
-0.929613336571956
-0.996471477991787
-0.913119616382106
-1.16186426949825
-1.00729822327111
-1.02113381453529
-1.00794640526659
-0.901146529367586
-0.859887800542807
-0.929359471388251
-0.976161003365996
-0.992126622707393
-0.987897894517758
-0.943892587424777
-0.893174717055505
-0.929547430279184
-0.972458979300426
-0.846253515325522
-0.897205642101436
-0.968528586361148
-0.838921249504291
-0.916616626462358
-0.86571672340494
-0.939163595988205
-0.959482606646445
-0.985330181207442
-1.02867993937075
-0.92449644510558
-0.908118293952839
-1.01389063720929
-0.953251425532894
-0.897259165245995
-0.920201195431433
-0.822947653352427
-0.842060827069385
-0.892563146631097
-0.781041550971242
-0.782990439046239
-0.826301277860672
-1.00326190849933
-0.885976698757311
-0.89498153335001
-0.956630100583585
-0.893788940708209
-0.883637305322197
-0.796226751384966
-0.983564456115899
-0.860670929134102
-0.877340907880275
-0.918472723597594
-1.04146943805715
-0.921796150994047
-0.93460302350043
-0.960787341047257
-0.925129954822413
-0.710382480219513
-0.926173724127553
-0.906273930751424
-0.770944974232597
-0.811778867105752
-0.694707048661984
-0.891771048284148
-0.857915654763374
-0.799559419859498
-0.830006277910596
-0.852411164345731
-0.844079379369866
-1.05598884921979
-0.961186985484599
-0.951568938445668
-0.937651937190096
-0.835581441862435
-0.717422131034846
-0.751886110780596
-0.824885499114089
-0.837722897730476
-0.833692340214102
-0.851440711726989
-0.850796124867156
-0.799680219364498
-0.748569524636923
-0.806068256203745
-0.877268669708703
-0.871959603105683
-0.786860265362109
-0.730812281189622
-0.739168069105236
-0.770988181872911
-0.626232430665068
-0.80749712860144
-0.906016523834772
-0.838315297967149
-0.724673932864451
-0.787910490435316
-0.734104695498914
-0.881087674733751
-0.805527881745695
-0.83644583626622
-0.881727972238261
-0.820075662880316
-0.864377618130014
-0.783138483931137
-0.800219435493994
-0.814321858482644
-0.752519543697308
-0.794947911019141
-0.821625089133016
-0.774662986489056
-0.630954161529001
-0.783675746034952
-0.891633277836925
-0.651956320905066
-0.696127554707827
-0.642597187291673
-0.648553050476271
-0.658155874779664
-0.793600930535121
-0.727272499436002
-0.796564975285868
-0.70672605127322
-0.691050448662384
-0.694454514696304
-0.574522650578168
-0.676812539803511
-0.784931668224279
-0.657598925240306
-0.883142691202914
-0.620683562234829
-0.620878427936451
-0.726494901715043
-0.808327401543088
-0.755892009738852
-0.712900629655181
-0.663569738968235
-0.781326296122968
-0.698139942378264
-0.755234387108722
-0.791505974648879
-0.863265020156698
-0.628975966807175
-0.768324259112375
-0.647155184263838
-0.785966384517277
-0.748287048244351
-0.736661375513217
-0.548409456157899
-0.649602622770836
-0.76578458248032
-0.597985097430974
-0.74852530760047
-0.731402816609395
-0.588905970258843
-0.705500945108182
-0.7594741150199
-0.768425255335932
-0.701599616389068
-0.777428184140258
-0.604262962336913
-0.578147121030848
-0.691760487242084
-0.575543646109953
-0.561429307097113
-0.713389486597647
-0.547865910741075
-0.771585913151332
-0.733918878588518
-0.661144189998977
-0.750324214796236
-0.549964565599305
-0.71448488960472
-0.643632456845208
-0.682482696051299
-0.619913167101501
-0.684299629498984
-0.673307355667086
-0.685259904340634
-0.625940825777326
-0.580073431601998
-0.572065904658822
-0.684821179234842
-0.600435733339223
-0.622853694121933
-0.67503007559865
-0.659695128359296
-0.828614945612182
-0.526355137333637
-0.689108635133773
-0.652271723864693
-0.648620728447945
-0.625309001807555
-0.663327817346291
-0.560816826414794
-0.760870401495748
-0.549445429108562
-0.56271866017378
-0.59435660072565
-0.692293822923617
-0.649943081208123
-0.644915648328259
-0.616328217656813
-0.668547849037538
-0.426169774920448
-0.491152889823213
-0.77001442753623
-0.642730298676464
-0.563677137697765
-0.47177123946028
-0.517257509364314
-0.507347972877001
-0.701680788971928
-0.432327174683244
-0.400935098549205
-0.705047947169456
-0.611168368147559
-0.558355132916855
-0.52822705476947
-0.523566722096175
-0.631355594543085
-0.410356239371751
-0.486397899404531
-0.645184288067498
-0.67472155948402
-0.467186322980592
-0.375928015183922
-0.445988478954514
-0.607309624206937
-0.564976242881748
-0.373898476808416
-0.570305188769328
-0.500178585282068
-0.561431317277204
-0.587507074926531
-0.442816472955626
-0.561426608601314
-0.514292218943515
-0.566853038208224
-0.393756915202715
-0.589753587364636
-0.508772560801552
-0.399318130845816
-0.519040124692878
-0.576830445441096
-0.578270722175734
-0.436114750723802
-0.467030998759311
-0.557344184586794
-0.540503531587615
-0.526684165985242
-0.542795337908655
-0.673657372603346
-0.484970026237644
-0.399488331932428
-0.374974648203712
-0.467805176477284
-0.531973202139758
-0.459202348305549
-0.435082643188065
-0.536248040450883
-0.389093378173751
-0.508938259907794
-0.431602090966372
-0.460262142691337
-0.477923157248406
-0.349434969954732
-0.348980763430263
-0.476251359704576
-0.543472020356738
-0.472770745262788
-0.332794833470079
-0.4597160601497
-0.428956066045341
-0.399883639097019
-0.506437697787396
-0.542390359209005
-0.477626538531959
-0.335157311636698
-0.384066393471963
-0.515447808933815
-0.417286960202928
-0.379408297293562
-0.357685244159007
-0.460422539087886
-0.456516940777689
-0.309115109336287
-0.357064710854336
-0.407612831127573
-0.584870613283429
-0.414202659988014
-0.413949098574381
-0.419928673337762
-0.330788504130457
-0.525704513342922
-0.345710476583124
-0.503143122879288
-0.469005570384278
-0.341934576883801
-0.409094787467224
-0.354047262608759
-0.38864101074795
-0.224561088598877
-0.216909590333494
-0.376940961649035
-0.445601361155759
-0.298980251720328
-0.494137886894201
-0.328446851916863
-0.569853970446634
-0.481740503939965
-0.253069123705755
-0.385479056428308
-0.291389770921465
-0.385645131929499
-0.549958120399003
-0.25553875868608
-0.297860853896293
-0.289793029664105
-0.337131877174153
-0.22975534308307
-0.201451664689802
-0.35741310250564
-0.336243514316596
-0.367221889717384
-0.297981737799341
-0.489783299352138
-0.353573734208729
-0.359404183028366
-0.331447353714129
-0.127136779870868
-0.417998578991871
-0.432596987600166
-0.452131447513519
-0.323526110734169
-0.397453848284529
-0.3039281203105
-0.388026562662419
-0.282148808530152
-0.404627308287939
-0.348300355322908
-0.259740561258293
-0.345817495583946
-0.28188654913093
-0.404610400562095
-0.321867013396877
-0.253519772967301
-0.269811186119864
-0.463282845656674
-0.34071215866273
-0.256867964548751
-0.216028543089312
-0.291658350160066
-0.330443143607734
-0.29721840492882
-0.377924111742398
-0.186631654544732
-0.32944510303474
-0.249965076346962
-0.380602711372087
-0.362426859410912
-0.346334627203535
-0.269258004248425
-0.393423479396904
-0.293335778936271
-0.241339411005957
-0.131980487474522
-0.123443688405381
-0.152948451261902
-0.29192456130682
-0.310277637280675
-0.219967843556524
-0.283401783108191
-0.161292626171495
-0.270773535617535
-0.0597026889088396
-0.270988241970211
-0.442442653874041
-0.318831236479033
-0.223473992011841
-0.190982279780214
-0.398970754247674
-0.370361576015031
-0.260804654387599
-0.182517922222432
-0.133486827570465
-0.247794927875475
-0.164487862650021
-0.271764797199529
-0.142572639778034
-0.124393314414332
-0.373431961100335
-0.171030570120235
-0.292063856715493
-0.178467072622133
-0.161108390240185
-0.163429158503924
-0.225743423181477
-0.114332764546827
-0.199248649936434
-0.33988889534667
-0.230656121981528
-0.0579060134940767
-0.351808976051259
-0.179631616814755
-0.17495058150674
-0.0146523803756093
-0.197723423086218
-0.161687367583224
-0.0768669818772509
-0.249391448169936
-0.196352038892272
-0.154191813975928
-0.364083736848518
-0.0792762630222107
-0.303390172088273
-0.147089302195035
-0.0760732891264041
-0.259747160724792
-0.141256567222903
-0.2113452453723
-0.241426090985858
-0.245181193169951
-0.0866915919754837
-0.1202740076066
-0.028129254022226
-0.169540934536845
-0.0427037615647511
-0.236029455738003
-0.277739192502006
-0.217866229121087
-0.179028573611445
-0.255094233697886
-0.074523836655709
-0.178773694919714
-0.0190794578771145
-0.0779646001820499
0.0438828813876829
-0.0152259332164585
-0.120041939675521
0.0217900379593319
-0.165300973917843
-0.176133880037069
-0.108410565053161
-0.124127458567413
-0.0321298628557593
-0.187063080287205
-0.0806907255492786
-0.135052395111907
-0.00741441684513509
-0.18161548092471
-0.178375418092455
-0.149806292346224
-0.0574517804562151
-0.0742492261951795
-0.0152242607846899
-0.187937030124521
-0.199068887910103
-0.140503676897778
-0.0192092449854744
-0.184558445192881
-0.173416669682629
-0.164014673311718
0.041606358402583
-0.0745512367619541
-0.053150542958991
-0.136609219504554
-0.16650050129901
-0.169069406673658
-0.147763684449588
-0.220147598176675
-0.125547006753163
-0.0646553893610457
-0.129404570032761
0.0825709984562169
0.0146621453429744
-0.144704282742875
-0.116739055130333
-0.127945275847956
-0.016225279612949
-0.0919363465086408
-0.196028512209651
0.0803792549886149
0.129848413794069
0.062233646251168
0.0238344865864234
-0.162829244424943
-0.0649648190903394
-0.0418408887669251
-0.0321333332352313
-0.0186521536050458
0.0357014496328066
0.0334257574785153
-0.152229733854816
-0.177217960623827
0.0984015269366882
-0.0833171838129235
-0.00564307303552082
0.0532307404818
-0.10494553878409
0.066895834118121
0.0435475784429358
0.0148524855012423
0.0327659483303591
-0.0984466387621898
-0.203467842799163
0.112092052944715
-0.106612070155275
-0.0373482419799303
0.00167216192621505
0.0691172404208937
-0.100990102391197
0.0159485975948043
0.202138528919341
-0.0468975419419994
0.0528346696797806
0.135977355216735
0.0753182140358574
-0.00250863972830601
0.106825072800691
0.00153312219339947
0.0478506645530777
-0.00909928738218568
0.206396194818562
0.139704105466009
0.13434019377239
0.0531960255191935
0.104760034744345
0.0996818351432844
0.0446811728060028
0.0523747179460681
0.137779872139281
0.0654844136493468
0.123500758023461
0.0279504777002057
0.0107814095098228
0.10519349772306
0.0111980850962971
-0.0202962120063434
0.135674410036341
0.0760864655494905
0.0250792833408537
-0.0709865980134732
-0.00609775959224926
0.184865278663419
-0.0102375281883822
0.152408424821086
0.0251959772343563
0.0359084694080049
0.094397076443281
0.0168643891083396
0.193637445847888
0.103322659017563
0.228870422110116
0.0441508553464528
0.177351987074941
0.0384920803305008
0.156029970293433
0.0366591520708344
-0.113653621665251
0.105292338528138
0.0848559545728724
0.213609892625082
0.262090561411078
0.254225547222413
-0.00182981722302205
0.121677717255646
0.225238656316612
0.157376203008957
0.117898849626291
0.120136385215876
0.110324969390738
0.136855902398009
0.138585575138116
0.0252034586936126
0.138400748247429
0.200470588708662
0.0840482603699537
0.335345541440316
0.037404584480235
0.201090865054159
0.201973596544831
0.158592664906011
0.121939594211901
0.231650990381117
0.117587249178463
0.165073821053467
0.320918168241715
0.322390797676922
0.26699690495202
0.126168634360118
0.0884577660714766
0.138819254040801
0.178300605771666
0.111665223022692
0.212257012062344
0.141032463870235
0.308849169699116
0.100597409142704
0.0610499941913989
0.19065078417052
0.163135993807317
0.383351171013371
0.307460973676239
0.188996732911541
0.359503054015705
0.233623863785419
0.224496543007085
0.261928774242052
0.240395581505495
0.208101862976559
0.128851578541271
0.265311758944239
0.307819731434071
0.277872059471386
0.236903715253999
0.343057133051465
0.263095275519301
0.359213955381577
0.216329405709179
0.134787156215741
0.242155059186738
0.293857845406637
0.282498047130478
0.163544742210338
0.351458724897711
0.229599250557569
0.296967324549569
0.256979933763698
0.132481835245366
0.11262456702282
0.166256772544549
0.415516132635062
0.308100292542768
0.247262953795407
0.323180572857766
0.3485052228424
0.220466776423272
0.108951204782252
0.384273026864548
0.306625283741522
0.222674079434334
0.357621223388184
0.0730600878146932
0.333688118698986
0.173022106078802
0.235470211808847
0.281242257414386
0.273929033799003
0.252355736136484
0.399388236940542
0.319569101454862
0.413040248114752
0.404359539759184
0.437664916285395
0.219751885961898
0.388273066744389
0.276752327765115
0.372790040162087
0.213278049692606
0.371760202345064
0.204812194599426
0.500533732468426
0.454055427500299
0.30041343676981
0.322116141030587
0.390142625121743
0.373167218380361
0.231157913418312
0.269843424459673
0.316384173711623
0.323568395932594
0.417667467168416
0.373492294760621
0.283263340845342
0.449332102356281
0.456513017811635
0.412089517539514
0.478358985422486
0.500731840625768
0.349666338760222
0.413180552012331
0.531290693407298
0.178693283063466
0.354274538381262
0.425403464280349
0.265139107465754
0.281356838628609
0.240543803975014
0.532031762595798
0.399683742337291
0.312297875648543
0.495918909603574
0.402043621513983
0.411676384492617
0.373913960403921
0.440269162982079
0.369176429544412
0.491924891450131
0.420892813989051
0.445796667560171
0.392548202031453
0.453999512065511
0.35715155483649
0.37712295083206
0.446044623765296
0.405901607830783
0.417048686606853
0.420189104198663
0.295601158341804
0.393112838716358
0.394306851345507
0.487572289562751
0.382358065510057
0.459125053628033
0.365915243853161
0.423032356583749
0.433106758305752
0.299930629800285
0.398341981992618
0.543089849299409
0.495570983267384
0.546494781214719
0.632084744186752
0.42710524417411
0.462459313750902
0.334698735706934
0.554839530368409
0.481778393765392
0.339180163077635
0.566346313132093
0.486877368988676
0.469153090460018
0.602684312600353
0.449292156477285
0.532536389350245
0.52965765676599
0.578132661873845
0.445276900671309
0.546064193644166
0.433378071671814
0.552244816594816
0.418694511717864
0.383371349837381
0.440782697755767
0.755385676835698
0.522476668176217
0.503599273463064
0.413234883105108
0.496488235493805
0.582464588052591
0.544879965805573
0.397607962920399
0.57630200575616
0.662125392798505
0.441445987841092
0.452119076033368
0.442241301882648
0.378957856923861
0.523150821984457
0.565288730193614
0.494748294678919
0.531667738742804
0.490560800551738
0.448008210748437
0.450172600586545
0.516794425452934
0.548571569419963
0.593778075432369
0.633232435130281
0.637152477534196
0.370904219759894
0.501620359636421
0.581125668710166
0.603572760431187
0.572401792005349
0.430163044860938
0.575213937876499
0.61582418548698
0.613979020826988
0.567365582959094
0.658487230605641
0.567507288133
0.52381837343618
0.607580967566465
0.583865984085845
0.660435807098748
0.56788792272951
0.59729282843976
0.3890237828818
0.458881953499618
0.584563584443659
0.552326818244775
0.609447976105465
0.536584351199164
0.573771630147007
0.533759182149685
0.557025512348181
0.637760199849019
0.56426986806338
0.441004418256938
0.828317342795794
0.672743455142362
0.59170538222176
0.596397141775893
0.712455307548936
0.510721186273812
0.697573216452299
0.603742002244549
0.595252514722083
0.585337434378724
0.604776680251671
0.613012607629597
0.645083660136889
0.718657434750882
0.553753047873145
0.748646691829821
0.559103782732286
0.584702834663067
0.691594968336483
0.592078112239503
0.591615523092125
0.757511293675388
0.732058857574402
0.614679458853325
0.660554261567511
0.66372186628303
0.710928377079257
0.713285380473048
0.68124805890546
0.761215765828314
0.766673810926318
0.740070271071883
0.580825008056846
0.599129403208696
0.7081747131702
0.738059639634204
0.736669972686416
0.640027051440378
0.524073404948154
0.627995067400265
0.765619821843721
0.59994625640368
0.732070724386424
0.699048266624013
0.827032153637634
0.667721500566212
0.638516151239777
0.58156387848454
0.762502423925004
0.756504097774731
0.623076948080147
0.665533123165615
0.671674952696949
0.721665539067326
0.696929933474863
0.66205275098636
0.741829087964646
0.59979175668463
0.856372389769288
0.649776210376286
0.542742677921994
0.780190793055829
0.732247503398845
0.772692796206536
0.66455260298429
0.862325090612499
0.699721104450032
0.747413690020063
0.734877587599978
0.72660556673184
0.715376888829668
0.812151897875449
0.87975386731698
0.87851378951618
0.739181059170157
0.674045570332869
0.562076885167788
0.71855180912816
0.724636742907444
0.833448007624301
0.74840205211589
0.703691263846191
0.881448572013383
0.718706335306441
0.853986584216051
0.768339341705127
0.671896861303768
0.842199149611447
0.717793365029139
0.955137593521988
0.747509994292992
0.664799331370319
0.832173569751562
0.821406770141524
0.701011536786507
0.76426543802897
0.749923571036601
0.841244017410869
0.773124896662655
0.791826673581479
0.681723924067603
0.659777057008635
0.868831994249764
0.821295986174658
0.806059724495874
0.851996604956914
0.852485923926117
0.91156763438153
0.827683653385204
0.792141226416671
0.896365434864892
0.964196498582182
0.779559299670437
0.889045249496144
0.668642114967006
0.759398629299212
0.842006879151659
1.02609426241747
0.754665137767636
0.894657483157247
0.820016489759203
0.680022886779159
0.833689772682754
0.906609648547553
0.776226310097356
0.778147268442988
0.856249090260085
0.869535183308754
0.994867490503099
0.899011004946137
0.918181379266924
0.889586495768308
0.997670174918727
0.804532495137978
0.856290914219339
0.966517639249405
0.775491618504788
0.951703904836922
0.937321745103053
0.681688235193363
0.900898886047851
1.05014850648947
0.907295251953533
0.730595822757142
0.940916213670094
0.800812649009086
0.889205973434587
0.891318637291929
0.761813542665051
0.877071644336327
1.0549784299247
0.838536552477606
0.817504065659368
0.997997044739262
0.951322949924258
0.893034655009005
0.94858402392414
0.890486180091958
0.89239325978555
0.905539334285933
1.03515297248023
1.03478050433879
0.854177252222759
0.898054551129244
1.06944897764331
1.09093897773587
1.02293944633992
0.984664905037739
0.959814747648453
0.829021771259081
1.0422703469141
0.963257493913889
0.898452401998573
0.804274540415325
1.01291268504779
0.994875198400621
0.79724462649699
0.781385288792473
0.821875524658051
0.967737454171745
0.840525023571607
0.969139029268736
0.831769016268493
0.974927346853339
1.00707577859793
1.07898930358356
0.992981640100518
0.983839270440625
0.990783536706132
0.98286574014162
1.03179200156999
1.01749275567177
0.981948817170524
1.05563019214174
1.28376046227299
1.14321810607382
1.00334723536476
