-1.12826777062746
-1.02781802676424
-1.04708191042096
-1.00918733414393
-0.914356114356755
-1.02802141280978
-0.889276190004865
-0.943357528652939
-1.08254339156391
-1.07447659522127
-1.00835114583803
-0.993322164347889
-0.927770830372769
-1.05182124863895
-0.89806517698575
-0.964382069063176
-0.913896360938308
-1.00869250006569
-1.01075514759441
-0.923156470381023
-1.08883920886589
-0.998488846429978
-0.894817777377273
-0.864821497290117
-1.03249012877349
-0.922418204636817
-0.881685437458019
-1.02588783628628
-0.956555530492125
-0.938652463037663
-1.07066095823114
-0.868068632984488
-0.900145452827654
-0.806365351347523
-0.839081212122773
-0.897234184527616
-0.779670792134188
-0.929375089785809
-0.866856586927118
-0.958532738183134
-0.900785533928222
-1.07869181703167
-1.09100974982004
-0.971561809465559
-0.809035375396842
-0.940032952244671
-1.00174988402237
-0.860229926803459
-0.796257547225255
-0.916382311743573
-0.869061235764592
-0.878624692232391
-0.848995405504545
-0.839561612098463
-0.858839000683011
-0.842126699372591
-0.903240989220561
-0.826758107594059
-0.977695163048092
-0.969002604310321
-0.830401882487453
-0.866260284110733
-0.912520528654739
-0.852962620618035
-0.901000483219559
-0.951327714395346
-0.918024466972513
-0.827807556233188
-0.906719483713905
-1.04535485994655
-0.946824276013081
-0.894443198271436
-0.96275420453284
-0.807334035549102
-0.839430021619428
-0.861688405564301
-0.887019736664374
-0.9048362789791
-0.86746419513629
-0.664941180995081
-0.88017292780754
-0.826494475227995
-0.831135954281366
-0.871885839327349
-0.9134157185161
-0.834751526020219
-0.795284817908889
-0.862153163665574
-0.79576294517523
-0.93387861818716
-0.80740318413282
-0.731528752001689
-0.867555777792879
-0.829424820770326
-0.77366913264828
-0.851797367268166
-0.848359223060435
-0.739770599318495
-0.788526199147178
-0.701103477683897
-0.84727808317358
-0.763514201542207
-0.735632260651439
-0.703731914184477
-0.737290788041022
-0.888700268414502
-0.645859927980815
-0.698173854224587
-0.726022728241622
-0.804614385435593
-0.83796872732267
-0.863517666689895
-0.77036132663445
-0.81426277261978
-0.870560929221447
-0.816632467684156
-0.870606657504021
-0.585710885953806
-0.775873625709361
-0.740947196748033
-0.763160132402985
-0.876825575113619
-0.827010066762308
-0.587720612325065
-0.484094514800174
-0.676264662169387
-0.705410856595794
-0.75127843938225
-0.733226496412052
-0.809053392226642
-0.746304583497496
-0.731088490126027
-0.741751013970673
-0.702232935729574
-0.652408726531654
-0.795792916514424
-0.810392607208719
-0.840168935310313
-0.577841240321094
-0.679194508342676
-0.646042560727054
-0.713031225437672
-0.687283251072996
-0.686877005129365
-0.620175235020134
-0.748553966739551
-0.805315690027715
-0.775307540003878
-0.669657720860845
-0.55022699757692
-0.58312678498595
-0.644381123753041
-0.654035971918193
-0.612980195308503
-0.709246069874415
-0.685991588210003
-0.827669280202748
-0.774534470030647
-0.572330506353808
-0.672460728002459
-0.702184276848998
-0.682429475554201
-0.789679889747283
-0.803861292817317
-0.698740714761017
-0.797186107557802
-0.585711008683683
-0.52908905220841
-0.659621933217044
-0.545711335358185
-0.634907359703485
-0.630800516143802
-0.643002002999896
-0.59538310250643
-0.64281239786157
-0.642698326320905
-0.526585248045367
-0.594651894273151
-0.56037251363162
-0.738796152265774
-0.683899471354881
-0.696831194305317
-0.658454807421319
-0.60657626424772
-0.579176471857808
-0.598728025151367
-0.646094019255628
-0.679879439115306
-0.55125440009104
-0.703059880097951
-0.613719445110724
-0.594172019440867
-0.615279815826109
-0.453169633155828
-0.600768519594521
-0.628518023848668
-0.593086521127675
-0.623464263809702
-0.694961154095483
-0.537313824898707
-0.553103689455529
-0.588470713251232
-0.677920774202537
-0.601829045343851
-0.473277091421457
-0.641684405385734
-0.560679151397154
-0.545428479201512
-0.442789303183503
-0.57001391209575
-0.603504749232002
-0.520942036336817
-0.444214788210755
-0.49625702574443
-0.575393215986679
-0.508875271010391
-0.35926548487976
-0.551013016564483
-0.545741388302173
-0.503376007546281
-0.588687422316946
-0.56322443262414
-0.711430826788531
-0.549056121155967
-0.572538669704581
-0.436021877700417
-0.464118772684957
-0.683587142265579
-0.440461511950997
-0.543450950308404
-0.548336366690825
-0.593963464368982
-0.468245721898177
-0.563160048325383
-0.538782766446542
-0.52948077497393
-0.355094181140721
-0.441637637563587
-0.525560897042001
-0.522330135713676
-0.478096086444992
-0.559649308706324
-0.672526266449319
-0.569304376107623
-0.454949042523139
-0.701383072232706
-0.305158857438577
-0.591571028833278
-0.497330712187407
-0.560968780531411
-0.404544285214351
-0.653903588021215
-0.316086945500182
-0.692997176395187
-0.604278202091221
-0.466620857307954
-0.471027345193996
-0.5333424112529
-0.458811588651505
-0.506328259855555
-0.398537543205391
-0.50192178615901
-0.484344686723247
-0.317027595830227
-0.514499440085793
-0.630563712521853
-0.447007978538457
-0.400084768141253
-0.501224899584657
-0.474718377370058
-0.285993767837226
-0.37100343130146
-0.540203633890214
-0.559213968012797
-0.354410471264186
-0.358279515342206
-0.362434476489747
-0.423047346725459
-0.580278563584878
-0.511087341161259
-0.549587094176938
-0.300719840167779
-0.565008935177428
-0.377906327687707
-0.352053382631078
-0.320952948219949
-0.320075704643219
-0.61641186558199
-0.36862105510984
-0.517872274427976
-0.661545386938402
-0.32550172863257
-0.549077615260894
-0.454111897115361
-0.422940167741122
-0.410499138934811
-0.38428977094902
-0.438359286603032
-0.411964129146112
-0.302054033578301
-0.332114566685917
-0.548471603184092
-0.436393545309786
-0.495389763899857
-0.502573373455664
-0.388915817271984
-0.37246864967711
-0.313212816505819
-0.445632143527021
-0.307816720171435
-0.446376210496183
-0.404754640509985
-0.362185819712079
-0.416997470823386
-0.293369221586187
-0.46182977907547
-0.251692371458063
-0.238567551106614
-0.315583591484142
-0.480918819957893
-0.340414606456474
-0.444933170225288
-0.407824296676401
-0.365264976933733
-0.488808617849491
-0.314157079179504
-0.239295463424324
-0.298517264356591
-0.396237353078952
-0.312799639882092
-0.354863490621751
-0.347910582015292
-0.311317429752332
-0.123739232122607
-0.414889397299705
-0.303859823143761
-0.311305114483015
-0.400515055366527
-0.553119132536571
-0.351686164546856
-0.432759180449453
-0.179656632543938
-0.318821575489507
-0.344773978463254
-0.191361269394314
-0.14411781585801
-0.358208168620678
-0.167469750371206
-0.397000327919268
-0.30556380624871
-0.300797278688986
-0.409410279898492
-0.0948174910602191
-0.188165912528074
-0.321163025076903
-0.32853763199921
-0.339826608419917
-0.353033344884948
-0.299599453125713
-0.31246440290829
-0.271975678820495
-0.411322121807571
0.00404930766677243
-0.405998015267732
-0.211896648581599
-0.333631331875535
-0.287715619728953
-0.109520116785542
-0.362875287670097
-0.318700972073105
-0.299628361069305
-0.125242104870809
-0.202702225883306
-0.164148645859042
-0.198543540812847
-0.18910944847962
-0.207100517252429
-0.247561139628669
-0.274106663793051
-0.428983330139765
-0.213662824970926
-0.309672776543846
-0.17747135379171
-0.0557256685831496
-0.340282516807561
-0.179478484217793
-0.331017443791756
-0.247626430494713
-0.274950082489835
-0.313149131989011
-0.253253020556123
-0.0787981446105578
-0.0875246509819585
-0.189060288857297
-0.272591253385071
-0.182009345398634
-0.244362017829613
-0.328348927119349
-0.186224205532755
-0.280398368252673
-0.184091017051233
-0.295638884090778
-0.123999673116848
-0.356951159795534
-0.19189391623279
-0.222138164263064
-0.255848809934012
-0.167087493352939
-0.217541863608967
-0.139950116491119
-0.176736175687295
-0.0805946845988081
-0.00350324878931781
-0.166270379383449
-0.13239582253156
-0.0223552567794209
-0.2364516668925
-0.229448733168092
-0.203338555674838
-0.20012250870399
-0.0681306963958739
-0.251754956405355
-0.150244520964905
-0.0736683159826523
-0.248607821791514
-0.192874172701161
-0.0673869515933587
-0.0583718291485725
-0.128635613205604
-0.146040624976636
-0.140990530433179
-0.170924051410526
-0.292744552928721
-0.10412218506532
-0.0900179385044069
-0.187611788261808
-0.209254180041925
-0.000328831168205654
-0.181614471648273
-0.161607010323596
-0.103537507471908
-0.0763297393032144
-0.0271671373895949
-0.0035306459678403
-0.154787169072205
-0.178032884257848
0.166958054401978
0.00374338317152448
-0.0660772654671386
-0.287347964819238
-0.198219827634898
-0.22563620373677
-0.144675735151688
-0.182236487197754
-0.0711380441125353
-0.162467521806625
-0.0548335432334331
-0.117444292550452
-0.137328225699897
-0.106714334978645
-0.0584373302089616
-0.0108818940227859
-0.136054634507728
-0.151516868221323
-0.130117112892013
-0.0282089586138754
-0.0278825839012432
-0.0946660985422814
0.000480834894985464
-0.100841084732357
-0.00759425596498801
-0.0608769062035273
-0.165730770450925
0.0492665169137742
-0.0571685450477126
-0.109405681236402
-0.0288408816275352
-0.0288944267645968
0.0395259404393915
-0.119161062439474
0.0766612662239006
0.13629121927888
-0.102162728173637
0.0949372580795325
-0.0590256212379558
-0.00466637440463897
-0.0743052617393627
-0.0185503258585178
-0.0616946737824625
-0.153706563328413
-0.0133333443384151
-0.0557977673623333
-0.0407115411999405
-0.0326640963200755
0.103628082934072
0.105973153974693
0.0133985506839909
-0.0677333112934752
-0.0285218304273797
-0.0900703045129461
0.0169405355859351
0.121180180422226
-0.0148520943110281
-0.0122478375309693
-0.125878051131922
0.208135588388309
-0.101948871227344
-0.187162387637166
0.100463847978498
-0.00584248817820118
0.0400761133536308
0.0824395074354938
0.0528110197658461
0.00354152975035321
0.0361919009936537
0.0374407892875676
0.111115137915398
0.124422419109347
0.0880715622287311
0.0278346800264574
0.0655245226337006
0.0834759976363205
-0.108819997553117
0.183583673438446
0.0576531235139848
0.0267897512357523
0.131565144183692
0.0834383578465599
0.0552349257334066
0.019134782499004
0.105190011318257
0.12449812102029
0.106847114607215
0.0819920436296957
0.203732595412324
0.0145952661121889
0.0749470447014852
0.0201168728810123
0.121058935004981
0.159333990401203
0.112883104007539
0.241323209923172
0.124843057610869
0.0341482127712882
0.0951105252064801
0.158036812093113
0.0853097847225532
0.0581960762829315
0.0155990678741734
0.0483712734639955
0.125075250331274
-0.0252131361376969
0.0849041510298022
-0.0111636615027552
0.194534693684857
-0.0425447479850282
0.158306430857463
0.153146129704971
0.131634056985436
0.253342484945565
0.300426613460911
0.220060709805219
0.150959461248014
0.136686429609721
0.0210688343041131
0.211173259612394
0.0658409512185326
0.0382588082524137
0.195037515397242
0.016968164799256
0.163471252313529
0.130617941545925
0.052808468921174
0.127673268199054
0.179914010778448
0.0632556041241862
0.250809725592144
0.251949280238161
0.128735407991394
0.116876386522679
0.116639842236988
0.0928239904469613
0.219202921420781
0.174737507012696
0.149505461860832
0.253838394392205
0.0543276805825653
0.327120600212612
0.230704768114515
0.132755339430854
0.197277201901165
0.0941807659162769
0.203011211488903
0.278886807576939
0.0281631290493015
0.24885280615067
0.178752164319644
0.0473386775258265
0.148741483549255
0.123013928272696
0.24573275508039
0.148754880224034
0.292218982417866
0.268855956670922
0.140460949030461
0.408428979785716
0.270424349885698
0.0846958444521725
0.171495900504639
0.120550535044298
0.24481906708065
0.271120012295555
0.223122921491931
0.315002440665545
0.310215079189474
0.25328343422498
0.277993949473518
0.298609442839296
0.25794022138658
0.137660201530633
0.174388374632442
0.249159529461724
0.180393115918396
0.309109671353368
0.275499363614968
0.321936320002682
0.255273349172137
0.245159848308385
0.254199941401517
0.314790585676321
0.292139017816804
0.334603465385946
0.294442795918668
0.315679028004179
0.311683717104915
0.229315901348625
0.318001228555328
0.339255810945479
0.259250008618049
0.224138668639327
0.273260613331192
0.355172733193144
0.395502745913156
0.445283352382019
0.267422027096726
0.277584013493345
0.28637940726643
0.349552819932318
0.326176608071047
0.151830859593952
0.349270196570245
0.182894322376075
0.291287592302834
0.271898687493233
0.236432040167149
0.375541740093352
0.375131828108618
0.440247461579608
0.215857958012319
0.34361055426748
0.287933278725646
0.308300658535366
0.272771211643732
0.268365145755285
0.225810276313073
0.399880814319649
0.423453959718017
0.231411780915956
0.319300910510813
0.222780652042521
0.252618044504222
0.207290579288588
0.271417841280212
0.422026925194165
0.370438640510483
0.335782119925391
0.292942850706419
0.256934682275065
0.483116590865896
0.421854483314613
0.565582700436356
0.514196602283783
0.316195040134781
0.38258307167275
0.461392368622974
0.345118721312959
0.414459399667212
0.528851998231354
0.286806810921561
0.354407760889781
0.442724206792423
0.365973808418702
0.33717009669979
0.495421539610193
0.404797749245671
0.284662378859244
0.25322635251824
0.445199944452636
0.293813891177012
0.299553004676599
0.370872863438817
0.335905518815024
0.437690816849175
0.448673846477365
0.337250074623081
0.403795203919848
0.246238349579835
0.394021848762277
0.336652474974244
0.540432827725855
0.449481269654286
0.502664987832722
0.406528929980389
0.378401693853885
0.247124722619335
0.415053396477636
0.538967740213748
0.390892289834288
0.366293842064962
0.467040641323668
0.497619638679988
0.463064838732511
0.367397227667566
0.478394301902494
0.502110711765217
0.479128134768559
0.271121349204099
0.434633190011247
0.425601249751037
0.589871437817683
0.524944040744997
0.390220968185284
0.403419043820887
0.462489872141834
0.437612172117001
0.507263664599707
0.383766705324728
0.457761786081771
0.479151560147869
0.593112797833627
0.541062618802704
0.585794128519841
0.428628456595609
0.54704492067701
0.525240889050427
0.53548863124388
0.507165158148328
0.621694213441022
0.563067079634139
0.504347291560859
0.373109741504213
0.330078004848688
0.482829692939512
0.40493265967179
0.5707577583915
0.429041796428958
0.600066489345831
0.539594148144811
0.481850031838148
0.697621921065008
0.614519391696813
0.63554341628022
0.469611765294432
0.534396300313431
0.416190132836375
0.551504469168669
0.527376905242321
0.509121218542758
0.63135835638777
0.599088375564415
0.548529466431872
0.510266075984362
0.644681443907592
0.615474849316203
0.546938244714824
0.508317887966236
0.631233704926417
0.574053481314474
0.642065630293653
0.376172246221887
0.49617525724766
0.697572621754991
0.545220764071893
0.651216857865403
0.5862910863218
0.60480881428081
0.609063910520508
0.692890762449298
0.609356429888367
0.631125828021564
0.683223538710992
0.534849279836549
0.539616971691194
0.557048200935572
0.504100991223836
0.513184766800419
0.540850006370278
0.634513444811883
0.640272577809169
0.489831581054342
0.608323011437026
0.505419583477155
0.656180852734295
0.64225276506213
0.541874829642846
0.588971129986653
0.496020857467697
0.528135254643389
0.646089109687582
0.640136877221946
0.582564472513133
0.645216309127933
0.556546336642424
0.684479122807979
0.779717988920895
0.429177748995166
0.499494417714013
0.567709201139051
0.650042602157794
0.641929888833579
0.574793534222688
0.582821994717578
0.625123802848571
0.64378062744087
0.667603797870927
0.757766563142688
0.595602353591608
0.754661298760263
0.491612760264029
0.611616573254274
0.722848807190739
0.706625691612386
0.613664838500482
0.558234258893718
0.736499275873537
0.814909298566567
0.606675603022992
0.830414839429488
0.785652959443379
0.618047717531129
0.686196553245936
0.834392334896913
0.761645780886583
0.5956307918039
0.631277803405933
0.671530254698605
0.652180885291647
0.645952416932053
0.601770274680266
0.722709469430615
0.528276644978101
0.786284358207691
0.844257464143287
0.66500649422174
0.58956524186676
0.671048994764021
0.708205528815382
0.664924617194315
0.628237332740021
0.62926279991823
0.683359401126623
0.605285778659871
0.794439312920241
0.711546140904635
0.665708460714694
0.712820183687679
0.603512871242193
0.555461184746287
0.734808285452884
0.82104890018893
0.791206401201359
0.7578494142348
0.622540142688233
0.778123934235347
0.53221142386694
0.867493624674969
0.741738490385589
0.801705035846331
0.649776563063765
0.636002430710293
0.609444593895142
0.85850992105235
0.64272409553802
0.86729546571331
0.772563962371533
0.718538002506213
0.764818860434487
0.649155847698338
0.764475967938716
0.777504649374055
0.731061018724885
0.717333492638854
0.804165439031924
0.74818848387111
0.735027699878283
0.801554859196603
0.817608218671146
0.802520489522261
0.909378263469941
0.794506328507862
0.856962317428009
0.843077149128072
0.835505973413917
0.795560529230027
0.751023553060148
0.624523590473938
0.933181588782384
0.863259032453036
0.894133327686268
1.04664249112449
0.910198739851684
0.846344643684133
0.784971509575613
0.819917953886354
0.928676478964836
0.747426928717044
0.780676281291188
0.855475316369584
0.97220192105679
0.835696762418005
0.843122226655049
0.752087296511269
0.849583849928199
0.908336912908201
0.86964461923442
0.889251008339612
0.730476418085209
0.724787302502626
0.890189990732801
0.862415784807648
0.948445938314064
0.821766046065614
0.929072052514333
0.85104312513267
0.91444428008915
0.8214381994381
1.01384743240333
0.859643360168818
1.06207646125548
0.766893587421678
0.823383829848756
1.03958267287396
0.837197945686303
0.975418948584804
0.923455740651295
0.852322953316106
0.779692490291012
0.942327360231324
1.04779372188289
0.786281668373328
0.936269604238585
0.881858880423193
0.837544697569107
0.984875644408464
0.985597965865286
0.921310918717425
0.860781107620087
0.898655636837541
1.00170900713327
0.867031358244605
0.829900630632573
0.908943142822399
0.918553294857641
0.834813878556955
0.914181176184549
1.02171664443201
0.949648767313703
1.04394041735897
0.886682256395088
0.838819967868061
0.832172695095625
1.02137475447157
0.983577632655825
0.823726485723085
0.933899012847736
0.922514125366555
0.9146346965256
0.926991818094369
0.914182169881997
0.935677618298905
1.09683320035697
1.06577786099864
0.873860387685555
0.991227394432693
1.02716367042705
0.911482573813698
1.0973362763761
1.00852025750628
1.08238012140393
0.980361038904333
1.07541028612895
1.04277143035077
0.917200716150493
0.946746723624333
1.03193563161067
1.00678066455238
0.948675904662955
1.07182196002269
0.959303650169346
0.912955868622749
