-0.939309648762023
-1.03333922481906
-1.14542445165121
-1.10067502984347
-1.05289577598662
-1.02597144157026
-0.920536174639064
-0.896805913547953
-1.06070833607019
-0.956695238658171
-0.938998200873555
-1.10301282312405
-0.943783920682363
-0.843900881840722
-0.787143427777161
-1.0638070675351
-1.09030112269826
-0.906375099088028
-1.01618232729279
-0.809138958413757
-0.832413072714791
-0.889367574704832
-0.954510246737494
-0.961788467657157
-0.846575058585074
-1.0993207916037
-0.979448325980411
-1.12964555656559
-0.913857222823477
-1.02283838715082
-0.907371066238824
-0.869165107854729
-0.942981049833436
-1.00116559905651
-0.881560896111057
-1.0013137298165
-0.889875528104582
-1.06053463957416
-0.854459348522974
-0.921131901097924
-0.968993857479158
-1.04714136640351
-0.95165893286342
-0.949438298702626
-0.893575556342082
-0.926669887763273
-0.899389867742
-0.678474217751516
-0.867859531773924
-0.955849088915228
-0.98695648224444
-0.897880838210009
-0.83778814665607
-0.831201254354224
-0.898515803013932
-0.935199634751272
-0.842234991012877
-0.896836107009122
-0.890704735563367
-0.797191086057351
-0.862139174250898
-1.03493525319945
-0.895327467883386
-0.827071208328504
-0.914747998738273
-0.877621067975873
-0.813496630752812
-0.874194268852235
-0.846454882651246
-0.958279881059341
-0.694618474403087
-0.743374555405603
-1.01294044628222
-0.908763410595687
-0.802450280298965
-0.886072926626062
-0.974851626231113
-0.733488229928002
-0.888133328539694
-0.791660884237344
-0.824931890870194
-0.765114526898631
-0.989107257585189
-0.743313656474878
-1.01935505882858
-0.807003358608654
-1.00100930423583
-0.838155569620599
-0.73030786873454
-0.734951412410513
-0.771623204318943
-0.831970749196137
-0.813099729322428
-0.812490783932381
-0.782030772343253
-0.805233757153717
-0.742451557510502
-0.659201487470222
-0.918052163179853
-0.712585969302878
-0.76141220488665
-0.833834905051163
-0.601451862663963
-0.6934209698518
-0.760317434194314
-0.812451936362699
-0.718835852213615
-0.677157475672887
-0.815070914927176
-0.747303885100334
-0.574907974062949
-0.84344760594128
-0.835254694196217
-0.762274293787275
-0.859109165333446
-0.847049606093099
-0.743454910452997
-0.767789038795112
-0.591141729842255
-0.754672161278726
-0.64124276148808
-0.89450999125256
-0.809511343498805
-0.856641525391612
-0.845110110754629
-0.697297943809144
-0.875705413201311
-0.74514266901706
-0.801596848517085
-0.679066488817453
-0.682021073555875
-0.712001511036719
-0.668938711978314
-0.828349470794746
-0.731079627255661
-0.768110387809704
-0.67461778023406
-0.811655410060229
-0.644794839661855
-0.64584104086567
-0.64035251584311
-0.582723704878142
-0.883455054344834
-0.545319410170863
-0.672890156395062
-0.766764856919501
-0.779254238748509
-0.684473039532757
-0.663074874341055
-0.646735245126187
-0.571542164288446
-0.573552389323838
-0.627984151633881
-0.754494288144937
-0.742743731517416
-0.641998014984614
-0.712048232174528
-0.617283378996802
-0.690225848085978
-0.666462394547436
-0.781746409461477
-0.645903460051655
-0.674075788850324
-0.563043631988765
-0.588522393304493
-0.729258666196617
-0.731068994436059
-0.615832840050224
-0.741620188735534
-0.715494645722228
-0.586414140552746
-0.630774182168444
-0.5314692705524
-0.681557037935368
-0.704354879151825
-0.634109092080996
-0.713102771464827
-0.627861399868076
-0.81957449773938
-0.648370762686168
-0.745193234671368
-0.596382755650601
-0.631291088225155
-0.669609142707267
-0.702775346265094
-0.600532726109825
-0.639391619900337
-0.585431260751526
-0.608716546351976
-0.74136183186944
-0.652784112840792
-0.742910594150778
-0.518425824201013
-0.632740652051838
-0.654773324905586
-0.584281503175881
-0.671398200363624
-0.568837844396133
-0.634646951645659
-0.682124114898719
-0.714831816540551
-0.530462514614397
-0.548910672831253
-0.514405736473486
-0.662594576505188
-0.649115808265678
-0.381430198614913
-0.602718555196704
-0.480540316178558
-0.313580330005656
-0.51399033757007
-0.516682008874117
-0.649954291609003
-0.503519213371689
-0.624842862425165
-0.542975847060427
-0.335972486954806
-0.527293077909792
-0.708226908034629
-0.706454962566543
-0.619755978649701
-0.576708238661127
-0.393741624852467
-0.785757405351826
-0.679043949441467
-0.605695772678944
-0.454627315098157
-0.496906125231022
-0.387751253241609
-0.59464759896126
-0.65593807718689
-0.659381156330831
-0.599600580642282
-0.6111016658535
-0.521765419783321
-0.446772647122273
-0.710578186053083
-0.443878499768107
-0.539244310007928
-0.473681662278487
-0.530015519392472
-0.58079360731391
-0.504680983706229
-0.581732716098395
-0.58652434711016
-0.358130772648945
-0.523545765141013
-0.430142886494332
-0.438095835271574
-0.6561957351893
-0.393181029375897
-0.474369192313851
-0.415995333357412
-0.384041735701731
-0.63667113906718
-0.464105464898348
-0.514080916526011
-0.480870263300585
-0.454521106429961
-0.377784392071464
-0.587435395333348
-0.522485304253582
-0.273859539784057
-0.53314946154457
-0.629513780457506
-0.569172093865093
-0.405494040067092
-0.534842887393629
-0.546447263364762
-0.457462558111909
-0.482400960412747
-0.346857374125978
-0.398495391150513
-0.422889432651593
-0.434850450810458
-0.674954511277152
-0.431121228142013
-0.471430519475041
-0.431243881720055
-0.447040186027744
-0.420383259940079
-0.434544753911425
-0.502093706320264
-0.415795310882365
-0.465148731554168
-0.481892617810934
-0.366143785359186
-0.413707044025247
-0.335844194614927
-0.61423593005359
-0.456791139615184
-0.405352693663985
-0.594580767198057
-0.4484703481239
-0.395088647867476
-0.429476669477638
-0.447258394725201
-0.465423135919093
-0.32813711636666
-0.543889307546182
-0.460243453278325
-0.447237175916681
-0.338971689184509
-0.399761040036046
-0.234200462243074
-0.373937275359278
-0.557435947352568
-0.184335634100969
-0.333212895979101
-0.309762086611476
-0.355417526372215
-0.330396830665919
-0.389062361741628
-0.229860821652092
-0.409155181618544
-0.331441236493573
-0.334650029903173
-0.182915805149654
-0.441312135922094
-0.404357339437138
-0.310820054107116
-0.364708696624937
-0.30959720059875
-0.426274868134502
-0.41414209312468
-0.411203639635832
-0.195861658363135
-0.285240670328596
-0.367106454555948
-0.456248903519309
-0.202763059759684
-0.211817239092644
-0.288149258212007
-0.280590532195572
-0.292626173999796
-0.355274144934863
-0.296671126482535
-0.267506735621169
-0.346498999281172
-0.232142904248257
-0.307260773431794
-0.270031023935683
-0.345409338580809
-0.219004636522166
-0.347507474222573
-0.358635354460898
-0.302315045148937
-0.370468316917674
-0.25924522371286
-0.418535827125741
-0.200250617278178
-0.314365058712044
-0.313650858162273
-0.149646380531748
-0.41574339530367
-0.289808229741602
-0.271350095615765
-0.332759302004098
-0.245065388820321
-0.272106284239568
-0.258146165724076
-0.359906033823957
-0.27799743163206
-0.122015221580015
-0.199564912760508
-0.278256597742761
-0.288731551036097
-0.215537673987957
-0.197934714510864
-0.277165288770276
-0.221668978909336
-0.247077215129844
-0.145770764694903
-0.14110063542726
-0.279616123130286
-0.275032591649243
-0.158852206271188
-0.329245255655307
-0.166765292533346
-0.225522534954011
-0.273290501843109
-0.301106783066365
-0.182741484477127
-0.198496092846169
-0.178873612029402
-0.252940738325413
-0.279456583832494
-0.231999676905556
-0.247767488572558
-0.167596487162197
-0.291084464181498
-0.152087090093798
-0.241377466686454
-0.284142668810289
-0.270369894640131
-0.249365577171233
-0.0404740142563679
-0.313167207117627
-0.227249040394851
-0.0395119458812422
-0.141889927968161
-0.325719434056136
-0.066633749964846
-0.154033232790124
-0.296502591766928
-0.273161770861974
0.0236465021083598
-0.312983818948204
-0.222394523852244
-0.109354209831882
-0.200742226343983
-0.0896979709106923
-0.188014984599208
-0.173340864955017
-0.134997672579203
-0.128685758136329
0.121134733140067
-0.0293380623748895
-0.0795736752001903
-0.187128131812753
-0.135567341879087
-0.15295880386988
-0.156406957923444
-0.135151285166985
-0.112840297909159
-0.221212480134191
-0.01285355511954
-0.0453716584892076
-0.0494538444305487
-0.19607208895711
-0.225920116285569
-0.176827515470595
-0.0860812175349822
-0.0844644176075339
-0.137782314124421
-0.122244646756076
0.0360781559248018
-0.0528059865079907
-0.128879468098603
-0.131009437639282
-0.0907097599554573
-0.208707760561621
-0.268443659411583
-0.188910988633937
-0.147951673834282
-0.214267337642358
-0.161532459079064
-0.285615830197034
-0.209619726989088
-0.130841795956732
0.0599954612003682
-0.0613537745356187
-0.0377383049893156
-0.135538199642014
-0.051323161495223
-0.128969400280524
-0.00836277314303479
-0.121997023159695
-0.138642425558518
-0.177333417675241
-0.0968087405640887
-0.0320942997062457
-0.096800040405605
-0.0479642216709144
-0.168595383602351
-0.170621721631248
-0.131712835692992
-0.0161746143881652
-0.0136012324072565
0.0252250673073546
-0.0679683694840401
-0.105981813211899
-0.0137730605808975
-0.00521727646607738
-0.323868368668187
-0.117654497079628
-0.254577382033109
0.0209787110933073
-0.0337536749957557
-0.0380899894256975
-0.0150781519491838
-0.0837095387939791
0.0695902142252454
0.0418256167027812
-0.0514409818131386
0.00600749320528281
-0.164534209175001
-0.0451918092986124
-0.0793474442156884
-0.169103479706164
0.0115039884036498
0.106437262118981
-0.0138269343534975
-0.141975137497226
0.0663549429311678
-0.144371482691647
-0.177995455779043
0.0507956603523511
0.0147002066593417
0.0200819163297905
-0.0264763414436893
-0.0215851169441207
0.0273435436293698
-0.039772142587801
-0.0619215557408026
0.244975603431411
-0.162764539448137
-0.0204753448460085
-0.0472204729310255
0.0671362591917011
0.043727296879359
-0.0538045067932464
0.0209057029579054
-0.125409153985283
-0.0173766531013847
-0.0117141240731641
0.0591173386557265
-0.0147583142368498
-0.0040545018511303
0.187235803020607
-0.0987812129559719
-0.0167130976974783
0.0378656494039038
-0.0796560312288132
0.00162134849793563
-0.0371143227084585
0.176428643726628
0.0909792865391501
0.0646849348549396
0.191719858760335
0.0556729604606639
0.0263639186916068
0.166629969029347
0.122124237246354
0.106305994589666
0.220901122790082
0.130754476891636
0.0602724849512267
0.179936645203618
0.130512583088505
-0.0701939358194455
0.112746314895152
0.0953647856879949
0.0328717054550837
-0.00878534181145309
0.108738622975824
0.0937082385288459
0.141742181129462
-0.0039507189590095
0.090736096898943
0.00365683480310238
0.191397407608852
0.106869306762966
0.123785482070969
0.19076842642687
0.0516060718729145
0.135341336378081
0.144288779792678
0.130027656796076
0.230328468955476
0.00532811686089643
0.0294114066469629
0.0660210423532456
0.0634640514671886
0.356151112629553
0.248035466202128
0.230456659520298
0.0378348887265644
0.159347493015623
0.0133943364650262
0.144080127052784
0.275222502768779
-0.00118120066794541
-0.000733200064196614
0.120794237420829
0.198122285307907
0.14114326645569
0.125031464485773
0.198012322940083
0.265067322689651
0.168144383633908
0.226280560672368
0.0696723836914807
0.189815030681469
0.0891370930049782
-0.00947707289386424
0.135058471850455
0.0951392194229885
0.176533130343327
0.275412936078037
0.222143979852093
0.201548026897831
0.271984004990785
0.200438394295174
0.183424114662416
0.203116036220123
0.241436829425163
0.199106508067595
0.146910650753472
0.112050105159931
0.208710837460328
0.216770662993508
0.203664573017323
0.36627233727885
0.242437675736177
0.0137750402736872
0.224056662145038
0.202966764193906
0.359293150969755
0.145512495929954
0.254641659797495
0.274474270537836
0.163963731451532
0.373876166286436
0.275820567985634
0.210402757719708
0.26043457181169
0.1394152581716
0.306451112251429
0.443796646356277
0.34084302903132
0.156233754303998
0.265246970346334
0.239538883135968
0.303955212484716
0.297075558808929
0.382528154885403
0.16779213108783
0.327769182844106
0.338149918859808
0.19701297913212
0.201035106120925
0.290643772183677
0.355650756516664
0.227545225451483
0.401881658354264
0.302851107873502
0.439860374711751
0.272864313372581
0.272311632306157
0.285088972647553
0.278132625313566
0.225110480299596
0.230468301353253
0.199781603437794
0.37106160704195
0.400433593746232
0.351688300206066
0.213610064753346
0.441021619497521
0.519413171474889
0.392664753331217
0.375039512825879
0.357128137786807
0.0850542342305254
0.354951965215205
0.364896312209164
0.191084149922123
0.441179202230251
0.330752346507505
0.345878073776235
0.376166003255554
0.308619336613926
0.434422385137184
0.289069847186525
0.349618377661321
0.295317660396573
0.292376949082268
0.399719556195412
0.338934240911012
0.368465227007793
0.371976805152694
0.257121106066843
0.449559703615095
0.31358863273619
0.271660017112038
0.310842562684163
0.369574006840601
0.372963297780494
0.487394755681213
0.315527059652149
0.378375258411326
0.404156842122848
0.507635774685423
0.413907222634948
0.384672885478884
0.374118098616545
0.426071638498699
0.340889801764099
0.384709699312709
0.499523514534297
0.275797686051696
0.488525749696157
0.369531030465013
0.389320024937183
0.369158802557673
0.375242763463048
0.474447731311388
0.441205862000529
0.494276851515432
0.346309850907907
0.276922584135123
0.374921461713942
0.619664184384879
0.382368121364203
0.56374921732204
0.354882484241018
0.298417912143928
0.345948504631214
0.43100292911683
0.42408449466466
0.385671377147551
0.348069345582268
0.460752380949202
0.443666443125857
0.645097940899729
0.491079206510053
0.497815319235685
0.483011206618661
0.382761476709206
0.516139688591153
0.414418680353467
0.356318320089798
0.514758332340021
0.619324145240953
0.272584930647393
0.512929633415161
0.456338722494755
0.600453293250431
0.340273661480937
0.409844831450734
0.540318303477962
0.437463980731834
0.518233483896494
0.502669053729093
0.39103250065832
0.549474280519423
0.523462319776747
0.547499138352947
0.246168157768995
0.455731222516458
0.445503099089158
0.344258287615765
0.554920651641756
0.419875932587628
0.492867788102749
0.553804638765559
0.418356251628013
0.355959390986783
0.571234066090774
0.472238241138892
0.392427053311157
0.544814203870081
0.471038932025362
0.478715576618313
0.352916557103933
0.457702833400381
0.559417314452325
0.490659616630473
0.544571466795222
0.544159138627776
0.456376794962005
0.437235639462602
0.570598056501208
0.419359054276386
0.53963350357053
0.547816623308963
0.576261926271756
0.51012388775885
0.485373617505025
0.477638143084324
0.410226601041328
0.528372398638015
0.5378424004122
0.665800386699819
0.652062279531581
0.581765712790124
0.35980482093686
0.587432171670681
0.502114646345333
0.57052973639853
0.494760116997719
0.464819409361961
0.588007616185447
0.573008576282243
0.447043662672177
0.5613826787341
0.507924265979975
0.622544079945302
0.550845911241048
0.46384451212169
0.724532310338508
0.59865364672442
0.622488562592695
0.563884998415453
0.613160075369266
0.530129303096976
0.592310847038149
0.47249407503086
0.666455813691166
0.551844225526721
0.560954130233882
0.639654582638887
0.777984651591332
0.639977296514252
0.736478115866933
0.563377821731523
0.561181728073898
0.67068790027695
0.670059044619021
0.75910977320085
0.712736000520617
0.57736177969297
0.653381317070542
0.705507456251102
0.516522401136084
0.651022481036614
0.535232057970955
0.613620327772907
0.549455144488115
0.527675638069894
0.633033698290201
0.50886217970216
0.643895110703264
0.772157095099082
0.571254353622749
0.735495353647731
0.75175257219952
0.676740439708088
0.684853845235118
0.630274480299074
0.602368739554044
0.663903790491009
0.805131969205939
0.647479477764996
0.555204980429148
0.696955790996302
0.593741870042612
0.521352739198441
0.628253339055243
0.614463866797635
0.74615034819045
0.686021049453771
0.621330559809278
0.543309035074606
0.615083886874597
0.726793637826482
0.673413833601343
0.769196304837781
0.680046227525564
0.738103231702167
0.854774708334872
0.830842312454524
0.567719960912911
0.783741375814343
0.706893498775152
0.796825384155371
0.671453079349861
0.711549206571169
0.78050381074781
0.729401617186779
0.757994105008868
0.745211174534563
0.691141728046621
0.709467940990679
0.793222274609096
0.711774055598868
0.694190851839996
0.724019276515201
0.626835684751282
0.740787144908355
0.734884440144716
0.700330364291164
0.699186889154731
0.646785900984983
0.839625274801295
0.671613370803763
0.669649089601214
0.7347419999604
0.602124795363775
0.667701590783236
0.741171666693869
0.709203190414004
0.769088553334826
0.627596890424193
0.671452802347807
0.638763970804691
0.792274499304512
0.733103443720987
0.883592674306456
0.78509953964888
0.744044911999579
0.856431627713368
0.693035633705982
0.740066046779449
0.788231002070457
0.786598021089025
0.785054494242811
0.898335380071215
0.762316351780663
0.808331292852287
0.758779307689761
0.837153942364981
1.00334640613376
0.916889002982957
0.862125741190213
0.837564452870797
0.939529888452535
0.774832627896295
0.822083388723097
0.801601619149342
0.830453938599167
0.952985644084171
0.766636253264563
0.787546138723578
0.836854565639087
1.00924542543821
0.638464358593543
0.83690186424779
0.787339905405878
0.877483766166403
0.844941600351292
0.830123429079723
0.788080716098117
0.922826777281471
0.62109604071238
0.930691015845606
0.860881438883643
0.663213971184269
0.889915623728376
0.917493077112091
0.932490749900985
0.866991912990344
0.949622582358131
0.774406983315517
0.795714608111442
0.881572679610069
0.980351118081274
0.905190732295622
0.863815122675544
1.00637242421592
0.830509705217376
0.77337832341069
0.950585414825062
0.967565831090063
0.814982228371607
0.830421728753318
0.874949861936962
0.957398534270649
0.916341662246749
1.01501414745709
1.00810933312862
1.00643404450775
0.935433204194422
0.826557111273067
0.897676694617934
0.975956227154251
1.03914681203523
0.925212269381481
0.933326300048513
0.981930320768559
0.932933569615986
1.01030364299115
1.0881752699545
0.932723266605008
0.902026044403649
0.816388063128284
1.0180249199674
0.970070981690884
0.939171517027291
0.896432388655952
1.07719005838718
0.965688280822309
0.976719438397369
0.930505484639634
0.945159790357983
0.868349989163367
0.915146246517527
1.0510114106408
1.02548210571281
0.841910402536811
1.07160332414584
0.998176672709938
0.838568302150794
0.934367352606053
0.927485897029175
1.09610534826532
0.980638119025594
1.0916522587939
1.0010200681778
0.915431319888447
0.779641765877451
1.01207637986453
1.09924829860071
1.11958365106539
1.07024718646855
0.952546180660956
1.09106282167364
1.02668139589771
1.01630263866292
