-1.04886446735997
-1.12870644483903
-1.02610305093258
-0.93334042289822
-1.03811174764094
-0.982346653101596
-1.08675715063225
-0.957839041701416
-1.16624171545982
-1.02581686938061
-0.961827764777894
-1.01882155008566
-1.01530867924506
-1.12939332678956
-1.13180090417609
-0.983921978455681
-1.03542684875814
-1.11684675256066
-0.846229353387607
-1.04313337718028
-0.994640741887739
-0.899795290155111
-0.935251825617013
-0.983589352203133
-0.875864169006872
-0.863027207162142
-1.01169348358565
-0.856423043960149
-0.9242155326244
-0.88881502393625
-0.925732503888521
-0.919056270195609
-1.0076198645658
-0.829939004875346
-0.87957521743222
-1.04242135350281
-1.04144494118705
-0.946570736467575
-0.865655000757464
-0.971867952044409
-1.0547588305418
-0.792482898344976
-0.983711791954497
-0.968310752928765
-0.94837707090822
-0.940599497222713
-0.999773757129548
-0.928834671204955
-0.884969299581443
-0.977284133998016
-0.924764498820349
-0.960249021672264
-0.889425121260593
-1.06611553192772
-0.875456090193832
-1.00470358845539
-0.935488453894374
-0.721007452354659
-0.767553237676412
-0.893938106684629
-0.866924017364475
-0.886457428188791
-0.721755508371642
-0.882993905275773
-0.937091706864855
-0.864149404617747
-0.933807321867056
-0.978230144195049
-0.968386515013503
-0.825263267546371
-0.774405458699641
-0.882744476569993
-0.82424917305443
-0.837386261250861
-0.954132823330125
-0.858123157465418
-0.887423907202938
-0.655694851108858
-0.843110722210763
-0.738046205988963
-0.711409953801344
-0.747717289143878
-0.866114017522586
-0.874224619259321
-0.991661322674039
-0.820030338628823
-0.785364728888529
-0.905908377450401
-0.780079275608173
-0.888880962065934
-0.775548222623684
-0.849798898209782
-0.941641967048437
-0.778776585084857
-0.798594631672692
-0.721900208587934
-0.730545432846791
-0.736385587794705
-0.709932490002234
-0.722322749792547
-0.871682388161049
-0.741336453952875
-0.610477731492399
-0.874440349612716
-0.824452832122419
-0.779822104613443
-0.867080867490155
-0.806976634536597
-0.759452222194504
-0.712813714954182
-0.709802457167915
-0.782677765719269
-0.724492416883722
-0.876078039012209
-0.722226865300299
-0.911521627708296
-0.728952917100411
-0.886296318558979
-0.64649288453059
-0.87393173101976
-0.724186278482781
-0.806761733136863
-0.815963581665288
-0.971600126062009
-0.748473780935997
-0.855501760804293
-0.737333525088416
-0.639470885097787
-0.71224024601647
-0.672528954464292
-0.679751109375868
-0.788719009544167
-0.817626268823323
-0.867898623861772
-0.918962937469547
-0.785309260720471
-0.639849589882945
-0.61847311039934
-0.725860025098452
-0.687905589206082
-0.80048564046556
-0.457714486810208
-0.672572551556913
-0.75863428123783
-0.650530705137203
-0.518773548322567
-0.87673446893249
-0.560552251745415
-0.673059440493472
-0.603103239334698
-0.817252548746909
-0.684753763710611
-0.782021010801833
-0.711531485036326
-0.586559171114679
-0.663508280000179
-0.58530064434582
-0.628954710202287
-0.615329069682058
-0.675702647287271
-0.590425072639474
-0.699251730801356
-0.626004939274832
-0.529216615577422
-0.650806202896574
-0.635375145187047
-0.723562083886828
-0.593801184342332
-0.585574566553552
-0.677991225315715
-0.765379292835704
-0.610004601004531
-0.669499360338174
-0.64565240682519
-0.597651164351395
-0.496628016819282
-0.571784810774461
-0.573116581767117
-0.650926459525664
-0.682222307151217
-0.731675625656419
-0.690952737652873
-0.420885322557825
-0.588508415093577
-0.616161132077769
-0.691444849858598
-0.596230874281559
-0.587045666512206
-0.733153548430333
-0.608400729004013
-0.703490456664372
-0.616764816115091
-0.723952860396829
-0.701817864918976
-0.517578272416293
-0.655149186776283
-0.645163300359259
-0.686028822684491
-0.718911105858733
-0.515871005449318
-0.656405162071441
-0.619563559873827
-0.647965727170537
-0.600464414670782
-0.592820958683943
-0.518106193698882
-0.636272273663932
-0.594575052388876
-0.641055432276063
-0.488979472865224
-0.507806581989771
-0.491506821259098
-0.574258110405796
-0.492618651958247
-0.503130865545357
-0.534787392486233
-0.45722115708213
-0.503443103175638
-0.611898570603859
-0.585124818859351
-0.543795269994338
-0.589800791756412
-0.631458269346908
-0.529199052221209
-0.400072990257372
-0.580266179378041
-0.481391466552109
-0.590278672635764
-0.531585664998549
-0.483307597874134
-0.420472015013564
-0.612329611201924
-0.489137104971038
-0.507397761601356
-0.543579184420207
-0.475380977340597
-0.539334297101233
-0.530782172350529
-0.581358087039851
-0.515976673813843
-0.603723510799352
-0.571037767085926
-0.481658405924542
-0.625822735983066
-0.533909682505879
-0.538614984023192
-0.510284121488354
-0.550503414964631
-0.476221360007696
-0.506100760334303
-0.52987025561695
-0.594174192411382
-0.402911178886496
-0.641949016556225
-0.478019177529067
-0.578440316790398
-0.502136699823147
-0.524964030949807
-0.477625289110574
-0.480562356324639
-0.60308659944569
-0.623293119608481
-0.372382647412887
-0.562937732434853
-0.424009474737993
-0.488859930410781
-0.425458048338367
-0.528361527031437
-0.416276296918242
-0.402492006410662
-0.300381338377796
-0.442658032127369
-0.573486181235704
-0.450189009969064
-0.424328696217759
-0.339668170978339
-0.463701042074156
-0.498755574303747
-0.529599737497368
-0.443402691080591
-0.466317563248888
-0.521785089134323
-0.327739879051496
-0.415342542516177
-0.443878392648636
-0.364090902546264
-0.368214412997205
-0.329209053668894
-0.326981722094446
-0.340745618034071
-0.446191401465219
-0.255946365014559
-0.310867783769529
-0.542804743136441
-0.378378053340385
-0.407322546086768
-0.454044017693466
-0.231266582215988
-0.439398769639272
-0.409286523367766
-0.42847099782056
-0.365955977863934
-0.361954429030681
-0.47866287777852
-0.317048838675154
-0.385848741818481
-0.370851774561593
-0.468720265544486
-0.479168667528757
-0.35215293566554
-0.42712197631917
-0.30740743563072
-0.302090747961501
-0.390981811643599
-0.327954242952292
-0.318119015801602
-0.438045626992217
-0.178561414776786
-0.445854279196309
-0.273979519912531
-0.370521840184609
-0.402100234348708
-0.402205306126222
-0.401468471743921
-0.367857681630178
-0.473049679609683
-0.145222862097647
-0.343384293686645
-0.34672144532967
-0.169998631615162
-0.338147908887674
-0.261021589849305
-0.345365652033155
-0.314009410214321
-0.347343897503998
-0.42644885654664
-0.337688440531912
-0.403879666413812
-0.390229659285273
-0.228998842266503
-0.323197061685568
-0.384293902293097
-0.242878013100304
-0.432625400874178
-0.372576532063982
-0.237320050162494
-0.363858476338881
-0.481449871369033
-0.41814445955657
-0.211249725927604
-0.307195222451561
-0.276289041542679
-0.19232934174126
-0.287747544759461
-0.197957339365574
-0.25584476338592
-0.334697118405838
-0.27314952178694
-0.410528964234983
-0.218798750624558
-0.3846990905889
-0.378265811826752
-0.290856516124868
-0.272293579937824
-0.191305918080495
-0.403429037139916
-0.291741656530635
-0.31267724179831
-0.165371201003738
-0.203008011066351
-0.232379110304038
-0.302074999471994
-0.284910322526631
-0.411079009650053
-0.236228659069852
-0.195594124386481
-0.311119277120095
-0.271875012463718
-0.301997864174024
-0.381411014186852
-0.293101897382731
-0.246904185017478
-0.370842914230326
-0.216010287338507
-0.334763234700975
-0.310083064926282
-0.386673250332307
-0.183081534147804
-0.223378643453425
-0.229778465896126
-0.175450963273558
-0.149746663639092
-0.261484741870828
-0.0735618657414531
-0.376718118498387
-0.233794380105557
-0.202148141518763
-0.145803670820045
-0.278182715704348
-0.310468502326379
-0.238335230679389
-0.103856004045937
-0.185384224809652
-0.260892925063711
-0.342452489374536
-0.0461409608970936
-0.07399290906227
-0.35595042296793
-0.211607501578882
-0.216919943858259
-0.290048462172657
-0.0268327680293307
-0.172842110129668
-0.253317565916744
-0.223676492079352
-0.180142023263539
-0.227983605911401
-0.172722059918671
-0.0829813465077696
-0.15477145851413
-0.113121921708089
-0.18501263257649
-0.150275908686066
-0.186143789958831
-0.198469627855842
-0.0533952464853449
-0.0872631425250782
-0.170006911401124
-0.0780416556097664
-0.0222331528840302
-0.0972001602058711
-0.09215040336655
-0.241219778655609
-0.163025545900001
-0.0677990828199965
-0.0669203715026974
-0.0886145881359185
-0.0665312544010861
0.0521301570627344
0.012384220371547
-0.228495650647564
-0.123904972763544
-0.0621261659017693
0.0720346610237117
-0.13659122063725
-0.0594176584053887
-0.146362241721922
-0.0621385042363439
-0.0750458972184145
-0.278484578399013
-0.124735029068401
-0.117182331881382
-0.145197305484578
-0.208743351957417
-0.0186168710166363
-0.0895181105634168
-0.0183433474350437
-0.0275616264233924
-0.0570758426781064
-0.116524027695232
-0.0918046892424052
-0.0237712015502013
-0.0416088125160248
-0.0486511706304422
-0.184883968230457
-0.109223930718991
-0.0361079511314707
-0.142643265675577
-0.144336293279054
-0.143800577328592
-0.0815352186791832
0.152181539263956
0.0943842283961175
-0.106223660802294
-0.0194950387487677
-0.0250284565032627
0.0393745166936924
0.124155196912349
-0.0156569343626118
-0.0705792988575941
0.026312466643565
0.0842010560694144
-0.012858401740392
-0.00836888089681767
-0.0267295985079492
0.0171782738014218
0.0112235743679102
-0.0886714404710573
-0.080637096428602
-0.00843366520733935
-0.0103435947608649
0.0233584832818168
-0.152362447790438
0.100341035282789
-0.0265691921283659
0.0616586315586847
-0.0277465803049791
0.0363801190676746
-0.0683824778017702
-0.0435132702538471
-0.00747660904748784
0.139013821103782
0.0433680921494358
-0.0446761336057968
-0.0978264026642599
0.194229981511703
-0.0154819994274344
-0.032419132770732
0.10518576642891
0.133570458565824
-0.017757139164445
-0.0396724610601282
-0.0837198385612346
-0.00906316386767312
0.136348953076626
0.038602136935296
0.139687837529879
0.0579893700483288
-0.0383546668050626
0.228980630602667
0.122392187012902
-0.0538280632671064
-0.0942754132943228
-0.0371519438277801
-0.0858835995307905
0.0435309906918299
0.0821290763910165
0.198623229852945
0.153844276373242
0.0355448305341293
0.0649766450688283
0.0496193865059282
0.0458831511867714
0.138796404066772
0.349755723844101
0.115602990486285
0.0833130981676157
-0.03075321617498
0.0812797357735948
0.0712311759687853
0.123279037466778
0.15139119968696
-0.023441924191653
0.0655363207986136
0.202242623865546
0.0658702411770617
-0.00436628685770888
0.121051533117399
0.0219940663483984
0.103721625349563
0.0996826204553885
0.117849880444909
0.165579331472674
0.0711789142361139
0.0628706214990153
0.103381569891085
0.0372652534512108
0.122386409769135
0.144010477956409
0.125369812669152
0.211072047168995
-0.0349029903163262
0.0884125511405646
0.160523473488095
0.239145348543157
0.0445264972682264
0.0432473791450793
0.185531239537658
-0.00465118296734993
0.191523165468533
0.00622498325783609
0.252177228129509
0.19424780649475
0.13038448531427
0.118917109266995
0.0745845674489723
0.259023858973676
0.0713421306953016
0.23871979580295
0.0213809515462246
0.262579617325947
0.196528124469771
0.105154253685779
0.107150671880225
0.362342843223596
0.221284923329716
0.25514278001327
0.221152168410297
0.0884294171476288
0.0678570598079419
0.112902546085916
0.0151328064121049
0.260208415015251
0.278829649086218
-0.0443044021975402
0.252277672711679
0.306516615121721
0.23401133416658
0.257402293761051
0.19161900407343
0.148179415015927
0.167171002947033
0.287403065515912
0.084719522310302
0.328780698989383
0.295308767087484
0.156801416986214
0.235120712240983
0.228935333107678
0.274649990210586
0.282033151847532
0.105194335977445
0.203167571831655
0.275639318161149
0.260200865375338
0.398880114580396
0.251504994838752
0.217299096175713
0.255427912928382
0.228036101127503
0.141377105267894
0.245543672203314
0.288520666514852
0.0400384514519735
0.202052233514753
0.224031659874574
0.370388727857789
0.165295411368516
0.359015138663071
0.367705871051005
0.268936985957893
0.146854114877664
0.273728282460877
0.259438685024789
0.341128862912009
0.190944881195319
0.378152122757972
0.434851489706054
0.288370254249229
0.257869285772419
0.261104966747389
0.213871127352109
0.393869143585899
0.454187563530746
0.331232514950715
0.192897028793182
0.126568968503088
0.453848334363437
0.301705536693982
0.231251607745127
0.329538407371326
0.248901175603045
0.401873100326528
0.248088673287919
0.281361192744579
0.256453797011167
0.268458114694293
0.394947921757388
0.294207939927343
0.477678742886104
0.285263768312983
0.36594612565318
0.355694792103498
0.371134372294168
0.304397854166254
0.244885791968505
0.402002073588243
0.32164382378578
0.455042694871734
0.322582080617506
0.464296535736689
0.329579780036184
0.27934481292966
0.364183321352806
0.475934849035667
0.456462866809819
0.410451528504598
0.362370095016035
0.349858965631998
0.302184161360188
0.172212210287385
0.440028436620481
0.182189102535627
0.202432804405056
0.420253905504951
0.442457580922702
0.431073082346736
0.37277734179347
0.363686851968689
0.364464721063367
0.347906095059118
0.361125702054438
0.326617372512537
0.354237314961907
0.380215322717194
0.314629815470614
0.291183861470137
0.362614110144939
0.438458819294579
0.370393925376247
0.421685331494111
0.309465863041778
0.357215266024856
0.273858472357884
0.23922553651342
0.565732811825705
0.463879198169065
0.332004410338595
0.429496368223444
0.515142115987553
0.431939955697138
0.468683689065946
0.330668593333787
0.336662641467843
0.406924456659687
0.368329772732286
0.312402056492389
0.412774906140853
0.305562862385062
0.43430739267232
0.502998486961664
0.485430409805522
0.468806330080508
0.475866846048182
0.525642575486997
0.44307852425683
0.521445560354296
0.414786089420401
0.634540245836923
0.350441507815263
0.506624702793253
0.417986982060044
0.412960837530314
0.501514792169299
0.426922020623935
0.555983377440077
0.507213102123505
0.336673273894697
0.370384887158253
0.394206727397396
0.377985016267392
0.585963011606019
0.615475782923651
0.685241410970513
0.452797933778085
0.470180185228944
0.58602289973734
0.491972111448687
0.416032412233055
0.471262239108888
0.444309419862594
0.532543068377608
0.482525480018497
0.626978453857343
0.359771066384395
0.606657345931619
0.583487880197108
0.451143318610199
0.636928006090559
0.555410835908182
0.581631130347224
0.65094060930856
0.527011707379237
0.436326760308221
0.461207306611834
0.597449757463365
0.489849894351894
0.470588201278618
0.603689924170204
0.584703998037772
0.521514327016545
0.569313169883065
0.498986999328684
0.735393640027825
0.709861869101609
0.389332142247735
0.461165193429012
0.574655117084368
0.577720413099079
0.49578367175566
0.371251664180088
0.454076295519132
0.542837885192494
0.584931184815661
0.595693696778023
0.442499409806291
0.691239810173159
0.654034240717995
0.576552075731095
0.566436598354793
0.696130225491624
0.420988638627921
0.357332369651275
0.524616072920119
0.53494592427661
0.524155504891354
0.47535884794714
0.438779160673861
0.578463739974893
0.569202684538771
0.856462896329068
0.665691572704992
0.582618017879273
0.628645400008743
0.715292566950246
0.647254940070473
0.67362153281004
0.654475033452346
0.57692935308418
0.574427565354646
0.568846365121063
0.686085036397948
0.525173086715679
0.668780153421589
0.699332498157559
0.671393636910422
0.753027028131342
0.57585693291266
0.689074767868358
0.631257623667008
0.674300103134297
0.589940817116842
0.740144318599795
0.817873450030552
0.8062054897176
0.652656625813227
0.622277070203417
0.679265484636561
0.800685022875058
0.633359615940337
0.715025119266758
0.700199575069737
0.664188283203253
0.566547894597517
0.607080718917536
0.64390786001278
0.582188042756663
0.779364639122187
0.580486796239968
0.615650965556747
0.471508315965911
0.596609475884383
0.650478638222112
0.518723868118252
0.672152736308914
0.661441656566379
0.730765435973332
0.611605932104629
0.713235781888181
0.662999010609139
0.549642654051296
0.615907828085404
0.746557233294176
0.796537320348109
0.815886845065093
0.726817224520974
0.739057251684142
0.777113479137805
0.631013909267674
0.597526428640041
0.744294872535482
0.7384778384883
0.737276711775866
0.766080475809236
0.818384468863528
0.67517221678685
0.807871374580259
0.807808140783772
0.683840119952093
0.676298551863222
0.663350077598457
0.709211523225997
0.843676435057934
0.851788097271948
0.580029890574238
0.700871876332743
0.878327903494305
0.77715459544323
0.816226703843356
0.640236690905704
0.878170833207442
0.77538282134728
0.804161716626265
0.753896421103931
0.789735929497572
0.900987631167473
0.650177737603302
0.850078998710732
0.796686334515972
0.776230057612049
0.725613637482626
0.775775057353432
0.886152238214954
0.796635809670709
0.809446921120443
0.80950541825138
0.764507569551643
0.748326420316628
0.760031696427139
0.846036576290233
0.711787269543703
0.589879461737394
0.959956695539546
0.689068042268507
0.884148043699204
0.865241967482066
0.868828227937663
0.707046485848717
0.846782615076596
0.907409067369945
0.742473384509371
0.802059459140586
0.823034148494237
0.915238663807036
1.01117646309794
0.851241147199777
0.65003068836066
0.752987146303248
0.808782087853636
0.888073578653789
0.782084653484172
0.837396628066082
0.856529061909045
0.827142379904817
0.695140105630121
0.885576314554384
0.836201758018491
0.962788205090115
0.894755935157649
0.723379239151431
0.9540739450788
0.861809288147627
0.836799270580423
0.733463723921296
0.842422288181186
0.779023700337474
0.861208863981135
0.944272506761166
0.857186979255025
1.03435614741032
0.867340830076403
0.877843983033552
0.675364177931515
0.976897544315022
0.983939721068716
0.942483259431264
0.843496066069845
0.923816198332871
0.853750094766017
0.803036392747489
0.828209138864257
1.03130743085232
0.953686791927327
0.862328104154526
0.921318768118071
0.876800005455571
0.915116779972393
0.947755366273201
0.930827421365631
1.01807867129562
1.00030780698565
0.905983601164871
0.793160153091025
0.825305745427679
0.90432358703737
1.03194642312151
0.923474744501894
1.02568324071679
1.01076345969387
1.02720059701366
0.893552159901177
0.830409658059214
0.879274295385215
1.01857748684424
0.866719606661632
0.898324350926141
0.951046865333542
0.934523635722849
0.850133308217145
1.08723266489715
0.925936880815703
0.767434192944636
0.882112444652584
0.873505808640128
1.0133453156153
1.01941786482961
1.05426352327395
0.946287617214118
1.04700596937368
1.07729034974579
0.98501919050292
1.04691523050233
0.985431227729856
1.07739288242033
0.990538468233476
1.02645878959126
0.998273423608306
0.921264629352857
0.955823791302105
1.13849583602999
