-1.04072848134836
-1.11081569353486
-1.01723154882201
-0.951598043912815
-1.02974095335373
-0.972000517452756
-1.086588661169
-0.964027118641131
-1.15330432293725
-1.03558361322743
-0.947958724994033
-1.018721746539
-0.987565726969189
-1.12804114730477
-1.11543751539231
-0.996532185619758
-1.04755250828743
-1.1107366716261
-0.857780558265194
-1.03417962083799
-0.992661382304813
-0.886024614136663
-0.913183396883364
-0.970429553573462
-0.897251697135047
-0.874228185556528
-0.988353227109623
-0.863407736846312
-0.922165865636926
-0.869238966006545
-0.936604441593225
-0.916655524225082
-0.994575997598091
-0.833411744839732
-0.895771482014947
-1.04538594462725
-1.05008078537584
-0.938309602314203
-0.895335813733472
-0.97331098137902
-1.05371574767924
-0.797688784705807
-0.976914891341652
-0.996753305046162
-0.938952921520871
-0.935696132395783
-0.986535660208941
-0.933895231240718
-0.867907365979323
-0.969478992680591
-0.901958802739411
-0.97514453506801
-0.885476877740242
-1.05588040041998
-0.879288089022755
-1.02013308823764
-0.925210257444332
-0.728795196057155
-0.786270244040297
-0.893123441609693
-0.889527558800406
-0.886186769547366
-0.693971098655817
-0.879886558093315
-0.938909678715766
-0.869503060576037
-0.936618266026135
-0.968591567854912
-0.967380120663996
-0.815782119622509
-0.782820934354949
-0.873155691751642
-0.815982577131811
-0.843591404741973
-0.954016433380637
-0.847661226195903
-0.882785598172567
-0.658819328131677
-0.858896482901394
-0.732074117757079
-0.716082959657094
-0.759442520286805
-0.85473880825214
-0.898231804429939
-1.01370181651383
-0.818997503819857
-0.796363889090935
-0.90055812589877
-0.787141766967887
-0.887499423664097
-0.782060403047253
-0.856789979123307
-0.931216908565908
-0.786057965119289
-0.767573216496472
-0.728021539736518
-0.721200966064653
-0.737696550455198
-0.709419466175413
-0.71133857291518
-0.865297879135894
-0.751866747246274
-0.616953782201358
-0.871321792741915
-0.798824626621269
-0.814404879658864
-0.871648150525333
-0.795391750686467
-0.768102180557963
-0.683944081017601
-0.693786758244596
-0.801047983881857
-0.707919966575968
-0.862493633268377
-0.719097939907771
-0.900910750591273
-0.719463369230738
-0.886221538156899
-0.681140204809989
-0.878870554533424
-0.721781488454705
-0.811001758590206
-0.824881088290778
-0.967689425145388
-0.766893258674853
-0.850075956617609
-0.731154857616188
-0.638584517591564
-0.729587264270941
-0.681366157445739
-0.693565933776509
-0.815732868583161
-0.809677455197492
-0.88271656826085
-0.918458159347792
-0.801712360307632
-0.634443952082719
-0.619693453078172
-0.74612046220875
-0.69676417255441
-0.794631735985329
-0.474498745441646
-0.691755756002534
-0.770614054858141
-0.629549520333999
-0.515832494572401
-0.870683991690122
-0.557538150390542
-0.697541284824993
-0.604231318352822
-0.79745572197793
-0.667734536761715
-0.806848804893542
-0.720313983688497
-0.589815237034536
-0.65167642173033
-0.588142883276864
-0.632855174167239
-0.627461353197662
-0.685890863141032
-0.592372682676015
-0.725437444439706
-0.611288980856966
-0.543336843249551
-0.666844873464097
-0.629755124165831
-0.720023142103579
-0.61270746107154
-0.550354240661303
-0.691897500555377
-0.750931744824863
-0.603294672760912
-0.659448131793318
-0.639726064066988
-0.588917911225414
-0.518894931528289
-0.582974964516485
-0.584392278581836
-0.637444430743593
-0.679400123009222
-0.732722490205184
-0.698511120042002
-0.42656281644282
-0.579124903952345
-0.628370940577055
-0.687160957209744
-0.560574772716855
-0.59611448857102
-0.714595396285242
-0.586378196408469
-0.70002858357547
-0.612098067945407
-0.73569374991191
-0.697016127896469
-0.504828053940554
-0.648075115263294
-0.646311423063834
-0.670771149197281
-0.7204054143302
-0.499459188458793
-0.674147998193922
-0.643452716776882
-0.653676442512975
-0.60477373083771
-0.602039472620907
-0.509682465755074
-0.637285625002521
-0.598882698499692
-0.630168945941883
-0.49398285478395
-0.484946369094105
-0.47173155882486
-0.577593007548581
-0.494710663092252
-0.516893025305329
-0.537734897491476
-0.473910493080961
-0.482635742716108
-0.604006623733967
-0.568584562993687
-0.555837231887316
-0.576777798563305
-0.619740612476883
-0.532793714785269
-0.394887509103877
-0.561697834931629
-0.493236796687677
-0.597578603142323
-0.537304740453715
-0.482142894213554
-0.416808865850067
-0.606774580996103
-0.506134552659866
-0.513067497076648
-0.544379487211872
-0.463854537666289
-0.553540893301441
-0.524044285788219
-0.588784680630762
-0.523270431399068
-0.579644393973577
-0.562261046990112
-0.473960796699985
-0.638507858381214
-0.543770766881263
-0.526602412410723
-0.523399002490946
-0.56437137433843
-0.480082655034225
-0.534956396607575
-0.515201312704249
-0.604580985284167
-0.391495272548739
-0.632179870070048
-0.478076570032894
-0.574689201092098
-0.5056082355911
-0.535656781711943
-0.466590120908152
-0.481732351342476
-0.59856652978433
-0.606915873499834
-0.368183422175174
-0.551821838186385
-0.419643657716907
-0.471383513720471
-0.410910252775261
-0.515399213742221
-0.405933226817605
-0.393637835050382
-0.329960122200994
-0.44601418790466
-0.561924975198974
-0.446619020016988
-0.427978700479334
-0.342057886666222
-0.457268335048027
-0.478928451084691
-0.516518616829965
-0.431355263659934
-0.465536581352801
-0.526252194854524
-0.303482884879529
-0.412848956487455
-0.434083814488463
-0.400523811267265
-0.373862800710709
-0.332118442599405
-0.309706345569479
-0.347070950649986
-0.467666444175292
-0.27017339361256
-0.285978062040706
-0.527257107469751
-0.369811649416153
-0.399451744990963
-0.439807902040857
-0.231408005383608
-0.442610893604014
-0.412068728584438
-0.441796886577449
-0.358728211042736
-0.362204272408454
-0.489482159935682
-0.307915939869718
-0.373612053527197
-0.371537207421366
-0.46639630735983
-0.463849529747164
-0.359311236330903
-0.430479177328604
-0.292867967593247
-0.323921048977791
-0.406538428458571
-0.342884683298154
-0.331704272755611
-0.429913564934511
-0.184784670354066
-0.444446971906522
-0.264213792432956
-0.380080095285364
-0.413591110716451
-0.370817229549804
-0.408157782018212
-0.366296157647336
-0.471476967037721
-0.14350255250855
-0.340730216281708
-0.348687473894401
-0.162934149313933
-0.330292614837839
-0.259656334407773
-0.370823354563486
-0.323208558147268
-0.341265692979349
-0.447324337822657
-0.332040882001095
-0.414897906950756
-0.416277570420598
-0.233197348044599
-0.339300916590468
-0.369826292382423
-0.253078732525068
-0.431608347562847
-0.379388992388251
-0.242210425561215
-0.367969995367595
-0.483361509769286
-0.419417651729397
-0.213681851454647
-0.322590952578599
-0.286173565073994
-0.204699748659609
-0.260249168173222
-0.215310383197076
-0.250708802094684
-0.306858723855269
-0.284722586117251
-0.423884635419943
-0.229048110115338
-0.373866809018911
-0.383464423419825
-0.290830999851692
-0.2820644653355
-0.176722332237775
-0.410839517655091
-0.310717926787962
-0.315868672099394
-0.163547965273195
-0.19324814890127
-0.222421526529373
-0.285160676114943
-0.282306498065725
-0.397703769866794
-0.249048853698422
-0.207043948281228
-0.291544578289722
-0.275481232570343
-0.318104782525797
-0.376147757298391
-0.276939264514121
-0.240029834831611
-0.380914405916987
-0.232446705135779
-0.354180622248635
-0.313619864422962
-0.377001393429708
-0.191487537457867
-0.195078464556904
-0.235740631334023
-0.1858508732669
-0.155042416076965
-0.280738719115143
-0.0605969746520807
-0.34554435113509
-0.22162556715475
-0.210411822297735
-0.144821988428142
-0.299477152409125
-0.309371581813033
-0.235698263643515
-0.0928756274519913
-0.197985110093037
-0.292441680696768
-0.346823739228473
-0.028263184375503
-0.0724006626987264
-0.380694870508002
-0.211719414221607
-0.240374720177087
-0.270660170836916
-0.0148100555568026
-0.178095600431203
-0.250619196515624
-0.234655780088132
-0.162679961078213
-0.237147317240241
-0.182538506071669
-0.0776325657074995
-0.16866088027093
-0.0812752452421122
-0.197690751754886
-0.1446912227388
-0.203033222300342
-0.193544892218727
-0.0640980223353804
-0.0934111352831468
-0.163893643749186
-0.0799727070722712
-0.0163691481674415
-0.0850117818547844
-0.0746002213379869
-0.264947120383417
-0.160819698155058
-0.0761330807759974
-0.0297422888822716
-0.0881365838229063
-0.0536074220162888
0.0707144523501293
0.0197232770935317
-0.223520744626756
-0.127069102369049
-0.06977308859807
0.0903457995498523
-0.165925359924216
-0.0738183780682419
-0.161847561456223
-0.0471848066299852
-0.0729110400791034
-0.263016497752073
-0.13169628854708
-0.117014876489812
-0.128476569969618
-0.205382892749626
-0.0268976942068796
-0.113728329396567
-0.0148492398469228
-0.0432776071326823
-0.0510369982614667
-0.143823394342048
-0.101785569104582
-0.022600735312167
-0.0332267104051693
-0.0541504102755836
-0.183227539030214
-0.119227289884246
-0.048376167462175
-0.140336226295297
-0.137954143763177
-0.145349863517203
-0.104858947271501
0.147453328829335
0.0892199800970662
-0.12566573283024
-0.0232525607578374
-0.0301424637371713
0.0387767223255384
0.122522668692567
-0.00455438287314928
-0.0622683499424065
-0.00527373022560864
0.111937310926835
-0.0125354817948088
-0.0139606002078823
-0.0460137969389585
0.00191423324544739
0.042575608888537
-0.0768423399202514
-0.0623263489059943
-0.0112822050767567
0.00208360044316954
0.0231187254097163
-0.139303926570209
0.109994562600936
-0.0324620769513733
0.0530362934300304
0.00640685626012844
0.0268242895364392
-0.0802419962993685
-0.029875360256464
-0.0106820418076577
0.136561191608705
0.0524872126364615
-0.0489946616357617
-0.127514703675128
0.200482261150202
0.000871821718864272
-0.0495110596879252
0.0989563802113223
0.115850648887351
-0.0167149511869364
-0.0381115891389983
-0.0741106990456173
-0.00899848463221612
0.146766211276389
0.069458020513029
0.152125820240195
0.0552346903023194
-0.0550017174968821
0.19957080704455
0.123061850912072
-0.0550917859199211
-0.0841568971004318
-0.0525697032409848
-0.0691900878221955
0.0500942900672901
0.0920345511102187
0.184538805712333
0.151966516855951
0.0445229880052266
0.0793593044174773
0.0541773134462779
0.0315748485970742
0.107539821038826
0.330162472630399
0.10622350587126
0.0681346474506696
-0.0463355551745791
0.0688107675677029
0.0834670894643746
0.114055563057872
0.1479974342748
-0.0321617970566001
0.0748446706002886
0.206696673803842
0.0552903080559967
-0.0245113427126171
0.108863751218732
0.0274844216793992
0.0975082900397842
0.0913508522945489
0.116873066066818
0.151011552156788
0.056743816751531
0.0627021962953114
0.0949077700612669
0.0311120756375288
0.133911520127025
0.143061709765899
0.140970488314011
0.198793493675157
-0.0492250436504239
0.0813800304205645
0.180833695026596
0.245777200020592
0.0651152070877133
0.0358107874657371
0.178951865717371
-0.0145772051438013
0.197453438219813
0.0202065256381239
0.25959992486749
0.185867462599825
0.149116551232467
0.118036826728548
0.0836417782138466
0.236693099591787
0.0687462799123469
0.246717608972405
0.0138072828875734
0.244852600782253
0.220907861829678
0.138617934490009
0.0943574431978486
0.358698644910586
0.238731552857731
0.238460142490403
0.183370927673021
0.0727116525226792
0.0846752625659146
0.111947968959372
0.0199773611934125
0.268481808028186
0.287116082059342
-0.0388372297194934
0.252872151240347
0.29503976733392
0.230508497872733
0.245795904109329
0.206151440103106
0.150162828548553
0.18696186227828
0.275258370941093
0.0765622024999805
0.339333826245909
0.296957932590115
0.175256103064892
0.240166104097789
0.245906836598122
0.267365056789881
0.324050131263747
0.0959041518159056
0.202488147735476
0.266154071316747
0.256499749960127
0.395587566337311
0.250103745517756
0.227475681181562
0.275657488807888
0.24932702506141
0.132044806893521
0.270199744459604
0.304504588044952
0.0714387070975498
0.188919882941016
0.238582157937334
0.379044488168858
0.132581684953317
0.384195188478946
0.372183781561868
0.262180856633109
0.151623474213306
0.2960856193594
0.253941136428641
0.343623006056304
0.190172558329844
0.385907627659616
0.430107001961735
0.295793062256454
0.256995454334879
0.265283497554942
0.229903886607995
0.408344626681047
0.448498171459359
0.322885394554765
0.183838340369879
0.128323357118235
0.448141658857405
0.284619250935094
0.236087659289502
0.323671082598266
0.245281807934385
0.40271589909195
0.27672273600603
0.274830013339015
0.266610162822886
0.236435253611537
0.371254498108373
0.292404877569847
0.493196907193684
0.299996938101989
0.35953163077048
0.356671336309288
0.393675060326817
0.29022302858826
0.250118612124376
0.409027555890412
0.321493901024302
0.43651827509317
0.319055899114946
0.451384684564934
0.347146500326362
0.305985369037062
0.369292497359497
0.472207005927052
0.452862673488145
0.406040699041315
0.36474628214342
0.358251555031154
0.298180289401428
0.185798066229605
0.428768992357538
0.194960696059345
0.215204557382025
0.428366197806988
0.441015103747832
0.427645298149154
0.366633119443082
0.332672074923409
0.368543265345007
0.381212986911974
0.379810782256247
0.328268590716462
0.334893928433991
0.383433104103895
0.327654438952229
0.284550824050773
0.376047452977514
0.450843681801839
0.353735524303831
0.4263450253735
0.334301102363022
0.356515017542102
0.285421250462783
0.213781037902368
0.559392444585052
0.474414008379412
0.352427972685093
0.404339294741437
0.53132580677189
0.415961050516246
0.460607544118602
0.325890384767575
0.363085082443656
0.413891583641911
0.34595893036907
0.313870735392383
0.412921859485998
0.286835399407025
0.430121755636797
0.506950744590505
0.488860882896897
0.461365581460846
0.485165731032815
0.559770932579365
0.452748798823465
0.50989577836706
0.41154346668562
0.636911732478437
0.354403010769543
0.55062750095107
0.426732462848232
0.417930454810845
0.503479145306826
0.416970362303728
0.540352015070024
0.506454063679794
0.338940901412785
0.38866941246263
0.39744425473542
0.380563214773104
0.579668414096597
0.63984349411789
0.682282965866012
0.446614822766627
0.496231678443863
0.613579786173186
0.507962903889341
0.440724033946841
0.488108290836635
0.468067988117485
0.547199945994636
0.492535983754215
0.652602019659501
0.347575170575818
0.617002539578688
0.56966377753174
0.453760185906775
0.633913304163891
0.569542495185739
0.584248696955275
0.651981462537168
0.518346820039744
0.457492487777216
0.456798737726335
0.592997297742774
0.487945670170938
0.470388216338484
0.60589194909846
0.572322877908822
0.528814427704879
0.578359243075933
0.490492738217932
0.743872482407273
0.697414426594844
0.400514457350914
0.448079083176976
0.553904246266934
0.570566809254023
0.471118424066752
0.363167128015155
0.45817867673892
0.554406184564405
0.576903779914433
0.606923743235178
0.425318913588597
0.682953105733408
0.644998385854684
0.576989153577148
0.564951668734294
0.698210941205221
0.45401110613704
0.370503218253318
0.549348945573136
0.527911563152062
0.552720027431562
0.458980609248902
0.430933042775008
0.588760220908165
0.558934102120443
0.845777993202076
0.668537814489501
0.570364070167294
0.635535969771986
0.699141185183533
0.655422704911196
0.668193770490045
0.648763298896056
0.566334442405315
0.574045272538511
0.566602917047199
0.696909493053339
0.521111317265488
0.679737729996416
0.688922789297063
0.680022998110549
0.744107848169419
0.56939850655173
0.703343799514739
0.637895809549736
0.664549860183554
0.587116565642085
0.736936744128679
0.833225846057261
0.838461334562963
0.664991639700409
0.615186731797448
0.670154352549327
0.784736983943106
0.65113787702652
0.723673852417144
0.703500711405878
0.656764736328566
0.554097500012626
0.603353068598434
0.650268979570761
0.567543806750828
0.783608214359414
0.590539878264323
0.608811003124142
0.471678529103029
0.618030768952491
0.651523749965098
0.518408586872566
0.677071618558673
0.64675102257232
0.751500535494655
0.620239444253923
0.720806793151693
0.667801704364098
0.531720738711187
0.599772719151411
0.737729067055491
0.811592658378804
0.81398214097663
0.726252983353309
0.7154992920931
0.775581612662074
0.658767605220507
0.586847435410569
0.759618971823966
0.73236362663741
0.730802578699834
0.774680944722658
0.808521016244603
0.686072247673251
0.804026231903566
0.807520417194229
0.661467950287058
0.664255189791023
0.673283588061364
0.731027419077985
0.850836657707469
0.853632118082159
0.604808339984406
0.708640389119183
0.87835553829209
0.772579267834173
0.80291162790863
0.649675370725785
0.873993353806854
0.777670600883422
0.806990873111118
0.780438924249424
0.787270748030092
0.91356415275538
0.651536886166141
0.848618392281755
0.794588331218521
0.774858074539479
0.741313989700428
0.773326837855822
0.8826119527644
0.785813757398369
0.811421003228894
0.797847675570154
0.772842686788475
0.755227697018055
0.770625508118949
0.848717736170252
0.718532740613502
0.595805125408939
0.943194330661624
0.713256031026817
0.888962935750919
0.849845149651852
0.864317165925315
0.702084797234074
0.843883910331252
0.890867152319507
0.750657553146727
0.819921526882528
0.814386903161822
0.894015155669599
1.0228133209382
0.840365908576382
0.6448737746105
0.764550066869801
0.825874254069183
0.89907563190381
0.803667862430811
0.836345430822818
0.844904104103576
0.834409396306812
0.679392321867612
0.88869952288963
0.831023324118322
0.969592366818418
0.910998005123063
0.744289481465662
0.964480533864597
0.842697078130235
0.82832579340576
0.730349999761275
0.814165914465687
0.775069904725198
0.846566166215703
0.955692092630907
0.867886476234759
1.06384900825406
0.850572806078883
0.881574189661477
0.670923544107162
0.97498438903172
0.950584257435358
0.960543225397426
0.846279065312566
0.94265311083931
0.85794725175813
0.815429872415241
0.807893519532117
1.05662590359947
0.952454050635226
0.860885201457137
0.908777140768908
0.897933957919779
0.900250439505852
0.937702292100651
0.925845644056821
1.0311119699323
1.00745451427168
0.908252575452994
0.819047197718713
0.825210667962208
0.918508423256563
1.03078952189637
0.919887235428116
1.01884225090974
1.01978139169886
1.01637700598534
0.892635289456139
0.826125627194248
0.888971879736837
1.0200035253316
0.859197915548702
0.910136194767299
0.939059901984982
0.919270371936941
0.851008425518174
1.07119849409373
0.912650171977509
0.768573274325993
0.876547538028566
0.891195375436062
1.0090670018413
1.03147596116612
1.0537685401458
0.951598043832736
1.05383287651698
1.0887310544885
0.976437704785996
1.05329932910109
0.978401138499664
1.06955152849162
0.984852422190866
1.03922813345233
1.00849496082425
0.942103869994613
0.956579368408135
1.13630610448455
