-0.954019011157156
-1.01926794415172
-1.13134628275795
-1.10441797480133
-1.05108969120573
-1.00791366356715
-0.912409033522889
-0.905524632516644
-1.03315263245577
-0.975180248891115
-0.951329460733151
-1.09886565300271
-0.926078250468945
-0.837092851073511
-0.804129532711927
-1.04019259497795
-1.06104333285873
-0.929836708393136
-1.01254659906906
-0.810531448740089
-0.824767107590308
-0.876474244466937
-0.954217845588101
-0.954992340621767
-0.847697311718642
-1.09670246491612
-0.980217486052007
-1.13636490872194
-0.941003990892191
-1.04122541813132
-0.911891473639051
-0.891444543661775
-0.947650495939556
-1.00539072865933
-0.874850844163362
-1.01383447806169
-0.877586771565993
-1.09417731564105
-0.846353697203512
-0.940385637369693
-0.963340798895164
-1.04351026391987
-0.944664470049122
-0.994996550124688
-0.876057138728444
-0.942877509422432
-0.89270166337665
-0.694343601830385
-0.905975402371769
-0.961119611978448
-0.98745034552848
-0.895946920170991
-0.825343634913426
-0.830496976003056
-0.920030973592685
-0.926004995503375
-0.821470468628889
-0.892153639982752
-0.881947997389505
-0.783859169424836
-0.855107338090841
-1.01314883914619
-0.898346034775
-0.837011300373475
-0.904848194810647
-0.875853903536591
-0.794800952965103
-0.877751294728011
-0.830792583562694
-0.946949998988779
-0.699410825368791
-0.737348725447652
-0.996479851074002
-0.910718437418757
-0.792539107190508
-0.849051524640492
-0.948160293747836
-0.732152287721416
-0.897672470025425
-0.781313846074517
-0.820149388436918
-0.778592305231808
-0.969111835196971
-0.760187148424648
-1.03145710005767
-0.80120605152399
-0.993918613877952
-0.833274731681642
-0.753107552072348
-0.727618468066936
-0.783427747540026
-0.819481478110736
-0.829975559958931
-0.814889970751248
-0.790618259580992
-0.793842188441099
-0.765773891235363
-0.655203548614844
-0.891530468601872
-0.711713286190561
-0.752005658285457
-0.809000331613911
-0.600815463149129
-0.685292437721222
-0.767533779080433
-0.790703324446785
-0.717774320811699
-0.68967850412246
-0.816861491311051
-0.761031541235531
-0.591647123387403
-0.83364982302715
-0.843217020570278
-0.76284991894981
-0.85875893836933
-0.861585018578137
-0.760682876625767
-0.763402546139158
-0.612203623550543
-0.751599828260769
-0.652453042633666
-0.891588362443759
-0.827277137570806
-0.864675162731976
-0.837972683735764
-0.677610378385433
-0.86965757467889
-0.743941365234987
-0.792640120774362
-0.675704356464744
-0.678783707851934
-0.729527602840398
-0.662771688992566
-0.826128375612544
-0.724443015258099
-0.762174140548364
-0.662571575410832
-0.797968005475097
-0.650019111500203
-0.659894481466828
-0.621821441622095
-0.572713875338983
-0.884970344624255
-0.572267925238851
-0.678129428508276
-0.780460436053908
-0.770575783347704
-0.684657495102209
-0.671080280911326
-0.634487480782231
-0.56812086489338
-0.58950595600317
-0.657772387615264
-0.767973730108349
-0.754477547808704
-0.656523599943389
-0.684168511486354
-0.617120445756315
-0.695826688910852
-0.656852950926201
-0.769247320457323
-0.637367727464738
-0.678591773972631
-0.561976108572942
-0.593486873678029
-0.741838571238434
-0.714699303633181
-0.599160568605398
-0.756260854681668
-0.730523464310046
-0.586221736007132
-0.642779454635619
-0.538168728188059
-0.69432082885371
-0.703742731373409
-0.60718885168504
-0.713698539458655
-0.634268802674752
-0.811692025394617
-0.657077465209926
-0.739627694283664
-0.616392423300689
-0.651092894543041
-0.65548284658824
-0.676422849865909
-0.614240190388844
-0.622914470190876
-0.59271142963582
-0.628573576432533
-0.737933703664571
-0.64066524109173
-0.74308486317195
-0.516485386012932
-0.636138777281815
-0.646871479880639
-0.605723380426298
-0.673074798717171
-0.56053321953433
-0.623316698846063
-0.703056825106251
-0.701079408802279
-0.521400181410089
-0.579559981555796
-0.51316587502699
-0.66631264042269
-0.64702439652991
-0.389636318100295
-0.594800045145941
-0.456732827623685
-0.315233201988977
-0.527671660583256
-0.519734666877764
-0.657359808504815
-0.498140621130703
-0.628662626206601
-0.53050054699177
-0.359379855975923
-0.522727731934437
-0.700430571514377
-0.725941119599423
-0.626999962654052
-0.61383185497714
-0.405717930634668
-0.818750813401994
-0.691418345710922
-0.60288508971086
-0.456541839200894
-0.479098369664952
-0.380744998770544
-0.556783472820893
-0.65122062099727
-0.668865887630793
-0.596800635410004
-0.600043543611558
-0.507701194210819
-0.451556899385484
-0.721853297739747
-0.448673299995369
-0.528971286998766
-0.48231274327812
-0.523632280319515
-0.581459146267001
-0.509137272735695
-0.580227929210952
-0.586947366406701
-0.348287786180927
-0.536595432669419
-0.412275220092728
-0.448587614384454
-0.639073605236923
-0.400529074316441
-0.473613968080507
-0.427978097719097
-0.390899296695463
-0.622182603634325
-0.475977887822569
-0.491808075705504
-0.480609148629076
-0.440088198693278
-0.379641139175744
-0.591960725917152
-0.512890350246571
-0.25721958912969
-0.541536079559595
-0.612737158604687
-0.558532389583427
-0.433535200233651
-0.545809010732151
-0.536688428284462
-0.445485626463021
-0.462544596878582
-0.349376733629111
-0.425818134622823
-0.414547687281285
-0.436818927568734
-0.661140983431446
-0.453526431619448
-0.478976973939608
-0.430297001875154
-0.448466414066288
-0.433890206329632
-0.441190487805997
-0.510102942242291
-0.443969515107453
-0.47952715377371
-0.495618070328704
-0.386253499819361
-0.414744690964346
-0.357387340854412
-0.629027828608616
-0.464436016248087
-0.390991217894969
-0.607916043010113
-0.447640191699524
-0.384575969599034
-0.4441144382164
-0.452117270430942
-0.442696438847417
-0.321667312581537
-0.538518487089613
-0.446650908713275
-0.42659501592815
-0.337674305133217
-0.412527469480048
-0.230037810181756
-0.38339837795955
-0.528748192193553
-0.184506951341406
-0.328170269394031
-0.314691439027658
-0.339846672618979
-0.342831843130019
-0.377264184190418
-0.219216417908937
-0.399513840562536
-0.363820637782099
-0.349031011442626
-0.186464383648827
-0.461434966256765
-0.419100667874611
-0.303235396178988
-0.385270033205666
-0.310954936275358
-0.418609486884986
-0.44267460089032
-0.418467889193022
-0.190282948626131
-0.302269858341838
-0.369462899723732
-0.461479981662749
-0.188295855430402
-0.219545669089019
-0.285524551649202
-0.29625256593681
-0.303165260707394
-0.347725953653503
-0.290809985264207
-0.256238261949022
-0.340415863702812
-0.233941840570491
-0.307734209676915
-0.266100181098644
-0.354776133668034
-0.216544923486637
-0.339399492993579
-0.354965337821416
-0.291548511014089
-0.379827268679433
-0.286459178234178
-0.410918746753543
-0.200418190696703
-0.298488915226764
-0.313263445233228
-0.159989818751289
-0.426585197251474
-0.304913131940594
-0.250324884742105
-0.331827882012207
-0.250860429825527
-0.277043857446271
-0.246060800222634
-0.367433083423581
-0.286995940853029
-0.129772940061208
-0.174430713182566
-0.279974577325925
-0.309137386445816
-0.222031175176794
-0.227674702705929
-0.280580579309262
-0.214078256667192
-0.266424076782564
-0.154728070277539
-0.146017763275439
-0.292194869760981
-0.291962194537245
-0.174550834023249
-0.346510254506537
-0.179396330387274
-0.236590267201622
-0.241669876467033
-0.310209339458636
-0.14276919313552
-0.189531579048055
-0.182806792976124
-0.263030614192301
-0.276185281139406
-0.239397280309575
-0.279382539978292
-0.162727222768283
-0.289477765692756
-0.148593652557654
-0.240899021213078
-0.265569442620881
-0.263929029215309
-0.229005008629306
-0.0490222277246697
-0.310813118545378
-0.246053723564985
-0.0123266915980409
-0.151127542316334
-0.317486398017812
-0.0391596169312522
-0.186371816608961
-0.27899092512495
-0.26720201649757
0.00563572987543774
-0.33509132930378
-0.242086548971755
-0.0941104274554756
-0.19326270989013
-0.109761503155263
-0.171039297487055
-0.178331461726646
-0.130607330941512
-0.118093710484159
0.128063495392019
-0.0232682681893497
-0.0727979605206737
-0.178769972028208
-0.148791647947444
-0.146838231032864
-0.145153689369897
-0.119866046923796
-0.128717274996492
-0.213920343530873
-0.0260186959564526
-0.0609273845297852
-0.0414714239335765
-0.196904912109818
-0.22487376005973
-0.160663186447241
-0.0932949247274021
-0.0914234775086143
-0.108783731760886
-0.12381457991054
0.046982874144594
-0.0580409774178419
-0.126105957789562
-0.128153782809657
-0.115887305233989
-0.190470976195978
-0.255958164142461
-0.190482012458372
-0.16678514089164
-0.199023854969755
-0.154292583532591
-0.282010301799077
-0.203210789566219
-0.13021566534065
0.0668967422800907
-0.0672569430543808
-0.0232328189152925
-0.129571950701878
-0.0297900999626249
-0.139307626801063
0.0122755828131975
-0.113998486567635
-0.132368916531078
-0.155767569921723
-0.0966803589793229
-0.0314300739784372
-0.0672412170722342
-0.0333521580831091
-0.168105331836041
-0.175566024423781
-0.137942088531808
-0.014691606862494
-0.016320465499877
0.0125985224585867
-0.0868737763141625
-0.122365053767019
-0.00587669872819343
0.00450345964467221
-0.333139797649346
-0.125152287287316
-0.253204674801485
0.0163091992859231
-0.0578948328832165
-0.024809615779157
-0.0206602106073033
-0.124609795336052
0.0543144682335515
0.0335299061490015
-0.0417315021539295
0.00340902092732165
-0.169583405943877
-0.018464211010318
-0.0679496406193986
-0.188831676738998
0.016864831666374
0.109495679351574
-0.00512106410272056
-0.124736842657891
0.0443334969403349
-0.137618203149966
-0.175526504847456
0.0196398055170327
0.017338470735877
0.0337200295616547
-0.0304576391672767
-0.0163966926601667
0.0367048357619023
-0.0360923896548649
-0.0722404704038187
0.238067254534248
-0.170262657960654
-0.0416448505634213
-0.0485046004277981
0.0591720925612708
0.0433095802241318
-0.0783478614274847
0.0126983412750905
-0.130692958989065
-0.0237858800649305
-0.0425223636242963
0.0570966152725569
-0.0331010213269808
-6.6184677867315e-05
0.193441216835262
-0.0956119423908012
-0.0259101582174263
0.0388859813518954
-0.0848342537795352
-0.0147278549177961
-0.0594806019117935
0.199139444711542
0.0893887630214753
0.0874089131121276
0.195413600694138
0.0283580317367079
0.0222420600449858
0.153276151356582
0.114716910911406
0.111206960566939
0.190848089033561
0.0986933624791729
0.0587813286467504
0.18421969784049
0.122306036443417
-0.0630735593467038
0.128934306941675
0.0895884967701423
0.0524666635098128
0.021286708470043
0.105924429331428
0.0849944457766834
0.131949319102441
0.00568785540373897
0.0827282918824766
-0.0208574649386205
0.206930848132458
0.121992637225283
0.140719726942947
0.150945536577319
0.0417081988447231
0.127144941242085
0.15233521916869
0.139135726603103
0.211951382353063
-0.0180354423820644
0.0307580528994454
0.055297327548148
0.0724132540460155
0.360887613374737
0.233398414128389
0.242288431598484
0.0328753852193779
0.194543516902805
0.0204247873458808
0.133166010594939
0.272679299813795
-0.0100719682016999
0.003214205461629
0.120406933012593
0.182296697792667
0.143059600762057
0.146579816069506
0.198855387527716
0.247212817828497
0.169894208831474
0.229245769581983
0.0791286237188326
0.184084901008258
0.100635050014185
-0.0293578812682245
0.123994194090973
0.0860558776850904
0.183884406577181
0.259390739330614
0.222329419240909
0.187317867727299
0.272462854267892
0.178246898209544
0.183101884347312
0.194713075552622
0.201746364331923
0.222349790131456
0.156406723874735
0.120460966610051
0.210462056883865
0.227496063799608
0.223378893039602
0.346998126366143
0.244713341804911
0.0483030752278914
0.221581333436394
0.231427195077976
0.355975159175144
0.13480298702544
0.251363705904963
0.289551271455157
0.159551095391528
0.390999339257318
0.290184547485309
0.216869589498391
0.245557689836173
0.132524960285179
0.289963918067097
0.442832166756129
0.355891425276851
0.159595272169455
0.258766885779787
0.212840713713266
0.31251764743679
0.294343901177402
0.400036689326492
0.178156500535724
0.327418430789422
0.353111747216804
0.202613386565944
0.210438564483062
0.259146298147672
0.3222399095511
0.251216204702991
0.402790311863465
0.296677087544126
0.440119032959478
0.265524541199329
0.269669287521192
0.291389441981861
0.279112876454727
0.242607269877098
0.244539626612447
0.198907867098184
0.373193500131749
0.402490336034684
0.351195783283403
0.236368154831316
0.453621698755135
0.529709960372036
0.38236644084043
0.364302987604481
0.360125940880663
0.0834469010330389
0.362854861941926
0.382557243491635
0.166648068065978
0.441590233485452
0.325721360466883
0.356831086941488
0.384078945008273
0.303871920398508
0.424167799206236
0.301778349044994
0.334710112620692
0.300624144386297
0.314167312606008
0.380378424085858
0.325007619869393
0.393581466906895
0.349893887846545
0.267216461158049
0.427409189839521
0.3210350625052
0.261864711246357
0.290301499728325
0.354192855855803
0.379001034402794
0.455899636961395
0.334432229677531
0.376308259577139
0.392954421576444
0.501223384948555
0.431751426846711
0.378431232671606
0.358701566524001
0.423183935351498
0.350363953333876
0.395116763060376
0.476349040407495
0.292235031301078
0.474476057247716
0.396435344607829
0.384465680021555
0.367840805436025
0.367101704906715
0.466684138671947
0.423536203894666
0.488251477894508
0.321414303945586
0.265223549370755
0.384320758030087
0.610551461117113
0.383234497024146
0.567319044293807
0.355873418919179
0.290219004892997
0.363017850082044
0.449639518062026
0.41857277138304
0.391516235124896
0.337178669714394
0.453321515597388
0.458315681490844
0.639186675226595
0.465102851772603
0.493038159361849
0.464514116287415
0.393117973995801
0.492533011949017
0.426435900235912
0.355717011350879
0.534863106651032
0.621805486072788
0.29040646567576
0.519302305542336
0.41278028887977
0.599174232772555
0.333899967078707
0.42972145622262
0.553517197138145
0.442683046899239
0.505700362811202
0.507270676996559
0.384102371170056
0.555949886905925
0.522184536241336
0.542001370478749
0.27077079789246
0.429743251388885
0.420106105128207
0.355933536131187
0.544032769348738
0.406412860220713
0.488975591148792
0.532961174297513
0.418219930993811
0.3599509981972
0.586418236098684
0.449201260908692
0.40595862707837
0.566728756284116
0.485202284254868
0.469567401132147
0.334610419856911
0.463644987572362
0.571822514177415
0.45777325727625
0.551777461541405
0.523877668330027
0.44735323462269
0.430425432623443
0.557653955302954
0.42529255321511
0.537177669251471
0.550463637022563
0.56990680930004
0.504764610927775
0.482486980867623
0.494454149421875
0.417122158365514
0.539766671130118
0.545774853118287
0.657898360232735
0.649737195784484
0.577269712196168
0.387491344870335
0.563239089417529
0.502635993122295
0.596869848323906
0.483399833301662
0.478960009937495
0.59578934900961
0.59215815336493
0.460082524888207
0.564095683094853
0.519522017994305
0.611836495547892
0.54841062866308
0.45452465156485
0.726183659310446
0.627911334504174
0.615028952500455
0.576626971016961
0.630175520392579
0.520457566563027
0.588542835138972
0.43978093338454
0.662595697466141
0.546135503704122
0.558872812880561
0.639375480503918
0.789270791481293
0.631858288873823
0.71772519215595
0.580652948011121
0.56921787545438
0.67994996196306
0.655016544644538
0.762119237006045
0.728158906179693
0.5834927277286
0.646431206518342
0.693854743165301
0.495357088744373
0.659576064544635
0.519402902205898
0.586738434448367
0.544075606275074
0.522076833374554
0.631572782089089
0.503589334926691
0.632239046868476
0.777558690843782
0.560575293585043
0.709222629812408
0.777584766653656
0.693489994795286
0.669370307814969
0.615226812748388
0.604206090940354
0.670059888949118
0.819149427697901
0.66313249092562
0.54951919045405
0.695222833715911
0.60088801536246
0.531235141575162
0.619329725040257
0.617589195189518
0.736539747109008
0.692451974327266
0.620619994331048
0.543974882577181
0.619950022456048
0.735687003154582
0.661574905381367
0.749462898304959
0.676890042757939
0.737208250928032
0.854609758856187
0.829808695347962
0.566718672730552
0.78860733340363
0.724830333072946
0.785367482064779
0.65341537782874
0.733510001882932
0.767837625194895
0.743210950402414
0.764899330784781
0.750424769660565
0.698214452026286
0.721463350162141
0.780406056384496
0.699725870353462
0.712234100582993
0.729427733672793
0.645705028924891
0.72500187584223
0.758682717108231
0.693584439866058
0.686819873190661
0.674697602875798
0.846533036566579
0.67491488831326
0.64175155851491
0.732364257306315
0.613445479833097
0.681927046855375
0.752708220987411
0.707748272640982
0.763918643410166
0.612129149601038
0.657279697207074
0.630813514238125
0.771065872157345
0.70789169863611
0.857507514782069
0.778600079179788
0.7518437709864
0.874982201643189
0.683914244870446
0.758066470720236
0.785873938561268
0.812082102991514
0.782410233027681
0.890310228065189
0.765132936678847
0.816592176617295
0.743816475499357
0.823462872787956
0.994892955069501
0.922994696839584
0.839359990322484
0.825717355412769
0.935705021960639
0.780456188667467
0.805088601500298
0.820385641916107
0.844142427495959
0.935450749186907
0.776517241533388
0.791576730928227
0.847248318014005
1.00244420879119
0.63433630933211
0.833140860257689
0.790231805234476
0.860913390834126
0.831738136024259
0.840917899880022
0.78708012792408
0.925322041659749
0.635468564742163
0.931392742207756
0.875940157341258
0.65427546300008
0.907127613293804
0.918594474388827
0.961791044507512
0.849682611096717
0.930038750905202
0.802002468199653
0.780789371405015
0.885337565513949
0.971047205029822
0.905262181488702
0.854924638782583
0.990685644534251
0.814976242184562
0.758503826961356
0.960436031478555
0.975536751382822
0.814105783535527
0.837731494943786
0.900934155156706
0.973473077664358
0.930066690924786
1.01289088431867
1.01217021456572
1.01636517104323
0.927146567969213
0.832782275978145
0.913379870943956
0.937702217715904
1.04924618256587
0.925661052174407
0.928211181733403
0.978737891235909
0.956287845129657
0.996740077846946
1.06053563617299
0.92767734958839
0.907918825587696
0.811325030558425
0.99692631976487
0.953948982523888
0.935240491275823
0.889075011400547
1.08295780152369
0.965950287334509
0.963427359985284
0.93301214456146
0.945973465683493
0.866793608958284
0.944889608601055
1.06712856329181
1.03715457958613
0.850261976619873
1.05585705625793
0.983649264478219
0.824758904980528
0.92039367409528
0.921740363567116
1.09007337138331
0.958311210716089
1.08810732250971
1.0350853390313
0.919479882950827
0.775066393575261
0.980770756367547
1.11601759995203
1.11858640895666
1.07512681725255
0.927003294252481
1.08920920789853
1.03905911227676
0.995404059690245
