-1.02067989044789
-0.922108928473795
-0.963663581061376
-0.928780566171032
-1.01758073480735
-1.0894849194273
-0.963113781338521
-0.820652458760959
-0.921188327837294
-0.942874778594211
-0.985725135443154
-1.01908108061146
-0.969858975297326
-1.04779954834263
-1.07728084013026
-0.961500761951067
-0.998388077053668
-1.16480016839127
-1.01059462723173
-0.994301122173989
-0.972159273634473
-0.950250552346388
-0.847429514753051
-0.95222865554266
-0.828587567068454
-0.942678649399893
-0.903361714310733
-1.07241629371737
-0.959314220806206
-0.762542240692326
-0.902292175418566
-0.865792984453328
-1.16950943230489
-0.854499585482313
-1.08702117903706
-1.04298502771157
-0.827565679078536
-1.07622919608364
-0.946758510587751
-0.81723411346465
-0.95796064166052
-0.889338501060772
-0.702752410371894
-0.71940266273217
-1.03436621987483
-0.84191790236393
-0.97898676917361
-0.992758501854308
-1.06066008346099
-0.767781399602861
-1.12769367733895
-0.965984648441464
-0.968314014194859
-0.713528427956159
-0.927656402581255
-0.788692515820459
-1.02105761465913
-0.991860945255291
-0.754906340716112
-0.931020797255048
-0.794614152186597
-0.980157399638019
-0.814853183069538
-0.844501455624012
-0.84594354303718
-0.808303144974891
-0.814825840192471
-0.943454117646622
-0.844472459829956
-0.823614275209455
-0.894244391441818
-0.827724833415799
-0.945239156523541
-0.704584574411285
-0.757800584619538
-0.732837809632947
-0.850194143791544
-0.744791432084863
-0.859505008905775
-0.81043760445046
-0.840965069062478
-0.761994811678941
-0.883058717031054
-0.768906920953902
-0.7853685146
-0.676274777377246
-0.758496361094193
-1.00132148800482
-0.861050968962283
-0.997496291929993
-0.840610683587755
-0.811668570677381
-0.923636370937373
-0.788917196841164
-0.796297934165741
-0.67566432905954
-0.781663450956992
-0.904542391076173
-0.717040227146404
-0.795302495642692
-0.774141580001474
-0.86119391473977
-0.858443107910442
-0.823607876679396
-0.810103781215337
-0.833982125060648
-0.798668728952804
-0.983209391881591
-0.733309222330805
-0.76351000113662
-0.783836111403326
-0.822881962364489
-0.715360109729758
-0.821873272632022
-0.779469014988672
-0.663622309873234
-0.799715300489061
-0.638539613986933
-0.770758287611934
-0.690538094705827
-0.759471535694228
-0.804052937634566
-0.706660347572437
-0.862578061706508
-0.656193835721312
-0.649337350378769
-0.792242842337142
-0.766769255953069
-0.836744577649183
-0.679805948128
-0.545784621211116
-0.7567291725183
-0.661812196520218
-0.895657112543861
-0.497684431016136
-0.752058066116344
-0.743481238834618
-0.800695542417546
-0.657065900931697
-0.634318056849541
-0.558708768665088
-0.570394512820361
-0.671210667064318
-0.652902332378842
-0.802363959256661
-0.800878547589456
-0.756418997034257
-0.693420195627601
-0.637835515824683
-0.843462314539228
-0.695495578153294
-0.725746109990907
-0.711415839590952
-0.790584221317832
-0.651334863584694
-0.630502972380358
-0.765696392416458
-0.612397667381064
-0.666109353834312
-0.697443707921305
-0.630968571583677
-0.666158915482523
-0.743669409851486
-0.715829164234313
-0.577235441354011
-0.584785789329457
-0.861306602958866
-0.541233210604745
-0.73080645324122
-0.637022036267227
-0.670903352061845
-0.665530828663522
-0.602642775517255
-0.643259257560156
-0.607460909135236
-0.651344426979649
-0.663497863761782
-0.490690116354132
-0.778173150082727
-0.642874516511041
-0.699540658951769
-0.586371982190011
-0.649704528953521
-0.52927493055487
-0.588575772325401
-0.566161622611453
-0.649864573052827
-0.516702096064307
-0.652097625336313
-0.576168572750272
-0.509498892462076
-0.717875791723972
-0.655364178872807
-0.612609143191069
-0.601716247009267
-0.748426032228596
-0.574604313327073
-0.615708584591174
-0.667119505288635
-0.703452151672058
-0.470101904006462
-0.551844400740711
-0.684921894456939
-0.606405263534762
-0.689257138265647
-0.641650063710915
-0.75078111975891
-0.646251783912227
-0.579870384090106
-0.500438756243494
-0.634755138435463
-0.550576587135274
-0.589368703922608
-0.522161965291903
-0.584984125323958
-0.556075370920398
-0.584648945811542
-0.643377917998577
-0.60814588685264
-0.691381884313387
-0.531716533508668
-0.558663619078267
-0.591627700375214
-0.596682033571919
-0.464211841547989
-0.477375458585379
-0.662362945326567
-0.538750727417221
-0.586853874586284
-0.517614884553863
-0.342131993747472
-0.517746133931502
-0.39607064255474
-0.61473996325133
-0.418947826891109
-0.656380547473745
-0.52962557549955
-0.511128017191753
-0.529341348779509
-0.595309478069297
-0.450820816005807
-0.538162087435046
-0.643341269649908
-0.619231534703379
-0.434188942229825
-0.446091070692204
-0.448141242252922
-0.57521211610394
-0.420004831746638
-0.48074606017903
-0.525628149018878
-0.501215989520717
-0.420026419817376
-0.569594906030033
-0.599320429456167
-0.526835296008085
-0.469926612907178
-0.417484046377781
-0.44932270809606
-0.370152772247291
-0.425103606874092
-0.605472825109196
-0.376075354063811
-0.584338719925872
-0.565494623672163
-0.471529693968376
-0.40097313088672
-0.273491675689173
-0.344017817137104
-0.290258360772484
-0.404389269445442
-0.413999225818276
-0.493820981051588
-0.541745633182945
-0.370095964436878
-0.470072617474715
-0.522049947665361
-0.435941866582264
-0.421456389232849
-0.469053911048256
-0.478009672924675
-0.392295880115286
-0.532575691249257
-0.260449598565197
-0.374126864641733
-0.3750353723489
-0.435491564302772
-0.46344055598455
-0.509025128789993
-0.329645918601431
-0.409614373021849
-0.480192590999828
-0.469635771937287
-0.432675086601354
-0.523190181771228
-0.29624389041098
-0.423320190756056
-0.454232841175799
-0.600510389416584
-0.424160769565441
-0.43599941150633
-0.407911564863021
-0.273766152763201
-0.335882198528978
-0.375558202319547
-0.355566018619473
-0.30613260584312
-0.281155030524517
-0.346876532608258
-0.318233966157557
-0.489805970624223
-0.431455680942896
-0.129029272141549
-0.504380972992708
-0.330312329420211
-0.36007140714572
-0.419424298845663
-0.423344567936058
-0.434526003044845
-0.37176004621905
-0.385892245089722
-0.300828695532052
-0.271345575685686
-0.366657843921061
-0.345641502189666
-0.287587765668269
-0.120791042584565
-0.298811028076491
-0.360843977659543
-0.14994024153647
-0.498209235471331
-0.405917195661754
-0.305873315831748
-0.263283680922619
-0.290363739960814
-0.223335486085352
-0.420495638755007
-0.300170953448987
-0.343730795198294
-0.360165477303487
-0.305911767570921
-0.212325521542384
-0.289148571397564
-0.445756725747186
-0.223820389358251
-0.184357469497619
-0.228383531734554
-0.203697759520442
-0.335956830829874
-0.269751239831928
-0.177484454642596
-0.386602244742565
-0.216983187707111
-0.329952071678373
-0.289229955782124
-0.284622827337263
-0.230348631996031
-0.286166800007957
-0.217978079396887
-0.31868671335485
-0.39829549855579
-0.319935497270548
-0.335502301577846
-0.21445719741244
-0.194391652743588
-0.183182329784791
-0.347713842643537
-0.273008635761184
-0.225198153425256
-0.169490179912337
-0.322180527511313
-0.194257686122066
-0.455106964496624
-0.186528367989719
-0.321681678757634
-0.297015964588479
-0.197695749022747
-0.278378755252963
-0.218992368855063
-0.256532766765874
-0.347742627418982
-0.263445030083126
-0.236847666589755
-0.354743900656764
-0.250201772400898
-0.284640526321097
-0.375171821504253
-0.197415867316365
-0.087916482921277
-0.226682368199893
-0.168603386122392
-0.32617030685969
-0.0725631972471615
-0.128032905139009
-0.291420830725768
-0.318116428250104
-0.136787333450231
-0.240677563436933
-0.362104288648096
-0.137310931548066
-0.203087503350168
-0.191399713455355
-0.229942698640452
-0.266887053291558
-0.311052317866633
-0.124522857487662
-0.079901318900142
-0.319077461564783
-0.130850797145998
-0.149982381215168
-0.139405701299383
-0.217830074571536
-0.155536525570845
-0.242328695512965
-0.232726901773649
-0.0685524867376777
-0.246413950959527
-0.299414823426492
-0.215436591417754
-0.165865613775106
-0.0467703018435281
-0.236104704690043
-0.214736913796707
-0.201015583561065
-0.275133006968188
-0.191821438827513
-0.206590656732901
-0.187143400310513
-0.115761281670141
-0.0685956709430342
-0.140665892830029
-0.134141672529918
-0.226003651124199
-0.106179806070828
-0.0556432845724853
-0.146467558663938
-0.11371369379824
-0.373406924682617
-0.105119164422049
-0.191352440496671
-0.0591949367592946
-0.172592474814261
0.0129597567760945
-0.100153490521334
-0.0413289355101075
-0.143317330065216
-0.102324871363363
-0.15050162686058
-0.08660902753176
-0.0397278679496521
-0.265506947520744
-0.135956030679291
0.0734393313912484
-0.0515747001002048
-0.0443432832126133
-0.107785235651805
-0.0741282219802911
-0.0523912946973292
0.0199368959113877
-0.0142538113618342
-0.0536873835464341
-0.12183301033029
-0.0641276748130687
0.00710239402992811
-0.0815676272082673
-0.0931228376657863
0.0816081448216637
-0.165410933445493
-0.0312399920147714
-0.0209598879704648
-0.0814096169240171
-0.14405125745509
0.026164812454699
0.0633685136151123
-0.0510996629172749
-0.144351194718975
-0.269248717200664
-0.059314154938039
0.0560316241176644
0.00120760037281533
-0.00212095228736115
0.0144882791733336
-0.121056255699731
-0.0881439465447025
0.0548408776152442
-0.152502229720458
-0.100973503629835
0.0820727357632028
-0.227069409910343
0.0753757074873462
0.0286904135534666
0.109736907717291
-0.101636774603575
-0.0574353056996254
-0.0786959819460308
0.0771920498026922
0.0127829652980338
0.0344817631368419
-0.175464787963335
-0.124087642346248
-0.0524623874360311
-0.102105494114074
0.0293922095017169
0.00722012055076088
0.0616916482080611
0.0806300490335869
0.00714042861772412
0.0955934566395249
-0.185093670191351
0.0199685123750288
-0.122695820712499
0.066015264387098
-0.049250707481732
0.0773913139350221
0.0526523397500313
-0.0211134741335657
-0.0710602718932079
0.113136834742226
0.0210932255122993
-0.031798664810896
0.0362821553783099
0.162056233665178
-0.0641868756754462
0.0945123496643551
-0.00619749660408378
0.0597686749934595
-0.0662961358823714
-0.13440446753551
0.0659447038728849
0.111757585947325
-0.0239439303780722
-0.076634086216285
0.165429731037559
-0.0228968837045891
0.0624947762342256
0.0136419248518084
0.265421768997925
0.0649158988128022
0.0298178219260131
0.0360251662455472
0.160495274237625
0.0230251201752246
0.0585976946140566
-0.0166670425869464
0.0223964871596457
0.0656461664672454
0.085313642785206
0.0815016211777009
0.107245611668903
0.204061374135543
0.0865430511633527
0.00557647326531762
-0.0763683584978376
0.0326490053970659
0.144841869322666
0.0691540757452611
-0.040014282269713
0.161445973312283
0.221684843301165
0.0651093851688434
0.106763110140497
0.088465561564546
0.194204571519579
0.263330668073954
-0.0471361045562153
0.234141295131543
0.174414703251694
-0.093635314431245
0.161076377645092
0.16495224637392
0.0749370678500293
0.161070400251862
0.228265519616553
0.0642965167166073
0.0313652075652993
0.0878932268982795
0.321123974032997
0.245267456202762
0.174630269593984
0.198850161895837
-0.0224258500602619
0.215345688697748
0.226015132720915
0.087392671070932
0.0948061094482441
0.0633127150415995
0.158087660670612
0.185907880733713
0.217281623245834
0.0617023136425673
0.109203907620273
0.275171450153236
0.103617851223773
0.218726001115578
0.0766581437108742
0.194668930911313
0.280728911820433
0.244603385478538
0.164151437072424
0.276457340220123
0.118036765667773
0.346160847595074
0.162273922448637
0.330945510619175
0.212823885145474
0.0140630227556532
0.165795194707324
0.296296741316205
0.277448371199162
0.351751218360308
0.190667542352809
0.198254528976921
0.368111562618276
0.325497994549035
0.297835664997874
0.153470641640788
0.0944056001379655
0.281232293071343
0.263261420211474
0.0312656135165428
0.235256326170568
0.253713391374371
0.192445538011174
0.278300330690216
0.172632316218859
0.287848971765854
0.115888874251463
0.270284094097735
0.207263011983308
0.374508556158614
0.413244914047036
0.229740229038122
0.123177550908672
0.269177317953314
0.260197411999929
0.344290329570392
0.12890314860078
0.42817120203327
0.268785548734529
0.236552516521206
0.142541235828118
0.298320683405976
0.253008628060822
0.270283079187902
0.16195449198603
0.249950569628021
0.267941124036437
0.381498141587827
0.214348258956313
0.312497575566488
0.396481832578023
0.25629393382957
0.41714938459136
0.446177371304347
0.343955968127934
0.343155640838229
0.306541770812349
0.366265988492652
0.405946589097594
0.250556100563291
0.300483107203139
0.329615887257144
0.392791425486804
0.398209570704286
0.543713419564706
0.420503151829693
0.329693707915511
0.326942435338128
0.295626391854504
0.483437924505901
0.319381104213033
0.41957570717793
0.311414134494257
0.438134739143761
0.236948535425767
0.415724484030419
0.238878349178705
0.250013683922815
0.254281327961429
0.283178077984411
0.445991904688658
0.224319218298465
0.359219832532309
0.294714646283781
0.334817822735438
0.486253327274932
0.434818522410885
0.334737234988197
0.417174401354525
0.429781642499967
0.298924863791971
0.379048026466529
0.336052418688846
0.337940401317345
0.415632465126855
0.437828786801564
0.353444911042632
0.495834016713591
0.480567826413005
0.247331386136445
0.439900694527581
0.518021067483535
0.454501245246094
0.410880124092158
0.334016458003045
0.384363420800584
0.380790703793777
0.414395720248337
0.245650279550973
0.434520974208748
0.550117164881194
0.343904330042125
0.449603067031777
0.591230943599859
0.513982576560072
0.469220109118086
0.367476062749126
0.541772784226219
0.336552748803213
0.415221466483888
0.491719526763575
0.324526419945954
0.48094827724097
0.376623922129616
0.461506549039374
0.359395370546088
0.559956802092459
0.533321285436147
0.365700193596588
0.434175339193854
0.48922259886781
0.473109692215547
0.490466510190743
0.53844687302251
0.380674356579206
0.454233990028471
0.457565699547845
0.594986479062289
0.289795378089773
0.489258436112023
0.42108072013218
0.631525022605361
0.614665151167884
0.377061201414086
0.682149730634854
0.496812677222775
0.525524858057515
0.57859867297871
0.419062328407955
0.479923478484863
0.450478839695159
0.474709169053455
0.513459100245862
0.461281450595406
0.506043088587549
0.418940491110113
0.530328493570354
0.544963544409967
0.393666916177908
0.544046884918038
0.567807297169969
0.514369315677488
0.526991017060871
0.492764424707791
0.512061181164867
0.4860175315478
0.617021211457681
0.55168075222883
0.63698828439835
0.463449118548379
0.442651082703768
0.541245348587979
0.52255547181993
0.521223307370061
0.499902847949269
0.532679214219835
0.495828774060197
0.522597505065153
0.595826564532342
0.559826836109696
0.534650779266953
0.493500780746347
0.558900613675159
0.438166704955197
0.548711734043124
0.489687237372283
0.55691051055899
0.700045261279068
0.526764922205873
0.635693896270894
0.520508648447053
0.519443534823413
0.599028690133933
0.673977985808304
0.501047291910368
0.501784583773803
0.567430212037366
0.628149960386047
0.494944151070232
0.617258781776627
0.52090977597639
0.660994567798812
0.578697588505002
0.592178827926902
0.584953638430758
0.708630497311038
0.582118893474717
0.54320712582457
0.472181197165827
0.697166798065149
0.648490880090055
0.567912081090014
0.680980300073834
0.777887767974736
0.67742056195718
0.636627834263573
0.63630542752396
0.688342779470403
0.512162617202476
0.585570657210128
0.615359597066347
0.706007936608049
0.591119246657549
0.705672864682321
0.652766238591487
0.526185167058226
0.750043332196755
0.695593268986776
0.740286998078053
0.717820730137859
0.563212271645297
0.582894190464598
0.635124860952358
0.79174021127545
0.586942710100123
0.641076089664571
0.680901768311321
0.871460566424732
0.676511826676206
0.680190951857466
0.723385864825513
0.733342229051187
0.6403559195491
0.763584258773145
0.657783812111652
0.837368230535542
0.665001767203011
0.816015685830344
0.683774971367285
0.598814894069688
0.734998766771308
0.669349653251416
0.81373809675505
0.683376350170912
0.743511150248781
0.974743405723835
0.827042411690526
0.585142012770948
0.689430948569703
0.79730326283361
0.641927149540727
0.612282714552015
0.626157940022494
0.882929563986862
0.748969154665509
0.708377637307871
0.620632617671257
0.798434287828166
0.746590545085116
0.702438122527897
0.711914100246758
0.783058556228288
0.702386748341503
0.693827697772377
0.776241606522868
0.64803912037379
0.82461270522124
0.762541311559565
0.974241635808113
0.723858663390579
0.614154827670536
0.801569803972532
0.738927831499816
0.685074457469203
0.84256331432578
0.878700265491278
0.76599703479759
0.570921817183512
0.855379955826984
0.73840123296379
0.770178067578455
0.751955133269095
0.871594315556218
0.707844010987419
0.81751314120882
0.812889591329134
0.724272810774197
0.833908660971624
0.643046705553192
0.906642346853679
0.870506963576059
0.735080997560699
0.722475883451109
0.779463981414664
0.754879593321898
0.65229789489611
0.781734232414528
0.868909357327553
0.8160924463551
0.824874203545423
0.868034270290375
0.852645982796443
0.860184920188452
0.871801156922004
0.837968879762081
0.693301557129815
0.812337658740272
0.880702639727135
0.895711468938385
0.818735680031156
0.898452555675044
0.953514709257916
0.794955520397981
0.839778854850153
0.875072197477492
1.02138049838879
0.798493785215595
0.831218535921206
0.795516865648666
0.824227821292168
0.856043139596681
0.731980144528728
0.827956181820587
0.852030720674761
0.801258336543978
0.701504323425877
0.768207686767684
0.834729975988667
0.822797493446687
0.796699855272223
1.01238699081761
1.04428220377196
0.935952525466739
0.850708303695479
0.770996340842982
1.01529826095131
0.792613232436431
1.01469322201312
0.942873735576609
0.763490958121606
0.965474945470419
0.874788259369694
0.823114222957155
1.12315712320162
0.7412559974915
0.875474121508208
0.870929605464527
0.931078288152132
0.914986986653248
0.883681065329419
0.972537444332582
1.00620848808417
0.933918261897618
0.775442109978666
0.933905765838736
0.836952910383465
0.779868160570442
0.957395071079218
0.861908145183334
1.06954960426664
1.03386431728139
1.05415178686547
0.951488988588098
0.829934068818956
0.898191804903954
0.958110271639353
1.06842498039804
0.790698712620862
0.913297495851447
0.925810707119266
0.901372140347572
0.884057785938913
0.904450895770668
1.06670632655474
0.989679710134926
0.936725884192455
1.02401235437624
1.0039434285034
0.848163620598288
0.959372567652785
1.05042924540477
0.905302741751238
0.959746836316864
0.929237393001437
1.05392778168473
1.07467296607397
1.03498085677953
0.975141174689591
0.964780018363285
1.21745890332339
