-1.02148623398685
-0.903662294650299
-0.942840745717767
-0.93461531506728
-1.01095954830149
-1.08938349485145
-0.98070719968972
-0.816712059371345
-0.932469154442251
-0.950276804100176
-0.995302034900449
-1.0270990040034
-0.992817918839824
-1.05467620935614
-1.07000622357195
-0.979891137371089
-1.00114470356353
-1.17119620281016
-0.989273500137234
-0.99193310832321
-0.99530707619446
-0.950488484619745
-0.853348099012761
-0.929200523428706
-0.835850414586549
-0.939766626367455
-0.89901517449293
-1.05280074302406
-0.943949215060885
-0.757412295896126
-0.898850318273394
-0.87600486031677
-1.17159036855181
-0.854763051384741
-1.06529272334745
-1.06077600519239
-0.828758729825883
-1.07786034703629
-0.940824166282128
-0.78681847976705
-0.957204730388908
-0.885226761943048
-0.710087283220735
-0.746877879382363
-1.02473185246612
-0.853254804940377
-0.979748568957464
-0.988756037934808
-1.07319163484435
-0.781671167448516
-1.12468301803727
-0.97810171542407
-0.959031251053275
-0.709228059030551
-0.917832394085881
-0.788055851302744
-1.01681246599824
-1.01099698618397
-0.7484938865773
-0.924325841805114
-0.796726606663822
-0.969076155594791
-0.849590806842325
-0.846072309040679
-0.870756491771768
-0.8215410222937
-0.811592448660614
-0.960041006419827
-0.837754626387316
-0.812103701126357
-0.920630354583439
-0.80526799997807
-0.941644319167064
-0.68383384798416
-0.75323690357865
-0.713547489134478
-0.835533767009363
-0.754396222788221
-0.834585954735869
-0.812003773154471
-0.83865490311999
-0.755027821989765
-0.891965353627426
-0.773157261897465
-0.771108216498905
-0.661935093016508
-0.74365961530664
-0.995981470201388
-0.858015630158197
-1.02420702567096
-0.8254186227935
-0.806736102850957
-0.916965604280888
-0.796481210397427
-0.814908099251455
-0.683996011427789
-0.780933313803012
-0.904397915154123
-0.71441494375897
-0.809958525840828
-0.808971442871217
-0.825361492219068
-0.86310882354813
-0.8169091730399
-0.81324493908632
-0.842922133587922
-0.797284050719259
-0.978336490895534
-0.756922361746844
-0.758110898148082
-0.780638955799294
-0.818868759162437
-0.703081118073253
-0.808975939211757
-0.768088912353884
-0.651757290707619
-0.792473700489928
-0.598685700311709
-0.769614247604448
-0.693849480462047
-0.758541330969134
-0.825108509860473
-0.720605042002228
-0.86171387931004
-0.647452762881052
-0.655761270437667
-0.795815754589688
-0.766577272627797
-0.829455118974093
-0.671261683529788
-0.562267272220695
-0.763516412827834
-0.673837796229388
-0.885005520546343
-0.498253115875036
-0.738165330256838
-0.74411153028713
-0.777299253137654
-0.675126202556496
-0.637033029968875
-0.55783322015047
-0.580119212304203
-0.673001947637252
-0.665892359194987
-0.807183141964661
-0.812053679671895
-0.760718842308516
-0.702139626565641
-0.644721708005983
-0.852889445981679
-0.70835753722879
-0.738093976711705
-0.703624735085609
-0.769651392041754
-0.671835161764784
-0.603058366174215
-0.760050687894768
-0.601423393002099
-0.655695224235881
-0.691348242232243
-0.647891345999597
-0.66419575999572
-0.763017688717071
-0.699354869475163
-0.578514863528797
-0.606520526423832
-0.852819090247931
-0.520687598938556
-0.703875070305234
-0.640019145596645
-0.669997500569889
-0.682734233731515
-0.604479735143219
-0.642944727758037
-0.56965946455724
-0.669741839038111
-0.660178770013367
-0.488704633788486
-0.783647205449771
-0.637619116292441
-0.673440615343188
-0.581044742918278
-0.64908157442732
-0.523280027495789
-0.608882373093693
-0.572564922312165
-0.638562785599821
-0.52614531571858
-0.674447738591649
-0.568468742829304
-0.501080490509273
-0.718223984668908
-0.670034740672804
-0.614146685972244
-0.596510336185878
-0.741595533941173
-0.570760385124774
-0.600492375809269
-0.653398788504729
-0.714678013445542
-0.480879200397371
-0.543099791289423
-0.735816997305118
-0.625035740744316
-0.685678525249741
-0.630789675898554
-0.770492258584526
-0.653316126713724
-0.580521581091116
-0.520097932985102
-0.64848667713962
-0.532359734271661
-0.571913974361295
-0.544551733363312
-0.589423225126062
-0.565022838746717
-0.581003508609097
-0.612603637812893
-0.619787720398551
-0.704811108671437
-0.549155698207313
-0.568218145805791
-0.598308525742716
-0.590413213847935
-0.471690392523405
-0.470040512063005
-0.65023911790571
-0.524962330878399
-0.588099930422235
-0.534334717209911
-0.34992804956047
-0.504996506788102
-0.395798908148257
-0.604364340561475
-0.436108025488055
-0.662333027247859
-0.518732333464151
-0.517282385346822
-0.532217470185724
-0.581173807598913
-0.469711423895883
-0.542725666692864
-0.651361662644147
-0.612985218006835
-0.431712311415824
-0.472391523208333
-0.436750860418485
-0.548011020243177
-0.409583703531343
-0.476761875398675
-0.513125488758041
-0.511455501481522
-0.417768124323858
-0.567690770555125
-0.601023734673733
-0.528164880040061
-0.458253694093008
-0.431857810225651
-0.440904061977921
-0.35647018216254
-0.431434834020438
-0.5969153179874
-0.360469960343011
-0.571005388055552
-0.567016442680118
-0.488802329960089
-0.407799993628632
-0.283499955295527
-0.360195658464616
-0.289061911436522
-0.377095430443377
-0.411943413128799
-0.491202505530045
-0.548349190913016
-0.38538860484805
-0.502008899580598
-0.539182604128781
-0.429616076381952
-0.442172936652583
-0.47097829617509
-0.502554421089134
-0.391371701743152
-0.517687286813526
-0.266417767798389
-0.375237278040535
-0.385111608242
-0.470290500503101
-0.45989531553366
-0.484580879622432
-0.348490623238599
-0.417687750092025
-0.480153525477098
-0.475607094698791
-0.422140513144963
-0.497649014761042
-0.280183092571859
-0.432662463820042
-0.461586614447184
-0.603730597673932
-0.424703847001366
-0.428729311352613
-0.406478915525558
-0.264666880237964
-0.322955533920423
-0.386904523332279
-0.382858410684408
-0.312848918177189
-0.270229855490339
-0.33875472910513
-0.322400148146876
-0.495918976710882
-0.444602871449131
-0.141537033521964
-0.508218738718319
-0.338066838889812
-0.365800041758429
-0.401338447173394
-0.434666200646506
-0.44614939798732
-0.356819261066986
-0.36654024731215
-0.344264208877258
-0.259701316187753
-0.35516675939557
-0.338601299544269
-0.298209375371435
-0.113738945982698
-0.28868381633367
-0.33049522867764
-0.159413230426506
-0.513111915337198
-0.397095652626098
-0.326278913012873
-0.288731702618455
-0.288960390835898
-0.223220446787024
-0.421004968767188
-0.299754632581429
-0.354310759604087
-0.362262243900699
-0.297313635042235
-0.222845478113007
-0.284118624523587
-0.455266342010982
-0.217865450085156
-0.205574774959079
-0.224206156708142
-0.21300287768326
-0.345960072549835
-0.282822633841625
-0.196641065025559
-0.37751987043914
-0.232810455778154
-0.343806931772128
-0.306476679285035
-0.285376135653766
-0.236697353711237
-0.268030034394948
-0.240485372856037
-0.323551108212481
-0.378333873981296
-0.343650672386046
-0.341235102041291
-0.206242937341084
-0.184113589108
-0.159613397134656
-0.337964137078308
-0.244088540881723
-0.235565341608675
-0.166624788866216
-0.314688311515767
-0.237127929611525
-0.44478528939933
-0.184358330884698
-0.316394038931813
-0.315068555257353
-0.194804911296372
-0.280743188796599
-0.229272764715131
-0.259163949220085
-0.347020312174876
-0.264098797345663
-0.254904641252624
-0.351191816744447
-0.259640883735741
-0.257222187890728
-0.377798654846544
-0.193737621832086
-0.0928256174232308
-0.234760903890894
-0.180666133322175
-0.316627381811432
-0.0878553234810023
-0.13969601855991
-0.288293862895673
-0.306141553477036
-0.134049463399285
-0.222783914734043
-0.378975371459107
-0.15747979146256
-0.189271850604759
-0.220825320346978
-0.217485917821387
-0.229253866133175
-0.294091963528028
-0.117681868690561
-0.0786126532852459
-0.328762312635187
-0.121245572728998
-0.140542479292088
-0.122951274312498
-0.220923820880311
-0.153469723757351
-0.208289416070265
-0.244777525136859
-0.0609062593807847
-0.218580245955213
-0.320063382823417
-0.205081238803437
-0.133656220566113
-0.0373552036770598
-0.211825694888929
-0.192562454221767
-0.196946907684636
-0.253559683240982
-0.201781325448637
-0.200903585488362
-0.16040972589245
-0.134925504041071
-0.0776349274483581
-0.134725279000999
-0.127997383828228
-0.233717733067627
-0.12176810648511
-0.0571036575426945
-0.137932044559441
-0.12837293609196
-0.381932138583125
-0.0954051914554756
-0.167437027381961
-0.0562801135417891
-0.150133463014804
0.0212716183351446
-0.10586740328248
-0.0542914641721866
-0.140343349675239
-0.123070685613435
-0.157978795870872
-0.0998407937006871
-0.0420184758147795
-0.256969281006897
-0.146010741609493
0.0673384700168597
-0.0612383546885815
-0.0379927948719864
-0.105858097374475
-0.101046438229279
-0.0690582743473743
0.0221734484321983
0.0165573640008354
-0.0753549627482347
-0.107462183996083
-0.0432140479526148
0.000602428652658168
-0.0893177601293834
-0.124691325677116
0.0932163866367226
-0.186334475291653
-0.0197813419130086
-0.0171099284723337
-0.102577053509267
-0.127018380426919
0.0244899751795599
0.0579430092500933
-0.0561457360693341
-0.176020253701184
-0.293430757177203
-0.0774902158906123
0.0596874082433058
0.0236889868590456
0.00276085242010867
0.0215321116491303
-0.121425108625619
-0.0977153883228819
0.0432782214552623
-0.140399895035628
-0.126251532326427
0.108200044555707
-0.258029304108543
0.0645038561985025
0.0119606558204015
0.104090187235087
-0.110981940816408
-0.0582660695762038
-0.074369086290115
0.0718281043296456
0.00603046419042158
0.0265295451463665
-0.178234563129994
-0.115197284554911
-0.0565148204244124
-0.105247826615304
0.0206050521961355
0.0338925909769452
0.0549903088557458
0.057667600404002
0.0222295400466519
0.084361761480744
-0.173803722257032
0.0189132821549132
-0.125845775689149
0.0644615097193297
-0.065098131793745
0.0801622357867147
0.0554275171459033
-0.0479786128501367
-0.0665611417686195
0.0974833363213382
0.0297850954680257
-0.0238567922268464
0.0309695561434376
0.158757795904075
-0.0867474495595395
0.0758243896029134
-0.003686769395761
0.0648237459417605
-0.0857606177478588
-0.123668380460268
0.078831843355536
0.102377867346039
-0.00428411986445686
-0.0721350737446511
0.166815881182377
-0.0257951290222169
0.0533220185441429
0.043131343787222
0.248851971335945
0.0865455664223402
0.0405784205582627
0.0447077975042451
0.166074500076099
0.0169711978614685
0.0549754513411625
-0.0272608809199747
0.0100329759108117
0.0421066431500501
0.0814546360282766
0.0720810611293967
0.0930924192685596
0.210908224627492
0.0872609307694593
-0.0169787194733224
-0.0828070296051211
0.0310544042940584
0.150686801207547
0.0879988561171138
-0.0548027374790993
0.160301373179509
0.180033544286682
0.0482361224057704
0.107042282302691
0.0788173492315559
0.18197197415446
0.287567329187965
-0.0209393757681396
0.231586572755878
0.176228662599911
-0.0999124107279322
0.148240148209059
0.139964853116901
0.107360908220427
0.15799545934034
0.224876753273489
0.108392912913589
0.0292530731978862
0.0735420540283455
0.311236289955946
0.258385986266147
0.180908597997988
0.19910340318444
-0.0334749256372737
0.271910564389361
0.22092756830123
0.0798564373014724
0.0925693699562891
0.0691772314304338
0.178645978988338
0.20815170159864
0.22425152008724
0.0647412116161946
0.123295029413358
0.29580291492196
0.132251334913967
0.222493896987128
0.0836432314681717
0.182346268223381
0.290934221530268
0.24909492104322
0.174385627881958
0.28765501544291
0.128881484687696
0.327788133961696
0.150616989367313
0.33248992428858
0.206336462709174
0.0217154305926794
0.182591675807359
0.284560586574019
0.293363193962568
0.354527989624255
0.209105771677903
0.203597360152995
0.354571261856669
0.31362170562431
0.307402161433278
0.166573520981468
0.0845489756983477
0.280194706192787
0.273470925853614
0.0315118229630205
0.255315187461183
0.259305958480071
0.194165705491905
0.280627686815219
0.191427536130489
0.268572612311358
0.124218051267872
0.270701656535801
0.196089399199889
0.377747249755082
0.387462375249794
0.251677602067034
0.110796138637976
0.256340061421894
0.250319965338135
0.329233750172818
0.126999707189436
0.444529747889372
0.288002522424515
0.241735040235371
0.13725203053808
0.299713117934518
0.271340265938522
0.281114481693128
0.153075677117092
0.242103871566579
0.283813811208239
0.356782100745408
0.227612061447728
0.305588021026028
0.39559824395529
0.272019984742129
0.419520496174965
0.452873986149416
0.344500390191191
0.381105607291954
0.300017119279288
0.344170627524121
0.399554948519293
0.243542945456426
0.314811041571616
0.303697336167541
0.36018228358438
0.385386456921761
0.545740675279605
0.426832168513857
0.337635948049126
0.315822775246064
0.293483434885172
0.486620889387426
0.309336897447321
0.400313785781397
0.32563834431005
0.453268372346842
0.241736913201159
0.408439534271339
0.238137643150185
0.232678972230237
0.262218237118774
0.283620814605309
0.432605026766169
0.204344245224234
0.359796643645122
0.301206809129499
0.366194043340117
0.469486520064968
0.44349680057164
0.340263565165704
0.397535503837701
0.432529555109401
0.303160382229531
0.39115361493171
0.319757743486779
0.317320472756148
0.433274829123211
0.424608198201026
0.366309785159437
0.501901755560477
0.484080713408669
0.246977344095267
0.434482481383583
0.528745740789769
0.470094237637884
0.411914189978373
0.351137460102884
0.398672434423368
0.381046155498109
0.381373224060846
0.235634631209807
0.438249653486354
0.55251001296103
0.354590992073627
0.464426382651403
0.586929872288003
0.504108531114611
0.453888504676096
0.353429083400071
0.539474092572273
0.344753208493166
0.415377506162853
0.478929121473824
0.344510728564549
0.482199685689356
0.355055843805437
0.445040741673186
0.355640818554364
0.527350113557209
0.508288213510933
0.358021685736724
0.43630261486366
0.469046732986213
0.44325214925134
0.490324710559533
0.536801329577209
0.38419346116722
0.445880645975426
0.487086278780461
0.584002350018037
0.281465877821674
0.472657473433359
0.407264522323469
0.626762017309643
0.625320716452659
0.395275795850212
0.674477655267185
0.490585476622664
0.564388950045358
0.570734411958271
0.419416433410151
0.475995192137591
0.454863609211949
0.486070065400784
0.497083198402663
0.452501934499793
0.51952490290893
0.412787910350235
0.53483653418455
0.545462866766448
0.41848012613832
0.525744075030235
0.551457798740239
0.502293513818576
0.548584875188764
0.509281137281623
0.501424961471408
0.485805624345893
0.632792083069391
0.546433836524812
0.625467116875354
0.47241639854616
0.441580945314958
0.540115010014498
0.52181728441832
0.505932134578268
0.511165526387851
0.535120241728052
0.500417931455997
0.525227425868187
0.592562231793874
0.568650992329254
0.547896776955978
0.500962521957144
0.577664105335793
0.454275297957204
0.584474955977845
0.475670703052417
0.540561003347259
0.683864038160066
0.529680026910361
0.639966305309293
0.531112126363825
0.522483717727699
0.598775910379446
0.685103645955397
0.493428688860221
0.505860370721959
0.577899018558358
0.623011250458547
0.481112079291481
0.584923003714109
0.525146789334863
0.676525527229026
0.591122244994869
0.615019661371692
0.575618104923583
0.716780994495858
0.575874855018875
0.537807277204811
0.471447740455063
0.706040678480515
0.646956790206254
0.577179717732294
0.670224465646191
0.778216620901237
0.648747342769424
0.620372857056361
0.666808803362359
0.67358986951131
0.507667726459903
0.586971415013847
0.612071066893525
0.717394895063946
0.587299114410436
0.696385524774031
0.640436162007234
0.506689846137679
0.75220848535177
0.70128428740202
0.724656053912914
0.724273264844663
0.549456591114216
0.592907358251873
0.64951146906201
0.77237885003721
0.600271781430265
0.638969331567444
0.668321384260018
0.859440146347919
0.645089727508686
0.696419333273082
0.724206376470379
0.761800248271687
0.627595902477889
0.789379211912483
0.681892096565575
0.840080874621994
0.666454693621553
0.823063236541797
0.6920752302211
0.598397443423878
0.727344115322936
0.670427006962952
0.800284893555977
0.69075882586409
0.764548543802039
0.980158952082716
0.808789659553231
0.591059234565134
0.701045985530771
0.783912691347516
0.660389575780971
0.608222279431976
0.656382606373702
0.907227441378853
0.727444645096231
0.711276963834877
0.624797794716846
0.813826776330899
0.743605499443912
0.702779314325452
0.707398760388861
0.792295608899871
0.715404829573451
0.725678869484358
0.795435763091412
0.6435680703832
0.842849450095586
0.777735724661795
0.97683685516108
0.705099602320496
0.614928516568216
0.792914123126379
0.761457619916074
0.691516402710438
0.856082216424834
0.871251429534104
0.765653815797633
0.581884540224984
0.865621441256349
0.722007055023043
0.766268940054103
0.73396851562758
0.893976486096416
0.716995879619732
0.832440488562953
0.826637433070426
0.709986896734268
0.834704766862703
0.646078572731874
0.902578373667502
0.878347820241012
0.729738174426365
0.730852486676586
0.814300322736465
0.731864559849196
0.649652730333362
0.782469900794444
0.857681952095109
0.781097773986938
0.831654680144977
0.867860731877928
0.87615331427843
0.875201486151856
0.86388714842957
0.814613710510413
0.690034882371451
0.789159557553189
0.883722748316453
0.887246574795857
0.811865051981599
0.898810234454903
0.95346055904453
0.791451427746076
0.827692334745713
0.864140001022656
1.01084155437237
0.782176495800196
0.823848779318188
0.802742228112314
0.825163106129415
0.851428020996484
0.751543802267597
0.834446048751063
0.843896614974256
0.811476647234332
0.70506079051967
0.75590559991966
0.821946874157133
0.808402620476005
0.764661626973659
1.0355999228184
1.02657250066087
0.940558491748153
0.856111078554047
0.790850890761616
1.02530505545515
0.782902067489514
0.992660996914367
0.94211228172008
0.751363378022672
0.977755607613374
0.895273245090005
0.83390653432757
1.13406252973682
0.72090407509526
0.870353433211887
0.89295022816631
0.918163525529845
0.914765168438651
0.892741640603961
0.959870572984279
1.00617344306389
0.911921286032629
0.777243194460906
0.92373293501724
0.850163951061492
0.763767941230136
0.991090873706981
0.864653740027345
1.08725601195376
1.02017069238121
1.0540709469175
0.972341718596429
0.807895061779762
0.899393544676013
0.932572570756042
1.07398008892384
0.782228883552738
0.896682750658334
0.915172249701367
0.896366177876564
0.867604288882103
0.897854167521036
1.05600827039679
0.97014353884428
0.918447460560687
1.03383967504036
1.01064879895184
0.87438294605482
0.954028656690937
1.04649882982735
0.914365009254537
0.948548615292399
0.929439826643333
1.06018861497826
1.06063060882213
1.02452246143587
0.954725704966759
0.962103364987771
1.24665482920063
