-1.18973394578738
-1.08698709408789
-1.10471350052456
-0.879361415847426
-0.944386076893751
-0.94236036492648
-1.00347622145757
-0.913019682230127
-1.13101549508371
-1.03421166739588
-1.0026110283983
-0.994289868355016
-0.913373008517491
-0.856335412668394
-0.927226857076179
-0.971027570772841
-1.00476686687385
-0.972846030610206
-0.956273096618653
-0.905782737527304
-0.909962597216315
-0.969219061916632
-0.866076022856528
-0.891103988180746
-0.984370144403289
-0.829064058029484
-0.937586061884784
-0.870202735236415
-0.942963593040317
-0.975961580988226
-0.964863251728368
-1.02102770701134
-0.900416000173488
-0.927311171108117
-1.03285195831191
-0.935965736628421
-0.917328782986298
-0.904073515950732
-0.83214314076099
-0.849337336752454
-0.892216238560149
-0.78760966632564
-0.78720995049442
-0.834681591533592
-0.989991563574748
-0.901625776630674
-0.887902311345542
-0.949161750562819
-0.883672927405928
-0.873920195441945
-0.78240588347555
-0.982114110227946
-0.862172706491152
-0.880296355701908
-0.909577367942723
-1.06260263510068
-0.923696908947552
-0.909468626175547
-0.968695602318748
-0.922466643758665
-0.7304501696685
-0.946453358369668
-0.884169863033604
-0.753355779200403
-0.82276973480554
-0.706110083566386
-0.884900658950439
-0.843480549556971
-0.813183410024913
-0.827414050599801
-0.829656980370756
-0.844003270424348
-1.06499651938856
-0.975474028276646
-0.956450836566452
-0.936954390054511
-0.852910526409545
-0.714558834287951
-0.741765757874343
-0.838471425354783
-0.831905860505579
-0.829959652543899
-0.85911961374589
-0.828022539803028
-0.798454052890004
-0.73253687330768
-0.808668627329282
-0.884881883082966
-0.870508166588204
-0.794817495157917
-0.729347046064376
-0.733915985762382
-0.755284775528895
-0.636577684661284
-0.812790005019114
-0.895442360943923
-0.860759528928508
-0.713587355776419
-0.768119841484678
-0.721176649461624
-0.891475420867757
-0.79856529271481
-0.845605841719034
-0.860429567876559
-0.824494936343015
-0.866675961841974
-0.797981056459734
-0.803487751884308
-0.820776127104465
-0.769063578638913
-0.801994082552527
-0.816590922510158
-0.786571858671829
-0.627494907423874
-0.785354947664974
-0.873600236431251
-0.650521561377429
-0.725722870191895
-0.631696348804507
-0.67513924579229
-0.666177810784099
-0.790747427823261
-0.720442490046922
-0.796960598197154
-0.702887477534437
-0.668024887638388
-0.696084090829671
-0.580966411138664
-0.668371326391823
-0.801377980303829
-0.678642527954947
-0.866891865139255
-0.613771661614757
-0.613491071742774
-0.752180103983493
-0.78338068920453
-0.729935927874399
-0.705378610762794
-0.648746848938731
-0.772553081279041
-0.677866568358143
-0.756972565351776
-0.777743951575467
-0.872208922591165
-0.628650836275654
-0.768209702379355
-0.63024339401612
-0.778246392457106
-0.74594423099514
-0.747801826373779
-0.54966763066008
-0.664178714143983
-0.782518882197464
-0.590773876188165
-0.783074770499061
-0.72683200013157
-0.591003436164498
-0.724971785128484
-0.765681177867063
-0.753374164846319
-0.6922727060198
-0.781198390066258
-0.625283127488705
-0.606438337474301
-0.680670800117986
-0.562247791669545
-0.560397876170804
-0.710829645275897
-0.546251451473041
-0.755237793453712
-0.711530020902119
-0.6676927199289
-0.741201059418049
-0.552028142092538
-0.712786076622931
-0.6483555126712
-0.664935722052746
-0.596786638328244
-0.698032252769036
-0.653147239570862
-0.69854533715869
-0.612287768872014
-0.607631442002798
-0.576378605404361
-0.666408522857258
-0.628449638473162
-0.591083988545725
-0.662236624657729
-0.656764493844142
-0.820736844654868
-0.528808789881973
-0.676954875570956
-0.637775645023451
-0.640135017462552
-0.643268673372282
-0.669317041823229
-0.542248245425345
-0.73121407934711
-0.558061707831545
-0.579324953170167
-0.582154871379712
-0.702719465198853
-0.62522202012789
-0.652883473403732
-0.620948273118647
-0.648740747646553
-0.440250520749758
-0.513370189187762
-0.742850132171788
-0.64534623404288
-0.552448122495675
-0.461159551868571
-0.529035536110213
-0.517521273549565
-0.711308413645562
-0.418524029367175
-0.415304177350071
-0.718228467117014
-0.617016066932766
-0.553526284067339
-0.537717149150414
-0.505942559921331
-0.631140485891474
-0.406190576887131
-0.500245440151236
-0.646652084896054
-0.675385214824161
-0.460567035095488
-0.400207811330026
-0.450680486825897
-0.589364715187861
-0.555314424163675
-0.374594302030327
-0.560946147157563
-0.519841142927727
-0.572127952040036
-0.60424099281399
-0.422114871971493
-0.579854127630786
-0.534531672156608
-0.570518610465946
-0.40066531712349
-0.584665338889384
-0.480990670322298
-0.381253220852108
-0.502947870807216
-0.585922535799201
-0.566792930642586
-0.448545684306941
-0.455645213611314
-0.558688036815646
-0.535379637738068
-0.535734528701182
-0.541731370143522
-0.669969022344059
-0.467303200217526
-0.418178269022941
-0.364957058382712
-0.458189499314515
-0.539867271617701
-0.485684052484747
-0.423897142747369
-0.548573791180234
-0.391876274771376
-0.483957040490549
-0.43280416017664
-0.466629590765829
-0.476182316609187
-0.371490163412582
-0.345973287599518
-0.483046715973682
-0.544019515251085
-0.474512954074132
-0.316901877327579
-0.458205964797715
-0.434926032685626
-0.39151823119859
-0.500202743073095
-0.529764478997303
-0.473598229792793
-0.324232387177763
-0.384959301072923
-0.53833911283692
-0.418189902783073
-0.366214572504227
-0.357679607660942
-0.44835768604765
-0.464534115553541
-0.305202694758293
-0.334580968525931
-0.410570508721697
-0.588713741119689
-0.393428081635405
-0.399133145403704
-0.420058535027276
-0.308215068806644
-0.536571894082377
-0.362645855600388
-0.462470808575799
-0.477611932715331
-0.353223068674732
-0.422705701896289
-0.360047294138954
-0.389363422272796
-0.234922788403456
-0.251638931674732
-0.391189691550841
-0.43371928167329
-0.31400292440975
-0.473605426754351
-0.332962696905227
-0.574506895447887
-0.472889688933764
-0.256393566931332
-0.405562771319823
-0.270765448902446
-0.396991200019489
-0.533927180887909
-0.270614804315264
-0.287749424580646
-0.297010363085144
-0.333119503695404
-0.225337913389362
-0.216832591762188
-0.332657239941524
-0.322139984139451
-0.344457671358625
-0.327344965425676
-0.463279664760491
-0.343150561315662
-0.34666214309058
-0.322981278878316
-0.147312694170943
-0.431201887255969
-0.448133026090671
-0.430584104323411
-0.338416046946254
-0.391957179014859
-0.306050736870807
-0.401722397580677
-0.295131133282936
-0.407590146115419
-0.340557436518671
-0.246220298191658
-0.336679376603671
-0.279254060763966
-0.419736109984941
-0.305470205850843
-0.252531767897545
-0.271704422697542
-0.476571717099855
-0.354222873441753
-0.250769756694869
-0.221234790455266
-0.292090804206868
-0.344448062297148
-0.301546942385344
-0.363831082420187
-0.18047573523013
-0.318020741929077
-0.257986853383475
-0.397429577228526
-0.355080109217424
-0.32439184499211
-0.275459650399822
-0.377596829985489
-0.272803563948838
-0.25055026171527
-0.131107055914152
-0.127421256534419
-0.135138173528088
-0.298792736531465
-0.33121675729111
-0.227494647879667
-0.316871288446132
-0.178319979284355
-0.274848521266229
-0.050149441594005
-0.267790503585236
-0.452597531147787
-0.350622078359395
-0.209558075864407
-0.174151526902617
-0.407246193086676
-0.375868116923025
-0.256431542609479
-0.160550836649285
-0.151045361969578
-0.226474562284885
-0.164426806694597
-0.273302324635918
-0.127080230461019
-0.14634887160167
-0.359118224427414
-0.185660650616017
-0.296043914376074
-0.186847710393721
-0.17229967720711
-0.183107918939214
-0.203039579138913
-0.109867199338888
-0.184147381632755
-0.340386840123074
-0.202890748122825
-0.0876825323877872
-0.340332290484624
-0.184385481515958
-0.20449077614934
-0.00285845897028272
-0.176231345101314
-0.156929964575335
-0.100373831064046
-0.256749301600064
-0.210398068776379
-0.151892735307113
-0.34244837043381
-0.103987148028916
-0.316834422153491
-0.123485580404329
-0.102502900184161
-0.248690935116814
-0.13953126736083
-0.227511326176785
-0.245622990957783
-0.259774868171934
-0.093978055638112
-0.115835441895007
-0.0211626668869416
-0.171491034565208
-0.0356927539055917
-0.217083733270009
-0.284400292903356
-0.250247159612398
-0.176307243243169
-0.23748331724338
-0.0817247068207158
-0.166290761330901
-0.0176827577525723
-0.0493858966973804
0.0418597694341807
-0.0288991588176131
-0.104204987245198
0.0251861204690364
-0.175438017829884
-0.187025675214155
-0.104080179684729
-0.107749271296583
-0.0198344948621816
-0.204304743511738
-0.0951886754424081
-0.133553724163969
-0.0290120344761972
-0.2165310819954
-0.191347323640371
-0.155255505194969
-0.0607852534307316
-0.0996113558444151
-0.0232235300605712
-0.175602897469281
-0.174480428106092
-0.128300534631031
-0.028397799527479
-0.172196031254202
-0.191983762478402
-0.165592018463601
0.0425747418260901
-0.0815350422779606
-0.0502530678771202
-0.153024288886637
-0.155629056860821
-0.146795788580522
-0.144134944312784
-0.240835566528364
-0.124997400762767
-0.0813835907158977
-0.127053774850503
0.102080115259517
0.0143556043711621
-0.130545033574433
-0.128066732292399
-0.13531220566153
-0.0362046541877136
-0.118016439434628
-0.203593320576629
0.0907493125908501
0.119326064349894
0.072044096043318
0.0495827419440159
-0.179667107408804
-0.067408753659284
-0.0276578643010549
-0.0275055040911241
-0.0320756868312958
0.0377198172070811
0.0584952105769408
-0.136707953820225
-0.190658403697906
0.122697703141653
-0.0638520046568524
-0.0114711023194885
0.046658295421999
-0.100776854768188
0.0384016285620153
0.0394626337787269
0.0441318291051825
0.0533315033654096
-0.0981279901475369
-0.184643775025332
0.111864093324844
-0.100353820831637
-0.0397933493504884
-0.0186829435972417
0.0513570148810412
-0.10518455135753
0.0288643523213851
0.176816431159895
-0.0254544294295519
0.0584382375979957
0.127748489438702
0.0667304354994737
-0.0186470613147594
0.110993916261191
0.00706795463043225
0.0232104040616389
-0.00515686097851623
0.199052952719347
0.127996282024202
0.128398521208548
0.0550966789626704
0.0823742272741581
0.10204952605486
0.0530307680226805
0.0348757546552963
0.127208809374753
0.0478650689286502
0.110258395767241
0.037901887833301
0.0194815808068535
0.106942461754785
0.0102923820712727
-0.0422225606779834
0.154061303640122
0.102776460038001
0.0196877186163355
-0.0555681275993831
-0.00836506940343909
0.181312067041037
-0.00800653575875448
0.1277234855734
-0.00781440790931363
0.0338775591573596
0.0901562822721008
0.00550469437313377
0.166447162862966
0.0834521238347497
0.23501650532411
0.0245127927335569
0.187928489224273
0.0446656752155483
0.144687977088376
0.045796616074654
-0.0715720722702284
0.129614845088231
0.102127760982397
0.205973850399119
0.249966000790742
0.254675509482826
0.0134412516256088
0.134637750379138
0.248732151086755
0.138407915647504
0.113589247470501
0.127863337941889
0.0894961131930031
0.141971943843935
0.154933204193422
0.0176349649916943
0.119797629525006
0.20026290640577
0.0734880477481115
0.334233168312453
0.0544995977448555
0.220133793793197
0.202556643140804
0.156942786461913
0.119167574409403
0.216381474523264
0.117204510908523
0.179144262608642
0.311218095671878
0.325724602331516
0.253043102747032
0.121241893700124
0.0920552375780547
0.108716843997941
0.181850995371618
0.131958725847699
0.210399369023234
0.133140784255623
0.29616714043026
0.11760044572005
0.0789116997369507
0.194675116570558
0.166756071231127
0.382357580658015
0.31589879760538
0.178171886974744
0.351811511376672
0.238360926804318
0.227262348121977
0.276885042484592
0.22839071006875
0.214507699523967
0.138218865317683
0.269004344688697
0.305854258845364
0.276509107647776
0.216901459594851
0.347677902552886
0.256134785928387
0.341006114111153
0.209633062793565
0.143313199098599
0.245682316321186
0.292546698369649
0.272923643553827
0.161456482051619
0.353721865093454
0.249857911813089
0.300027346042457
0.285592405843774
0.123700135318002
0.0868815078688651
0.180673906335033
0.399732854647276
0.276279186714538
0.269611059281029
0.316765445312797
0.336176481061179
0.225931131164884
0.0823271687756034
0.361399107437435
0.305718239354961
0.205339562688112
0.352906662678287
0.0748097675630574
0.340346528366801
0.195063089217494
0.234932080503678
0.275883800540563
0.274702501973418
0.264748189851903
0.381702535083156
0.318158249015979
0.417203423604115
0.400373217165456
0.440887061785731
0.209188669345348
0.401623762915104
0.275876114730813
0.321357416476116
0.217611320259534
0.382875443825339
0.217564835664863
0.508022125321421
0.44516920024415
0.28122094705172
0.335151467541784
0.370660163751588
0.36516992531105
0.234648376707015
0.259620159325351
0.313229711134369
0.34404548346288
0.418668541830376
0.38566124981479
0.275839434438011
0.455466434237766
0.452370345160285
0.417779472240191
0.476003335824765
0.497904601678017
0.3435021724718
0.403589828693874
0.539634970971107
0.18478615723807
0.369174283506812
0.43558509677602
0.249860115617182
0.312723487992702
0.253915606011874
0.529993071680487
0.376928507858542
0.312048819149021
0.479940576992868
0.41590322144501
0.391331978023451
0.383431027861553
0.438681850785713
0.347044033281417
0.498295028481515
0.422986232528239
0.45779252698139
0.402657415460192
0.438887231285973
0.354647695582508
0.381800543892343
0.450561141151654
0.363827357459825
0.411470783345444
0.407760057522107
0.299300441861003
0.394504423376136
0.410652927353863
0.484214902640722
0.384643192466186
0.461414991603145
0.361742349719566
0.447534860886348
0.438202689086183
0.262365833454888
0.403746650875865
0.533167333607898
0.47869224751458
0.558680618591684
0.607512974320647
0.441824870857537
0.466314774187031
0.329355859089644
0.564832148023993
0.48228233281637
0.36648879031565
0.560009288866059
0.521155442987662
0.467092506406216
0.592311042869657
0.426775026161623
0.535757631713926
0.534682302295048
0.577160540705877
0.46155230879524
0.580967283248772
0.424891546024964
0.560695209919959
0.417063479569809
0.374541598342667
0.442844498561397
0.730777347863986
0.510959833044248
0.500709665745628
0.418699417776686
0.52880522618903
0.551894567099398
0.533339808009606
0.40690922746127
0.57174517564317
0.668511848708544
0.454860693113802
0.44463671057383
0.431328458614667
0.383642188694799
0.519140644791651
0.557632547547401
0.480416719522768
0.5289461810502
0.500036145898711
0.44540188976884
0.449394249965037
0.525661165034469
0.548822419217299
0.600037145423752
0.650199886361053
0.620673222693856
0.365059814213319
0.51394523398774
0.564734440311441
0.59833565533484
0.59185581168716
0.443929250379158
0.543762802588056
0.627132412950529
0.603755224811647
0.571144101251527
0.675629610310165
0.55295348127015
0.526038901014548
0.622080646989584
0.557674331196541
0.682237902890636
0.576390019496308
0.603799688605797
0.380510578621311
0.4766834359195
0.588969064466527
0.552422660496077
0.623698908785923
0.514651750255295
0.551379497157141
0.511673429488097
0.555775380983282
0.620217366688027
0.576970508652981
0.449166148961063
0.843155895640393
0.637130025830405
0.582457880696046
0.619456482634551
0.70070140366964
0.514366277901413
0.689238168421892
0.620383002883502
0.584413356819766
0.605607703508962
0.632749850281672
0.623789377533278
0.631883688517589
0.721747406108427
0.569841527546972
0.733513140197023
0.537566526342437
0.585466034752156
0.681829269614056
0.590534592337719
0.583103847035677
0.77202952628762
0.74608288066872
0.606197115945999
0.659397563171688
0.677663246861367
0.733206514252611
0.708221016189427
0.672495873720084
0.747576105447923
0.77890982091826
0.731090073251151
0.58465868086666
0.596087997568862
0.69232508611183
0.756268892726614
0.725682937880499
0.655897925286696
0.516396750904059
0.627876665482058
0.766746955705322
0.60712256548129
0.723714904795329
0.706908652557534
0.828088819992445
0.663983135612704
0.62809155832719
0.598959100250196
0.776131025025542
0.74501652882618
0.626559924176755
0.665702240070822
0.667776950458517
0.685204471767609
0.727600174035351
0.679449852723169
0.745244823452335
0.612230413807455
0.854120876506696
0.62545209923079
0.52996463501125
0.782449977802901
0.731693645994883
0.761827069267973
0.681858170393273
0.843415793401212
0.716599566507449
0.754175528679403
0.691677543109291
0.734332336656021
0.714110483038137
0.830516706908779
0.874767732212971
0.881955352326571
0.752713067762235
0.693187362687863
0.566386510928392
0.733494404162517
0.720242865087251
0.843169286805286
0.747808309964685
0.696050494876898
0.894208931399611
0.700414221204546
0.862324485856803
0.75589295189965
0.673220547825903
0.855788715112947
0.73224408660829
0.954443872095785
0.737287366498616
0.6651555674157
0.841770130787777
0.832886135611166
0.687172843753276
0.782566864469439
0.745339335284917
0.849152971077979
0.765652222768639
0.79523938051056
0.67906596094516
0.650755949975939
0.866075806633495
0.823634327809482
0.798417096240139
0.843304160894859
0.836653103728657
0.931213947447089
0.843316686499548
0.798013744835101
0.905113465214187
0.968455497339725
0.761211698192014
0.910759442080304
0.668970838591708
0.761404542474945
0.847448341047545
1.04154259817076
0.759371083440806
0.876965273148346
0.799446712830918
0.689454183437863
0.8353329123077
0.90780571869376
0.776633434567419
0.785800443258336
0.876263000206226
0.886071775461442
0.996584169990769
0.876517981535512
0.896085623774514
0.908364490277614
1.010872267131
0.817830526989137
0.844905704389761
0.940209567741472
0.763907765879101
0.955677738428327
0.939236723952081
0.680167992182562
0.88766203412912
1.02111676045572
0.924998896158674
0.746429675522434
0.944751393616661
0.801693616159729
0.912583069928906
0.871114337368538
0.772667816799064
0.873769269126561
1.062700167958
0.822231670828294
0.834010648558358
0.980630795446874
0.924759891024787
0.873905850738969
0.962060509099222
0.898971242530506
0.891603633616157
0.91889507352578
1.03912995870838
1.03782701018929
0.836038740144601
0.918776382655889
1.100107915742
1.07702250879017
1.01829308334864
1.00069680661981
0.950981800750407
0.845643553248792
1.0353465245099
0.978435082612686
0.884417157235431
0.810816651387803
1.00385074412947
0.991471655015801
0.779653332189518
0.756205771068448
0.825919823158329
0.967110402692062
0.851688868940482
0.963284346545458
0.834982026849928
0.981527153653485
0.999945372359515
1.06465401146271
1.00864751086309
0.977172620467794
1.00536032179172
0.971622406335883
1.0286164271626
1.05636416838011
0.987454706299888
1.04613243728753
1.27478182507957
1.14136655182002
1.01403596586166
