-1.04399450710195
-1.12930373626584
-1.0294314715723
-0.928765883418934
-1.05084505119746
-0.990174714740322
-1.09197991305837
-0.967109021666708
-1.14524750613341
-1.01646574687364
-0.956130799375284
-1.019278747578
-1.01246774463917
-1.12540249759814
-1.13209103706501
-0.972966799409522
-1.05815913089332
-1.10044973873171
-0.853576707657418
-1.03480479580227
-1.00391870129598
-0.900514869293961
-0.942812751168121
-0.968074707730382
-0.909276468972389
-0.862340498954618
-0.976091355512883
-0.879604057223494
-0.943974894583427
-0.896186501832582
-0.927410727936708
-0.909497737983906
-0.974849245947423
-0.856371338235408
-0.879059478217483
-1.05478745499774
-1.04716705316757
-0.950963993816435
-0.900321951620396
-0.973736968582935
-1.05374806639471
-0.795809283627618
-0.984532467164666
-0.976486709800975
-0.959239588358648
-0.943080340358707
-0.98165978442466
-0.941416470712602
-0.883028829469636
-0.962229976522882
-0.895731389388884
-0.953526583951502
-0.897107499817953
-1.06872095076166
-0.881587000177345
-1.01242955610986
-0.941613901196746
-0.724454573434682
-0.798907232733035
-0.886245824136334
-0.879329375433613
-0.900239140112247
-0.718409230158334
-0.858875095012382
-0.951678699810315
-0.85365508517601
-0.919674001234256
-0.992032442111878
-0.981266672385185
-0.835892166850682
-0.775470789414097
-0.879023265769199
-0.807348007622607
-0.826197984328148
-0.95274670053821
-0.852906092423967
-0.90046040931594
-0.653921337894796
-0.861068931444692
-0.748085472157609
-0.715128039969977
-0.74649982013633
-0.865508107460024
-0.904888141416107
-0.997328294173918
-0.796015126099583
-0.787578472333475
-0.896902446375225
-0.777072912483568
-0.882412636685613
-0.780010414976254
-0.86823671069176
-0.910740990590866
-0.792203550713591
-0.774024445224668
-0.722093775015859
-0.722762109432318
-0.729529482025086
-0.706943620716651
-0.717272587828496
-0.855934590793865
-0.733003188922142
-0.611822608463921
-0.868508697530632
-0.795061170926595
-0.82539964544089
-0.877280038096942
-0.798736033807669
-0.764768428549481
-0.715699127662061
-0.724318091088068
-0.784907366686482
-0.697424860853952
-0.858802738640571
-0.712600706973233
-0.918970883056909
-0.72705125643886
-0.898694038546069
-0.680365672087954
-0.891112169244505
-0.725928911689405
-0.809250233711504
-0.838929049711634
-0.984687129483886
-0.756845840102308
-0.848424120159358
-0.731409014152998
-0.626944437875687
-0.712313017592941
-0.685445803737965
-0.707049838105375
-0.79675173615472
-0.824185474877418
-0.888998803684711
-0.884385449128419
-0.793305896861891
-0.629210868870253
-0.638948994733385
-0.734692078132605
-0.7034834124477
-0.772281477305711
-0.446857302868063
-0.669090515351149
-0.766725186410823
-0.639017007451572
-0.534700158974052
-0.869316801271203
-0.550982137896274
-0.670901836829555
-0.62125507337401
-0.828832426949556
-0.689164588850818
-0.823770702878478
-0.737018729864436
-0.588822764079967
-0.650719420962388
-0.590738325877008
-0.627112261315979
-0.602900443027451
-0.693519724660807
-0.616617451807721
-0.713448180930293
-0.617678800985255
-0.511307989095757
-0.633732542713991
-0.61387448460204
-0.708174015608912
-0.609763891714802
-0.573071281294498
-0.709861397093174
-0.753374138101643
-0.623415910488202
-0.657032570452892
-0.637298281950079
-0.592255685440031
-0.485821228223198
-0.575119026586234
-0.593292261696459
-0.642011347891055
-0.670023526477415
-0.741309320952456
-0.699438305477753
-0.457168984779658
-0.590947573591765
-0.618749620907418
-0.683223009716064
-0.579717250358679
-0.575383432709811
-0.753125303159807
-0.603776433768527
-0.699750699136999
-0.609532676214014
-0.724828568312464
-0.710317886018271
-0.513640493472458
-0.64688009115007
-0.658154967157623
-0.688393618359829
-0.708142109044554
-0.506303310437953
-0.685606131013883
-0.611878638009307
-0.639546989335773
-0.615973034465011
-0.599125498844831
-0.507706965395451
-0.64689900272456
-0.584548915369855
-0.645157339633044
-0.493427887332793
-0.517208236579838
-0.493914852774242
-0.584197793232529
-0.501132567981124
-0.503885817093233
-0.549502840001
-0.465812833564932
-0.49858673056481
-0.593113713643431
-0.593960415780301
-0.562136211851137
-0.584943774599384
-0.620267700243981
-0.531386134461081
-0.416278338955063
-0.590592603227145
-0.507072719367864
-0.597539742318791
-0.532779399613357
-0.473659201871952
-0.421511974128482
-0.604521754006054
-0.518803208834161
-0.512057312875414
-0.549953999240175
-0.471657994645284
-0.531270681147448
-0.511221811770487
-0.585352510599669
-0.52026033682448
-0.593352180969929
-0.566429590772098
-0.484163880889326
-0.614280547748054
-0.52484981712472
-0.537019697190529
-0.497271695637734
-0.560117198178904
-0.494690231878857
-0.541281287153669
-0.526014097196432
-0.594634744448221
-0.37979907151433
-0.657369484307741
-0.477934540026011
-0.578080029289836
-0.509802170714884
-0.53764404136035
-0.46113023323835
-0.48910904324421
-0.632137099673149
-0.614784810707951
-0.342828824614876
-0.549962730150702
-0.42453686582554
-0.481423739902895
-0.434952608795806
-0.536675054085879
-0.42037129341183
-0.386420143553917
-0.339300559800622
-0.443598048567043
-0.577113449084151
-0.439717727470716
-0.430557804803801
-0.334401818205283
-0.467196125534879
-0.478334199871564
-0.51916470167037
-0.452322108659664
-0.476764860772249
-0.527329819880787
-0.324023652226146
-0.434895048720465
-0.443152608340757
-0.365651636112597
-0.385539143831249
-0.340243399109086
-0.324713985633254
-0.325813911443826
-0.448501584755074
-0.284578005776335
-0.313293303030328
-0.529129489888237
-0.356277178890435
-0.403258613981245
-0.468690308514668
-0.256366357106995
-0.43507834635163
-0.424638371542162
-0.432685564191106
-0.379484886436041
-0.365192319776842
-0.485447387956416
-0.325799543907105
-0.381705898482273
-0.369740872820753
-0.467669734196996
-0.460015007719229
-0.350404887757204
-0.448402954741158
-0.307496306745152
-0.297754386201965
-0.413086757251425
-0.325860900713224
-0.32070574700444
-0.444545755076913
-0.182223837993698
-0.44874544929885
-0.243648516718416
-0.363025325211
-0.421956694051179
-0.399985484401567
-0.401605125278109
-0.363396886544144
-0.457134964645344
-0.159595342668539
-0.34613615758373
-0.357313377175118
-0.165523360417675
-0.349037053893133
-0.249701804994867
-0.367681956278383
-0.328057542715892
-0.335400678027236
-0.442396052557528
-0.360003328079733
-0.408439586122444
-0.411320810162101
-0.23032397385698
-0.341265229133909
-0.370732132876535
-0.234493796588635
-0.442664597313916
-0.371792456236124
-0.23772823715078
-0.363950598409664
-0.49932747761665
-0.433523888723477
-0.201780366291673
-0.323926396103353
-0.292215722028676
-0.211494230354988
-0.26561093197524
-0.221856338902443
-0.2534673498152
-0.315421912301275
-0.280208783326975
-0.415725697118617
-0.233642589995005
-0.390141145899112
-0.374376085775661
-0.29712060025189
-0.277014768858869
-0.184086941538149
-0.430933942248017
-0.312674715426902
-0.333851491013899
-0.189207387451767
-0.212138178457456
-0.256734841223817
-0.308200537950037
-0.284562809132071
-0.400786486777927
-0.248477901498126
-0.212529677881164
-0.308558713357983
-0.270985490566917
-0.317837556399233
-0.376853058261753
-0.272927251840427
-0.238223447547714
-0.370632170379139
-0.235645085340832
-0.363051560414188
-0.335986323527215
-0.393276464940153
-0.182380887794336
-0.210749636987961
-0.212290391109771
-0.18546961848403
-0.156075843608085
-0.263505022247057
-0.0654245745761897
-0.357326551356432
-0.222917462084325
-0.223938279027468
-0.134142744555987
-0.289231486133323
-0.301207916460387
-0.251639403118389
-0.0995621033043223
-0.200455519095221
-0.270402599219813
-0.337171520292614
-0.0475849230653689
-0.0641640325691195
-0.367821363857926
-0.219113505634986
-0.220536924148501
-0.262873748282242
-0.028155260004083
-0.170552732959598
-0.243026709573965
-0.212274578258156
-0.160263377327994
-0.225617440702925
-0.169697710730928
-0.0844917683313827
-0.163870961697606
-0.0799476841073225
-0.199010220102255
-0.158680212543171
-0.190617980042655
-0.193407093489806
-0.0695855676040493
-0.0826268005859357
-0.180476584198759
-0.0658836398534322
-0.023454760346065
-0.0867911347093951
-0.0780406102386393
-0.252061133298347
-0.159892759466402
-0.066638136686199
-0.0478606233029519
-0.0906254691026981
-0.0569470992480484
0.0452766218619126
0.0233546782157071
-0.230694061684547
-0.141554764011773
-0.0443808706930752
0.087561698538322
-0.127316200511227
-0.0452520586417908
-0.158768484266077
-0.0594934213616141
-0.0854031237223218
-0.259533860949969
-0.144732568764801
-0.123893410753326
-0.128331251881675
-0.213570506346817
-0.0215806703169102
-0.1000664574806
-0.0252895063616757
-0.0443483553715189
-0.0416357892065253
-0.121014026047103
-0.099031691302526
-0.0222565419639629
-0.0323716675758735
-0.0623831173856478
-0.16557857100201
-0.100363744101345
-0.045301947000035
-0.146031076979564
-0.143299284576569
-0.115413035778635
-0.0848764368197568
0.155829515248186
0.0870722675196306
-0.104478698615514
-0.0117890057038674
-0.0330384037753247
0.0397469228301764
0.121818408195951
-0.0224943609386451
-0.0656884636589565
0.0387764015416155
0.0837448341850088
0.00634222087133786
-0.00680345154875483
-0.0294609636306401
0.0110582228688969
0.0355250388721649
-0.0849495241458517
-0.0546887195694328
-0.00492850928101914
-0.011377207193038
0.00934839200919812
-0.133472892223699
0.0995015591333344
-0.0595155551134502
0.0673967851864244
-0.0042234435307474
0.0152527430393148
-0.0902335318404637
-0.0419430163338689
-0.00100590171696063
0.144302908353009
0.034337940789314
-0.0472465281402011
-0.125393726202263
0.195960565279284
-0.0161121175308987
-0.0168416187804802
0.0646683370495173
0.1354133320882
-0.0314129779861826
-0.0421000545850875
-0.0763967655476998
-0.00393111626480514
0.14390222613266
0.0452396895353913
0.15230709086284
0.0578538716185646
-0.0244914177331941
0.222152235277941
0.109909836157136
-0.0269077147182433
-0.0828536069071457
-0.0573454279919992
-0.0901225340802616
0.0348502715875769
0.080286393865041
0.186926842859371
0.151441163813027
0.0429273557498288
0.0567933973014204
0.0765547884248671
0.0317975469849248
0.1246393359649
0.351128687844111
0.121986387258254
0.0704126138741875
-0.0205349151459638
0.0673666633697246
0.0754648370462116
0.111340856468164
0.163086928698404
-0.0394806925849068
0.074030193804393
0.214643134136569
0.0622944477180631
-0.0088876345330286
0.130074455161989
0.0266497715012145
0.0950160009441969
0.0843472864771082
0.104934429569218
0.159328125520909
0.0667425369059938
0.0782922739726039
0.102527062788851
0.0257469261257819
0.121628154379961
0.136536062157198
0.126107563383148
0.19798431030077
-0.0460072981042279
0.0750926464375186
0.172384128694909
0.240950577444103
0.0348660299845283
0.0455299488298753
0.183286872735515
-0.00439621224705445
0.187836220560129
0.00924431172214027
0.268064157980393
0.17563969276684
0.137409428299913
0.14323281508923
0.0796656915683716
0.249362755657243
0.0679928562745857
0.23563767145832
0.0176159433155702
0.257217947335821
0.227637032205537
0.126553668939878
0.0909190597896379
0.340074300378435
0.233889987245504
0.233789034866817
0.180428423568532
0.0668746462520931
0.0594704949846974
0.109343259015647
0.0248849196532612
0.274750377543119
0.282343111387991
-0.0458692886792991
0.252215419134451
0.294300134360215
0.244556176664848
0.234485082976133
0.18840097727776
0.147490380790846
0.174325676018109
0.274359084007407
0.0759274913113525
0.334635566986081
0.307621499464003
0.171362822898789
0.231329659527374
0.233529400782629
0.259305260130551
0.281146623147705
0.101038956966684
0.197932532385986
0.267061640975072
0.250501149725128
0.396661022229222
0.266865830831228
0.226414645600085
0.252024905685926
0.235067652027185
0.136272693204662
0.241816815917747
0.292137849320359
0.0614546516263061
0.197007886428396
0.224412786017105
0.366184326344419
0.161055169825657
0.36925989651193
0.353330200393917
0.278956777639163
0.137291494994175
0.305684626625898
0.253931134259409
0.337307354285016
0.179511404444088
0.387747895989342
0.421277253411273
0.273449106424592
0.268002359419743
0.244886849587479
0.213821963269452
0.409566037884877
0.458207017738541
0.341309195363115
0.193310703086469
0.120232247526756
0.466120904388485
0.296466055435404
0.203851824642437
0.333103202463556
0.255263030633153
0.399530322517914
0.270689865198474
0.282785650538131
0.262506768319794
0.223573856722604
0.389383867595814
0.289469759023699
0.493896847665116
0.304819623024318
0.380717682690916
0.353321498160485
0.377175971588453
0.315458504038401
0.262630745274908
0.400019901038312
0.355923249617704
0.455362206845876
0.324811824078027
0.44927566757354
0.347329258870233
0.280618013685873
0.340403915026885
0.466950926953283
0.450287190433097
0.396511919907897
0.373751857613275
0.331355616108135
0.311940185343967
0.164846381083857
0.425197268756861
0.186369683440214
0.205108853403973
0.423217250478874
0.441717854002593
0.424596453773274
0.347985129781264
0.329686035396074
0.349131949992124
0.354896273855608
0.382733919853937
0.344373426279855
0.357787712111502
0.373929762973852
0.313074588640413
0.301855975233356
0.37559992375441
0.446216025323879
0.36588967109967
0.425157618286857
0.316918246428703
0.339969056782147
0.303875608727954
0.241819089321202
0.552863484181289
0.444568809232264
0.331059994989779
0.428536018277688
0.521504015924731
0.426828703559706
0.458087153433534
0.337431026454968
0.352782440762328
0.398785000283197
0.353208474688022
0.305977555409239
0.400063329691862
0.285113588046762
0.424118106986891
0.499324720063713
0.491272223594106
0.474650384101756
0.475550471845639
0.533750574476915
0.458425380811643
0.510121091576121
0.420354329128056
0.631909169560028
0.365303685531322
0.528078864272769
0.411225441405382
0.407227097479903
0.522278278720447
0.43672569684183
0.53847604385041
0.519854585385008
0.332722372916113
0.385574721610351
0.407016272895075
0.384291883850952
0.599305427836951
0.620104605046311
0.673703799303632
0.459970067421861
0.500001088477636
0.582524938077647
0.524224996102594
0.411523630432023
0.479381972842709
0.442904926455302
0.537364208497303
0.494674203682027
0.624556154464734
0.358707886683748
0.613976671627983
0.580842779213897
0.460179403761386
0.629554231869564
0.57836194674171
0.577080125001758
0.642170052648056
0.528918985062682
0.44012728009331
0.480269709497822
0.61622725082432
0.496121329953924
0.47748032373852
0.590772137094475
0.582559619871666
0.524070309497035
0.580933514793773
0.502087533073505
0.746894160682524
0.701170979763697
0.402334218313136
0.451582400561597
0.57508550678317
0.569706661089174
0.496763187172248
0.345710744333993
0.47106788093996
0.532565800671096
0.573744379622603
0.59989289552006
0.446563650928409
0.724662851932879
0.636581908261722
0.577974960337723
0.568276946998428
0.700191789284074
0.425530891017352
0.337610148906426
0.53399569273471
0.533987560658877
0.564966933956826
0.480792495264955
0.420234045719152
0.572230497327566
0.568435529039128
0.840425132959309
0.684023622595106
0.587814253685308
0.633758295939722
0.702868903363053
0.617502920088187
0.676306145835266
0.637860324600384
0.59175574611308
0.559283377680384
0.568069826446483
0.675824550369392
0.515214013986259
0.673017593816718
0.687178038702144
0.679888122754358
0.743713540974802
0.591404227744754
0.689059133396311
0.629220359083452
0.686345257926614
0.590007472610601
0.734173546321419
0.811470007062764
0.804314144145301
0.617692756540144
0.613381693123995
0.680432166402127
0.803124545318022
0.643972338897309
0.733998506081731
0.712067513844452
0.651601314610849
0.56918224789555
0.614629044490837
0.644327906853271
0.564362014142152
0.789186661486787
0.592968360534347
0.637313445279301
0.476270578621034
0.603571163955901
0.65057175606665
0.51376297008498
0.670378710853962
0.655872597426676
0.744620742315483
0.631797160952783
0.742918744409228
0.654373546457992
0.548874809034874
0.592971993213312
0.740248423073252
0.794593899037035
0.82287286718791
0.728494280448118
0.717519713369091
0.781378634086408
0.635126508390801
0.622041521610322
0.76691418624129
0.725628709400519
0.725299359890644
0.760243018303256
0.816328177339979
0.667817511182659
0.800055257580563
0.812861603146574
0.668863529462688
0.642790315275199
0.671349108807853
0.693173373570962
0.851143133075627
0.839688068830029
0.578693441465719
0.686517770653979
0.869356716466399
0.788693060762155
0.819463944346114
0.651453185567456
0.848628682086648
0.778460222219227
0.802247895161557
0.759349071292033
0.783615758928418
0.906974228238567
0.654135266757206
0.852896129012503
0.799630845983787
0.800447732926833
0.72026058323492
0.763801009453871
0.888120001332518
0.818574758439381
0.806564746851885
0.801884679303167
0.765294903330588
0.752291472734473
0.76866881916381
0.845719013327856
0.711361286722507
0.592043240026249
0.948078421870038
0.695383820063433
0.89553684598161
0.880102636220207
0.858870883150215
0.698447766604222
0.845161343254474
0.893285991205018
0.747699750919712
0.802998085714358
0.818718088337868
0.884925778797742
1.01382762675895
0.872964920432194
0.634424449367259
0.761974652199678
0.806998117992053
0.89377799228298
0.801071422279746
0.825815623539558
0.828687134805505
0.836336522935798
0.696318169468854
0.887450286773689
0.83761766449016
0.956408583190493
0.908166915558729
0.738642233180812
0.981953202763996
0.855576717788452
0.798351456287181
0.717569095826064
0.85339571179455
0.814870841825357
0.852020671013624
0.938174222080497
0.856457045373176
1.04186739931209
0.846906323960596
0.87586210566542
0.672750556405037
0.965051942731437
0.971483187066201
0.948681462459765
0.836627247879276
0.94031330173945
0.85776001935872
0.818839649673457
0.838745901906485
1.02683642165005
0.949395804142895
0.855130205491185
0.906625104972259
0.877329656264463
0.90414028174756
0.946256173711329
0.940171070091884
1.01276753370999
1.01231777980766
0.920558335995585
0.814519344151684
0.843139330388541
0.903230214800921
1.01287071704107
0.924848534049541
1.02156675479184
1.03139470416268
1.01418253097311
0.891749634423414
0.846640956125496
0.889061887563457
0.993359012657253
0.853134179988809
0.931664103035025
0.975231164271367
0.90591196559317
0.844704260579747
1.06936548696983
0.916919798837143
0.772208429856976
0.880490603160749
0.870504982039143
1.04312045316806
1.02366155094415
1.06446976396507
0.972213824304499
1.05467289982971
1.07554000490965
0.966212908375281
1.05854644544551
0.982609834372232
1.09717121483297
0.967534338099538
1.02349610329249
1.00150109879872
0.942301251077741
0.955212166723219
1.10945074540099
