-0.963225728966959
-1.01148092333211
-1.13203050835529
-1.09098282436981
-1.04387423300394
-1.03030582793591
-0.957498716297664
-0.889800890493922
-1.05794487165906
-0.962989414004739
-0.942099214598116
-1.1027476012559
-0.937997012380332
-0.851000002868158
-0.812824339653751
-1.04476876899783
-1.09764267546141
-0.909970780337306
-0.993669987070603
-0.81790273798776
-0.827142160895245
-0.893043849867206
-0.966746134627304
-0.96669198803775
-0.8453316795506
-1.09217034025104
-0.974804601130409
-1.1225583941659
-0.933076133310276
-1.02343756201859
-0.913215957898592
-0.881423949424229
-0.964600965578985
-1.00180687853758
-0.868105970952575
-1.00117829722734
-0.885321305733014
-1.07138130052127
-0.85076564261142
-0.929966815472228
-0.954871786230206
-1.05438852672369
-0.953493307816843
-0.956974545076155
-0.891553363985022
-0.927838894531332
-0.895193802185156
-0.689789069589922
-0.893524331515601
-0.959300500503917
-0.99467757112142
-0.876764469277845
-0.818169664877535
-0.830479676328981
-0.912950730825786
-0.91832447769665
-0.855646555620735
-0.888687632866871
-0.871617698271681
-0.787153697305273
-0.877857382963224
-1.03396538059465
-0.892181197989271
-0.812580830463692
-0.891168582469115
-0.860735977226957
-0.794161015306911
-0.86014344974776
-0.85787264140171
-0.959018089438231
-0.705228047625242
-0.744414547308842
-1.0106861587355
-0.905472909256637
-0.782938572866557
-0.868914457940559
-0.972483596536046
-0.728643290648589
-0.889149617993566
-0.794597909044198
-0.81718067527365
-0.767421832533788
-0.972391293031714
-0.776913696080679
-1.02605777994083
-0.802271765110602
-1.00615471769991
-0.840204950632507
-0.745600639167278
-0.738045558135964
-0.787452946420979
-0.8305523468396
-0.830103869240958
-0.826979212495441
-0.797674137011579
-0.792278343512195
-0.769730208825763
-0.695598438143938
-0.890635552735612
-0.729672223867379
-0.752865994974888
-0.809477169634991
-0.589476412800429
-0.692531546733725
-0.763212285371504
-0.780976286678234
-0.723338174913612
-0.682899634073867
-0.833577972331917
-0.732731728350164
-0.601032040486311
-0.859776357670335
-0.84011235888559
-0.788370982303281
-0.86360284324673
-0.850656413137811
-0.771706765601303
-0.758999109130514
-0.627797247067612
-0.764250637255718
-0.628120266681949
-0.90359507220956
-0.825301656595662
-0.848311538599681
-0.860033815796362
-0.687829027181444
-0.876536424778628
-0.741562256248436
-0.794485821336926
-0.693116653092123
-0.700211961918061
-0.725909064135057
-0.671232498278278
-0.845109922398411
-0.739229912900512
-0.759572240972307
-0.67319157904885
-0.791997948345067
-0.672203994304699
-0.65168034458917
-0.644765034812338
-0.578529833370671
-0.878852681839322
-0.559211118734322
-0.668332632088762
-0.75582734632236
-0.75920448722552
-0.698695368881412
-0.665331715573484
-0.641715613736527
-0.573880420556932
-0.579847119049984
-0.656650597214175
-0.774808008617127
-0.731203050205895
-0.628792726436755
-0.696432155065952
-0.603649628243397
-0.673367879442159
-0.640171665989654
-0.773356516360729
-0.626447089927898
-0.656042679972712
-0.580186025560815
-0.584339571848606
-0.733375027032762
-0.738549311356428
-0.642780403085174
-0.737775410115973
-0.71253935455868
-0.589562678435191
-0.635715906613671
-0.531657106319288
-0.683756142376628
-0.698677761885982
-0.644169087025992
-0.692709905386537
-0.618122906100482
-0.826258613248636
-0.65753404085899
-0.718950176087887
-0.632573026645468
-0.634005485399102
-0.682301033573217
-0.656357783963676
-0.616138095238673
-0.619585999555386
-0.607625194580651
-0.602540947794489
-0.740548743388478
-0.620383412825835
-0.740805705899372
-0.515481329603879
-0.638652375703619
-0.66232826837895
-0.597537030986414
-0.676943382315291
-0.589778699512252
-0.62379064686534
-0.690212553750704
-0.72447139316609
-0.507886517401295
-0.561570860378905
-0.514862426292591
-0.669277092447446
-0.645000789801711
-0.389176697427752
-0.588279785705621
-0.467572854268783
-0.307647926691665
-0.501535462925404
-0.518260633413473
-0.627609730397254
-0.504058034708006
-0.629296715101435
-0.516198565429127
-0.366990129988709
-0.499519277572112
-0.718124378687896
-0.722762077001265
-0.628860092766102
-0.590632195788597
-0.405871758953513
-0.797623434088323
-0.698277183678368
-0.613292529841395
-0.447539495562434
-0.520234079123773
-0.392300589186567
-0.566512406724405
-0.666878338851521
-0.660573821533222
-0.599947182112009
-0.575186311999414
-0.521833124031511
-0.445599736815932
-0.712716014345645
-0.43811394742368
-0.525760700754915
-0.483970506170198
-0.531458432377037
-0.589786729159696
-0.493557814720291
-0.573805126347135
-0.593722040790784
-0.355795079465323
-0.534838638531296
-0.414420692103139
-0.437783465095585
-0.640691738199364
-0.36227942899283
-0.468632450356776
-0.4309758083737
-0.384601205361779
-0.630744048550474
-0.486848304651914
-0.490844608694076
-0.48150524514458
-0.455521539952482
-0.382375988455874
-0.575050224128029
-0.524277738829779
-0.263029056245496
-0.553705141575515
-0.622131419326156
-0.581719541314979
-0.426077811578177
-0.549258477546479
-0.552279733096565
-0.484527511484639
-0.480547979417504
-0.348268246295871
-0.410692738408554
-0.4090819663198
-0.42536000046143
-0.669567684849373
-0.456956392650277
-0.462425199875085
-0.436288464661916
-0.473686722463076
-0.415307714193452
-0.4501204578644
-0.498116727248322
-0.430256457874332
-0.478041501616674
-0.471810433964135
-0.384721755316023
-0.412372582822024
-0.355862273053889
-0.634954663384991
-0.488500579737225
-0.400299201273428
-0.596857533174055
-0.463626719367979
-0.368237757865367
-0.456745564678675
-0.443590568508785
-0.448515615750216
-0.328960853712419
-0.548364898658789
-0.471185821122857
-0.458261397350011
-0.32717004085597
-0.387867384285085
-0.236329221006596
-0.401819715667027
-0.551951405668457
-0.191768666143659
-0.351911652502491
-0.310176064723039
-0.344427539742137
-0.323603113028193
-0.391052656825583
-0.24008359456414
-0.389170552078098
-0.357636206684932
-0.318848991526942
-0.177062827415986
-0.458880988456528
-0.412896073532733
-0.294895170554734
-0.380749532334645
-0.320504473995192
-0.437394961441599
-0.400002870573126
-0.416293118938058
-0.201064551928349
-0.296143448308904
-0.39599595294974
-0.47924487651343
-0.196550214971828
-0.180477754686161
-0.280692189831118
-0.31061252945882
-0.294764896892335
-0.37395949254381
-0.290156156282118
-0.271186734671723
-0.334167245240503
-0.238706354176685
-0.306918690531797
-0.251723277283388
-0.352351613681812
-0.20805021423195
-0.346637971433528
-0.353833050274536
-0.287999356412479
-0.389622604845706
-0.279250655716681
-0.400396803706675
-0.202040764939667
-0.295432577747206
-0.304461162230933
-0.148470605310704
-0.40678721918904
-0.297194995278638
-0.258083329849617
-0.320017693080546
-0.238488445241235
-0.254986974685965
-0.250037415714793
-0.373939317212264
-0.262232546335589
-0.143287907875886
-0.20723603372843
-0.282694609719136
-0.313344736221755
-0.221863385995675
-0.198247996943545
-0.279531425268637
-0.213495947320562
-0.260454089541597
-0.15653624065726
-0.164701339415534
-0.266511633468562
-0.273865898064732
-0.14706533796125
-0.346882580264458
-0.154942379791058
-0.238518274692225
-0.227413688317396
-0.314491388612093
-0.139099547742865
-0.204555549498848
-0.198202904730942
-0.269489989060625
-0.296190160253845
-0.236372440263496
-0.264104162768804
-0.169906284519605
-0.283902609368123
-0.157615598431605
-0.218074815487153
-0.263419554824613
-0.285480577684931
-0.24426944803596
-0.0508858130829063
-0.313161121386932
-0.233119563613887
-0.0288977424471318
-0.159829463811206
-0.315443905505623
-0.0758275879620167
-0.15881679799869
-0.315969814068424
-0.249969836945815
0.0145530212874469
-0.315488819312938
-0.217637828842197
-0.0919419168737649
-0.191365098935117
-0.0978616666510869
-0.203068550378826
-0.173913854677276
-0.114865994867168
-0.14636079713551
0.114807210383582
-0.0441115339919637
-0.0679050045067837
-0.180521201979948
-0.145181875849384
-0.134688977147809
-0.14434237662511
-0.130367589796276
-0.140976106322049
-0.200862931462909
0.00140630049917616
-0.0392764682647273
-0.0470945997910618
-0.194237774155939
-0.218079854989729
-0.184831576356176
-0.0874248156849858
-0.0600916728326191
-0.112372189804835
-0.133106320162965
0.0492712848315709
-0.0391684858126459
-0.114906591617402
-0.118621208723636
-0.118822045029097
-0.218204334307093
-0.2576043233978
-0.191050083475175
-0.165812170591502
-0.199687869243379
-0.156380256890202
-0.286037349072195
-0.213157487414037
-0.109187356401574
0.0825580484765223
-0.0758138052076188
-0.0294898132394984
-0.129868542940163
-0.0285034127752517
-0.140794866682275
0.0109790422956895
-0.106187776223454
-0.137769367407467
-0.161727125860868
-0.0627036526128924
-0.00338605306042699
-0.0848913344790246
-0.0392004227440747
-0.162913474168991
-0.184488100564714
-0.134245663849829
-0.0290106934441152
-0.0477308951670461
0.0140185104193055
-0.0884991635732706
-0.12931201330361
-0.0162509432882735
0.00940321033616813
-0.333446357956567
-0.12187651972084
-0.239629335697458
0.0410062850976511
-0.0713993925839027
-0.027040264120027
-0.0418127027880737
-0.0984858545855195
0.0517311431658897
0.0293645938611003
-0.064995616417591
-0.00624349424176395
-0.179820084227862
-0.0541808009700784
-0.0822812417135966
-0.185397791241977
-0.0212091291394032
0.110345531799205
-0.0123930289159978
-0.145318431547401
0.0606687197048317
-0.127752047035522
-0.17402346051092
0.0400382522081122
0.0119000383381695
0.0460211438993496
-0.0297057561810461
-0.0207380853951792
0.022892420185006
-0.0265918892438664
-0.0721733229291854
0.234827425458393
-0.163344473404416
-0.0340728305613629
-0.0525637457636051
0.0685229298094078
0.0236759368364416
-0.0719204919851012
0.0219766192402346
-0.127240140197863
-0.0197684995084267
-0.0269805947465552
0.0618305652579284
-0.0305229174171705
-0.0192709198344826
0.172610584092817
-0.0826505335841201
-0.00162133041830455
0.0154711417838709
-0.052237437165878
-0.0020918973350698
-0.0580681605761272
0.178320614395699
0.0752258217162759
0.0808419766123528
0.186153023944982
0.04190214029103
0.0368247527063011
0.168029531923002
0.126441240566562
0.102457036399652
0.187552799143273
0.116471717937732
0.0456404569623805
0.172834582304252
0.126408895537192
-0.0507446395408589
0.116795664849473
0.0862376124601461
0.045507915125805
0.00550435587713615
0.0963732191963535
0.0942686569184861
0.130037598365947
0.00437841044961904
0.0647489285599999
-0.0280929560028103
0.188120170245612
0.106752475106298
0.121919487304832
0.181094695847063
0.0493940234114568
0.123126365355464
0.142685518488842
0.127693241953105
0.210064405100466
-0.00229506651788168
0.0250913898750985
0.064715469110964
0.0410365103578276
0.363977278634312
0.257896847337041
0.234452666326561
0.0295374087269153
0.171840888935304
-0.00590024824015851
0.13589727981788
0.252894181378259
-0.0147862879313589
-0.00569705070232737
0.117604527435265
0.182702739567335
0.163922101101467
0.141512765865706
0.20353513248426
0.25695987281874
0.164520629470967
0.216798405042918
0.0723927710217476
0.191957871639818
0.0758139797145236
-0.0183247080227633
0.142374964928744
0.0996994704798016
0.187435130212655
0.255397725580677
0.226946597533512
0.202769225642831
0.251741818292043
0.176021042924402
0.169857154531746
0.181044001383383
0.23950647985979
0.210654567568246
0.152707810534905
0.107826735547656
0.218390963364957
0.219792934374924
0.225301774659919
0.350431824279989
0.230109528430529
0.0392248002766074
0.218817741087001
0.20790935488576
0.377314560457141
0.153328979334099
0.231692699079541
0.261968956903428
0.13830406204078
0.372988185236159
0.270772983159209
0.217854735729369
0.235217971324545
0.140565925742511
0.28401484860848
0.455384548349061
0.340137516250247
0.154780038004033
0.257438422421583
0.223359999586273
0.326996826353809
0.276007870877785
0.388654126321911
0.173897749381803
0.31475456647465
0.32837911206165
0.191099632711932
0.186775135107983
0.276988864477328
0.33699721525143
0.238237970145232
0.429029154680431
0.293424735105069
0.437819436915892
0.260112205218376
0.268257213754469
0.294905774667722
0.278943678792485
0.191999092844281
0.240791125984053
0.206080167853716
0.367401675297884
0.392248267529562
0.343040168263384
0.260568935423789
0.440874389032059
0.53028080998192
0.415198286763461
0.378806900930433
0.363913832761187
0.0758252778046089
0.356563061250451
0.375119218272497
0.180608876050107
0.445290190841195
0.31750429955507
0.347406088415037
0.365536597201066
0.308644796218222
0.419887178163013
0.289071372263788
0.346150103984909
0.281127160577844
0.279549331239677
0.394644753625802
0.32770183256085
0.36432860243684
0.358550210005304
0.241196117495213
0.436284148156333
0.321205570194711
0.280525002147228
0.321753955471275
0.362074141188108
0.370646946091379
0.472550348073603
0.318964190732597
0.37518025699805
0.395811619818305
0.509694458970268
0.419363690929653
0.386912639419321
0.36646099862315
0.414125086989282
0.358398587541386
0.365176412342826
0.475952785771109
0.281302573116095
0.470830338790957
0.375714484956989
0.394199835467332
0.353187981028003
0.369477350189791
0.466279712640921
0.437552968952331
0.483152586634112
0.327128740670202
0.283442523810039
0.389483955226429
0.610691422177161
0.365983790550708
0.567205021550511
0.364279601959419
0.284499775723868
0.335726669291294
0.443353667652914
0.426636194801629
0.382720020712731
0.351383593290047
0.466804418392046
0.441504646030863
0.650723393503823
0.478763970346748
0.496612895558822
0.475940519950355
0.375351373376024
0.518824607631335
0.445207327511795
0.361760482520758
0.56052263983884
0.637811335458857
0.281338122677783
0.507235525865582
0.471924452028471
0.60056784886604
0.324772809298605
0.446666326241531
0.546840045038736
0.452883187032602
0.516446176244029
0.529788036520692
0.381613544445643
0.557466455070213
0.536242519140046
0.527835165595188
0.261430216964994
0.430042004530826
0.417808550533246
0.344366605990321
0.575442514981226
0.416513843046258
0.489006409704067
0.538453628586176
0.41849098863256
0.356477819169418
0.583677263260533
0.467501442879674
0.387979292116976
0.549495041408259
0.481700004943165
0.488029621629785
0.331109394728075
0.478107350893333
0.582436254935029
0.486123782746123
0.543460217035472
0.538957728936986
0.453247986017378
0.461577883310432
0.561893338225981
0.428984398368383
0.544196233295691
0.550321963345317
0.578706865542664
0.494643191696088
0.494386457701771
0.470110313253384
0.39938770255389
0.537049820813705
0.551716241646489
0.632961727082588
0.658108640364383
0.57684979666791
0.34940434079311
0.555826681363666
0.495040492987106
0.594129936063281
0.492008033635163
0.472665383661416
0.598730455791998
0.57436248980711
0.445453562358375
0.565971492518313
0.509129469899227
0.645445705221328
0.561560032479621
0.470268200788956
0.73183215585952
0.609151837682912
0.611925114764218
0.592658930539019
0.650203938522613
0.515089339874278
0.603937091849902
0.437945150911131
0.66851617984659
0.533430740534631
0.559828698558469
0.642151334168663
0.780036885096849
0.617449718817014
0.71518976088906
0.544330158809066
0.562091849521517
0.675601928027085
0.643616144590139
0.76474502400788
0.710728584006943
0.572257501947866
0.650763368293064
0.697723524069287
0.507492516980891
0.635635771048348
0.556932792763223
0.583536632141085
0.541505750604238
0.515601620170538
0.62465419219482
0.489901112665811
0.660291329402938
0.776667414631323
0.568685214225641
0.7378437112763
0.756393676582476
0.673924993137068
0.674979235037077
0.615703961854313
0.587281560203748
0.665643030281073
0.81583996041869
0.670025712299664
0.548233041763202
0.704266683840142
0.603337908879023
0.502649723891504
0.634827986601716
0.589504516654696
0.757633828090959
0.702759525748589
0.614965212467029
0.562770349143445
0.625283239716953
0.711942437946926
0.67103380145968
0.764405809544466
0.66836739451549
0.724752952200865
0.850977469346098
0.835836992990614
0.558546019523871
0.792965893335838
0.718419171592366
0.801590191442372
0.626860572883237
0.71669180539506
0.742767056265766
0.740448983162165
0.757348689872421
0.746761401259994
0.69288145467902
0.715561732504598
0.785609581288913
0.687812295712025
0.674196062255256
0.711066392659388
0.648943530486107
0.719453421914249
0.742757830997635
0.686974144626534
0.661607881839853
0.684089128633746
0.841767852114387
0.690485293937998
0.618242729557768
0.729624660631087
0.632974427341887
0.653436782426518
0.750057920400241
0.727965710176322
0.77325523437471
0.615397639831946
0.660200830996812
0.638745144393995
0.795925677945587
0.712894499185154
0.881048326745788
0.778962312801884
0.74401672254229
0.893614249905672
0.6750928544433
0.753191853204357
0.798297778123816
0.779568358888303
0.77748078420224
0.884555115630138
0.780977437320988
0.833183768758011
0.756403624262073
0.811877923621663
0.982192489635371
0.930561205614203
0.84356664769091
0.826014396772599
0.935044059056367
0.772216434821201
0.785124822700748
0.818173809443872
0.827107451540962
0.926100627230815
0.781799282110537
0.795239049499635
0.83594635301282
1.00618163984959
0.648333158266427
0.844443882013225
0.774579565982529
0.862826234571178
0.831893095264291
0.827275367203469
0.805134507447427
0.903233098277946
0.631036960069561
0.931519007613326
0.861751054205116
0.674314327321564
0.908863737475577
0.922548366835582
0.92929026124281
0.868306904894785
0.956883986102277
0.759460821439645
0.801432409624939
0.874413429087872
0.994842185228024
0.908356825231307
0.867616548627866
1.00036521843625
0.836411479271627
0.774517979761911
0.977826873940114
0.9502795252653
0.805250713383338
0.836005308034297
0.892981365914191
0.949277319368849
0.946903134996004
1.00326974177446
1.00844789514912
1.03616452917195
0.929789609621952
0.838140041130577
0.900939415052561
0.962003799501715
1.05255225161541
0.935225570392186
0.935787073377978
0.957474263138427
0.930576113268329
0.983388568147549
1.08691634410054
0.922718728694998
0.913975884642617
0.824845854566803
1.00434138512428
0.957470959598455
0.93034437762292
0.884163751427682
1.06509197978403
0.970867274358112
0.964028654457913
0.915690288180992
0.931865618843746
0.867236612834616
0.936366225155386
1.05599181969487
1.02851141451775
0.832667205427261
1.07764851290959
0.979939872335324
0.830367040187416
0.920679269677472
0.908360774524137
1.1269578615758
0.96815669998071
1.0694431789388
1.01694829294403
0.893590201360175
0.779824032652053
1.00236473955022
1.10062274815998
1.0982321285435
1.07794520456093
0.944842091365115
1.0786143835527
1.02852081578281
0.989344814118864
