-1.19773918906929
-1.09520102636579
-1.1172208804052
-0.888250255223287
-0.946153199795499
-0.931132747545587
-1.00839466966419
-0.905643901958183
-1.15781823233286
-1.00135496745818
-0.995137329636214
-0.991197761924747
-0.905085402472534
-0.859406039160298
-0.917209674249647
-0.97795243135971
-0.981299621905158
-0.985354428641638
-0.960898793155959
-0.900002967399498
-0.927618380534043
-0.968834015747609
-0.831338117930228
-0.912344784590153
-0.965991560573546
-0.849859648239383
-0.942392482873495
-0.866312892476107
-0.936418003029899
-0.969111660251412
-0.972984077972863
-1.00693552686799
-0.913755026082863
-0.905886340656315
-1.02181107238806
-0.964809363758532
-0.905892049376739
-0.927338853735932
-0.821521511440988
-0.825320353691992
-0.918956303915003
-0.780600310357094
-0.785008486564436
-0.813332769394346
-1.02221927945127
-0.888326720751346
-0.872030700728879
-0.943867261589512
-0.899496480064991
-0.863020352711351
-0.775053835211406
-0.986979409188349
-0.879255291905387
-0.87951832748938
-0.910861137089673
-1.04212091941057
-0.912023570009508
-0.898650197300976
-0.958573588319232
-0.923381309819803
-0.70329855737902
-0.933218548960233
-0.906833032189136
-0.777317730462016
-0.811797179005294
-0.696490086617079
-0.901560795064221
-0.840569525112671
-0.840661733850478
-0.826670226415024
-0.852733754617867
-0.829885153719368
-1.06126440399706
-0.956582093149264
-0.936447877444318
-0.931407153667192
-0.849766962244877
-0.7436373022915
-0.763663173205279
-0.804427342646517
-0.846419731607259
-0.838062558455601
-0.869710734430477
-0.830176586847803
-0.77947274280437
-0.726808688157688
-0.794384139079363
-0.89681325344785
-0.846917198332055
-0.790586496078721
-0.72601358787787
-0.722062946179199
-0.76730421985814
-0.617007122947744
-0.811287599991838
-0.921889980504136
-0.856719078953367
-0.737258854309774
-0.791793222814277
-0.72030193681233
-0.901880995528227
-0.795411422587661
-0.839875861486317
-0.87188083712556
-0.817523609470391
-0.862484221610473
-0.769355786666147
-0.786602667740949
-0.820769811317001
-0.773766247689931
-0.794482649469765
-0.816027465772678
-0.76119283450443
-0.585557979452894
-0.786438732599853
-0.895988937804952
-0.669848547005335
-0.701184656770688
-0.629477046253296
-0.648797089475683
-0.668978617224777
-0.772455990543589
-0.703938829409401
-0.806031601153943
-0.734855162568416
-0.675222010748682
-0.723891639811403
-0.588410628120042
-0.681412103847177
-0.803199341822954
-0.684132082240437
-0.872699786984056
-0.622619340725224
-0.608073293459876
-0.739062771783127
-0.804421424899578
-0.763987154533921
-0.719001620542918
-0.663379142795565
-0.788183446174225
-0.658051516987526
-0.777688535952661
-0.787224147536406
-0.857062662544134
-0.601450285999186
-0.772753581380613
-0.633370603667247
-0.768704163264413
-0.746733600071116
-0.733883250113932
-0.537140131792544
-0.6418133101841
-0.747579337118905
-0.57663198120616
-0.766285452195616
-0.714578686642449
-0.586780615354341
-0.712368983788182
-0.762015204622595
-0.749357755262223
-0.681576147164962
-0.784439032564595
-0.593850695147213
-0.606248202671303
-0.692183775941101
-0.567417359635111
-0.5698796605793
-0.702915203174826
-0.553818467366224
-0.756032520286074
-0.719541200463668
-0.650715728257374
-0.74017038913924
-0.55586395141652
-0.69169307432108
-0.657301102122213
-0.693533638311415
-0.605361109072042
-0.673969693195608
-0.660530889786839
-0.7211861928059
-0.608907724099625
-0.611323045109393
-0.576160613606858
-0.672232735712926
-0.630135435540339
-0.613750916154007
-0.657678436908378
-0.66979753351569
-0.836318872495532
-0.517629863850675
-0.701954022122727
-0.6393963057494
-0.615106364450944
-0.635502507760378
-0.673760855380538
-0.542158722323949
-0.743448217841205
-0.564830586415706
-0.583677812360415
-0.604914565144993
-0.708736801679056
-0.644098227102391
-0.634225216395602
-0.630555942258776
-0.667388461895769
-0.419375774804109
-0.520679528472638
-0.762702962910324
-0.653280331168735
-0.560970406436166
-0.481483291855439
-0.536788883816143
-0.525462491206037
-0.686070417100223
-0.419494083353758
-0.427240407054613
-0.715707510601197
-0.603488906933965
-0.565319430361069
-0.510697495600411
-0.490458505834846
-0.651468849616851
-0.409808685861719
-0.497657469340854
-0.640133290178932
-0.691798641324268
-0.466930552244032
-0.381040087468795
-0.418704877992879
-0.621386792721148
-0.562758435109713
-0.375089058493719
-0.563377772344123
-0.498272876427362
-0.558023127302629
-0.582855167652135
-0.40556523373847
-0.559132513066598
-0.52955208258856
-0.560468340315688
-0.409468910456839
-0.576740187428842
-0.477320694953637
-0.372354556231512
-0.515339133256817
-0.587186813891771
-0.569727984534721
-0.442087643201838
-0.491376570646377
-0.576622886683844
-0.534246232599724
-0.534995055426096
-0.550000983543547
-0.663510206668995
-0.457904618399582
-0.425058409843832
-0.36632412052624
-0.4612028640191
-0.535774755696463
-0.489258760578397
-0.413463202793146
-0.530998550624268
-0.399545982233755
-0.500995595859437
-0.429977749250334
-0.469431959696117
-0.474334823422355
-0.346643553703169
-0.339979278448922
-0.475008416914289
-0.547525825120742
-0.478231690011239
-0.303221023908037
-0.437920663513008
-0.438822081667392
-0.403385592308757
-0.5051469520148
-0.542456543183135
-0.465042876307723
-0.304614385682038
-0.358460979190509
-0.522847211028578
-0.419984622431862
-0.377764652546097
-0.353770511223894
-0.461205456061537
-0.473449035812373
-0.31092178600087
-0.354343211502697
-0.413106369610932
-0.574592816520547
-0.385336565180048
-0.413264313468033
-0.428951279274256
-0.330510235995532
-0.542956867604365
-0.36921106867634
-0.478923704728334
-0.488329987396222
-0.35683692130186
-0.388543294207376
-0.363037503160999
-0.391351759194217
-0.233296022164576
-0.217435853621025
-0.393685109135371
-0.44201747789143
-0.302330302785543
-0.467801907237063
-0.315152086934395
-0.581485776733863
-0.483059322955173
-0.258359041635868
-0.41771780804554
-0.284667718432839
-0.405107514958488
-0.509088633580193
-0.27764641561247
-0.299261782405673
-0.292755049318449
-0.342689778112388
-0.240194812698247
-0.210419783752291
-0.334663668718313
-0.323161891868943
-0.347127799273989
-0.305024027728851
-0.457920707006483
-0.321633966052162
-0.337873867469767
-0.317262823043906
-0.135025142487776
-0.399244752244155
-0.463653278970537
-0.442637197306686
-0.372059041457308
-0.38991130574873
-0.288905500875721
-0.413031180545311
-0.278132891069175
-0.402536477787366
-0.337018983085442
-0.26231103051037
-0.329782295021837
-0.281060041430088
-0.412148179039339
-0.291143636549119
-0.256448605819306
-0.297849887312602
-0.466729409409013
-0.349546992274068
-0.241601496900848
-0.196602358715057
-0.300249776467727
-0.349716192325347
-0.29023778981036
-0.357860026684967
-0.177279938408219
-0.321944762824037
-0.234260660420973
-0.403741333453138
-0.35405156806181
-0.316061333334666
-0.288472407586605
-0.373413931717662
-0.286768597240123
-0.242512089583776
-0.140371458831462
-0.12604884882919
-0.138865312822444
-0.302422767380365
-0.316687512994716
-0.24675635102698
-0.303235635092766
-0.16927044113015
-0.284608795499962
-0.0605146088018194
-0.273485249858638
-0.436505843546309
-0.34107363264925
-0.227835801200465
-0.192564255421875
-0.37507629311282
-0.352990785368634
-0.270556203618043
-0.156348475653453
-0.145901895605925
-0.243871717652069
-0.186222476330963
-0.268063342760511
-0.136285772868237
-0.139904956105193
-0.364935744527357
-0.183765303320557
-0.296806394747124
-0.175796763825315
-0.183296227706309
-0.185317128945735
-0.215170197682012
-0.0995080450890015
-0.189799952808492
-0.331769587965794
-0.226592914676074
-0.0736702942079981
-0.308209149882463
-0.172974567323055
-0.196177714997571
-0.0128083746666266
-0.201775571110168
-0.164578267111625
-0.0924503849247083
-0.240676106604597
-0.202972694875231
-0.17067918454757
-0.361253814858411
-0.112670831700508
-0.305514662043029
-0.145282335887885
-0.0859714822113016
-0.239483685943507
-0.120058097986393
-0.219958053960456
-0.253779105888718
-0.255556874035987
-0.120604476624378
-0.127848697620468
-0.0222540490220314
-0.171966768989807
-0.0623195238161013
-0.234946077299718
-0.295056292573066
-0.226682441984526
-0.180968262577017
-0.237094002087589
-0.0736472949426451
-0.195358300128428
-0.0128942986029662
-0.0792951930068633
0.040429974683495
-0.0181527283121952
-0.10261071441395
-0.00483334492628751
-0.191187792030937
-0.166102395231597
-0.129967661985939
-0.0988926270716935
-0.0169051432570408
-0.173531897271629
-0.0892365401381585
-0.122427808658838
-0.00662849863544973
-0.183604178171363
-0.188049924773107
-0.156866697812835
-0.0645403216685244
-0.06693471186733
-0.0260675443999492
-0.185180592006254
-0.193513865921732
-0.125514866905732
-0.0226234372717817
-0.149985461710094
-0.173301440113585
-0.160424549956228
0.0534505285913296
-0.0665864142221934
-0.0314653261791113
-0.147009472340307
-0.160061160523207
-0.127817637639614
-0.153868047285632
-0.214833727243088
-0.123519449185424
-0.0962428049897237
-0.125969415380624
0.0997972078279198
0.030643087878054
-0.156910246726359
-0.0972215518402021
-0.137086631046445
-0.0178158500629864
-0.1052796354693
-0.190610468802444
0.0839458384995976
0.121868884559105
0.0528599050949199
0.0496385341589565
-0.179008597248418
-0.0569817308904781
-0.0403528454924947
-0.0331778512789199
-0.0123977676548008
0.0427515444090912
0.0360608986444964
-0.1381509852239
-0.180197323104736
0.117231218292844
-0.0851953715657914
-0.00561569777546083
0.0608534155324335
-0.120418316663633
0.0504605047810412
0.0605729773986101
0.0241192052395136
0.0250404758563377
-0.079525381816261
-0.193608295285897
0.103815935771537
-0.102978394123625
-0.0360874325487465
-0.0216124210408175
0.0541921811119947
-0.108116929052088
0.0119272709051864
0.187075946087971
-0.046851878139312
0.0235104768502475
0.125660102872565
0.070382460131717
-0.0255045730032413
0.122000331482528
-0.00517955010277164
0.041142264801055
-0.0167061994187434
0.216579875799611
0.145380767899262
0.119388205566486
0.0442665939446498
0.0922265011638406
0.103713623447702
0.0700011031126923
0.0633709637945041
0.12286540251151
0.0487189277075862
0.11870759731762
0.0370527857179619
0.0117315915254376
0.102272352172402
-0.0157103446424381
-0.0346974570611047
0.143583897032404
0.0880915771063035
0.011652598807195
-0.0579199328968831
0.00378131503785954
0.199678924430689
-0.01245273502599
0.147455520310305
0.0216906762933833
0.0206861340373512
0.0934359955533897
0.015195313543104
0.16618496237475
0.101722602180561
0.242728034181606
0.0518980271813704
0.188659677478844
0.0356629190308358
0.139091213532341
0.0151763814607453
-0.10299712208508
0.108971057475814
0.101320331483347
0.205709320501562
0.24062886096691
0.228270610496423
0.0169603172500678
0.138038133318516
0.246864183793356
0.141217710542461
0.129977672744665
0.135772754426806
0.102405478064768
0.142099375581908
0.130912846670164
0.0225654853439292
0.130823475837218
0.171370399358156
0.0804544374450721
0.337034806870432
0.0377328462396456
0.196899502903769
0.20567435765222
0.170268405728051
0.111094187543897
0.213943546601007
0.117918213172946
0.160717886633724
0.331990351225175
0.320014284629892
0.253544952258183
0.127837434337314
0.0892978129543298
0.121865189287489
0.204795345633524
0.120594366436608
0.211140073587537
0.149558778589908
0.292413324956096
0.0926712892864665
0.0610003310562108
0.193721589453004
0.161303594610983
0.374514461632578
0.315140485794862
0.191515618776016
0.332334256605528
0.239401618426877
0.226026779537734
0.266407122799037
0.236760875277067
0.213577997632569
0.127614500357071
0.270287947654417
0.305802051638436
0.290205822513621
0.218282951789834
0.371419542202132
0.236855357879681
0.354730703699603
0.222380565533412
0.147973074947224
0.234481535988665
0.289172454949397
0.279192822718958
0.172683870828764
0.348456004806057
0.242459142172999
0.286334591668666
0.28153373542617
0.11200205949126
0.0739437368673221
0.169548731397347
0.394833398501015
0.260069453038331
0.259835133935184
0.292411942202229
0.342977404220405
0.226806683110175
0.0955119816911861
0.379137967562434
0.313281280194398
0.211481493884834
0.344516117783804
0.0620935882548072
0.321174232469886
0.198846522399908
0.206143744456927
0.281620029781462
0.261176559603364
0.276086134164161
0.368738435122349
0.324447338408946
0.431487362224081
0.383174854124578
0.439344760549918
0.212625994845534
0.379279766946434
0.273143697339495
0.320522321632665
0.208140489365232
0.382040067130223
0.227909770327316
0.518639895916672
0.458404890094319
0.29460298923073
0.340351212686686
0.366292746892917
0.364236555672596
0.241912365229479
0.248612221447254
0.312199256604075
0.339441456393475
0.410418905495512
0.377921799821789
0.278532978578813
0.472066934302469
0.441334552379649
0.411719200080134
0.47486247325985
0.503395787077377
0.340415528270917
0.412458458900779
0.556122458867676
0.185789744727656
0.344481472434282
0.432675328118829
0.261791806442042
0.296316909188919
0.237306607671812
0.536613967274761
0.407661647223049
0.325279044080834
0.470829513654442
0.395695608122038
0.405662674677619
0.386983438615799
0.413763792846912
0.339482683617127
0.492697861260871
0.414778359208344
0.439182010936729
0.397529156469444
0.453804115718992
0.363538492793559
0.385746229078221
0.434242344080405
0.409308823320546
0.417155454568838
0.429766964738977
0.290646375919034
0.399749539087878
0.38724142029376
0.496704735230748
0.400402227373253
0.456776000104071
0.35890795363628
0.448655456958693
0.423038222111265
0.283191312796333
0.414946222255976
0.539027388252183
0.470473174144097
0.555107049871432
0.62472448341966
0.444027098698763
0.4567220912684
0.355360754986037
0.540662210652154
0.471603757086314
0.348282080720017
0.560692441957229
0.499315774974016
0.474802948535216
0.576199241065989
0.445847784606908
0.519849486749006
0.525204384352296
0.564375812715179
0.446255531597702
0.556612687972595
0.424783361789431
0.542877523664083
0.408234089057668
0.398205343971976
0.437921032342175
0.747260358824265
0.530466686702597
0.499361342180355
0.416304693944945
0.517985760585085
0.591553414222927
0.547907889315078
0.403454286952695
0.581918894291356
0.672760826384771
0.464233978074613
0.445154801190638
0.443309284673539
0.386814903386601
0.520004731300693
0.571337474124382
0.477375438059386
0.535279303470301
0.493953084554298
0.442463389452216
0.434584646111744
0.51230877151104
0.543688331931529
0.596195168493359
0.63985556765038
0.623002911494546
0.375073486671491
0.512024334902017
0.559805808097437
0.607671046521313
0.586152803489233
0.443178645557853
0.553350601254194
0.620698190299377
0.619333231896696
0.552716994472
0.632517395187174
0.555761576116769
0.539630931578268
0.623330427621567
0.5650997057373
0.663137909125559
0.582389013813132
0.603740636362603
0.381228558186394
0.477154520044868
0.597134144708038
0.537142702173747
0.60543940610028
0.538608248534429
0.577572619428577
0.551387975330591
0.564773435733153
0.63208174700184
0.556134515449734
0.453654314258911
0.806301488027783
0.655970833623863
0.576101064677873
0.606276782227972
0.711076655764147
0.514169676964603
0.69752318552013
0.608854843903047
0.603666735621006
0.581953781499465
0.624115135391019
0.621613190147423
0.636578664824198
0.717654664446732
0.56320929557834
0.717289742822136
0.555675385417114
0.600747520265512
0.692477001496274
0.594622303804704
0.576835785494603
0.780708042943876
0.743164131993931
0.604493515588546
0.66349735100323
0.666995634347439
0.709705936105171
0.711039166428351
0.670139838776205
0.752686645130006
0.747746121554603
0.729950819837295
0.56639463825146
0.604434016529363
0.717138010138022
0.74176069463174
0.720682534010929
0.665303109107131
0.519722476665631
0.617478119275548
0.787619448312453
0.602841596139124
0.721836441739946
0.700150365171678
0.811499199778205
0.654703059958087
0.643515831601855
0.56845869175426
0.779563957959473
0.754690607517193
0.613903913874259
0.671850327797614
0.683741294007491
0.683993194778737
0.723038421762634
0.673636054674802
0.729495670826188
0.606013150930298
0.895085966203446
0.629725941013916
0.553816940934585
0.775358500279778
0.74545445404863
0.768833292044597
0.678594226489772
0.82499588108315
0.711267922763039
0.734672620138478
0.660362495313945
0.727567432938269
0.710399203934339
0.833324114987348
0.859111228837286
0.896661508104073
0.747897507680971
0.688207662669471
0.559643092556254
0.715045384637032
0.726916708086373
0.824027795426132
0.756650750911136
0.697372027418462
0.889561093515857
0.67531828220396
0.872951347420901
0.78024268278018
0.667044076858028
0.840397340006096
0.686935417965772
0.932471327608404
0.750774572621053
0.662485823895113
0.817235819471579
0.828963906105277
0.697239390615562
0.77295437744565
0.756272631177804
0.843537094061655
0.755444954038728
0.817620837603391
0.67940378614512
0.630484526803051
0.86889059507328
0.839009849094463
0.810351891687088
0.852403339004371
0.862382740793145
0.914557012559662
0.831928864650014
0.811670497550826
0.909810028558976
0.974957077341061
0.79557808593661
0.912900801096267
0.683327947823896
0.747701706904864
0.825494296702481
1.03862631977212
0.756188143414445
0.90380964560119
0.823118911647564
0.665574985542681
0.843403007237931
0.900934953794635
0.789193707943848
0.782551762706818
0.882389073509262
0.899784166031878
1.01014740387628
0.869201672645834
0.881293717424323
0.885323691718609
0.977025333180071
0.813242499613588
0.834213697996034
0.971725851155832
0.745051128602643
0.970012455777591
0.922901797892438
0.694662708888732
0.883697012612272
1.03912566876566
0.914838523605543
0.731007180354434
0.948508457671078
0.798939135911162
0.908490734524251
0.870319248342228
0.774718177375627
0.866782654790236
1.06578281660407
0.828536003420997
0.820741493453463
0.971453812844447
0.92608229519322
0.887271731781224
0.94226353187461
0.869961053248474
0.891138642424027
0.917967653225524
1.04371680314851
1.03524344805983
0.833732934479317
0.926822942526289
1.06111416386333
1.08287754556639
1.01334390514274
1.00238823356402
0.92188755735182
0.841354835918799
1.0245075726192
0.972944970816891
0.88342787224473
0.812130768889675
1.01927974988141
1.01476829965822
0.793762741586257
0.768273394185803
0.834164580756985
0.959501286927447
0.847147463974218
0.95375991588218
0.851537856563826
0.966253873048947
1.00618032256171
1.07071547507985
0.998819903296345
0.995567944969458
0.995195698853764
0.966645349934512
1.01318930966607
1.04811858942269
0.99402095263496
1.05272190294408
1.28122738963984
1.14677607436147
1.01244674023833
