-1.01570125783961
-0.900200015325317
-0.976026703994569
-0.91947233498979
-1.01927834397708
-1.10149031509872
-0.97063650773781
-0.796948582666407
-0.91657615603519
-0.956940290036256
-1.0086782318083
-1.03781524519009
-0.984406367778537
-1.04946311474365
-1.07539831258402
-0.972148522590641
-1.0124034922944
-1.17711260105395
-0.987661352189242
-0.977852426085298
-0.98007204689142
-0.946645507562684
-0.84048441323685
-0.959017155014811
-0.849100080750951
-0.958773930434984
-0.90962046137702
-1.0633411504965
-0.945126248452396
-0.763190588966696
-0.889913117508248
-0.854859036938059
-1.17931858348687
-0.859843278363046
-1.08750877068738
-1.05738849661314
-0.824111543345942
-1.06467089572218
-0.936417211137902
-0.808014909078645
-0.967194824197122
-0.881396653438297
-0.709484967358371
-0.748785458566581
-1.03841222175546
-0.837794698190111
-0.970616087752953
-0.983587509628271
-1.07670998320458
-0.773203718781681
-1.13396458808213
-0.974591135295022
-0.934411954795612
-0.727793500419656
-0.933625784071371
-0.788585659433856
-1.03379959367181
-1.00416490358942
-0.744464771615039
-0.942877607198485
-0.781862783801202
-0.980769052521176
-0.836112789488848
-0.840790989293431
-0.85694353138128
-0.826079330066091
-0.817649734926308
-0.953986579896083
-0.814699425079181
-0.818063293317828
-0.906224891097342
-0.805893663167553
-0.945620153903896
-0.68239465456022
-0.760839072250392
-0.733902413966025
-0.830129649905559
-0.74664805812337
-0.839757209500116
-0.81278497447249
-0.839566979024668
-0.752674222069966
-0.887169203901339
-0.758640461987111
-0.77269653675027
-0.668693323576598
-0.745217012574664
-0.992801777041165
-0.848091646971861
-1.014300258686
-0.828124677315104
-0.799533987159133
-0.924993971006937
-0.781468893637458
-0.817822160600123
-0.664668813330548
-0.767152363067933
-0.904980011167695
-0.729869845685858
-0.799813307221421
-0.774701303596407
-0.850446857369165
-0.842388683063898
-0.813787926112914
-0.814577155202317
-0.82676695008501
-0.794897150833916
-0.949775941954589
-0.759316694160479
-0.756087019443816
-0.774559535845789
-0.834759377389369
-0.697148445315469
-0.799728970297347
-0.755555667100579
-0.670242110769867
-0.795054914033167
-0.619595264694283
-0.75296858296189
-0.681256803165992
-0.768799306286018
-0.832132881624422
-0.720628996509651
-0.836781063838496
-0.655081944091312
-0.657243291622219
-0.789226823336686
-0.775244893436342
-0.836806384307916
-0.667081146962457
-0.568734802663307
-0.769456013677489
-0.677115190090775
-0.859979084768121
-0.476118500905943
-0.751489691128996
-0.743615593360991
-0.802992103671013
-0.670249284063595
-0.645747551894116
-0.560917468447929
-0.568272168148799
-0.66712534952635
-0.656598284467878
-0.789020700645405
-0.790420909667301
-0.764945891589235
-0.711349475831495
-0.647638318292067
-0.830589060146306
-0.708778544256041
-0.75335472369636
-0.700191983625714
-0.790463409736577
-0.643586637928325
-0.617675293106358
-0.778311773414873
-0.613216717247158
-0.651176262540792
-0.697910649779161
-0.653117173801774
-0.671492416961152
-0.755242140408295
-0.720442788432948
-0.583718777330357
-0.60478570844405
-0.855516127852783
-0.522520825424468
-0.718671025307921
-0.651223758026596
-0.680111761299545
-0.681127228683912
-0.577488648200428
-0.655976316787141
-0.607548154424012
-0.682016897954429
-0.644265086790091
-0.493470487916192
-0.786197360053642
-0.632383146046316
-0.677106865576834
-0.576791314150169
-0.647741355513494
-0.539466440651932
-0.58941978698252
-0.578282331637624
-0.661344104393042
-0.536853372189547
-0.661523819611613
-0.582096110504923
-0.508078391319692
-0.700066669428419
-0.668211493032082
-0.618008597306303
-0.60410334940009
-0.737661381390679
-0.560370868817399
-0.616003842759049
-0.644833628338517
-0.699707721784724
-0.480743710067967
-0.546625867029492
-0.729402301195177
-0.611759513228686
-0.691954114636373
-0.63303214603851
-0.749797732924031
-0.644614262916449
-0.583494284963828
-0.500877143845982
-0.645168790846415
-0.550687010189053
-0.560313198278099
-0.532242501999906
-0.574454925534286
-0.536563848587305
-0.581888235093807
-0.625617294158432
-0.618641043147172
-0.690274900144206
-0.549164310824124
-0.564024637846319
-0.603621419068126
-0.593221854956458
-0.467890418478343
-0.458124554093001
-0.639444902691669
-0.552260844278706
-0.594725448991592
-0.534884158630113
-0.33949262433971
-0.503113299013189
-0.409832045787123
-0.622208418176259
-0.454133409820391
-0.654242400590148
-0.518794788873304
-0.512804173910331
-0.525685555335523
-0.576822653120861
-0.475171125548419
-0.525475863334181
-0.629437419287108
-0.616633628437322
-0.418413820638688
-0.443726276164838
-0.456086426421469
-0.54900721713177
-0.4257317611184
-0.462172047084365
-0.523024469624807
-0.513334251405598
-0.419958797400531
-0.580693259551317
-0.607876461661343
-0.533690210170172
-0.450733989037765
-0.43729857627517
-0.457291171930881
-0.36811761980903
-0.417610825133298
-0.591696856660837
-0.347671732312249
-0.583068884414855
-0.578226880222296
-0.492887660591546
-0.41955466397119
-0.279050145865253
-0.339052178677817
-0.307181202314489
-0.385063649475732
-0.424134456126912
-0.507917539283284
-0.539806491359816
-0.371810665729315
-0.470070714782882
-0.529930844469676
-0.441570731170031
-0.438879414752723
-0.45446064173029
-0.475480062249496
-0.387366578787397
-0.510192115100157
-0.266162661758513
-0.379748762847374
-0.40088080280074
-0.45809929486787
-0.449500220963873
-0.493004160786385
-0.343672240069803
-0.398803359835579
-0.476159417165392
-0.48070933090149
-0.410288117575983
-0.501309640853298
-0.303548062633067
-0.422157374957182
-0.448482880680788
-0.607799391957642
-0.418146655266401
-0.427633358539312
-0.390986202277707
-0.256909504386856
-0.320425017392697
-0.364675535958297
-0.373850019610805
-0.320329274487455
-0.294991381548502
-0.353248078332499
-0.334299355276433
-0.515110605832978
-0.445942782576101
-0.14345592738832
-0.500213894633516
-0.334127239410664
-0.358522011234543
-0.411331562594471
-0.427812828006261
-0.423300971501279
-0.373506597524287
-0.355595846347641
-0.321594879543332
-0.266006442169026
-0.345535929298843
-0.366952206681564
-0.295783929702984
-0.118088952899398
-0.305184162402047
-0.357613592994342
-0.175371794906399
-0.49536721841342
-0.392253740629262
-0.299269941711759
-0.282796073092291
-0.286938674371328
-0.214109605213754
-0.422525394824747
-0.309234178985299
-0.344830575208869
-0.349136831517315
-0.316277972873108
-0.228132913645344
-0.28539674641187
-0.438803061755032
-0.217279452374521
-0.167590828332131
-0.209300152487195
-0.20353031944461
-0.355172157246111
-0.301244599780203
-0.192247823123912
-0.369705566917296
-0.214775451708638
-0.341627400220195
-0.309245248782276
-0.278412742332472
-0.238486311727772
-0.30830229892504
-0.238131230683461
-0.319251797093711
-0.390050974184461
-0.325588697855361
-0.348651691057064
-0.211133949104206
-0.197854703258443
-0.184869372870879
-0.315256569144362
-0.257137773178225
-0.247870374232226
-0.164051476318357
-0.330358645894174
-0.230030430730344
-0.461975769874782
-0.186172520766941
-0.308490792637304
-0.298873542927588
-0.180757502994679
-0.279219618955072
-0.232095054549143
-0.250819994257682
-0.376778355154685
-0.271098107529835
-0.242542232486149
-0.356343453689404
-0.245960904291786
-0.277443508322031
-0.362489389559738
-0.188400380635055
-0.0950592236614839
-0.255801343109537
-0.16544891817436
-0.309420215091339
-0.0774717992830897
-0.133451542233728
-0.294106787039538
-0.296858018865605
-0.142138018594097
-0.214201235889929
-0.377279600849538
-0.158079980633124
-0.216616445997589
-0.206994486058248
-0.231383192505529
-0.257095164591945
-0.308509193906358
-0.11939173062579
-0.0960610328856398
-0.3037106110514
-0.111491313311756
-0.142419535696201
-0.134512352593569
-0.243369861035343
-0.160269549000235
-0.24067403411802
-0.235016426079946
-0.0672429961375026
-0.23017221732758
-0.293345986491959
-0.182663575308979
-0.156176481559274
-0.0299489274886123
-0.217351185544199
-0.177527624189251
-0.187332786695137
-0.24914234109729
-0.176469925151917
-0.20209485235492
-0.169565316133454
-0.124786392982593
-0.0678547599633254
-0.138557948086249
-0.133658256452453
-0.237126637339414
-0.110137690009156
-0.0505602753238706
-0.14265114428949
-0.13693250338425
-0.348383621404768
-0.0995763693474505
-0.172475207655168
-0.0607883624083858
-0.14566901726797
0.0132764498753248
-0.127536983782684
-0.0713905037360132
-0.140398209362424
-0.120705655795289
-0.145597922464158
-0.086375521737205
-0.0449852816966066
-0.262456612411244
-0.136988872662353
0.0641513439628284
-0.072590500389118
-0.053878103531677
-0.105434901493028
-0.0831046158389427
-0.0442124996568793
0.00711490377609451
0.0147950948938487
-0.0719645663256483
-0.109327516881559
-0.0529667807662066
-0.000308247216348211
-0.0736495074524044
-0.108018955035318
0.0874239401851381
-0.190832415041208
-0.0167699220348977
-0.0128875717390567
-0.0902199589446655
-0.129649240884558
0.03186091117641
0.050223816900425
-0.0588229240584065
-0.14391051038268
-0.269748682878224
-0.0636664301120763
0.0537172966734874
-0.00429679497697599
-0.0166943063494908
0.0360204922742766
-0.118184218266592
-0.0656317211493814
0.0451724745860521
-0.147902729992161
-0.108631908359272
0.0852382002154761
-0.253041285857666
0.0791810430289185
0.0295567818726406
0.13606084825257
-0.0909736729321826
-0.065007682751809
-0.0623346702551019
0.0972518695967228
0.0186835428800577
0.0353978388811994
-0.191563197809738
-0.112380813232093
-0.0519282875203886
-0.100760488281995
0.0418089242947786
0.016993501867754
0.065918430206278
0.0880035805388209
0.0149819754244462
0.0933662603175189
-0.161757819985116
0.0137974511568643
-0.132865906064088
0.0491739415931492
-0.0550059626437063
0.0849578750491375
0.0438920626986827
-0.0233115079067779
-0.0837060445393314
0.108217939970616
0.0446335144882134
-0.0248654575276423
0.0478630383818124
0.168011738330536
-0.0726244899922487
0.0870318537404835
0.00550050096095292
0.0418947555338535
-0.0665062919793457
-0.129130255983882
0.058988785491022
0.105853342509808
-0.0318690332977537
-0.080062530798644
0.153869532585416
-0.0124439189936075
0.0816704760053052
0.0203774873377728
0.252596279028121
0.0801692887179937
0.0273769987898675
0.0312830208227223
0.174309509262081
0.0315798710845034
0.0463737945962347
-0.0349254896879257
0.0317587664956276
0.0472607731021749
0.0847007968664542
0.0761092123558701
0.0925847420826006
0.199999202990879
0.0836155044692588
0.0075429317730778
-0.0836882466823211
0.0345703470937234
0.146474642519894
0.077909661412462
-0.0399988082728187
0.15666853691777
0.187510798651317
0.0593619934985345
0.105362900916399
0.0829057431246029
0.194074830446974
0.260334201953451
-0.0385824057958032
0.231520323314128
0.174922633892742
-0.090086108525241
0.164049384644392
0.152217924849011
0.0854076327250411
0.159402234585642
0.230981389376393
0.0880033485105933
0.0440951188343091
0.0724159967202793
0.318429022287477
0.249948217803599
0.155234743326687
0.18164379554152
-0.0334119655236196
0.251493516639059
0.220485168935134
0.0607978501593389
0.0875940946117501
0.0818659788011486
0.16300248169463
0.202531228977866
0.21939716718011
0.072446274839582
0.121541151630932
0.268012341261463
0.107948424085745
0.235173084915038
0.0652206568342882
0.196331130729176
0.291057954408955
0.23092447154842
0.163916663345654
0.280007419767935
0.125553779045374
0.334950264712678
0.165861452557417
0.297912822317304
0.220079490623102
0.0214266327181673
0.185641273940797
0.290908896351376
0.280902031529873
0.353126517433136
0.167592656131052
0.20625712239446
0.365766375130108
0.304470824414837
0.284509067230575
0.175233082768012
0.0976531335216399
0.268009454346974
0.26920533747747
0.0147267251254193
0.250171729587802
0.265053105289608
0.184342757819578
0.298086386105455
0.187122568418351
0.277600620981787
0.137116336310126
0.256809247336451
0.196696111095136
0.371107960441744
0.41726906264204
0.246015022824484
0.118550749897105
0.284739145114161
0.273592445374021
0.334155956500394
0.132349091311182
0.437193951833144
0.270790958294331
0.226652875530528
0.141971555248658
0.301135487130896
0.268705061271051
0.2716664688048
0.183409242166553
0.237261807873687
0.287466205513078
0.372159024823138
0.225784448001381
0.320735235843259
0.391483637029861
0.277574756111173
0.416177780837135
0.453189354460376
0.32142681000712
0.360489438353991
0.312995949118931
0.350598442079888
0.398474244428724
0.260116427731136
0.303728849689789
0.305610311023474
0.350648012365633
0.40024444639758
0.547659763419504
0.423572991969126
0.341167993418747
0.326780680963446
0.286918424838367
0.483653286273799
0.310155703021734
0.400227942125518
0.323713671216147
0.440831103091807
0.239832018209388
0.390441799782796
0.219814558192933
0.266024426597973
0.267394515652472
0.271685557739002
0.43924052160372
0.231954234660751
0.353506805450409
0.298924651924149
0.33677919186357
0.469516902677994
0.438977751116686
0.350591977544868
0.394749803353142
0.415179390852349
0.309743370984053
0.396696283610747
0.325665041869231
0.311378745951114
0.4265962445944
0.416719769099946
0.376115613731804
0.49941533454608
0.46476651219794
0.26978665528753
0.423802371401386
0.542097232376285
0.46719557218804
0.413966104346731
0.355343910862222
0.40538708881165
0.369082345643268
0.39053106444259
0.238097227511358
0.433950351975533
0.551986456363058
0.360876737806748
0.454466823051777
0.580265465610224
0.498819966883568
0.463991258091086
0.373878826020897
0.547587924592048
0.346982177531187
0.417478214998288
0.484105696255882
0.3297409854508
0.468013052593765
0.361840651460687
0.440917144477108
0.353807346118107
0.53235215749429
0.521138365453779
0.366707311721462
0.438107556397346
0.502407360260381
0.466030906633008
0.461488204346361
0.515158805102652
0.368609376212763
0.442533016354822
0.480919936439794
0.582850207403149
0.298160920363668
0.479452980010489
0.413678706802756
0.620714664493008
0.604286364822994
0.400791675863984
0.704422122041894
0.491825910947292
0.55938956250132
0.567561837785548
0.411363298327001
0.477871991422297
0.435241582947662
0.493364390089604
0.48596320059124
0.473023714423158
0.54778009131055
0.424602399188042
0.521814255536893
0.554775903842512
0.377182400995118
0.528094386047388
0.551395331800645
0.494595646470375
0.54154171414257
0.495199692451411
0.507472243092787
0.487817826535842
0.610452708601877
0.523245167401613
0.639142996826219
0.485130330763359
0.445833215231345
0.553989718854327
0.523432393362526
0.525133497294346
0.530117225031118
0.53198122401342
0.500404309574795
0.506778644264459
0.586940024745343
0.57741803292323
0.549343784845617
0.509850909037004
0.553273469165024
0.441764566869316
0.547257292276592
0.49678655960334
0.555029170607773
0.684013220462232
0.543254046112538
0.641867528164016
0.531654210851982
0.517075576313115
0.576312805076969
0.687223882344292
0.49949017420187
0.492957449391064
0.584699630430243
0.646345591000248
0.501154736343583
0.58951249420049
0.512347999038964
0.661566534560763
0.576863574720204
0.605936071979565
0.582024520034626
0.703903211132175
0.577435221104114
0.519138505828235
0.486239262682438
0.703514446951472
0.645456376519797
0.597084273596994
0.674529048548772
0.796852745643432
0.66651916670465
0.618896555197733
0.649134412414667
0.682333369365995
0.513435903560047
0.577323181749827
0.609398377397502
0.710094008878056
0.576665362667362
0.706951532886671
0.61749480667823
0.521057110586187
0.755382846788968
0.693667226689235
0.728031449012551
0.712106284945939
0.571489249969914
0.580104053567483
0.645612391205783
0.80370836089062
0.590811574380493
0.646591870796747
0.68946432442314
0.852305422789997
0.65138765562339
0.702246930304419
0.731873392443799
0.748358927829795
0.632555662097501
0.773890558623985
0.678354470999686
0.845066345511441
0.662306393928551
0.820518414897456
0.693831263602934
0.604648237647922
0.738905701743841
0.666723659762121
0.8166811290118
0.694360616437312
0.768996879605504
0.983034024261571
0.819762984001553
0.582317171292905
0.680565833882827
0.789143320103545
0.624462083668148
0.623818705939196
0.655851168264384
0.882841003578988
0.739389904185953
0.707685504165439
0.624349818299637
0.825309079735603
0.749791359643304
0.690565856409032
0.690546851756242
0.769071314108209
0.713017198660631
0.692731292086605
0.800354615533739
0.647594786187616
0.826592529989786
0.769653340169164
0.975797631561835
0.713768078415516
0.618372070924694
0.809571264858034
0.753256924924888
0.695989854715414
0.843638430509192
0.884653419447465
0.750164702647899
0.572189792356606
0.877399062578797
0.712088285486631
0.765797747134453
0.740337221649234
0.877143905742016
0.695436453043918
0.825049262257705
0.820477652813997
0.717874651570248
0.850656975520203
0.6445364748657
0.894784498222554
0.872862383708569
0.749746411001573
0.732230040614201
0.824534072978132
0.744114994784936
0.676984439008292
0.786779147792043
0.862623596743067
0.826536758856126
0.83608748528339
0.861854713616049
0.85998972817784
0.852172856788983
0.875243779666598
0.848891795578369
0.683795357196294
0.804901289709168
0.863187855921633
0.878482427756129
0.829418123875787
0.901039711134531
0.96711691146244
0.791058502837771
0.832991460700342
0.857143687832574
1.01002072299266
0.795682567429995
0.839081043330485
0.80006849105971
0.844601790392991
0.834432855728304
0.732520357941506
0.815601990722548
0.868218842325364
0.807558450861668
0.698517724314195
0.77878681753192
0.813675143060049
0.796041064565175
0.784665673905471
1.02670504868333
1.04481635146772
0.925300925888754
0.862269374259782
0.765518677426994
1.0313854902795
0.788473269592783
1.00805566327484
0.938996983866454
0.758990431836355
0.948026556897523
0.898823485706424
0.822135573261141
1.12536162019147
0.720322989396193
0.868124738756661
0.889826931897354
0.910824788907976
0.923661893436613
0.900892727188925
0.986215066346967
0.988067175686039
0.922257986964235
0.772371350622528
0.913286943767764
0.82820736897394
0.759685326443585
0.9900337369698
0.867093178665236
1.06328946402421
1.04004994751289
1.04431991043276
0.981896199533792
0.839945644374772
0.906474980476021
0.924802112597039
1.0712224273851
0.783769018888365
0.902918734806135
0.926223243098466
0.918189405426925
0.869499642223394
0.895296663512266
1.05096819522947
0.974691319089209
0.951412826075053
1.03135527376313
0.983792206051959
0.850647342067703
0.938458470393206
1.02835519524885
0.907746470068554
0.955505473213334
0.92934560041475
1.04104561089634
1.07771754167211
1.00372820810763
0.982339778564279
0.964833325656669
1.22999111433637
