-1.18498058264809
-1.09156028399032
-1.12150942924981
-0.888494264805225
-0.942247466197314
-0.952400517206234
-0.994495429878217
-0.922902517447262
-1.14087893881076
-1.01875747739316
-1.00994064164014
-0.98955785493701
-0.909202879434614
-0.860217944582286
-0.92893771030475
-0.966044899377858
-1.00432869075221
-0.975849152343612
-0.934938066137849
-0.877205253566304
-0.928598989181662
-0.971969391245028
-0.851781962511577
-0.923509473505986
-0.971333665459685
-0.834027756557014
-0.91699760015824
-0.866176495316768
-0.937539883162156
-0.965021580029318
-0.978888256933459
-1.01346117527329
-0.902136710709006
-0.917080699358742
-1.04308768298691
-0.964920327362664
-0.910375882778089
-0.923605793773654
-0.815880473438932
-0.807808212106563
-0.921839515994398
-0.793059740038563
-0.814134207762656
-0.790522037676363
-1.00882436006379
-0.892788895435742
-0.901190903362092
-0.951688638270253
-0.87389051804737
-0.867393104188692
-0.801840647633217
-0.98693147638145
-0.869567458401273
-0.8728666097038
-0.905512436494078
-1.03588093037121
-0.906212038499947
-0.897102882019097
-0.96679295002465
-0.908578009880166
-0.698490959272382
-0.923781222610943
-0.88477052845271
-0.766463004859416
-0.824816287231685
-0.694260301738625
-0.894282105867565
-0.847062557000176
-0.827258254798537
-0.8192942596801
-0.865445289096088
-0.823061065952204
-1.04799363034762
-0.962652461503918
-0.940921118977472
-0.9207697245508
-0.854056761027843
-0.727083986184671
-0.757106035714424
-0.814119999554742
-0.834211175096518
-0.829046999142737
-0.894485414122453
-0.834199305963016
-0.8027081251229
-0.735012281402684
-0.821812276105187
-0.896979488324898
-0.893176853252827
-0.801358561265215
-0.731195640965643
-0.722678668601529
-0.75993663925873
-0.63679006890569
-0.819855611326818
-0.917431115992012
-0.847956433481129
-0.705191985624936
-0.785933383214268
-0.742380123871851
-0.876440041858434
-0.799452006852835
-0.81192503565666
-0.876771424963975
-0.809733123307681
-0.860645862931932
-0.786240039021108
-0.788174929834175
-0.809242490992716
-0.783562041158383
-0.777263173064053
-0.811286140392118
-0.784845140356737
-0.61765599873387
-0.797870530828586
-0.878051216311435
-0.660602707853504
-0.699829586602729
-0.638241883943833
-0.629749307956093
-0.650820439422597
-0.791193318004315
-0.689062860596298
-0.802189868521674
-0.740131026304271
-0.686727434586499
-0.704926964244121
-0.586668267211711
-0.660015603483917
-0.797689558580352
-0.665115831172437
-0.859671310701244
-0.588188416061989
-0.618868076113333
-0.73359093441473
-0.794395444960584
-0.735905277779511
-0.720001577483796
-0.631502089701041
-0.761922892727991
-0.679630395715536
-0.778145909433196
-0.7958274363813
-0.854654155298081
-0.610689836018797
-0.75677542406667
-0.650851438605097
-0.767259663195438
-0.763378117262424
-0.740317641002919
-0.562492118063275
-0.652935910898603
-0.762957436120716
-0.605035024117078
-0.764405516001298
-0.707509081780246
-0.595388608244763
-0.725033263164468
-0.755226660962775
-0.761713800762653
-0.692601067050474
-0.753890686631703
-0.594767935512618
-0.591688644137266
-0.67758560705188
-0.575505146026038
-0.546844352518625
-0.718167516423989
-0.546106358840427
-0.76154661760454
-0.71453728426664
-0.643420529295167
-0.748856612827862
-0.531502231808752
-0.716968867803771
-0.667173032920559
-0.662097167158315
-0.607521106008787
-0.666940587280923
-0.668080063576125
-0.698000505449297
-0.618318569310715
-0.602225278848233
-0.58588079285965
-0.676722064131682
-0.629923749881328
-0.60478447385933
-0.669980661658275
-0.656574713851894
-0.834100104828006
-0.520684299662015
-0.668378009678868
-0.629331001952184
-0.632552780768976
-0.626042866002192
-0.658178859975038
-0.534064465744187
-0.735195370597009
-0.568055146579269
-0.581196245225008
-0.601988636640667
-0.689884186450321
-0.650474279576309
-0.646861182519394
-0.634759247923016
-0.657091508763549
-0.41423759986318
-0.487240489088208
-0.752857500604834
-0.656074568131611
-0.551013296081258
-0.467013335869494
-0.531835260357837
-0.521636471243973
-0.693073564568425
-0.418475682834887
-0.426422196412227
-0.718955159332834
-0.603941544600613
-0.551628565584874
-0.550275351867712
-0.507031820691694
-0.634775480605178
-0.42369178253846
-0.485232028512845
-0.658941485860214
-0.670906134631602
-0.466670060277789
-0.40361939971215
-0.42664304131995
-0.606377977268669
-0.562097056912218
-0.358089453607183
-0.580899396209529
-0.504507127765329
-0.557155121515637
-0.560068293598412
-0.434607763994096
-0.568415016324298
-0.505494733163951
-0.559313275830722
-0.404786965832826
-0.589228125644323
-0.481404987052131
-0.37688536444446
-0.519952389678717
-0.56158262084062
-0.56387978148928
-0.440303380342793
-0.466095632314961
-0.564631402213474
-0.52828682074232
-0.524087063008049
-0.531331801809934
-0.666021998443582
-0.486193396051699
-0.391606932995915
-0.377306565305549
-0.460002828209808
-0.537402524970855
-0.474239268515926
-0.421874261333014
-0.54366302274811
-0.403667178919266
-0.490391930967278
-0.475336935934632
-0.47951756574912
-0.485202107722823
-0.35591326001345
-0.347953187622409
-0.473971798305553
-0.538302650309524
-0.474194977022936
-0.317181835055824
-0.450541389215854
-0.418447419939025
-0.397419573190455
-0.505709226387472
-0.54959781271286
-0.440907168013754
-0.325493765331054
-0.384670784727465
-0.532016407881689
-0.43581971913582
-0.369703810390687
-0.351481828776356
-0.460496244386408
-0.466163423580631
-0.317396090007416
-0.363800025243957
-0.40371156846646
-0.55830819607615
-0.401550916955302
-0.4079351778794
-0.421236441440138
-0.301411799597173
-0.536685429967371
-0.369521576764813
-0.489264466453592
-0.494357408270115
-0.344053478439105
-0.396525439857546
-0.361920589465845
-0.396396642795455
-0.217173705108674
-0.248998472723259
-0.355838396024661
-0.448685768691912
-0.314173966618591
-0.471508442486919
-0.309693873614447
-0.566269689618974
-0.469167913557392
-0.259488050991553
-0.397226959590442
-0.26787031916491
-0.394006864039879
-0.525480040930596
-0.267790969187073
-0.303902374417786
-0.296659571714118
-0.371425129963859
-0.24189112318907
-0.213192383896942
-0.321314596870221
-0.345113722065614
-0.370896259356168
-0.311262377605639
-0.483462401589731
-0.337828307642025
-0.337745061724626
-0.301299177306183
-0.126651425905304
-0.40675054837025
-0.437445975244965
-0.423808675176459
-0.343191684375834
-0.383630342952406
-0.299322321937637
-0.405782600441158
-0.300731605340267
-0.412740066591302
-0.311548234473346
-0.263278658206447
-0.334530889391653
-0.285066651463469
-0.420455952064071
-0.296466225001541
-0.24579446161557
-0.269768050436548
-0.468647567988227
-0.371416768937038
-0.260900323735504
-0.219692008486128
-0.308018623395251
-0.336801489310533
-0.301643893907511
-0.360802025510273
-0.203825433779709
-0.315529824579728
-0.234357640833815
-0.379668014871244
-0.344243766724422
-0.325983368189412
-0.26497730776009
-0.392119707088574
-0.287667173402607
-0.229701684253719
-0.138760512369015
-0.127489448226527
-0.159359112271881
-0.309772413629877
-0.310624155491503
-0.215537643380076
-0.31574339589382
-0.185972374969209
-0.283857066781801
-0.0431786115938252
-0.295441694206303
-0.459674509836087
-0.337697032807799
-0.248071613808243
-0.169155876308979
-0.396727594556992
-0.377918594724513
-0.273891749605482
-0.159719427263363
-0.153682406188086
-0.250517464735312
-0.195961580432131
-0.270710291317343
-0.150972560541074
-0.11171662485174
-0.383634914843791
-0.178579408045464
-0.30056409492166
-0.189200102831096
-0.173825719695132
-0.159692651959249
-0.216321339891309
-0.120988586294144
-0.188916028263415
-0.346551326866777
-0.215741958429219
-0.085078287929234
-0.337420305441959
-0.190032495310822
-0.189210788570083
0.00345219005974908
-0.17648675056368
-0.163685155080807
-0.0926095742457731
-0.222635643865184
-0.205973775029528
-0.170520520932572
-0.362487759239586
-0.106854656819917
-0.31558434472772
-0.145841043116733
-0.0875873407637903
-0.250447475649124
-0.130746731613001
-0.228245780419146
-0.243294161028845
-0.27315838737936
-0.0965683265436977
-0.137266926665116
0.00790965605550117
-0.157621569704214
-0.0550193363230886
-0.231774264368171
-0.283351595686534
-0.23903956088136
-0.163933894697491
-0.23942021273908
-0.0736446801203957
-0.190598751942405
-0.0244957328091142
-0.0626516247641117
0.0463645995380576
-0.0241324491014343
-0.0904800711136238
0.0122888997899331
-0.18252630233804
-0.187100488800153
-0.105189218441751
-0.119059995445585
-0.00910596302425927
-0.19404005036975
-0.0805658608548726
-0.113663243904334
-0.0180030526717204
-0.177921875241142
-0.184960102277677
-0.145417830413627
-0.0816708863798206
-0.0696577562622715
-0.0124836009497012
-0.168436353097016
-0.198470239019908
-0.132468447787589
-0.0359079684230678
-0.179370988779632
-0.196145751657058
-0.186786500299789
0.0656324546920523
-0.079462662740958
-0.0306258075944
-0.157004209835691
-0.137209237170863
-0.152840519777647
-0.141557439396733
-0.214311077219413
-0.102406529592114
-0.0837906926280015
-0.109652881430751
0.0836182711232859
0.0250598550806189
-0.141356013948957
-0.0889583510078245
-0.138279093328735
-0.021743958545552
-0.0988753011239587
-0.185068968723985
0.100925341144707
0.117663909503592
0.0374209607732518
0.0320554318094668
-0.165628427719372
-0.0624309223777656
-0.0609185145406208
-0.0416401422890634
-0.0241363483103182
0.0345943538470116
0.0561309860371453
-0.141782953157246
-0.177722915135373
0.117538665215134
-0.0843458726390363
-0.000305492689602646
0.0579707538882366
-0.0896400692775374
0.0448517976855439
0.0467960990655064
0.0381452165146501
0.0480525481819353
-0.101010944757116
-0.1755458102887
0.0955897316938434
-0.11026442332788
-0.0185927116060914
-0.0041273381875582
0.0586370618510155
-0.0942463333564185
0.0325425376809535
0.186055525250259
-0.051429221125877
0.0437769916971217
0.133385782635367
0.0648219520208185
-0.0230458613369737
0.104811388696064
0.00442752259281444
0.0439079848879833
0.00373024271323985
0.200094764409746
0.135258251627453
0.119260602339825
0.0459056746522424
0.0779743505800754
0.11152752534497
0.051084842781944
0.0361607349477686
0.126552355687212
0.0582616206254144
0.12353272155489
0.0436432134450764
0.0305754678354827
0.106093529061285
-0.0349048951739689
-0.0225272950418911
0.146619518975937
0.0703628012400289
0.0214189879121605
-0.0621141076403939
0.0121920103136444
0.178589182008004
-0.00718097497986891
0.130972824553124
0.0144744222723712
0.0399840605835985
0.0950471124460363
0.0090712685311436
0.177244921259604
0.115762950700432
0.24126149592574
0.0455205881502862
0.194732194889022
0.0135787144313904
0.156676693864425
0.0461935631905127
-0.119632929417183
0.114343393677943
0.10895150867364
0.199677745945411
0.248536424540906
0.236021942926448
0.00732238707287851
0.113373790527571
0.24616800411001
0.14459934731367
0.105785585928501
0.13689217451335
0.0975060527164184
0.152390353544509
0.137224498239285
0.0297987140731312
0.126973200525744
0.193278636310296
0.0838417977247114
0.329056698605816
0.0329604980532595
0.219914764225413
0.18623086838433
0.179760952808729
0.124081431814337
0.238934065060779
0.122713576734576
0.147503638324138
0.304434778070218
0.300132176853241
0.264673035258093
0.113115959317579
0.094491132104125
0.135750954002602
0.180404952324834
0.12213668338779
0.230697919668836
0.14130848925029
0.287596904877695
0.109440708349255
0.0722822080526434
0.196285829612742
0.185889347930852
0.360988846245844
0.341327788998145
0.198983586355785
0.350520687942756
0.235309215663554
0.23450624935954
0.258396458258799
0.248894707228322
0.201628284479468
0.115122065997226
0.239011906814568
0.311259949189894
0.283600980712589
0.229246280944433
0.356898625170821
0.246415935015392
0.36032787973369
0.209275413906883
0.154732071244593
0.238590633272597
0.277964360800312
0.291431121899855
0.144814225502294
0.360811287334635
0.226056046359601
0.308797327158094
0.291217293749525
0.118734353230446
0.080059737933302
0.188098609986385
0.399623740970529
0.297497170944548
0.280268704925472
0.307838414308768
0.347966287295037
0.223254325979579
0.0920662471564408
0.382648827305219
0.295698000417184
0.233781247122707
0.372878130990488
0.0660621650765961
0.322085209218754
0.191520520399315
0.238207167388066
0.286494414029669
0.276917158211869
0.245951324469738
0.381755460360233
0.3110427738989
0.412708119856828
0.386454718203226
0.436103173981807
0.217161665090831
0.402645677402827
0.286693113120126
0.334688263398442
0.193424136741791
0.373593565439522
0.223946918786994
0.542961766861112
0.44334990557611
0.279885495979644
0.328055159714767
0.390185057154241
0.369339688197065
0.2747399900955
0.24415352542623
0.320489141468991
0.339065600429135
0.406490711799682
0.390153740793573
0.267111355594184
0.473248611095961
0.458647924253998
0.42928081326997
0.463533667685845
0.504440452395893
0.358381582204032
0.398800949410534
0.532246260525849
0.166816088723004
0.355997825523298
0.43805467801686
0.251285921193502
0.275650071732636
0.250720532383819
0.525060688076557
0.390985503846133
0.318279610258611
0.490164242309562
0.406230616125781
0.392403778309216
0.370600822929744
0.424448567590182
0.345278783714705
0.500788759668992
0.426660834796883
0.458840938192101
0.406586110756098
0.439274199949912
0.37451723941045
0.386547460342945
0.449303477982195
0.388360296542635
0.406134319120188
0.427044919591003
0.286300114384964
0.396524235663411
0.390122681417946
0.493449751065549
0.38478689574791
0.462655297055421
0.38743821035882
0.444474935028876
0.421056416281755
0.283766549146896
0.411945147976875
0.522917700761703
0.469164081651287
0.569879646139507
0.612171009640066
0.45703291336948
0.460902829144367
0.34325678322362
0.547720104111286
0.481412478942457
0.354186706083693
0.578311014531785
0.500029635816552
0.460854546157397
0.581747130568016
0.447025073977121
0.536758917495186
0.55586736988463
0.574537329518171
0.462120088015908
0.577877342464242
0.418540846776075
0.547557448519397
0.432902801176563
0.393483872098247
0.440024996634977
0.73686250675335
0.530226636442113
0.490364768558771
0.438386617165555
0.520003599047735
0.578195194380717
0.544129649631884
0.403632801177481
0.566849996439536
0.678203744705984
0.444145043469822
0.456147083080302
0.454290442776304
0.365647275023734
0.514029753950211
0.550390367900415
0.482053839747085
0.533859849156197
0.510289597198961
0.450100299764908
0.456747897940669
0.520390121278973
0.561286694908918
0.599999257354549
0.659307891786876
0.612424251588973
0.368021313649853
0.496796322931206
0.577792987670339
0.606248765301332
0.604580565715084
0.438582968491188
0.56064762835899
0.623179708691376
0.610841304328995
0.556466397324084
0.658141965428071
0.557257751472374
0.538133999844503
0.62800874476707
0.552741165611486
0.669427315857233
0.570302176404443
0.58961251065818
0.377160801501544
0.458336873439941
0.606089350413579
0.564607886771824
0.609019085248962
0.523899879257823
0.598044286106981
0.531199325049229
0.553030325948569
0.611284887924058
0.574861607840653
0.449398010516723
0.835780108533018
0.660083157817145
0.568277095553386
0.601496417006269
0.713349979095757
0.523601196550147
0.716910814402735
0.6012710279056
0.599117580198324
0.585413360971026
0.625599402088788
0.633951034108541
0.625906512705347
0.722281108697812
0.555024886159675
0.734491554394665
0.554426709791306
0.596722707742486
0.699920599457347
0.595572620217619
0.588269195807776
0.79833548276745
0.753020248912162
0.613966771592777
0.662986222622385
0.662531770422048
0.712255822884705
0.719956217761898
0.663575553327308
0.763872490290564
0.774903604058362
0.724482475979783
0.586661091498343
0.590884742674903
0.696469136245018
0.749422461484482
0.723275936794764
0.661021333921001
0.520342290745864
0.633433470556386
0.772173904262655
0.610580636091524
0.722710384704092
0.693078018253383
0.818552232850695
0.664678194938591
0.634885462800659
0.576775385400037
0.762084845403438
0.737460285484692
0.601279461467447
0.685344200386225
0.676265350807846
0.698999878336545
0.726923134485275
0.645645749763609
0.736735853147009
0.59595128068333
0.862865813438824
0.605498819308083
0.553184555935244
0.786167348200104
0.746771528630119
0.754389225895394
0.69038478924195
0.84927324287488
0.690986857775867
0.740091312671538
0.714917159060165
0.714742528942222
0.719266194284859
0.834877732373899
0.874884472628028
0.899546454258855
0.737654165664413
0.682746419382826
0.544859303474842
0.713367928738005
0.733473876377273
0.828496712770327
0.775462936853975
0.688790596420715
0.874888092829812
0.695916959349693
0.847857101334795
0.760129601098995
0.672309988692013
0.839012956401258
0.731661940610081
0.950442666414259
0.749889845930998
0.690197593714352
0.828551283987596
0.851434050095566
0.691651031919842
0.769609783813404
0.744557891908214
0.86097942413568
0.761481641026284
0.810746236686314
0.675042760648115
0.644827432574387
0.862650894932925
0.826648916716862
0.811569997503767
0.845540023766452
0.84769275906827
0.930367832855705
0.818621698457021
0.791349073724141
0.896226472130494
0.960294441994986
0.769981957608586
0.92377763316467
0.671673622881058
0.731617731538623
0.83261692276477
1.03569290473545
0.740179500890444
0.876500328441039
0.823530044522934
0.677165498955886
0.822134552325615
0.910153078166156
0.783332745131835
0.77242299060562
0.878540613074401
0.887722273960626
1.01353416644518
0.879499338035283
0.890818685597761
0.905352153811816
0.999057531760791
0.816067532413163
0.869601955654718
0.9589050287566
0.771044894133156
0.956560652151541
0.94520164089881
0.694949234209647
0.905049667049333
1.03197578727117
0.922711394846661
0.735187514762209
0.951604780063225
0.782612990299347
0.911151555694186
0.880123853121231
0.766232202139184
0.864908600987651
1.06548171468334
0.850096837132662
0.808908381388337
0.970267709999365
0.946723362284631
0.886050366060778
0.954539667236929
0.88531549782068
0.892607823582361
0.91177251887504
1.04800703787471
1.04487586212252
0.843069210616014
0.914019333494915
1.08731646822508
1.06899954634206
1.02463783258231
0.984334184114032
0.951019055829518
0.84150280271578
1.04359164831829
0.977420537378573
0.890353608186529
0.805697587339872
1.02732454088915
1.00085946691198
0.775251665279416
0.761792604187472
0.817941098107992
0.976040468661091
0.855428580461206
0.972829175589925
0.830386527663438
0.962529072176899
1.03412065900879
1.08198971499318
0.989083625009717
1.00104977216204
1.00253452141974
0.989155788495704
1.02434801692628
1.04468203368772
0.984385919110842
1.051017909436
1.27164919096643
1.1518137507024
1.02757905183055
