-1.04956504222507
-1.11578637305074
-1.01091047062759
-0.922828517780694
-1.03370525796048
-0.996191434217177
-1.09117765233377
-0.961851235355767
-1.14981629954652
-1.02042295182133
-0.969301997487164
-1.02191498362795
-1.02097188191074
-1.16310993292976
-1.12868247210011
-0.97445268760444
-1.05046177449462
-1.08403946724487
-0.858259377762928
-1.04030463729444
-0.996586724863579
-0.87660718151222
-0.929443838097418
-0.967714579161835
-0.905220936535356
-0.863698312974838
-1.00098947234086
-0.840359785129515
-0.909740205769386
-0.883527755249083
-0.93023619364963
-0.918505250063969
-1.0037559201043
-0.824205758657756
-0.888973821161939
-1.04134715642586
-1.03499502799639
-0.949411391113201
-0.885491344575416
-0.9674686361974
-1.05037097282364
-0.793756038698148
-0.973643624349708
-0.993765261328294
-0.952892233160826
-0.939137118053485
-0.973420405696784
-0.956341557405512
-0.870183631781815
-0.970727300881296
-0.899196176732208
-0.970280011111093
-0.869288556440572
-1.08134120276044
-0.880791178835236
-1.01533874065724
-0.925275088377758
-0.713960086003615
-0.772112969204203
-0.897954599584536
-0.885217121072923
-0.879337815858435
-0.730182488549199
-0.87175918733901
-0.940845354299768
-0.875597880997326
-0.934374371052131
-0.974231970518227
-0.957131542662982
-0.827647313960775
-0.76186244562753
-0.878682893107289
-0.813676738305393
-0.831433364039379
-0.953419231329718
-0.84278665581632
-0.881176703116464
-0.643513151999033
-0.86038316633299
-0.722263802529536
-0.72092318103779
-0.767272673104433
-0.865442667249479
-0.889831892295367
-1.00102392685219
-0.815158477582289
-0.799333213229706
-0.895897522438156
-0.777727038883295
-0.897293428102836
-0.762048315536069
-0.84920640355458
-0.916844150516112
-0.794687919227902
-0.775111877671859
-0.703041846657532
-0.738968760317318
-0.735993820961805
-0.719345139259904
-0.72476834603602
-0.885093296529424
-0.748287474795427
-0.599998384533772
-0.876977718122153
-0.810884579701858
-0.81262710749844
-0.851440661691174
-0.798053364646345
-0.771400542588376
-0.70352706430686
-0.701045530679224
-0.807769550230127
-0.714275915022422
-0.873799196023711
-0.707695590415977
-0.901117363424324
-0.714305102163571
-0.889780492039343
-0.672713638972584
-0.872779708213092
-0.713868380637079
-0.818365546621076
-0.822757326655538
-0.96594875489619
-0.762434304759706
-0.846186249600261
-0.73714363280837
-0.64630442252518
-0.727247709163622
-0.68128148048258
-0.702401662225146
-0.791605053000026
-0.776817505985067
-0.87831502994279
-0.89556296998797
-0.813094600862042
-0.629889024309434
-0.621475338678475
-0.759884512219965
-0.689642946300004
-0.815177481787973
-0.466227238573241
-0.681745542057647
-0.755564631477385
-0.633619520490249
-0.515472023357467
-0.864203943443197
-0.57328555090947
-0.69212490413959
-0.620660753553683
-0.805633720602118
-0.700757271242827
-0.815377828139991
-0.739211376667918
-0.598424900835519
-0.639378857546226
-0.589889714525939
-0.652981193823827
-0.615689643444931
-0.706543431823053
-0.595163726513035
-0.701143270501138
-0.614964595912642
-0.540780610211347
-0.658172465522021
-0.619154730321758
-0.68419224232468
-0.602151872376496
-0.577721361617647
-0.705421148208373
-0.76505627941771
-0.608005205430119
-0.653151823089339
-0.648563621170013
-0.590403929537989
-0.509370406655571
-0.576557034524074
-0.576635537707989
-0.684126385881723
-0.683492169952157
-0.731847847904171
-0.696499826151582
-0.436164478823308
-0.579792779181896
-0.642402675123725
-0.699957429942137
-0.57179568084844
-0.581933796839276
-0.744343848931394
-0.622949625507802
-0.700307808221516
-0.617682150927038
-0.744309014460912
-0.703399633625066
-0.512789690966709
-0.666545476137609
-0.644918635134657
-0.659647302522785
-0.71703007522518
-0.521422093230451
-0.667596301919673
-0.614789229359471
-0.650205647426635
-0.605531748556251
-0.585631284021754
-0.511631675289301
-0.645601500077068
-0.587298509804624
-0.64102250753862
-0.50141171629282
-0.495116016989632
-0.487416931048863
-0.56912792985678
-0.505677579635403
-0.515018971280165
-0.528823693014044
-0.47368242969822
-0.500922276817202
-0.596237535305175
-0.580108903034714
-0.559111551808587
-0.599473788138592
-0.617217361884999
-0.528826632095532
-0.40806092097454
-0.581075481526864
-0.486002048081676
-0.579334083177925
-0.539040454267704
-0.481142508268831
-0.44896524954776
-0.613521095292413
-0.496198251649546
-0.527729607041324
-0.535786571374825
-0.466320165531666
-0.552560530760702
-0.552619192902005
-0.564507994212972
-0.509702139883044
-0.586429414253607
-0.559112481464921
-0.456725746017951
-0.62172407319543
-0.540165997024943
-0.51388032536683
-0.50060659967286
-0.5615207639573
-0.484269793220162
-0.560789684244451
-0.52119854513287
-0.577776933110958
-0.389106305002271
-0.621512482573536
-0.465170956832346
-0.566748818492252
-0.508405996352315
-0.53552691748815
-0.453665440540858
-0.502496368834876
-0.61679597489359
-0.617831728520957
-0.357201775910285
-0.555162404117556
-0.413959333250358
-0.477908700529999
-0.421797803407652
-0.518147248901137
-0.41238831946647
-0.395160727315642
-0.328045810100381
-0.42332196952023
-0.555894278805784
-0.45561442036837
-0.403147813026402
-0.33391899018835
-0.469932164628178
-0.48495231214386
-0.527135652357001
-0.418022782091683
-0.465784937859309
-0.52846107456009
-0.312732148274294
-0.443752869591149
-0.435494400042067
-0.372855567594166
-0.380619412864331
-0.326449235821778
-0.340042430454439
-0.34886407897652
-0.436732482273163
-0.274125618162753
-0.308547072936738
-0.526072647297542
-0.378553627509831
-0.400241233446424
-0.451153412188203
-0.230513031613046
-0.45419346131038
-0.424438293245147
-0.419592191740907
-0.367983559612258
-0.366973092986995
-0.472323756664902
-0.33246024255095
-0.383782631770954
-0.386571240863561
-0.464685211820313
-0.463282371486311
-0.352737038631369
-0.42729816116737
-0.284661579415548
-0.307101037270063
-0.412255628555986
-0.336902960825579
-0.316658204261708
-0.428941429048857
-0.188577357363948
-0.439087737703145
-0.247177108743744
-0.369149193121057
-0.402014362070496
-0.398490472358411
-0.401919661699218
-0.376400830623545
-0.481378069388964
-0.134268511383763
-0.337570638291519
-0.321696291307639
-0.158895045379606
-0.345944580101323
-0.266335572892067
-0.376812800288148
-0.310802543976087
-0.332845390331512
-0.410802226143596
-0.329935675779751
-0.411860916792507
-0.38778965627567
-0.22793528742219
-0.324300557417761
-0.366343221115087
-0.243230724356787
-0.421452561369319
-0.362429864939997
-0.23849340118255
-0.359976605233173
-0.488611100969384
-0.419550069935468
-0.218480371331119
-0.303839256855638
-0.29563816221204
-0.181318592032574
-0.276324179214046
-0.207140536157863
-0.26279760106971
-0.346579321947329
-0.274905597986161
-0.433432949216898
-0.212841869723078
-0.370940716577852
-0.390200472525945
-0.289575374564916
-0.27739752166607
-0.189610975803654
-0.410415611003286
-0.305614157567839
-0.329796560451909
-0.159909454258615
-0.197551117416162
-0.236378444862974
-0.310831816611473
-0.264215082203609
-0.412507414579078
-0.238193983667566
-0.221844487613487
-0.303996499683012
-0.280065720246166
-0.308507323504506
-0.388084709253456
-0.28119415010009
-0.245894487263456
-0.365056731549149
-0.228956425045386
-0.352919356504898
-0.324933869002134
-0.375312780726044
-0.188256712494107
-0.21233691040153
-0.219594526071328
-0.204008037533579
-0.132755525786066
-0.270002314125243
-0.0557509909553111
-0.379957600939355
-0.207247164463335
-0.201679581761807
-0.150415374364349
-0.284973496293747
-0.323237458307972
-0.248629483256691
-0.124476852405132
-0.198540392593906
-0.27176551495461
-0.322072232844804
-0.0447371638605667
-0.0780125183936147
-0.369513777537049
-0.20736960914568
-0.224760249295366
-0.282308585268284
-0.0237559767614608
-0.174603954015847
-0.255642926836735
-0.20432144191296
-0.150623611791615
-0.230908825036831
-0.187012537313956
-0.0636427381984944
-0.161625431224152
-0.0782986129157006
-0.208986352453011
-0.158456257010612
-0.203486709447788
-0.218551662418132
-0.0581601928389727
-0.0759791634944991
-0.170863266900524
-0.0949669743930498
-0.00616269743364301
-0.0943149087996167
-0.0860511225540269
-0.248328603456265
-0.162656653156437
-0.0514069885289118
-0.030714673692073
-0.0661490143641709
-0.0726386836452385
0.0620793480509111
0.0240471543580965
-0.238141742650469
-0.139740307745265
-0.0589695680088021
0.111821608646208
-0.144859379753268
-0.0566117982259307
-0.153808032568989
-0.0605040372929293
-0.0682474971413503
-0.286312336723141
-0.130752705825661
-0.118973483238157
-0.125334887830395
-0.200059793645311
-0.0204653317714107
-0.113541131876265
-0.0280650599360033
-0.0486396334455821
-0.0336191279048263
-0.121319227267994
-0.0627886556509457
-0.0285668381598368
-0.0435688825723713
-0.0422617547980744
-0.191847621634476
-0.124350877379019
-0.0552779162449454
-0.149233434442476
-0.135006199076527
-0.13975873771294
-0.0913532450970191
0.144561140023382
0.100662134907338
-0.100220726087151
-0.0228478917031594
-0.0530807235411328
0.0485535937319881
0.103994104804156
0.00930192736942297
-0.0603445538949833
-0.0100636373393718
0.081598323935706
-0.00703662227440058
0.0210538633206374
-0.0169166049842481
0.0213166235002609
0.0263953280910415
-0.0957732053332638
-0.0872656314885737
-0.0226406926277337
-0.0110113533243521
0.0380937250036167
-0.163220310082635
0.119395720949778
-0.0446645175175742
0.0699310876716911
-0.007119531159912
0.0416626843954151
-0.102241212271103
-0.0445867960682518
0.00302316053625993
0.132722047731547
0.0401994156328048
-0.0408828312138066
-0.144316647391804
0.206885028282613
-0.011838844871367
-0.0258721341133596
0.0677030674003971
0.133225342221387
-0.0168891308414287
-0.0181868050969861
-0.0946485540068721
0.0125438497807919
0.129032634903915
0.0405801170265706
0.135824057986468
0.0556046063822984
-0.0170224744851222
0.225603880477592
0.134649073473411
-0.0469252689392472
-0.078504924136968
-0.0434250112343754
-0.0779749727777938
0.060588090185913
0.103484792922891
0.192876842821055
0.142751938655404
0.0635971529406968
0.0653539526808583
0.0702362887969247
0.0391725601924752
0.126397550249285
0.365514809266824
0.107950959722217
0.074519296715028
-0.0276423240457117
0.0715792432116801
0.0975688992776893
0.117439216114588
0.155376849614153
-0.0182062290015378
0.062072910256714
0.213159676830133
0.0709079456688902
-0.00626283246828114
0.132600351156804
0.0204400681236689
0.110417397979023
0.113643848743244
0.114826184671516
0.170733304772288
0.0761122712932978
0.0587224298514016
0.0950725265854745
0.0351184797666968
0.13539200419425
0.137886506269026
0.104679145834184
0.212322416070862
-0.0578652106359516
0.0881964885004254
0.160598517130913
0.257548708211983
0.0261448588748274
0.0399904209817338
0.191590150833896
-0.0107326685359568
0.198511965880016
0.0155743825422409
0.264255093736948
0.180358966948974
0.127515767785874
0.1148525516491
0.0976129066300646
0.244700284134835
0.0619056278261455
0.249082554695621
0.0248628498750898
0.239030926917167
0.215941569842832
0.118146830477829
0.0722472168770062
0.361215661143932
0.252850000438137
0.244962508442494
0.191032213818468
0.080077043628381
0.0525290918847498
0.102090185145079
0.0278938404144005
0.272870993775262
0.262788406842175
-0.026896517766575
0.253196433020134
0.315136727672211
0.250772417588226
0.235870463837211
0.19456839854966
0.157960036891384
0.156447441843766
0.264337055318321
0.0878190463781657
0.335466378580559
0.282359794422483
0.162259710655767
0.219862220895646
0.22385536254171
0.271458633824858
0.289527864459706
0.10120906036288
0.210094612951966
0.261718692905793
0.266007663937894
0.355881252107058
0.257131917491041
0.223877895931547
0.258061195511236
0.224385027638828
0.138769797716614
0.249534319896667
0.314125719412258
0.0674484036276838
0.201226163186546
0.236206912287117
0.377364370773124
0.163163362922092
0.366222821811714
0.348434467051824
0.277762588952063
0.17397231978849
0.295908488829144
0.243305757329329
0.342644233166776
0.192124588770011
0.377739770038104
0.435907526489954
0.278312109078675
0.233108216118136
0.250280605660785
0.233066070451196
0.402191744429975
0.458630983597452
0.303185282912849
0.205649824235717
0.119478929234658
0.436733026036319
0.291804390800531
0.216302419475644
0.349214549680137
0.256468171119678
0.387380328030642
0.259713893024869
0.284489446235009
0.258133023346277
0.242416904560626
0.392389204811307
0.298206468124434
0.481539447707186
0.299624433384415
0.375553437936447
0.381498103944343
0.396712615881356
0.299599303565966
0.252522883735001
0.383510408362674
0.303969615889466
0.457555151522637
0.319072346730642
0.44014736863011
0.343593115771299
0.289355876294401
0.359090119435838
0.462024631839475
0.454767962701593
0.387457776451473
0.378691131115266
0.339982859606273
0.318669398115721
0.180769187587269
0.433200294355754
0.191593457217859
0.198703803770276
0.434484932440162
0.434869166911821
0.398469528759311
0.36150821640262
0.342079685718648
0.357380664226012
0.373786443930447
0.38315842167194
0.340463964541339
0.354981726555998
0.394832887257695
0.337018379707344
0.276314703829467
0.377848720857382
0.443063709952345
0.359859165524454
0.413419870100565
0.317430647450307
0.355953235981977
0.303253291212639
0.23230802466164
0.56759324560826
0.461533242915626
0.347608217050115
0.418150875759124
0.512014665829256
0.444563953143132
0.458987193773779
0.340289174698905
0.355247165274006
0.396140650412187
0.361918783143289
0.329763104588567
0.407460516155846
0.290082784850423
0.436244800142875
0.51802650240679
0.478050369263892
0.471514631379008
0.474182462010442
0.529241249022062
0.453226855627626
0.50744614865027
0.404225736106599
0.638036439647061
0.38163394969145
0.527397558188812
0.421097015050807
0.450162557270358
0.51366113558193
0.428806872526215
0.553684812728931
0.521384240683411
0.345682722580005
0.391679494145365
0.409523896760623
0.383822338302412
0.56997205070377
0.619430664861205
0.683311079657959
0.451449853589023
0.482141256711042
0.596987069981898
0.49653354276196
0.446132935258994
0.472926510234881
0.461464770083571
0.534968095730965
0.498536235001998
0.649724780680039
0.357368951308076
0.596809965713021
0.575772158480518
0.454778965447439
0.621508496324026
0.5489803127235
0.579447787522389
0.639381215092125
0.529397131470955
0.4406731194941
0.467978053581108
0.604881959137396
0.472914075403618
0.474172288981657
0.613642472432115
0.592848127567552
0.501375333133627
0.585050930798283
0.489055000091599
0.732551444103526
0.716108470177452
0.39042989850126
0.456590638319416
0.590930691108323
0.570662890259236
0.487856477659246
0.366452153825993
0.473848710169018
0.532643782472793
0.584595746342765
0.577917234261485
0.444588708611717
0.694207841910267
0.661088536970221
0.561882017243252
0.578559523057483
0.689659750618152
0.422786265257424
0.35381012497808
0.523547333564261
0.509632795901653
0.536813344375389
0.484668912173921
0.435757295329602
0.568458049455905
0.56272125418031
0.844274706891279
0.690306638111581
0.558037946259458
0.643621377670451
0.716499333929943
0.628091338348061
0.671659351676671
0.640856895574327
0.586053294406227
0.564943006643009
0.555484211434151
0.678214968352438
0.506980893320743
0.662264734304188
0.673108226153115
0.670609743758123
0.740498083363647
0.582017019556931
0.689844281721446
0.635438066579126
0.663286688811531
0.591276886847793
0.737567348137439
0.842343588195067
0.818594200325258
0.643652530869749
0.609590870593711
0.67102166556668
0.803923923116588
0.655385379881003
0.728524818651292
0.709264921777058
0.669325301324303
0.56195842534369
0.599213319802523
0.659231280076496
0.567489691406201
0.787586857160151
0.578276352168397
0.638481368018231
0.490820881553069
0.605465325337558
0.649447937622452
0.51505184864688
0.671786724594199
0.64932242694179
0.750285589822176
0.602936327187234
0.719074056751817
0.660770076196179
0.531662953113881
0.60099685244935
0.745519098101969
0.80026883929064
0.818195545926778
0.722641407906249
0.732373164704986
0.782138342428509
0.657489922324224
0.602992829514952
0.774697765257969
0.740245150281746
0.744281169184379
0.731175666280996
0.808088761554953
0.685259567869574
0.787234847617623
0.807837050894342
0.675931331603892
0.65093939728267
0.683089157040524
0.695267321591228
0.832145737443767
0.870487838981258
0.581403457830893
0.703350819256003
0.858274587833967
0.796084369567083
0.806694162280554
0.653573655838535
0.860101628746691
0.78250937426618
0.806960430318531
0.754907661597567
0.801040931914139
0.908942030781305
0.640461426188034
0.8614842871555
0.81906294387917
0.774915677028026
0.722722084620759
0.789070538875019
0.875846251421493
0.798061460171396
0.805612857853273
0.793625129664123
0.773238191318861
0.735936091238635
0.782785127363937
0.841637237934133
0.715450244756151
0.60192570791787
0.950545449509944
0.675387635515998
0.906935926947318
0.881723760824093
0.859009909700633
0.697371133242894
0.858574998683404
0.908357584359673
0.741843085121456
0.806298406617312
0.832690754434111
0.894952280729256
1.00083897938794
0.862538089682555
0.643510134859873
0.777707420882293
0.79631045203106
0.887913882469393
0.790614077470323
0.846743201444888
0.839716131662193
0.829217819209125
0.702206954483488
0.903891969095791
0.828467383674323
0.962258964441104
0.895046081900537
0.747058523803514
0.959166027890035
0.82771274484341
0.834629599423187
0.75452278201562
0.830315505033421
0.785399792961821
0.884854609153223
0.93766324430344
0.856195263501801
1.03502136684093
0.874492153461803
0.878332652072883
0.691468344896849
0.967131864672484
0.977142893448944
0.951481014458511
0.845258718223158
0.930747436834047
0.863186960769429
0.821418283957505
0.823450601646543
1.03294895413939
0.945474294869975
0.854971329320297
0.903329618641095
0.88397054636775
0.924612610313887
0.955764952705945
0.929376474311618
1.02643068912845
0.996567260626887
0.892371977300707
0.816390770622183
0.827030049533716
0.9020557677931
1.02389869019562
0.924904212277553
1.02541569601566
1.02646851089981
0.991563180522347
0.898548078936463
0.829510595493585
0.891752093290413
1.0055581114319
0.856653769170528
0.918897587633582
0.97088159037831
0.907609977632729
0.855732533916517
1.06629106084754
0.907372775970734
0.766757313329924
0.887291995487202
0.882872276765464
1.01083929628641
1.01270499395988
1.04966099066874
0.951376196571036
1.05541300392404
1.08693769669203
0.958974959415059
1.05356170958052
0.96958032061933
1.09297406368287
0.971935185884716
1.02790918298759
1.02215763556547
0.927376183500543
0.944923426330356
1.115972961118
