-1.00699624098468
-0.894331111494047
-0.953051091365699
-0.93150287908657
-1.02813561992048
-1.09812845169171
-0.977380997517194
-0.796555560912084
-0.911463139772185
-0.95252717666391
-0.983229305354522
-1.0437945814326
-0.98580237123142
-1.07668897368512
-1.06912694184064
-0.969660255856342
-1.00589596633836
-1.17888616566934
-0.991236495826509
-0.998695183419377
-0.981304877131509
-0.969581214178696
-0.832634807431146
-0.951216508788215
-0.843524390714132
-0.953033279269417
-0.904766045631723
-1.06182568497653
-0.953468354181722
-0.774854612531796
-0.882106440917238
-0.873163051667272
-1.16801688499007
-0.885624550767484
-1.08295529728724
-1.04293059852995
-0.840677113204326
-1.06549349861189
-0.949196452393513
-0.825584291078698
-0.955384866891361
-0.865733548079115
-0.6939918566363
-0.758574130649352
-1.03467715026255
-0.863842789189203
-0.965333127054513
-1.00045359561412
-1.06933595182734
-0.781060143442741
-1.12019990019471
-0.985952167192003
-0.968686168384756
-0.712704036269188
-0.936952982343696
-0.817771813766102
-1.03573882191564
-1.00801718542433
-0.757503191035276
-0.940707525087482
-0.796910391498792
-0.987932004109875
-0.831679971492041
-0.847486839630137
-0.859008259808204
-0.810927001204629
-0.837533792475331
-0.927729017326578
-0.825064810998878
-0.816129451891333
-0.90327693730232
-0.823207614407709
-0.917441480923522
-0.679551902754788
-0.756446291384885
-0.694363033789107
-0.821657566583442
-0.744364081278109
-0.845427938481142
-0.828205364361345
-0.848036294283824
-0.768244970928973
-0.899983570411062
-0.755275238811132
-0.769444965333843
-0.665627796551456
-0.741514118921892
-1.013876483747
-0.860835610507426
-1.01144818578773
-0.84229842634089
-0.805763527647224
-0.92833688668723
-0.787147957524712
-0.811030787704954
-0.670440101711357
-0.768226312821959
-0.897942050640928
-0.712235769829304
-0.801224905834679
-0.759867653737524
-0.855696882831715
-0.851028545539305
-0.816930785629044
-0.805758235255397
-0.837855104301449
-0.790507159573033
-0.971108967240808
-0.762022237903939
-0.751938080173257
-0.77732416473353
-0.836967044800359
-0.713577437332774
-0.834266183206282
-0.756099758901088
-0.645797209217474
-0.802943398994342
-0.629688092646981
-0.752486821203425
-0.6776437181799
-0.766083195302182
-0.814923846328676
-0.716871343176516
-0.866653248341712
-0.630745558745914
-0.639925985863783
-0.809243518606461
-0.766545796871418
-0.838745827971781
-0.663909964172948
-0.549749136799113
-0.755275259252253
-0.656166330140478
-0.86927260332607
-0.496292873850656
-0.729865106261455
-0.745469566893978
-0.784142773952924
-0.668040296899337
-0.659937024517658
-0.575167125288122
-0.589899927468611
-0.677693439656604
-0.652652715064865
-0.798678684242402
-0.791395095184153
-0.740774586221309
-0.692503898889546
-0.657466030706962
-0.855665550782376
-0.707098478244292
-0.748832190270054
-0.697017251505626
-0.783653206207814
-0.635422786451693
-0.632570259185583
-0.767196580661074
-0.616033433747349
-0.656334016992776
-0.71584914542357
-0.641376696874972
-0.675417633510406
-0.726232101409978
-0.715537122846776
-0.585990691386466
-0.609316754546016
-0.845571425025153
-0.53167328693057
-0.722520383563086
-0.642069929019087
-0.671791272239152
-0.682921328404473
-0.588694752465021
-0.6426880271109
-0.586817904454871
-0.660524289203612
-0.645830235529519
-0.485266486496695
-0.787527784335975
-0.64521065745571
-0.693328224936386
-0.565954104444355
-0.65376922142986
-0.543816051519131
-0.605892224776098
-0.590682576567868
-0.671006620945928
-0.519535892500161
-0.663128873017558
-0.590318023174012
-0.498871231782173
-0.722941049455986
-0.666937672474498
-0.607964600046062
-0.597491655341221
-0.73254651670881
-0.561548773005216
-0.610535894486327
-0.65814982737105
-0.698742712698735
-0.458270692538578
-0.550454489631747
-0.718331308686689
-0.619495278340947
-0.705584043237944
-0.620705223080816
-0.754090329383202
-0.634441900723208
-0.571391239758379
-0.49801698674296
-0.658573813045752
-0.553133630710114
-0.561107341750603
-0.520770491056889
-0.566282846909696
-0.552955008976385
-0.585503153521682
-0.609501131302266
-0.615922740773216
-0.681789586956863
-0.534496992453661
-0.554990276918661
-0.593595636725542
-0.588393244655342
-0.461367364391667
-0.468538937636687
-0.63587505621745
-0.543637802930499
-0.580170106671375
-0.512605809100933
-0.344166886236817
-0.510339450809185
-0.383572307441727
-0.606887527897919
-0.433362974631463
-0.658270990828796
-0.511096728154657
-0.50066196868559
-0.531831619291169
-0.601591547855747
-0.487785769783778
-0.555197229956736
-0.644493628047198
-0.627234405071123
-0.428434141934841
-0.479537789578823
-0.436757715433708
-0.566033089834939
-0.41577614474156
-0.467571427447634
-0.506411613591097
-0.497717118248121
-0.412568041390103
-0.582449824708802
-0.615573260087203
-0.549841412646688
-0.446603952972987
-0.440831495489314
-0.463616074882502
-0.381240664611144
-0.449163479994728
-0.6177094908497
-0.383626306313728
-0.575880380758099
-0.563233749853581
-0.472899359719185
-0.404162681032969
-0.269630869963756
-0.353680243806774
-0.280613411267883
-0.404504433857931
-0.411080910433133
-0.507057078741181
-0.554478394276435
-0.391883044323237
-0.488545872319848
-0.518450834186627
-0.447056212446317
-0.441769319932629
-0.45247043076313
-0.493764797673685
-0.389470968746712
-0.522418934943825
-0.252806455914529
-0.390802368178459
-0.390657220981458
-0.451623497220993
-0.457783039615152
-0.493755752591774
-0.320075885324484
-0.397628323580805
-0.485202049302072
-0.485497680338185
-0.415202953881477
-0.504821452659164
-0.302670212025569
-0.435527683835198
-0.450892448326975
-0.603405264129351
-0.41956550846482
-0.424993100165686
-0.390940878742534
-0.264080035769743
-0.315828564680823
-0.37684784585547
-0.375708212082273
-0.308395598543814
-0.268253685861096
-0.327245130604363
-0.349467456474196
-0.506188558028475
-0.443745986356852
-0.138101926588034
-0.493734196315856
-0.313186334544656
-0.350543954637531
-0.408641381055659
-0.434741627396608
-0.426333266422447
-0.360116846904838
-0.350433399501012
-0.329665432691972
-0.257887547841186
-0.355820465872149
-0.344293741532271
-0.279358336777764
-0.119866195032505
-0.282138040111623
-0.352030734791483
-0.170661760163031
-0.501180063044056
-0.406901617107023
-0.312851244658354
-0.269768268252203
-0.292255893013899
-0.232849092694486
-0.432577966347393
-0.321204333718476
-0.344767228035739
-0.344583814904945
-0.294455949145049
-0.230801767273582
-0.267803984793994
-0.440717236752105
-0.217749644194801
-0.171734903289094
-0.227821583803408
-0.21164812682101
-0.327333275619901
-0.298771032866735
-0.188311784647692
-0.370694475136396
-0.215527165190478
-0.33156499977307
-0.297234289219409
-0.274792867687296
-0.241865149103921
-0.313515529408343
-0.231624792137947
-0.340131630554997
-0.400492451699762
-0.327115486408407
-0.33741797702474
-0.212784738720163
-0.187852257000144
-0.197258790070136
-0.342661129530332
-0.257308656507175
-0.226525560647722
-0.144813026501042
-0.323245343525896
-0.221021637633134
-0.45206440836055
-0.190050431988649
-0.299394813451422
-0.309272674811221
-0.193755068361088
-0.286747866646215
-0.210711131918313
-0.251406230705762
-0.377893306474497
-0.266805018119197
-0.242318814276889
-0.352602399776584
-0.272577860376071
-0.284613609301956
-0.377372506113662
-0.189722743767665
-0.089276978645959
-0.226634550008005
-0.182736574710083
-0.306051870227352
-0.0892692401877495
-0.13581238510461
-0.290704811826196
-0.319247687497817
-0.123140977696715
-0.214617340587647
-0.372217622857798
-0.138295821294545
-0.18951179651594
-0.213788481995213
-0.231326244818661
-0.243995286619937
-0.307109755495326
-0.13854189994863
-0.0787422428659141
-0.324813203249054
-0.0993422385983226
-0.15376412336185
-0.135145946167613
-0.238297971246146
-0.161677080801957
-0.237763462657033
-0.23766652978556
-0.0607766670191349
-0.225559253830855
-0.314468412249512
-0.195082419837655
-0.148953300622507
-0.0423274120175493
-0.209628567760656
-0.185386311417326
-0.212260293869751
-0.239837937740791
-0.204573461056088
-0.207225258671678
-0.174479964705506
-0.123567639403794
-0.0784483243028664
-0.148855965968832
-0.132819544607773
-0.239920665556873
-0.119497621631677
-0.062948822254762
-0.149627388930877
-0.127166982978367
-0.363980755397599
-0.088751758893504
-0.18514922627305
-0.0536180076731652
-0.158851586548713
0.00236195775971994
-0.118064614198935
-0.0568493318303592
-0.150351497985619
-0.103982269781991
-0.167845227543728
-0.0810048727432281
-0.0608975488537558
-0.265650066779515
-0.140501399067934
0.0596269351392864
-0.052970317283539
-0.0330718157717003
-0.098650327330758
-0.0727719241185137
-0.0676353123035125
0.0242950380443227
0.00425445247232549
-0.0810575518526424
-0.120402938619204
-0.0520765622992104
0.00013233761411369
-0.0884464201417236
-0.0906459442104084
0.0700663581725053
-0.183648059404413
-0.021607812516274
-0.021733015442795
-0.0750440301773588
-0.131397558378684
0.036852073802586
0.0563914110161495
-0.0585224469721184
-0.162226441062784
-0.293897488926815
-0.0755288037377097
0.0449793227493298
0.0147852302125753
-0.0027193933774962
0.0429488859096107
-0.124953359437736
-0.0743840836726308
0.0512411316526377
-0.143137736325813
-0.109043027545233
0.103498351024383
-0.254892275102672
0.0646958854558215
0.0351471028970206
0.113496927746377
-0.0802625519679544
-0.0651057302747655
-0.0666828010908845
0.0994090557506959
0.0207386546982852
0.0377214161361404
-0.192716570830899
-0.131137345529588
-0.0462638705748518
-0.0911128527690936
0.0137049225776959
0.0336180514552179
0.0771785345060531
0.086634592978426
0.0149342595057562
0.107168359484411
-0.186973840583847
-0.00147717209817046
-0.134244196937316
0.0602484262049573
-0.051604515622751
0.0748291095250711
0.0475257016915748
-0.0112070961011736
-0.067061189734577
0.0956965118708137
0.0335919567609689
-0.0332436853175067
0.0373376782225546
0.17791758035824
-0.0592091901675832
0.0719332910978267
-0.00670525295070656
0.0763168376631524
-0.0633976668253652
-0.113052324561234
0.061650568578572
0.102415113307501
-0.0329217081315101
-0.0609354077260141
0.14068768505608
-0.0262845713548608
0.0701750504520821
0.0130925954139916
0.25954350809005
0.0771332079724931
0.0286652055559262
0.0304309552730939
0.1604294422419
0.0268191979634735
0.075578127011848
-0.028555709770535
0.00925911124177624
0.0700284398908721
0.110428627147717
0.0855195811972796
0.098440830366349
0.193130546059791
0.058302091753897
0.0144780641395877
-0.0967862979001878
0.0410444151916129
0.13677565591307
0.0689154527581544
-0.0296998333208162
0.146381197905936
0.169358401712485
0.0672169945257687
0.121892849917035
0.0665730087416248
0.194266097964367
0.257820342666441
-0.0388821130243345
0.220069623078277
0.188528791382954
-0.104828251067752
0.143430704141817
0.140999100806176
0.0740043704842814
0.167960209998644
0.235514377945418
0.0738304473129659
0.0364375399949116
0.0758708936609198
0.324104992825695
0.261574540123119
0.156090388363654
0.180415779888715
-0.0578031154811387
0.259271606908931
0.228257768827853
0.0642428962918678
0.0773383615688482
0.0883057744824927
0.171473635413942
0.188536855770228
0.228387783721004
0.0469130245450661
0.12504913274656
0.269314711478768
0.119712331336083
0.241287584154597
0.0575272218668777
0.193143781050918
0.295239471038951
0.259382713963157
0.197162192727543
0.270498312038453
0.112816340536148
0.340132763160596
0.162063939150142
0.320803528925862
0.211159962314919
0.00457216074800945
0.19195830196886
0.267040398708138
0.271825724049116
0.351448025127694
0.183471492916163
0.205152131928394
0.376071551843565
0.317316004677108
0.290542147575744
0.155988826379024
0.126865837035875
0.265746481039135
0.275836478668824
0.0541968168738561
0.243706224697715
0.272417608317547
0.178839752043451
0.282476752916524
0.195995483352923
0.276781857840446
0.119585916960148
0.286938268277205
0.198910089489241
0.376159058947916
0.397496291279254
0.252025070332157
0.112008356513462
0.259211623372525
0.258743447490711
0.32843992902768
0.14275145322287
0.420230920685362
0.291906065343682
0.21434739286435
0.152846251098956
0.317567071950441
0.263964611599387
0.269243970195459
0.147740949599204
0.237291643546183
0.271899158977641
0.372025776238737
0.236936895597457
0.326217867972995
0.405736562678389
0.283272451435367
0.420725504671962
0.421176958475035
0.317781750124985
0.354007333683173
0.309204393277422
0.334990579611343
0.440139633540126
0.239727482159074
0.306288967969078
0.298708842775321
0.354415142041241
0.388158795148161
0.548803497745475
0.427990300402517
0.335428213737182
0.323845428974506
0.292520208803217
0.492846149282248
0.310779470442003
0.402514500215541
0.327549698661222
0.449408785660172
0.249705340190406
0.417246085954429
0.217662804936613
0.239728314011068
0.258804237584606
0.275579260329744
0.442301305775825
0.234017106285556
0.34961584977342
0.287183264010739
0.341910413016237
0.472307108320063
0.433233899776441
0.347705153170138
0.382795186012731
0.401405880785321
0.282236063476299
0.379535345346775
0.316968651165119
0.309843675888671
0.413359120227188
0.432115610784723
0.34927911679119
0.501603451457404
0.479691046600578
0.269506629912736
0.426562714135792
0.523215100155306
0.458957241545723
0.418711155705175
0.357386878766318
0.406411043134446
0.379831281628957
0.406812494169606
0.265692659354357
0.421462187699747
0.560305550659514
0.357884514188611
0.463960433281077
0.587911052709761
0.499649995715606
0.471959258408983
0.360179068621194
0.56064993867267
0.327801577500083
0.407241776997828
0.47951996221443
0.332150346459574
0.491877086455915
0.358875990228776
0.461416557513379
0.363255029961978
0.559406573918423
0.525156684029528
0.376153006148841
0.44719972205273
0.491843960021018
0.470605131121385
0.472816800413421
0.561046917366235
0.382194450961943
0.448129006262904
0.464917407636675
0.58168571460227
0.287002231142085
0.479608699005736
0.410722542523851
0.619667698412973
0.613200378183863
0.413398825661084
0.699246815461338
0.489786986790933
0.550800714706735
0.573674737088638
0.408564033247883
0.472832051102543
0.464707021282292
0.485230407843694
0.494564367489831
0.473823802978665
0.501296122374599
0.417652676288597
0.535760893517795
0.528014185046148
0.401928985063455
0.537021550301801
0.561995266859872
0.523190235897728
0.552338853717945
0.498319523910757
0.493881394774373
0.483064545993247
0.622569328232635
0.545587203063722
0.626922591096243
0.448616370869695
0.430431490253111
0.521384093710012
0.523332735393706
0.535425057873926
0.524198863732358
0.534184262511814
0.501223913414723
0.525362398526009
0.585622803917853
0.56898458818355
0.563962663385497
0.485471123334
0.58253703554548
0.449140354581587
0.55067285698103
0.484573711640736
0.549583045025843
0.689360485700791
0.53135940708837
0.632577610134886
0.522336143403906
0.534733852938695
0.605037365432722
0.671464445596165
0.481257405141071
0.496958310446016
0.570575810855682
0.62778314787477
0.498765891626769
0.606384526851245
0.516553696821579
0.670255189775449
0.58718547364062
0.604805444862177
0.577560433308777
0.712644963056289
0.575602583391613
0.542808897441049
0.489903432518595
0.692828824151731
0.649864252497897
0.58797789615806
0.687692196261085
0.796002226812748
0.669340908535326
0.623611561561354
0.650158862020955
0.67668035572763
0.505096038177875
0.587473754008451
0.620784507997307
0.733407352271719
0.588425978684549
0.697883386350858
0.629241763251051
0.530760815880738
0.743277564424143
0.697257969724797
0.734571999792018
0.699497562905676
0.565296858571693
0.609268353336136
0.648357525594865
0.781521412923158
0.583359480799624
0.627391680805686
0.687936458790936
0.862437725522066
0.641711006450778
0.695011571871294
0.715603464479676
0.757375130348853
0.622331725419597
0.780618627269703
0.650783497129504
0.845279077437387
0.672286018336494
0.821792868850556
0.684259757257615
0.602265020195683
0.712189256738702
0.675112763621293
0.824410626852846
0.685755906272929
0.756971832924848
0.966317473392457
0.81756510546564
0.588963317744373
0.680422948223373
0.79164436677151
0.643804796559347
0.634678547140815
0.657983061193598
0.892530226835909
0.758136846651764
0.698997008593377
0.626049209734398
0.823528549158616
0.731871127484649
0.69161855327326
0.702007502530253
0.774537829016849
0.710322753246776
0.714353529894915
0.798490954680303
0.626725261380299
0.828866087485067
0.76157763249179
0.974883209548519
0.705711194477624
0.620182660037087
0.806533201125407
0.762168929903886
0.699908260938492
0.828459331258529
0.864087639544059
0.785698642892237
0.578442128178118
0.865765699060406
0.731846255418792
0.77174069213261
0.741598398231004
0.89392127920299
0.692056212393468
0.82071895740401
0.82930456856003
0.728559012704595
0.827364315427878
0.629790545901882
0.908691843811129
0.883171829448168
0.720201509241139
0.703944609169558
0.778980563228497
0.739222356233825
0.656325137407008
0.801329509912534
0.850056520152112
0.801537019763827
0.828112007878346
0.888389661249241
0.861279264581665
0.849830177143166
0.862073633883209
0.837737035902912
0.678927628095754
0.799287071662812
0.864881448599141
0.902837203150786
0.828700800840491
0.905948338102312
0.954711772176598
0.798637308648352
0.845872865005727
0.878083229689607
1.00205962321898
0.798432041553337
0.829796342611076
0.793368651558166
0.820515496019738
0.863857389801465
0.743652969521142
0.807404368038835
0.859777662965546
0.799007594846117
0.697322278772131
0.782783536780844
0.805159165080853
0.80677975576994
0.774516567296483
1.01433242973384
1.03178531306795
0.920663621508554
0.853926336132323
0.765751019000642
1.00713010743042
0.809883782988398
1.01229019118679
0.955150781084548
0.771711439942437
0.96262368941546
0.880133452020626
0.828380537373671
1.11841760307543
0.720163268570935
0.878668129922969
0.8718558979884
0.920478509924893
0.910931759149044
0.856360174231958
0.961631801567559
1.00668106140341
0.923582798297181
0.768865836188876
0.92784322993231
0.834211001014615
0.75515769204201
0.980388034802386
0.86864144460331
1.0909872252982
1.02935205261263
1.04123571889896
0.983583678294472
0.827268987172254
0.900738750497003
0.933521359768606
1.07204581790195
0.774483768251762
0.910684994241978
0.935589302912913
0.923157713556724
0.87176736529256
0.891136069511379
1.06354006887617
0.979986336525013
0.947388046028304
1.03574081044699
0.993668585543509
0.851825987551463
0.964733576913324
1.05045572206994
0.897219311442393
0.962419800063954
0.910368151030786
1.04210941686883
1.06352847877709
1.03789056363425
0.977698177028574
0.956863551437896
1.22635731670896
