-0.953117476602044
-1.01023009763884
-1.13884509294708
-1.11422888756584
-1.05584187303399
-1.00077454821673
-0.934270781322464
-0.881929033430159
-1.05037222771692
-0.967550249487575
-0.920204733554297
-1.08039454005333
-0.934691713271872
-0.860496435667474
-0.822697334578572
-1.03824133729158
-1.06348611749833
-0.913112742343253
-0.983207940398937
-0.812433461695463
-0.842776496540474
-0.887682048589905
-0.94322477222378
-0.972132362533904
-0.846649504440904
-1.09804254411705
-0.954681800800126
-1.11042365665448
-0.952100326392892
-0.984174680238787
-0.930968825217141
-0.875282559411501
-0.958219325983268
-1.00521666989373
-0.881175744707303
-1.00048759254123
-0.883543427561064
-1.09523359545091
-0.857913235697763
-0.926343768105583
-0.96973375380275
-1.04251616871356
-0.950998637668401
-0.955425743222315
-0.892129444286374
-0.938823191520037
-0.904069533706596
-0.690803210412167
-0.889593215970746
-0.948001485012697
-1.0002298550844
-0.898789133170149
-0.827020325251928
-0.808275137815614
-0.916949771106371
-0.916624310126956
-0.829419744055389
-0.902445386544288
-0.886635729030166
-0.793172143571463
-0.870913330047173
-1.02794589056514
-0.894736418209751
-0.832776821683663
-0.896044563310007
-0.879366365377269
-0.805285766975959
-0.88004254360434
-0.835272772560186
-0.956139281754893
-0.709945113710317
-0.730751690578376
-1.0082703575219
-0.894742203434801
-0.766772694102683
-0.874373800991325
-0.954492405449384
-0.729498948310328
-0.889670710298951
-0.781045111514725
-0.835688765411835
-0.776040428686443
-0.960461637357728
-0.751894974942477
-1.03888738755581
-0.819656437350491
-1.00656884263902
-0.831103634935649
-0.741523177314345
-0.751064186485421
-0.780354509861548
-0.834654938392903
-0.815858710895621
-0.81289416429503
-0.806323077816517
-0.815055614942402
-0.752150896368797
-0.662757420753374
-0.904679153176298
-0.720284400403449
-0.741656166242939
-0.81539681649093
-0.59956563462133
-0.655311111330384
-0.773825109225094
-0.792256379867088
-0.726311090849309
-0.691864262252481
-0.823047370433821
-0.756459532179363
-0.592689695810975
-0.833498131618069
-0.849735997296622
-0.760715874155861
-0.853655701998902
-0.849439848692512
-0.745789915465709
-0.755018907751857
-0.611865498565374
-0.768987353900153
-0.632102494138578
-0.874268849275732
-0.816425720598868
-0.853143289050921
-0.854144343116798
-0.710433359063694
-0.860436377404438
-0.76257849515656
-0.815476322426925
-0.674961060765696
-0.687186992158736
-0.724629689445757
-0.675303471378968
-0.852993465904408
-0.748424258109514
-0.747694478118784
-0.658326474913365
-0.796292187899356
-0.644989718746243
-0.653318402213207
-0.631410535634735
-0.573122822862445
-0.857877113377748
-0.559122333487539
-0.667410697039234
-0.758318604129905
-0.763482112822325
-0.707833829964303
-0.682854164049826
-0.630975077970256
-0.567418540151681
-0.5757331959445
-0.64980690119375
-0.767117661618996
-0.741549230461779
-0.636933503961467
-0.682307223577205
-0.608651719725682
-0.69052240532513
-0.661468062607008
-0.799897033870306
-0.626456037044934
-0.672466132117548
-0.571259061675729
-0.593558414259969
-0.747335040632739
-0.743287675615523
-0.627090373072021
-0.740421083976718
-0.733474197529936
-0.581618540243393
-0.647229755550552
-0.541143373373816
-0.691790179844948
-0.725958539244254
-0.627873305275571
-0.707021654605681
-0.619061017395518
-0.784452351653335
-0.646939174235953
-0.74515889976382
-0.618988055344006
-0.640878948365096
-0.68105229501723
-0.682748683887341
-0.590661478605837
-0.632435292723159
-0.578700171503546
-0.611189610112078
-0.740842170577018
-0.62192437414653
-0.743124857908492
-0.499088026630027
-0.628866902376768
-0.656054773461175
-0.595109452268667
-0.674404207693506
-0.581572580584471
-0.627012858161567
-0.682683577946853
-0.690712561203712
-0.52382136911447
-0.553449459711987
-0.543733464981998
-0.661545482952755
-0.647408247642718
-0.404322207176408
-0.613436551969045
-0.476070282280747
-0.317333162461722
-0.511328918363878
-0.537480680844879
-0.654987513016896
-0.534831648343336
-0.610384327642661
-0.538606773858052
-0.332350258009142
-0.508708150358144
-0.684624054224632
-0.729860233712785
-0.609270455464816
-0.581730498535944
-0.393834896496502
-0.797192697519749
-0.691581733755708
-0.617700722680266
-0.438602205994796
-0.512379770117947
-0.391603486560669
-0.5776949603194
-0.646347896873467
-0.661427419599863
-0.592272617736876
-0.610753144834063
-0.528162219758895
-0.460614411419467
-0.708037152604342
-0.466312132294297
-0.55181130454341
-0.469499226772675
-0.530103510616782
-0.588123765934834
-0.48755735277302
-0.581396145707865
-0.584980152700742
-0.362890261248737
-0.534894173937959
-0.428054423189325
-0.426071080672976
-0.652951982737196
-0.379380980405804
-0.481547357798797
-0.437000167817863
-0.407463292807247
-0.624438537349231
-0.481264499804952
-0.49284051509782
-0.510498662586302
-0.446899375307956
-0.38229476965347
-0.574322485443159
-0.531227167304396
-0.239856730328852
-0.537628896590655
-0.626319177785738
-0.557926723647915
-0.413327917533676
-0.537550679372627
-0.542559689694341
-0.472049301079717
-0.470000459272998
-0.361994142896134
-0.407861543069004
-0.400445031246121
-0.446330711176684
-0.651926318938677
-0.4433238019617
-0.473095442239267
-0.449259106839767
-0.454588189139348
-0.412542455635762
-0.437343049539166
-0.521979729646678
-0.438324767502698
-0.471140413090818
-0.478994084974616
-0.392111784585004
-0.412408278378917
-0.335466654726799
-0.649027772605037
-0.472950907682108
-0.400800234970708
-0.60502685404061
-0.446018307105169
-0.370235728542809
-0.437890363870299
-0.44204398731759
-0.450910036318114
-0.327967478506356
-0.54661892045976
-0.483209908779621
-0.429926373857677
-0.348117433752799
-0.395361357979081
-0.228276827863847
-0.387064142959978
-0.533704185168601
-0.190863200042955
-0.325262266762803
-0.328169975609001
-0.357727668431223
-0.316292972971054
-0.387294242674189
-0.225967216009063
-0.417745850077459
-0.352168908225292
-0.334459432674316
-0.173620117858427
-0.45925731868595
-0.402785890436189
-0.300074406324858
-0.365235608403205
-0.3111477860953
-0.427550905100332
-0.412327964471576
-0.412102000206145
-0.176198162070673
-0.301105009619159
-0.371560710731277
-0.472874579333479
-0.181260578823099
-0.229896400904656
-0.289926122324615
-0.288863615932355
-0.302257914684283
-0.3599759746047
-0.264930357352123
-0.25851006677961
-0.31706543180174
-0.216044827410734
-0.296706697719513
-0.263496643503517
-0.358872670593785
-0.210354499453994
-0.354247863337841
-0.352654190790659
-0.282085341550386
-0.373317559542969
-0.268907106133755
-0.409439288899699
-0.207099311133406
-0.288984215296027
-0.308202873505678
-0.147478924882647
-0.433216918516259
-0.295808456503243
-0.263677072282015
-0.329835797673176
-0.257792042544945
-0.271671872060116
-0.256427921076066
-0.367266114053123
-0.261967271204727
-0.116259363475731
-0.191483104839044
-0.299154573437092
-0.305937550766465
-0.204091838695748
-0.207327541713852
-0.285131990097961
-0.226559307875746
-0.286510230586798
-0.160648804619171
-0.160530872192508
-0.27105475468551
-0.305074838818621
-0.159022599372005
-0.346209828952436
-0.175360178194898
-0.223562743727553
-0.233804994276574
-0.317515409639835
-0.15599648243248
-0.194659428491797
-0.185079054138793
-0.262647960243886
-0.270914447499285
-0.227932936192072
-0.269996679318029
-0.158671854850797
-0.289330480297698
-0.162075612922813
-0.227388776048092
-0.284766971818398
-0.270275817216709
-0.240304322290302
-0.0491917214463075
-0.309864438522027
-0.229507214164997
-0.0139455142941716
-0.152810715410989
-0.330922790852246
-0.0794896331154677
-0.159815074530238
-0.309737119338504
-0.287631565600307
0.0113745162168297
-0.318530429806798
-0.227678992131605
-0.0931846464668177
-0.198809235351623
-0.107290721268964
-0.17525479616273
-0.195313281452649
-0.127667704168369
-0.123178170666786
0.115294478341469
-0.0403066586587081
-0.0890384129724481
-0.18178476908079
-0.149344250201266
-0.143566418384139
-0.159556253633185
-0.12913431868972
-0.119382931410436
-0.190726497834259
-0.0112848695830735
-0.0454686201863506
-0.0380393552800215
-0.195928312522485
-0.237212063056299
-0.171573951576274
-0.117901021472168
-0.0854535847861873
-0.121689150979756
-0.123120217608237
0.0629508938017678
-0.0666987894090383
-0.131019171193609
-0.118369893961558
-0.116763647667075
-0.211388315080078
-0.251071468307614
-0.183183965037672
-0.181300169079723
-0.228416680039399
-0.17487959355065
-0.27634040186048
-0.202558252191958
-0.128533709645513
0.0639640307729287
-0.0549607096899838
-0.0279326535285019
-0.12795317182592
-0.0482503837423767
-0.124176047227068
0.00668402333252368
-0.128295236465269
-0.125904109951547
-0.173734484606296
-0.0775729212500825
-0.0400187943519217
-0.0845306872199581
-0.0546141697805504
-0.143696482807566
-0.197799351551118
-0.129353437342131
-0.0299742585328166
-0.0288320372873126
0.0308608328891638
-0.0664519328255499
-0.0984542679620469
-0.0199352170641899
-0.00464178298936233
-0.335968680227041
-0.136105646492837
-0.262993083037373
0.0334474764288825
-0.076507376973834
-0.00752543928712988
-0.00666657097557938
-0.0990614571042859
0.0653283165554285
0.0372250531396305
-0.062019578816381
0.00593631073296524
-0.162623651709815
-0.0533665285417219
-0.0667206845084135
-0.198996467788595
-0.014231192545024
0.117803408680703
-0.00655175699185152
-0.139963761345502
0.0928628436004784
-0.131967119562066
-0.177167730999931
0.0453022529029152
0.0170184328515747
0.0331811869827126
-0.047056025407509
-0.0553858210025485
0.0182515642047037
-0.0283048257197129
-0.0583842942647442
0.212324529114637
-0.158774706024651
-0.0413150641471389
-0.0480266204422464
0.0552874820036391
0.0459044294754444
-0.0803269543852628
0.00141704022905867
-0.137069388324578
-0.0321854486296428
-0.0135031333509281
0.0532671097426752
-0.0259769833614972
-1.09090068301288e-05
0.177332349246617
-0.0743451662095373
-0.0466202900481927
0.024012011829628
-0.0876036751749131
-0.0130644665476891
-0.04036689738858
0.195045953990205
0.0847794579598853
0.0806164044223058
0.1918754571182
0.0423024979710674
0.0282033310667184
0.153252864362558
0.132146442623167
0.112589706294695
0.206301762576879
0.107799685500451
0.0546131228113101
0.189523672276874
0.113643717241966
-0.0613031991183058
0.111870776926845
0.0871954653103926
0.0382527332271424
0.00379936304469964
0.114452036749931
0.0943777712626467
0.124150392515506
0.00541504541743121
0.0633779817551803
-0.0169632614656547
0.197435094865838
0.121319228647381
0.115272830045256
0.185991005272499
0.034835037610923
0.133000235593516
0.160806044515976
0.136687024763814
0.212299277636422
-0.00991857923556785
0.00837765664384687
0.0775262036237825
0.055961229032167
0.36237165100852
0.245670753860295
0.227509577498778
0.0397372429816731
0.183157383920294
0.00736880034817139
0.146626933524663
0.24759177366903
-0.0128321755070834
0.0159022671063839
0.092330785080593
0.204987521204817
0.167052987214444
0.127680013182373
0.205169539960541
0.227468800726453
0.178201147078055
0.213284504235787
0.0636277298242028
0.188573469504334
0.1025793401847
-0.0174606328071656
0.124601614232304
0.091072457993942
0.185862705245206
0.270839339609068
0.217309557563655
0.176982171772753
0.279063695720437
0.18770154640022
0.178896255211462
0.195014295242765
0.22376164494246
0.2080700581113
0.165788296305874
0.116806042228778
0.216605554170989
0.202165133085436
0.217360233019687
0.348170677811859
0.259735495292701
0.0203539109570192
0.219045375011389
0.209370160036192
0.359683844235504
0.135619502677375
0.232495053085884
0.272564197319819
0.147076050566325
0.368964620603747
0.28854061699448
0.24166732564489
0.261924141910271
0.124247232701966
0.310061230739513
0.445350530476206
0.330258563877199
0.144771785144709
0.270949361129252
0.236418799900627
0.328229819990102
0.292811327496142
0.39363440448917
0.178445706864242
0.337900216523473
0.340497984501866
0.197199503770629
0.201237827514458
0.252938566316809
0.36290671921555
0.243971238011538
0.405716993228816
0.305729736565414
0.444036533085075
0.246312076746238
0.25678922177858
0.269444704249677
0.286168595495124
0.211206187648843
0.235748981270721
0.193156796351148
0.359712957419164
0.402016356065613
0.338615873147915
0.227568368870811
0.460028433605269
0.519212897627038
0.392189986494317
0.367222543456417
0.349773785584671
0.0652129584990228
0.349145047166792
0.383310775467053
0.180905512958686
0.439979587196691
0.326885031707082
0.337472879338941
0.375304687757837
0.31070984629208
0.428924249485686
0.295754930685469
0.353830730198109
0.29275100720914
0.286054290134442
0.377244019793562
0.32455023519014
0.385444997460844
0.372671927111646
0.252062821725356
0.441632994073934
0.345914532182327
0.252509282695215
0.323018104194843
0.347990618393528
0.380135681341529
0.475233818785765
0.309877610691764
0.369942072047623
0.372761999222528
0.489592618739689
0.435773114076759
0.40466175788116
0.358841614201765
0.420125910907002
0.350854876359942
0.397730590538571
0.4719934189226
0.281598973716446
0.475707457818366
0.379793482630805
0.390769812801035
0.362654790152932
0.383083902853147
0.466211485117505
0.43811771329472
0.485687669560243
0.344338127281687
0.294135092862271
0.376310679626862
0.608211785976069
0.368036766004812
0.55645032116578
0.354548223293884
0.301316334880545
0.355018146651185
0.460837335082303
0.41607674574023
0.400169929517726
0.342796156011689
0.466363896150766
0.439761755096089
0.642409842915805
0.491160074292118
0.480678900576574
0.468029833902829
0.388732393437052
0.509879643416774
0.430815824586298
0.369973775662895
0.559692390466871
0.613534653843396
0.257888690593323
0.498538512247898
0.465455367997715
0.614340605729489
0.303812297289256
0.422497360940662
0.523296228885357
0.461713356729165
0.502659120074186
0.506682181749321
0.374022468466608
0.545305048175121
0.542052748698311
0.550617007441228
0.273264239747299
0.422804886213511
0.43605452503369
0.344149920812219
0.577314043607197
0.429932271995599
0.488639100322878
0.539424046765155
0.420532614045393
0.349763242358322
0.604799873990611
0.44796882105611
0.392912725266011
0.555030961123797
0.472554810757906
0.503542408449495
0.348009334187896
0.473430871970951
0.565835201709848
0.463065193852831
0.53008161140613
0.533983958631656
0.442733057365134
0.453196638501912
0.582277342840882
0.416530075183027
0.53178693395897
0.537366799912844
0.568384022614851
0.517000163401541
0.492269640950698
0.486844728747228
0.402591818524554
0.562158411270351
0.549403395309304
0.630482249931391
0.63624859307767
0.59209708554143
0.361887946282451
0.550980775091439
0.495325482705449
0.603136727748014
0.473813052574814
0.485082506693936
0.587214739260219
0.585214461364221
0.448379454388218
0.589260388624849
0.510829510318075
0.627707863987379
0.531549113459006
0.443988217012506
0.717699035061994
0.620629523121146
0.613887667989707
0.579691655657829
0.620459340592414
0.520458420576597
0.590017578509964
0.460383380401927
0.667174513201919
0.550046673495943
0.579220105066057
0.657080171805525
0.788938224451898
0.639823436104769
0.737928629080626
0.552739024065536
0.551013606223722
0.677837845677128
0.669976661090048
0.765476784812913
0.708731776257905
0.603403195929207
0.667537325907849
0.69796292695972
0.500048435377127
0.641965921103891
0.542552480912651
0.57891910288718
0.527389027332109
0.539476947074113
0.630705036678009
0.494988392074735
0.643325631753013
0.786355011374828
0.558132462499681
0.739829004348834
0.770056084075213
0.682084935960966
0.671449772632728
0.598253947084417
0.592212621728263
0.662205499049898
0.81780244673164
0.647428800551623
0.580030641700006
0.711638315249771
0.57283287486201
0.511781195895845
0.643509059108993
0.624824362063103
0.744922758524312
0.685949831788474
0.620466920603518
0.562365119585239
0.612810925684011
0.721183604838769
0.691138756126698
0.757850453454127
0.68488936265485
0.739676354716058
0.856327499790624
0.852899889944867
0.54433784010151
0.806422676682388
0.719624849767092
0.78639019225714
0.649173379789815
0.707604349914385
0.790057032346071
0.720761931398266
0.774523179935824
0.73672979231675
0.677554261340583
0.740035982757781
0.773112824518234
0.702257163767037
0.703938377122138
0.728407061980334
0.649346199546449
0.718024996432745
0.763386176548252
0.684212825965126
0.678489336835181
0.661256609747016
0.836319586492812
0.689331174654756
0.639778480567996
0.717864384545553
0.59368741538908
0.670160446800112
0.770886410111923
0.719356319537792
0.772434097444442
0.628272040907758
0.644879497769151
0.622189262521588
0.781676819592621
0.724914835876302
0.855048255704086
0.779561510558346
0.747454241656997
0.872820736657074
0.697264843077209
0.732780693608356
0.787596481464454
0.778367058555366
0.777751173274772
0.886345620734178
0.758719349607605
0.82562063510727
0.768165741496143
0.810694994802175
0.99603153484653
0.910578543187175
0.848103420340413
0.841869945140903
0.915325355766603
0.771995684015395
0.819341915894692
0.817210184931515
0.817416891283713
0.940109166680807
0.786444876890518
0.789819723556972
0.838284031387052
1.02016655634196
0.641577777477382
0.823508242140798
0.782859730592362
0.878214575009113
0.813777203318608
0.833843061645435
0.790190122624521
0.938016787073156
0.623649134812897
0.92087261443411
0.856311930125903
0.662720115739797
0.917556410185299
0.9258336942824
0.951546511144798
0.872180882224424
0.950074008247005
0.7891818654426
0.803605613791838
0.866905666700439
0.991714089909113
0.893527455795273
0.857615131387302
0.998938308869212
0.823446500724922
0.766450000264493
0.94409443244849
0.951935636841052
0.809224100318592
0.828809849838741
0.883673150548219
0.981364605704155
0.945787020983232
1.00247242283364
0.999579274028276
1.01988335105451
0.924565777804086
0.840971745123723
0.919713438989485
0.940670288273265
1.07455855342476
0.934107424334939
0.943307575814933
0.98282274381408
0.909654946719219
0.99579960133407
1.07095676711968
0.920387431508306
0.915943817444025
0.829054632816364
1.0096342518215
0.936910835467531
0.947298190691564
0.886723643480695
1.07729153769399
0.960574309401762
0.967721305565508
0.937537374430457
0.946314081618812
0.849864496991894
0.929653212681121
1.0485603275493
1.04220530000559
0.84020794649175
1.07622938576884
1.00488444572988
0.818258602196861
0.918682016191674
0.904224499449187
1.08992056673518
0.960139609397872
1.07446788714277
1.02204900196035
0.907371122778081
0.790056561282865
0.9840841064331
1.0991874948202
1.10825388601977
1.0791730846373
0.933293161462024
1.08921691090286
1.04467019450969
1.01152969505406
