-1.17700170123327
-1.1074832234905
-1.11179414364872
-0.896335785158941
-0.925253873236096
-0.94056112258046
-1.00813043222729
-0.92140200493914
-1.14469317916696
-1.00693540828553
-0.983483693551954
-0.986032606069017
-0.916795288177647
-0.881499675807927
-0.927058686406191
-0.96759126435914
-0.989884331750882
-0.977879621510205
-0.968088869427735
-0.887011146498453
-0.915587855318698
-0.973408985703251
-0.850375326059841
-0.90638740477849
-0.9722521724416
-0.831327456456673
-0.924660223823337
-0.900448093757032
-0.944273652193158
-0.972303131324136
-0.979577770803987
-1.02926186053468
-0.912256789783237
-0.926049689080237
-1.01801261278494
-0.931848733283019
-0.917598900835703
-0.895205191705624
-0.820141110803591
-0.835706387657607
-0.90176783896442
-0.77486939518409
-0.794048923184519
-0.796783341564524
-1.00446781784695
-0.894742553163206
-0.890797594568482
-0.950467225493029
-0.880844677797815
-0.888908028551051
-0.782357577823934
-0.979004785433934
-0.860416533511755
-0.880271721427242
-0.911666081595735
-1.05518536961326
-0.920892073694833
-0.893676012091246
-0.980021836053369
-0.908612503859341
-0.721442383819544
-0.933435297502544
-0.910878959991656
-0.765802498661993
-0.810168990529816
-0.699771754429971
-0.888457690833404
-0.836938993784476
-0.841754932871088
-0.836185963914761
-0.853622376137344
-0.829644232895782
-1.05814306936285
-0.968423297695128
-0.926719676742705
-0.933305517657628
-0.849417314373266
-0.731133095301169
-0.757923931497649
-0.814633985040249
-0.855790382715226
-0.836412435562567
-0.861690512798365
-0.83416614912195
-0.781225924680471
-0.729268906917075
-0.825297289401503
-0.879816429718618
-0.866031904609392
-0.793366174779186
-0.731284488307054
-0.72034283046227
-0.746864397511437
-0.622543376689291
-0.814973523419455
-0.92525019645896
-0.837298415238112
-0.725198210893758
-0.777590395761138
-0.749752532593964
-0.877513122905592
-0.789758948279189
-0.820316794718152
-0.865193697721819
-0.809578711129092
-0.869829512575726
-0.774488225644189
-0.784877142037857
-0.814297031193053
-0.773584743973664
-0.782299966228837
-0.787496956589093
-0.769156099610945
-0.615696019820487
-0.79352674614964
-0.867132822592365
-0.653419351190483
-0.710904626716838
-0.653488358712419
-0.65178995289553
-0.650783709095444
-0.782080676375508
-0.719954076358182
-0.799655809088693
-0.741959009989574
-0.674516547718288
-0.710110734799035
-0.585813609236334
-0.680202272761045
-0.801523290545864
-0.679374922033353
-0.893768224606982
-0.62411322090044
-0.64109720027293
-0.732819153728464
-0.779955843263845
-0.747731591442316
-0.726759388362449
-0.645607002300755
-0.779368447092085
-0.682109807692725
-0.775190004424939
-0.810081025539588
-0.840955479702408
-0.629131798041315
-0.757157361840239
-0.63874369463169
-0.783094792640442
-0.773881376470422
-0.732223132764211
-0.548335006335702
-0.661724634227429
-0.777192372272763
-0.592929139314187
-0.764555444548952
-0.73197081205747
-0.59333961357544
-0.705916398237132
-0.784082906994075
-0.765783806590938
-0.684664306914811
-0.782342404944516
-0.589954881338604
-0.598303295382525
-0.677258452707785
-0.570830965715558
-0.557220085049771
-0.72171685636209
-0.558240825967938
-0.758534697917196
-0.695865059660534
-0.652544986524456
-0.735403470232886
-0.547148351156903
-0.713665585544054
-0.638962635430815
-0.686536177671246
-0.609161887149364
-0.677848341971899
-0.65552427855665
-0.687368395243447
-0.626575204675979
-0.592174683567282
-0.592922028068488
-0.67868486918048
-0.619466146884588
-0.603278044612569
-0.664544876421731
-0.671263334464601
-0.836280729009127
-0.535672211357633
-0.697586247111791
-0.651119657877494
-0.638179104329649
-0.613300857718962
-0.680799481278743
-0.546391818247371
-0.742936349844722
-0.556327439379026
-0.573731106574807
-0.600354929634119
-0.690556249226919
-0.642668708846661
-0.650295424868853
-0.640844447827861
-0.668412835588258
-0.434582054813735
-0.513052761688423
-0.747991710247623
-0.650399940432124
-0.566818476737742
-0.462459008464052
-0.521164095348156
-0.513382549530668
-0.690313515035367
-0.41998389257503
-0.419370074805514
-0.71606008420142
-0.621192006326224
-0.563172241621248
-0.528555507545277
-0.509838395722918
-0.644323225889197
-0.410791583060558
-0.496579395546472
-0.639819607759141
-0.678416797818367
-0.461475192102288
-0.400459011050801
-0.433938115041101
-0.616795787360073
-0.554958985181648
-0.381315866380068
-0.568898940473141
-0.513714138067893
-0.565580602598355
-0.578482044553212
-0.4038902332401
-0.572118191920907
-0.520787103902812
-0.570378131061578
-0.394560667952541
-0.565441542136599
-0.470113424531953
-0.392747104855544
-0.532589322803868
-0.585191229999215
-0.568006155817655
-0.457441365189387
-0.485189882373256
-0.571284824256532
-0.516846206003965
-0.535475356757089
-0.560063529289013
-0.677601255741444
-0.473270974211734
-0.425952040162045
-0.355718614849874
-0.468595273779642
-0.528590561200067
-0.47980417520705
-0.416773182772008
-0.547960207187376
-0.405838503852203
-0.505762011662539
-0.425596613551195
-0.458618888647361
-0.505244470090203
-0.35471985299806
-0.340246881747402
-0.482239533390711
-0.549414844729446
-0.484045706521323
-0.309280350303381
-0.459480573602194
-0.424860284366647
-0.373673359108106
-0.484808950598646
-0.554016166338765
-0.458408747938307
-0.313491209222619
-0.371276614473833
-0.518738161847796
-0.419907060857394
-0.374093322059359
-0.358027989275422
-0.46034148086228
-0.475990941938381
-0.301210562784772
-0.373475333610682
-0.403238500110389
-0.56686805177501
-0.411457653002796
-0.392433966230163
-0.423760473913616
-0.311517985112762
-0.542967185526827
-0.370965122678794
-0.477051165071101
-0.474039078704343
-0.343876342085798
-0.397243992926157
-0.372877556527746
-0.36505736351639
-0.238652699438287
-0.25220591042543
-0.397714760536672
-0.431276602024363
-0.294279942480753
-0.463846250290758
-0.324128072374812
-0.594988046570945
-0.476506611980261
-0.255622523279199
-0.38971761361154
-0.278161399633096
-0.39100566588217
-0.539061271790516
-0.265671066613481
-0.284306794417978
-0.304677489305708
-0.339040775638779
-0.21971811823279
-0.212377506938919
-0.339119410470927
-0.30979866433193
-0.359676929217515
-0.297392921514974
-0.469434183957421
-0.348134281004342
-0.358890453469545
-0.319931663152932
-0.131516278862176
-0.40794669520828
-0.449510026792332
-0.439203128896431
-0.339547179454005
-0.386456247629115
-0.321843558812447
-0.399285913090772
-0.278650444411425
-0.426598214341585
-0.331264932622292
-0.242582212400842
-0.324188339970464
-0.266823984726663
-0.429550913464541
-0.314294603025926
-0.259043212952648
-0.279874399559369
-0.469275375238733
-0.334829843447401
-0.256520919396909
-0.191626924434181
-0.306847700196956
-0.355504657350803
-0.277574643169011
-0.357167508331699
-0.187329483256356
-0.301082542040021
-0.25791872893938
-0.415798276580021
-0.36012022722221
-0.347747101510109
-0.283755493487623
-0.382948023964836
-0.282372526110131
-0.238832598212635
-0.150470549224358
-0.140367626864298
-0.143467814508107
-0.292299167429045
-0.329323504929437
-0.208732957552431
-0.327534806533887
-0.166620872427348
-0.271277342791933
-0.0527834779338529
-0.271330135905569
-0.459229146726166
-0.324501480326915
-0.215468846038464
-0.167784921533209
-0.402519729722324
-0.380905026310904
-0.272815960620337
-0.165903831246636
-0.147643768391986
-0.230484800883827
-0.170592661780651
-0.282717753758107
-0.14768959769265
-0.135365388340831
-0.3863730561381
-0.156660993288237
-0.317256177868234
-0.18319651764516
-0.178999411181329
-0.183135194221595
-0.208845091384455
-0.0972072802914559
-0.210696028696435
-0.341026367880532
-0.204676387930934
-0.0593990805576922
-0.332810565183425
-0.177367200452409
-0.192401463673717
-0.000619267873394189
-0.186374582553212
-0.162624645941416
-0.100117085226436
-0.244641275438159
-0.197685766675936
-0.14572688192077
-0.344430878747626
-0.120419487150245
-0.310738616887478
-0.152860080915386
-0.0870988161789143
-0.244625718904961
-0.130849788953422
-0.200142691908606
-0.256464857062033
-0.259442083772085
-0.112568683298554
-0.104295211863352
-0.012266764393956
-0.175244188987443
-0.0529701667031754
-0.206395102663853
-0.289230584244095
-0.222314850685542
-0.1727050911969
-0.252451610797831
-0.0686984645395685
-0.187400770914402
0.0114096703399014
-0.0888655631681097
0.0577779266416654
-0.0241639387782286
-0.113460742705858
0.0201189591140556
-0.172455807378128
-0.192616884053622
-0.109448302091075
-0.097494931763358
-0.0245338909997851
-0.16012461794688
-0.101381232329189
-0.0958599881305026
-0.034569649015479
-0.188744272469419
-0.180679983628144
-0.143222647689834
-0.0718590883709549
-0.0763196535042172
-0.0255228004201677
-0.185456014435058
-0.177388523336817
-0.12272288081082
-0.0228295835015199
-0.166836869233929
-0.176478215115811
-0.175808120436222
0.0365437885173857
-0.0980147957729323
-0.0542544322208072
-0.159857531307851
-0.180879851419336
-0.167625088771464
-0.137113381241544
-0.210393747438061
-0.128569573091579
-0.0697055971421587
-0.112360482570515
0.0982107178738964
0.0284015141558578
-0.151841588921416
-0.09378516944161
-0.15993674997661
-0.0175418247725518
-0.111636074387895
-0.184666438645635
0.0807840289939019
0.0938629340002714
0.0664953922185991
0.0355702566570933
-0.159022842834481
-0.0561490546197165
-0.0353366173322521
-0.0250352734324196
-0.0199062502913679
0.0525925217487778
0.0404727614824873
-0.164185281865988
-0.196481143898982
0.11847743460619
-0.081015068195166
-0.016890125110982
0.0572654823039277
-0.111041080353154
0.0654542547084731
0.0537091153596082
0.0317597282946347
0.0412533522386618
-0.102145552192665
-0.185215913629145
0.112063336113358
-0.101740002925164
-0.0249812627294968
-0.0177359616075453
0.0456950381895789
-0.0828350343461166
0.0218131125421101
0.176295395546814
-0.0515535789648628
0.0473465290631166
0.120839091179294
0.081334603122184
-0.0137720537198731
0.117988251384267
0.00118292619885392
0.0400813334311264
0.00083187526298782
0.181495740625297
0.138398855731058
0.145365906026211
0.0542950981496902
0.0764902152636394
0.10064744646355
0.0540538936054837
0.0324458750197966
0.136172067593944
0.0503671721236603
0.131125831714753
0.0334861732983089
0.0212231882620334
0.10147486767305
0.00312167942049673
-0.0217712186698572
0.165758749636736
0.0915683024766397
0.030734246860723
-0.0527790491491073
-0.0219688376098228
0.196114728342907
-0.0379947089460134
0.132976158473228
0.00711575593186332
0.0334449253632832
0.0896019260948506
0.0237995371273015
0.16784529686002
0.0835001753520822
0.213310924521198
0.0624950484677829
0.182337727596432
0.034155574664383
0.156637576452062
0.0354393704935391
-0.104479676940472
0.119723305394922
0.0859717105439056
0.20093401721434
0.251215422259083
0.241210954343677
0.0217453699265692
0.132551076082669
0.262233792873021
0.129181145060016
0.108233201804092
0.123482340594303
0.0913527070540382
0.167574751168245
0.160306608702612
0.00496639931450616
0.126878824079827
0.204908246717334
0.0703308400928093
0.329530848402741
0.0389498470323593
0.211868990743457
0.21122769587368
0.165286496170052
0.105766116829004
0.241461450727996
0.125287840818606
0.159250692626882
0.316867271901369
0.324689380226895
0.250909489089617
0.12010387946143
0.0920196214470756
0.127331478806561
0.181282024723035
0.119231573337656
0.225337510808292
0.166937424884766
0.287148434392873
0.109338802706109
0.0619560883327413
0.193114249160408
0.204482120774786
0.372026855646442
0.333256193698875
0.16803403467342
0.348318990208838
0.243345994112435
0.219790259621562
0.262080993934385
0.233731843998592
0.198033128308818
0.141065241955709
0.274866661105442
0.300920093424031
0.26860843592122
0.225564401069134
0.369727330413068
0.246966562552327
0.342183912565756
0.217554363610698
0.133029110299116
0.228989317395253
0.275921672441647
0.289741809070709
0.17317799849567
0.3450503852347
0.243342056793909
0.300553060693739
0.276788644078487
0.120852738754092
0.0832834794879854
0.193069436990047
0.379126227396727
0.294319921496106
0.270414127373419
0.303624308087655
0.342567996359997
0.22933995856141
0.0951351470165556
0.372609847969133
0.298406958733379
0.218915038047832
0.350239764070209
0.0785797994975052
0.318699167157299
0.216474589557684
0.247637607546523
0.275270423102883
0.270592184433277
0.258539360312966
0.38320791107165
0.309611760243181
0.397242016372065
0.388279760293074
0.452352091465675
0.20878701077009
0.396894890267812
0.271390618187403
0.329357517902431
0.196017708425926
0.386180703664322
0.193709474653289
0.495510072237863
0.453172709497718
0.300250931155019
0.320695861807621
0.371077318103914
0.38145509954367
0.238214323265337
0.248254527241997
0.300932919621512
0.32863050341831
0.421975420923695
0.385008699064197
0.252534718322518
0.452977619833201
0.442372018805417
0.418186936931197
0.486426278130386
0.500071552338779
0.342680754905048
0.391556216951161
0.554158964982919
0.17588983661675
0.357250375467006
0.410852562342308
0.266663402429855
0.28401794061332
0.247273241806094
0.524481648108273
0.384587532684944
0.31016110529854
0.494518188588905
0.394969506309825
0.397275641249198
0.383224674700984
0.440705106538631
0.3577982535488
0.491553390310639
0.418723525218614
0.434578254645166
0.384075371449069
0.423834325294212
0.355086948324163
0.375515176275567
0.44217495959507
0.377254136129722
0.422953906691963
0.418828284383991
0.285942683254968
0.385648317888077
0.412123996385463
0.498099258374704
0.399260798370337
0.455368902609962
0.37717758314886
0.443977801264238
0.427795316432584
0.283296804813547
0.396686723955635
0.557474840506731
0.472754940027359
0.542460268422486
0.611952910851055
0.44608896107369
0.4584533133947
0.334031053296719
0.539305780104943
0.49130063988904
0.347798293706
0.568132472793127
0.507033608039712
0.470604970566838
0.603064222122177
0.445381847507458
0.520261373180768
0.554129414726474
0.573545522131415
0.440283493858886
0.55051920997877
0.416279126264636
0.559595535234958
0.40227888567989
0.38968727572018
0.449784415636395
0.736129756166362
0.514395762525568
0.510402388158006
0.431734030585043
0.515215675911768
0.566689841851664
0.551344806505643
0.388849243833345
0.582478004545332
0.67005480628736
0.450189414645758
0.454644891376215
0.445182198103106
0.397315284625167
0.530350390003941
0.569520357847838
0.468496283774558
0.520580272731959
0.518020872565009
0.447251746409701
0.431092899762415
0.513466949604255
0.546763742167065
0.581086995458138
0.644971723362857
0.630720920841378
0.369293013217642
0.523240634416068
0.563336429653323
0.604648408250753
0.589321064734044
0.434241030581134
0.557915365767381
0.622845730796005
0.630368437377074
0.550129711084469
0.644344741383555
0.550533610828614
0.532322103695183
0.625776032200979
0.560654882670056
0.667589199280025
0.566000141414779
0.605440036117081
0.366633718421431
0.445393322708262
0.595269248957773
0.537311055590201
0.616826741731602
0.533731263520441
0.576122568641813
0.538586928187728
0.556016755339761
0.613193076098597
0.586882667366454
0.451907851962374
0.822349516748261
0.671864584533978
0.586291113419155
0.603904821226558
0.707713422093076
0.518813510689786
0.700428431190734
0.593068792401154
0.592676238141167
0.58329558746438
0.628022697697394
0.604576924309773
0.647688156712212
0.72991778834759
0.586714247147507
0.722927240459765
0.549352516709776
0.591131261032197
0.684699701666062
0.590368458222382
0.583414647525215
0.763389771481754
0.741558314435858
0.607020104245564
0.655032977345536
0.669306629884095
0.709477324326861
0.742353715634542
0.667403437322797
0.764533479621757
0.76423709371748
0.734928088224203
0.567935042047813
0.600959315167836
0.691006425420194
0.741540024010138
0.723686854663794
0.661057702285989
0.503944840584204
0.635957609200908
0.766984885923525
0.601486200528009
0.719457730177351
0.705850401153808
0.809405502706822
0.666341224058057
0.636303754541633
0.568892459217875
0.761896256541311
0.748767331573617
0.613231067250498
0.662431189238772
0.671487310005948
0.692375163861658
0.70571292296581
0.65556480390824
0.728756489395284
0.589237715042442
0.87675562305179
0.631159306826846
0.523764822992716
0.777513915910764
0.739706801281037
0.772492615270211
0.669241624136321
0.846819896813384
0.712200230494996
0.724169098161997
0.706633446631774
0.740235245758855
0.712127630796922
0.835847392072434
0.882037650382941
0.889143105340792
0.740916648253552
0.674401252001246
0.554385015702664
0.713100248072126
0.719393894201976
0.812107670824018
0.74978708391596
0.693591789955754
0.89015475970993
0.688708636150722
0.865837124025536
0.777735518147703
0.67598740391235
0.843112335938727
0.71591193710184
0.950322481639271
0.729779822216818
0.66185648452738
0.817688796772084
0.828457327603832
0.701175874999834
0.772100115109388
0.737899544754161
0.843847242986683
0.764726056903044
0.818741691773578
0.675714606618824
0.663113351223266
0.849259560702066
0.831215506202429
0.788378719216207
0.844356919485601
0.847167720550315
0.91523559606302
0.835049781293962
0.783574797089095
0.905060226991532
0.965449180162989
0.778868272578019
0.922247356913257
0.685372977965803
0.739243785049215
0.8427498339942
1.0266659302678
0.743526871257984
0.87907446183862
0.818115931360374
0.707111338522896
0.8315495783009
0.928443240672367
0.774824873263009
0.764341878231595
0.880626224653582
0.871901107162331
1.00770751316835
0.889092456423664
0.891569968333417
0.90627948933016
1.00709989223657
0.810239411784888
0.848425951950114
0.954057831442982
0.762830402944962
0.966064769986639
0.936816257556666
0.688685206954189
0.882563780827815
1.03788518023224
0.896059317778126
0.739668248396193
0.944256139059856
0.817878470439634
0.89145824339417
0.871502050859834
0.768593005843587
0.854814209914016
1.07469502315863
0.827635106763247
0.8202861904509
0.974888986572697
0.945062552122276
0.881203505225655
0.948401573944486
0.867172988643676
0.902250043168939
0.911225047798816
1.03305669348486
1.03485826436582
0.826565261017323
0.899794549665911
1.07446668678087
1.0666380405344
1.00766391052014
0.975646006369012
0.941336106234126
0.81951131502777
1.03097953402095
0.967133712440071
0.895945322317515
0.833723224941303
1.02887110734098
1.00241583497181
0.802215594772183
0.778533042654989
0.826542495746868
0.972358420811199
0.848938871353031
0.957477616591329
0.818950411401854
0.958765613549574
0.991541513334999
1.07003511417808
1.00129041938901
1.00064861868861
1.00051185759919
0.985985625347429
1.02488863461367
1.03653778315617
0.975952654609013
1.05330297137749
1.25825326124952
1.11930167359474
0.997545834546218
