-1.11356059153808
-1.02680175703541
-1.03957493361712
-1.00710081308084
-0.915653498151895
-1.01941691364577
-0.903529211027607
-0.957293176736714
-1.10482106301274
-1.06008597406561
-1.01886127657545
-0.971943205656318
-0.901792207212682
-1.04847524932369
-0.901101899086518
-0.989317658245017
-0.905203411463524
-0.993775541150553
-1.00181492786751
-0.923855069267298
-1.10044296220024
-0.996998986451745
-0.902377352719662
-0.843724510829027
-1.00708532710392
-0.901761411543242
-0.893884823481563
-1.033689180863
-0.95275429233919
-0.914061044384898
-1.05881176848669
-0.878467640819776
-0.886474686718942
-0.819439608032161
-0.854075139329623
-0.894444284009538
-0.777162424121196
-0.918998507719058
-0.873543078211671
-0.971209909170789
-0.884226527050484
-1.07327111456823
-1.07311317797683
-0.963092900387522
-0.824916290745406
-0.934873047046876
-1.01319571889376
-0.844148990445068
-0.797162217899009
-0.895072859424061
-0.886791385599128
-0.879097196082874
-0.836558551606164
-0.846775448723172
-0.870632875944455
-0.844939154520966
-0.909514455808684
-0.829178547617348
-0.964765881547931
-0.944639355974123
-0.832514161782872
-0.887038831587759
-0.906492160801835
-0.848646374937964
-0.877154913089661
-0.941284527380768
-0.921484478139609
-0.81015361948403
-0.897974416855768
-1.04840387038936
-0.950827438522237
-0.885831405713391
-0.953570396916518
-0.814987998397212
-0.836974001198774
-0.873838148311978
-0.884484786405418
-0.886493400856445
-0.896651612072646
-0.676631565476102
-0.884478401684552
-0.838845060133901
-0.827809443411621
-0.85983456752285
-0.91075220537545
-0.833316928363467
-0.779222798434548
-0.874774938827707
-0.79302054510245
-0.928802288182178
-0.812531823964314
-0.732126879255399
-0.866103874111063
-0.853323929626927
-0.788082035155732
-0.860575417134485
-0.83192614842433
-0.739493544969105
-0.782275327468777
-0.69215989196843
-0.863690305183331
-0.738638764213912
-0.746264217206374
-0.685901444121185
-0.739491495546801
-0.902899460769926
-0.642355959198627
-0.708429281784625
-0.729452731142006
-0.782842500393347
-0.825167784546054
-0.864458753874466
-0.787581562008976
-0.810500570389028
-0.882157638729336
-0.834093882980969
-0.880814740020338
-0.593052634055106
-0.778560148967993
-0.764132113171748
-0.766732174274232
-0.891463350438304
-0.810350285526133
-0.583180752620866
-0.495536989569612
-0.678428107627011
-0.708475768780685
-0.759870441139506
-0.768906292658276
-0.815072103261633
-0.744415814616711
-0.743750413281818
-0.736931153140039
-0.6949387929666
-0.651913517550323
-0.801242333311935
-0.815128585072939
-0.838138576719991
-0.562332804376801
-0.680956364821923
-0.660003874451056
-0.744659611336589
-0.701127078060437
-0.704766479747381
-0.633794685993399
-0.738142257813743
-0.776847267282316
-0.763408079849633
-0.65660394306376
-0.576140364971416
-0.563800401338641
-0.654411476403818
-0.656377567977548
-0.617263320728424
-0.716962715416875
-0.668280232446964
-0.826390158294163
-0.760177845338623
-0.566456581626142
-0.660613398428353
-0.703321491978574
-0.690384033832275
-0.796682610871638
-0.799034252881307
-0.703010352131121
-0.803152777032112
-0.604127279166111
-0.553048562305197
-0.676439624109006
-0.53203010792015
-0.647088307334386
-0.643765932692781
-0.634693374422376
-0.591634909530821
-0.628545920278759
-0.676497889641261
-0.528194962527045
-0.593127069615708
-0.525727894517967
-0.729008298936426
-0.700551831052805
-0.680447932352378
-0.65609229730142
-0.622947980508213
-0.585942565440725
-0.584655200643294
-0.635168842499795
-0.680534039977854
-0.554306701657866
-0.6767774900576
-0.624584003480358
-0.592176813883078
-0.608173638584517
-0.473330083644603
-0.583110385611073
-0.628778659889269
-0.600783750931271
-0.671129695415456
-0.686584977672927
-0.555944680376438
-0.55817954463736
-0.575501490392238
-0.644728048736658
-0.608348607400649
-0.499765767179735
-0.650677516053915
-0.547369740924251
-0.554179453191614
-0.432958351485606
-0.544771949382348
-0.601670500964935
-0.523116397997179
-0.43794085440205
-0.497453663330802
-0.55087139074676
-0.515411954974999
-0.361360289968559
-0.533775673560641
-0.543578132898221
-0.49831800010135
-0.582740471494929
-0.555995142365623
-0.704872264285051
-0.553736462874882
-0.57904029946382
-0.434874283152124
-0.482123793639592
-0.676292869339659
-0.453167898333065
-0.547333574563414
-0.550013919562944
-0.581157012152617
-0.437673841319297
-0.564329066069721
-0.541713375939227
-0.549827216207803
-0.348952809345782
-0.451222411901133
-0.520857521824628
-0.530675073789849
-0.491090140000645
-0.555515197429454
-0.661752450550763
-0.562476448107575
-0.456657047426366
-0.686688967262011
-0.313166929079782
-0.57869440742369
-0.493894295583615
-0.534454550389559
-0.382168503785616
-0.637029206314304
-0.334138577229606
-0.705820011035928
-0.604157790169894
-0.458039095749047
-0.481461789235172
-0.531717919367444
-0.477653301493303
-0.5075331584085
-0.406632943102451
-0.503065151926535
-0.463701754162484
-0.298006534334428
-0.523997443239574
-0.625006601637593
-0.452625627285828
-0.417370635381977
-0.502416840300882
-0.480633003287176
-0.314525213953967
-0.372082178715536
-0.54697527585212
-0.572625286082606
-0.352697255510102
-0.379526472960267
-0.385404204856525
-0.445318847763507
-0.602498514212052
-0.50311496595279
-0.557755153496349
-0.294505867011415
-0.565637981764524
-0.398936823858784
-0.350566947219002
-0.316763214407928
-0.325928212653684
-0.64319585005603
-0.368281373270361
-0.528117302081989
-0.640399223763559
-0.329208878747063
-0.553819683100649
-0.461338177109509
-0.44231244175734
-0.408367265399753
-0.411491905712618
-0.451150660493942
-0.425640440209548
-0.290438132461677
-0.34189836321306
-0.537196430887096
-0.434992255072431
-0.498918808204373
-0.48300545397855
-0.396106380822411
-0.368487141907489
-0.291339957942257
-0.448366822228173
-0.307429699310329
-0.451735278732625
-0.407398495096208
-0.340427057925398
-0.429841172359679
-0.304366442975823
-0.44830124945447
-0.228381604070103
-0.221621036515016
-0.319850565405945
-0.483500746464443
-0.331771220078108
-0.441622024971601
-0.431877276616062
-0.349842647760527
-0.473023007151087
-0.316270285414152
-0.238132120704447
-0.316171596086966
-0.39552388048224
-0.305093908573875
-0.361866478636433
-0.352021339521737
-0.308497424443838
-0.137556035051097
-0.404018993356849
-0.307515049957679
-0.311876313932301
-0.395303145778813
-0.53801577409323
-0.34713581757239
-0.421262060440611
-0.184108258266103
-0.314094765653514
-0.327384160762809
-0.204846393397247
-0.141142603531903
-0.351368549316936
-0.156728269611365
-0.377272615604426
-0.319993850898567
-0.294725646137142
-0.396100812263054
-0.0932144246244738
-0.206170312539718
-0.33001819742211
-0.33302306615875
-0.327375874862836
-0.371553519038586
-0.312119923661631
-0.310587870962208
-0.273785354168324
-0.41868616114745
0.025446064078401
-0.426412504474535
-0.183287714267265
-0.316400205344842
-0.308519268604977
-0.110933062761142
-0.34833066049391
-0.315716635660228
-0.293269744775757
-0.111323834016277
-0.182426708926168
-0.147272508389126
-0.188004471035231
-0.196040639241796
-0.19179948506428
-0.23994726354637
-0.256117679662555
-0.449546182685757
-0.226513200433067
-0.299658849980023
-0.196601468578911
-0.0639915546443909
-0.328372116028175
-0.19908498091823
-0.344163579010985
-0.259319057207541
-0.292208404777927
-0.298689634237979
-0.275911367194125
-0.0987375910582802
-0.0999230489167682
-0.189954538000867
-0.270831679850243
-0.183149534873454
-0.267815443516516
-0.327488812396957
-0.192690234034222
-0.251361447786109
-0.191345626799086
-0.288087976361267
-0.138804579782122
-0.339959639416577
-0.195021759362633
-0.206958110937563
-0.286225505449704
-0.166090948076707
-0.19432901436574
-0.125583352612926
-0.169897209582827
-0.100162439238291
-0.0242816628949093
-0.179988101698674
-0.131224383119953
-0.02074240538739
-0.228017926558498
-0.212572201526286
-0.190776892559711
-0.187189138310484
-0.0769379850178547
-0.241116927456903
-0.162380034691198
-0.0564565888143553
-0.254553941267055
-0.201429344097768
-0.0658916856397589
-0.0472499257055792
-0.146122096364379
-0.127628614259639
-0.142923245102474
-0.169863772306471
-0.269384969699091
-0.0957190601276984
-0.0802298790408933
-0.17996360557018
-0.235474415085623
-0.00744052225752619
-0.189066448516463
-0.165701904929397
-0.109646086772485
-0.0888508559040284
-0.0138669712044969
-0.019775583859486
-0.146202735089858
-0.179450238844105
0.177018275934535
0.00153469219864806
-0.0706034918148981
-0.272918399781433
-0.207539905377426
-0.240243799237186
-0.12813695131003
-0.181818309636226
-0.0792524554256475
-0.153924202889286
-0.0377608159249149
-0.0867600249766141
-0.130579410894607
-0.0932501067027389
-0.0430221616172988
-0.0163140100441752
-0.128393093558879
-0.152966769168709
-0.132580726818451
-0.0206033307703075
-0.00954751605396756
-0.0770548001735644
0.00139100736227418
-0.091858531703101
-0.0266684492825454
-0.0749020041148791
-0.156071051665699
0.0514632317057663
-0.0754130999696324
-0.116893192780704
-0.0464150282599483
-0.0298150277317793
0.048926968198013
-0.14690634068707
0.0609379617393946
0.133257398030576
-0.0977090557441681
0.105536817932143
-0.0770755005300546
-0.0138569072193815
-0.0867483104752975
0.00634417774412336
-0.0493640888167445
-0.141995035018014
-0.0155622860368774
-0.0756051948675138
-0.0445746687916469
-0.0134145360915604
0.0975734684909342
0.0714530927322848
0.0196680640291854
-0.0730021749520718
-0.0414852642349727
-0.084795381193632
0.0135310535168249
0.116833442504359
0.00624536475145013
-0.00436365697148888
-0.141252252512363
0.195836552111072
-0.110342876333136
-0.180558546743055
0.102158994328822
-0.0222115265391008
0.0465944182109526
0.115478177448559
0.0296422988016874
-0.00972640452856894
0.0393682916928206
0.0418644373147396
0.098214787592102
0.133778572834588
0.0831763653509772
0.0281877729211122
0.0712363077993315
0.0870509175212638
-0.132430445346815
0.198965773308878
0.0664512204950694
0.0270972997038705
0.144962842441485
0.099878941568082
0.0360262579131983
-0.0232826323376563
0.108334431366513
0.122036157103594
0.123665029594719
0.0890727309102805
0.188255099352959
0.010289347913673
0.0548932336020003
0.0210922158637824
0.131149015969435
0.141969745344224
0.101262397099538
0.237254237627
0.123120834788063
0.00652802865703755
0.0741629292079292
0.161601640729619
0.0868789737247927
0.0473007656930156
0.0326191446427563
0.0513715562974529
0.120645586331118
-0.0347053616301363
0.0947888498258223
-0.00503601808641237
0.173893030751493
-0.053684338928469
0.160868144862175
0.157935948989795
0.12198527167303
0.273120536719652
0.296560243724847
0.216692246789951
0.156078046748609
0.133355795064738
0.0668152481095347
0.195225629182951
0.0643537446475231
0.0698934336121636
0.177133328730204
0.0410268811871831
0.193660695477015
0.146127508192798
0.0662555060300802
0.124322990565673
0.183547473347656
0.0843785953963002
0.266466581061655
0.254694060612255
0.116874207350228
0.109659200729885
0.111815468229393
0.0995009659549339
0.211920122170011
0.194496766633968
0.1564345230737
0.250100597352707
0.0772294132474831
0.344921802657296
0.240157530017106
0.146658476969703
0.2114695181411
0.126492305953909
0.185628056262578
0.278114541682017
0.0481999442895685
0.244186666507051
0.179401671242259
0.0462000763026097
0.158163505650723
0.106713405150681
0.243722932757115
0.157323270803092
0.288911843118035
0.266816593980074
0.131272346712777
0.411167043811839
0.297450902304257
0.089192976384936
0.152355068920934
0.120109265144393
0.236028703396629
0.261970495754233
0.250830060888127
0.319336195473112
0.323007079163641
0.266246513780865
0.282522734938315
0.325266711660937
0.276356745374443
0.14323647992114
0.183857189601344
0.238362220008664
0.198006091367708
0.32151564562408
0.286751982545887
0.325689746146661
0.271340612947555
0.263788914407358
0.249642312127968
0.323377192651866
0.297704365156272
0.31008275325881
0.301077226520569
0.311878174551782
0.291234496488249
0.241297599168008
0.327141002981016
0.341625898281071
0.2467018135052
0.211801616577505
0.288431346987236
0.320436119499092
0.371902310965763
0.43110062298573
0.290451552117288
0.262137859238313
0.301072507820807
0.387449085141518
0.313458064694573
0.137647284100756
0.355728373124409
0.189458447655625
0.27550165726095
0.272690569043561
0.238212639088806
0.368871852052776
0.385382862295054
0.44053357005402
0.224915639080659
0.329351475192067
0.301798360209791
0.300230912553593
0.266854678284844
0.242544013679151
0.230158497967665
0.40532873722928
0.415558939898591
0.186827216741413
0.315730018786599
0.227907275549035
0.237660075061166
0.179237739870645
0.278656693109363
0.408898692772179
0.382504775007118
0.365099721203087
0.302663584732989
0.254486399641325
0.471650197596711
0.441911711639509
0.57592511490118
0.527669146717456
0.302569907599321
0.389236585529408
0.458666133386201
0.347850366937502
0.426035967153149
0.521672186545783
0.299883808347653
0.347831605311841
0.448616080648267
0.360742199811024
0.35618009236527
0.514000953475489
0.396246518171691
0.286803018488501
0.247960263357112
0.450749292403355
0.287596947319698
0.306844571865812
0.372381784337651
0.321564693802655
0.444942453419844
0.428619155256318
0.347728967763503
0.396259642556411
0.247145477263651
0.389650855205838
0.330810102788201
0.543211258227457
0.464636445469225
0.508254468097589
0.391867826389639
0.36379331706476
0.284110784647725
0.413135773569439
0.536025825096767
0.383599510713618
0.359458730120107
0.450342663888907
0.477463184736511
0.463259611548323
0.357295196281394
0.463262879069446
0.516977902749173
0.511540560395329
0.292764962551755
0.429455288087615
0.409334696055396
0.570429434518497
0.549158025961923
0.394307252511124
0.404810274632515
0.453716611555492
0.443631561359625
0.484065546691211
0.372348374217711
0.463957276680258
0.47302403216732
0.605782595484925
0.528495051820056
0.591514703230039
0.408874873907086
0.5601835951991
0.514591163896439
0.531135716258634
0.486353716533395
0.622192417575085
0.573978079156895
0.49357184533757
0.366908072012955
0.347986878885993
0.475731570081577
0.41103487405158
0.581452425983078
0.434970642159648
0.582539282296166
0.514521121176323
0.482576131186192
0.691989199350258
0.632768801539024
0.622263736204061
0.484777695653872
0.520500370385159
0.418309711698776
0.536684325462778
0.528836522739703
0.523420621924099
0.633113315120286
0.582969656868889
0.56250050524864
0.51356412218906
0.673968442703569
0.60119608932345
0.522433042437289
0.512592488939722
0.629348264901353
0.590123582090838
0.647773230868126
0.367815895434446
0.521637066159639
0.709573848296112
0.527801476600802
0.665216272254628
0.582989309212896
0.646531638452082
0.605457657185555
0.69692909319295
0.610215988829346
0.645961838931977
0.703766620712283
0.53777015538295
0.541607133584504
0.575282162221498
0.492670590800555
0.535520424376795
0.531484999404423
0.624991582070076
0.633823657039466
0.499534721713286
0.606479812360074
0.49747273420422
0.666977685809298
0.645609197689048
0.52807072061014
0.579278973510258
0.504413765112315
0.533640856514035
0.641051893845047
0.615082488450403
0.567694724109639
0.639481033832994
0.561326208042807
0.679413066283261
0.772920868524778
0.420510378731741
0.514237107204468
0.545798615253133
0.644599197488055
0.638570759717692
0.575542837627172
0.597383021577525
0.628070435329318
0.656275651084125
0.684174072292511
0.765304628983602
0.625053397241324
0.740692423778833
0.507328233514925
0.610401909794463
0.720780245286042
0.720295309122414
0.624873552677249
0.558970235428185
0.756414016151851
0.834266421827875
0.598101696218888
0.816229674697096
0.773698831690868
0.626023727951989
0.69907992453528
0.853313226305554
0.767955360972623
0.62030000827029
0.646098187858907
0.650927104937632
0.656203401924994
0.653726820966033
0.569839261039813
0.721088208453033
0.521603912781215
0.788848571089962
0.815408218088768
0.683388004407458
0.606989476978272
0.665966441214922
0.707558511880383
0.64372422693987
0.634137386002882
0.636247289474144
0.685343136612648
0.609287794890851
0.770924916734597
0.704065521299706
0.674332408656436
0.723822358661301
0.623367215032336
0.563659737980588
0.727107480339986
0.820994077477725
0.802407518379521
0.760903810972379
0.62783416860234
0.794315023602288
0.523299014006825
0.870524993601618
0.762604217250908
0.795649674343043
0.637268730430083
0.636084087077213
0.627449142937413
0.837848916725151
0.647927168386961
0.862292008424301
0.773821598996704
0.729788276728576
0.792702672021896
0.662690847116809
0.756659167221121
0.781299340012669
0.722872009470447
0.69533811809613
0.7908475412998
0.756122949456144
0.740831317808683
0.780658450256885
0.829151291368399
0.80875712336815
0.898723740197384
0.797839426930728
0.84318228129586
0.869932141616888
0.832442706608336
0.800412797858148
0.749672453834668
0.633901009253941
0.924400716758113
0.869480259368194
0.890082918481853
1.0458618455544
0.895309987340527
0.848488677061543
0.792095864969972
0.812229426098801
0.913630087286308
0.760453930336506
0.787837027882333
0.851778598370113
0.973997948931552
0.865663134303397
0.81859735612984
0.75921434181057
0.853622728709674
0.895882859311398
0.858389735023628
0.897868830545692
0.716793263173581
0.743839489461564
0.871569674842392
0.881267048964646
0.937151365468594
0.816474018701051
0.942683313528471
0.861003693567514
0.889711755748273
0.795493519983445
1.01083457607067
0.851083929678359
1.04772153809975
0.75954682500541
0.810966141801885
1.02715761166141
0.828120198437994
0.973223185692688
0.911420441958707
0.824362922769257
0.774977926425626
0.956642067018107
1.05557665016416
0.795032842633401
0.939429826988629
0.882779751697389
0.834132726583049
0.969029817002082
1.00815462222847
0.905417289247612
0.87248127501824
0.884694605160464
0.999431848919852
0.860280470198859
0.837850431289804
0.925380403839053
0.92462923007787
0.84962602678947
0.942463573304005
1.04245614300694
0.96605002412318
1.04001078957682
0.868557259982581
0.851640273862724
0.845808501374724
1.00645420482816
0.987592538827354
0.843032215610011
0.93102211651484
0.927012165332885
0.877579379108555
0.914746099353022
0.913581594689876
0.918453960384064
1.09706722520276
1.08964018396695
0.889601329273601
0.996101643416096
1.02529031487858
0.898526196588428
1.10491206003355
1.0054101785982
1.06404087204135
1.00500607919465
1.05108497960859
1.04554579893411
0.902803538279896
0.950622390632626
1.04254691285488
1.00775183474077
0.939472310411505
1.06468875084725
0.947292204245209
0.907828013971057
