-1.04270502165809
-0.909931438790707
-0.956844305791249
-0.911951682455397
-1.00903902459907
-1.08908112674588
-0.963704820806083
-0.833868941051981
-0.923185703416812
-0.953830602983863
-0.992248650401296
-1.04339674293718
-0.986804640899091
-1.06133818175502
-1.06420026240025
-0.970105614464682
-1.00862919443017
-1.18281642511701
-1.00787081640614
-0.989045526576332
-1.00936513696606
-0.943831137047457
-0.844590381275385
-0.936692511916647
-0.841737731888296
-0.935099614044218
-0.881521516684535
-1.06212845417772
-0.922203287658614
-0.77178169922785
-0.889087933001158
-0.858196079805244
-1.17477695161136
-0.856411654129505
-1.08327444070234
-1.04909433885324
-0.828042765513506
-1.07579950289204
-0.937316382982438
-0.80166463894962
-0.952065191612345
-0.879189597067848
-0.702107978676264
-0.742482147641427
-1.05151027983844
-0.837674180690645
-0.983135886312547
-1.00758775478057
-1.07322160206939
-0.774915367371345
-1.12001654708617
-0.987614624094858
-0.959128236383075
-0.733185212936229
-0.927480857027201
-0.779116802854601
-1.01996990157323
-1.01716525654828
-0.746100813855848
-0.923558084487662
-0.791005548252755
-0.979433450468991
-0.840746269063131
-0.851510346685573
-0.863057091752058
-0.799097642841296
-0.819547267062245
-0.959810387081505
-0.833025986857787
-0.801413023642453
-0.926520776396189
-0.82906576157998
-0.95854140601598
-0.670670950389068
-0.775974491150161
-0.719619912058433
-0.849712182228922
-0.733500350211423
-0.850007951209134
-0.820627509201198
-0.837970002852717
-0.762691127691688
-0.895651261037533
-0.755416885296166
-0.753709324599361
-0.677099203448937
-0.736671820226943
-0.991191922843586
-0.864623407909111
-1.0156248373
-0.808717534918564
-0.799407751608321
-0.927371288426723
-0.788176666114476
-0.835263858740125
-0.671584405212736
-0.775493331534789
-0.886791708777748
-0.73077849121683
-0.814462179092453
-0.790805767733921
-0.857721423471486
-0.836055374117178
-0.818175520422171
-0.800573417244221
-0.836343518560933
-0.784620183847299
-0.976877116644692
-0.753038741692047
-0.766094528682483
-0.786559446780169
-0.822370069962299
-0.699022774790929
-0.832371764957039
-0.760336070372159
-0.651755440197194
-0.799827233525191
-0.625953300424743
-0.761525970952667
-0.687594673752475
-0.776902013561956
-0.82595985388337
-0.746070967965702
-0.878568272248503
-0.661386213611001
-0.65478643282448
-0.818503099689821
-0.778502462139167
-0.864443148763035
-0.683827954995653
-0.563636204692629
-0.741776749301113
-0.656756047804501
-0.87309882555009
-0.493007080382601
-0.748152916937236
-0.748802626349585
-0.794936962332774
-0.663692522737535
-0.658100042444378
-0.579209555748284
-0.577523827254525
-0.664766442317521
-0.664816121732524
-0.814497550340597
-0.795914408234333
-0.747365587072113
-0.739460448923592
-0.651006148975406
-0.832952840806096
-0.705244555640306
-0.757830845734433
-0.691633603828371
-0.786896732852068
-0.668934683293465
-0.608378017093715
-0.767741921339791
-0.613549827299395
-0.653832225106856
-0.693610954555839
-0.647567872050249
-0.66337478392026
-0.754958114990431
-0.715662385258058
-0.569709547118427
-0.611589747330368
-0.861624715135351
-0.536843190591646
-0.711056900954727
-0.631892235795872
-0.686914935359222
-0.66970378287349
-0.601790984978647
-0.650971401953437
-0.572660674540253
-0.66058434579602
-0.67234944153137
-0.504632109664755
-0.80012052675881
-0.657647162772155
-0.693864922509973
-0.580393790072361
-0.645718337946036
-0.538082282534105
-0.603873950726039
-0.57030620780632
-0.660492893201917
-0.538898407940903
-0.654169800454978
-0.592838971601514
-0.50302473460812
-0.713740864443607
-0.67403772101733
-0.626529154376791
-0.594159985903371
-0.749118939274751
-0.574075449936405
-0.622078062988558
-0.654270988595469
-0.709958303598031
-0.476824078459573
-0.546527286665587
-0.720948679414613
-0.611903719864845
-0.691816666557874
-0.643942946154686
-0.756996640138334
-0.658006900978475
-0.584397218731008
-0.512996819634379
-0.615449246016001
-0.529479402674464
-0.553068228397798
-0.524052187814922
-0.560981975565023
-0.559081894449399
-0.580872969584837
-0.623731762572936
-0.617072235050263
-0.67632924307631
-0.543425301549991
-0.567733896180996
-0.578733166706822
-0.610570978114392
-0.469137797948761
-0.471357563930928
-0.647739672658904
-0.529212611669136
-0.610174057077608
-0.533391936435211
-0.332145058736859
-0.507571211897753
-0.3850797066958
-0.629590229207708
-0.439622696621286
-0.65647210005207
-0.493020892345913
-0.519872537881313
-0.532033410520587
-0.61522376059555
-0.497168076527468
-0.533069051231603
-0.63218862413391
-0.619459702001056
-0.408285580998815
-0.445142684607868
-0.440354563116581
-0.570920519806415
-0.427922145336352
-0.468959491500577
-0.542197244000663
-0.527437004989792
-0.424813961343447
-0.590856449522627
-0.626394186259448
-0.539262211096084
-0.445914628844062
-0.435207853119531
-0.460859980334399
-0.367020927604368
-0.431166424177159
-0.598471694074485
-0.361567237551546
-0.57807230588344
-0.58462495454554
-0.478569615148782
-0.420239465858418
-0.282037084842277
-0.355059925151305
-0.301182159086669
-0.384983741796992
-0.426380573186816
-0.499998324970632
-0.532946211524988
-0.37769057781875
-0.481940026894045
-0.517126974563205
-0.429927343680273
-0.42445376382562
-0.445674956683088
-0.479558153770549
-0.369361441661904
-0.522693883702638
-0.27398718244243
-0.383042340628957
-0.373148370959526
-0.450931790856776
-0.452692087369701
-0.487544291470053
-0.335526124206086
-0.400679108859108
-0.473770164285326
-0.467012836468672
-0.413044864571852
-0.516450981284455
-0.299846874675985
-0.436735520943759
-0.444509682140183
-0.604096833553484
-0.417023705573349
-0.441459381527802
-0.394969767396302
-0.28845755665622
-0.322862189656596
-0.377763359778648
-0.351165151272724
-0.29849072894042
-0.283302811361965
-0.327288553179758
-0.344033713539386
-0.528157280980877
-0.442984025358665
-0.145346114239455
-0.488102465261569
-0.339932115517443
-0.35183242342908
-0.40028680415865
-0.413395069306227
-0.429474368125344
-0.343638990024336
-0.363295788121558
-0.326031322743969
-0.258910809109242
-0.341828521710448
-0.347616840665317
-0.284434161466087
-0.0983816624937775
-0.305299616550703
-0.34689393388467
-0.161086473507619
-0.496615929215187
-0.402532401414525
-0.298985166168911
-0.269738779203708
-0.28738764115849
-0.219047903956775
-0.425002646228538
-0.296010476558258
-0.334032004401973
-0.350333298856105
-0.287031134660985
-0.206342623803058
-0.269482767404217
-0.464879658959567
-0.202197919781305
-0.173485765272163
-0.227368800135104
-0.208165250182652
-0.331875495865615
-0.313810694147063
-0.193109109523775
-0.378738215354238
-0.218634738633934
-0.336507954314869
-0.312538464004096
-0.268413832001922
-0.230129599517328
-0.289440961893708
-0.239224298463685
-0.311991326043436
-0.381861633986187
-0.338484686014956
-0.335078595031275
-0.226782857993953
-0.193462880094125
-0.17577521929476
-0.332527768937804
-0.272533616843912
-0.249130751058391
-0.148634063814416
-0.325552666808437
-0.243867188137236
-0.446374285204012
-0.197111469973801
-0.32197015369929
-0.311117172867075
-0.186097535099667
-0.284706231406782
-0.210529669537513
-0.268638520238243
-0.372174690188053
-0.250231433331851
-0.258867290081369
-0.32994977070782
-0.266911711637701
-0.261487419540739
-0.369445834146887
-0.200031871129468
-0.0910066579678386
-0.242944716114847
-0.157320986771862
-0.302948237693366
-0.0919447540198039
-0.135798335924504
-0.282107037491891
-0.311327585143085
-0.141409698440028
-0.220402675980557
-0.371748124492327
-0.141775846617216
-0.201508172864054
-0.206481742558445
-0.247374675679213
-0.242855609985063
-0.2996163837768
-0.122771120085365
-0.0703098030196405
-0.317039432028487
-0.128578909032498
-0.154591937674661
-0.126866374699706
-0.225700385575974
-0.164067277347242
-0.240980391678972
-0.228445431641081
-0.0601591483664108
-0.227289765498477
-0.314132440689358
-0.194554694593809
-0.147474726581928
-0.0486192313153776
-0.213795617926696
-0.213188620909054
-0.204578132014961
-0.254688652038798
-0.189095648245713
-0.217118475102513
-0.188830353225718
-0.119189858637512
-0.0638439549467786
-0.143433356522275
-0.13010254867066
-0.232438925357641
-0.120461323171946
-0.058000601065808
-0.145129749488929
-0.115530526297102
-0.352223808239156
-0.100257749838937
-0.180504979837638
-0.0493605201782621
-0.157353806787954
0.0191294337724132
-0.110812341526701
-0.0630576873744163
-0.156276195893667
-0.114996254321169
-0.153430499611761
-0.0939563701680669
-0.045113204979307
-0.26769887205501
-0.13460711099728
0.0486873539810933
-0.0482198167691109
-0.0189893512054348
-0.111840378954143
-0.0876394894507401
-0.0629529429670041
0.0214383653557088
-0.00375700384870716
-0.0617154456194758
-0.107127782897618
-0.0552652933078053
0.00142332553386051
-0.0722770694574231
-0.12490989529875
0.0772936401917848
-0.176940974406174
-0.00430841802845666
-0.0237988481159569
-0.068704969733754
-0.146591053439857
0.0256823916627506
0.0629906558990871
-0.0664436117437808
-0.172303449297575
-0.288936652995995
-0.0692594402437986
0.0395959826630903
0.0196413084156578
-0.001654809552259
0.0196713439186095
-0.121328791678861
-0.0795871035185656
0.0557120097588348
-0.143083379619132
-0.103813217480591
0.0886506224702965
-0.23552995338955
0.0562584794133965
0.0444867280784137
0.123202650555685
-0.100652361002308
-0.0532243097301414
-0.0800498953194792
0.0902443278604034
0.00414930105002366
0.0426691486980118
-0.170702760501688
-0.11802150137146
-0.057398137374972
-0.0969131208727938
0.0280652835805048
0.0198729270510481
0.0626347343108476
0.0624673739207012
-0.00283356075220576
0.0941681238445825
-0.17712002561883
0.0149663675947857
-0.13657338674335
0.080058786207992
-0.0657295663733997
0.0853300040638895
0.0554199366741003
-0.0363382276938298
-0.0816317362783682
0.108590795177578
0.045437597802116
-0.03591816975763
0.0305382812767083
0.154401872852424
-0.0783063568130354
0.0759152368837844
0.011432737882072
0.0729715942088109
-0.0699465924896832
-0.0970380690831581
0.0370229955041866
0.11725732075862
-0.0454160546215499
-0.0805779442136185
0.168619232547846
-0.0216434447231075
0.0787792850428007
0.021477169574012
0.256130185502406
0.0944044443156336
0.0154969415811411
0.0340891320846685
0.166426863358492
0.0263171396737817
0.0731938932716564
-0.0204224428709744
0.00958529958516785
0.0714360567603674
0.098186707413177
0.0659276823668428
0.100713638783132
0.215999460115844
0.090220344992389
-0.00722963832909832
-0.0806198684288519
0.0230675670883856
0.123032309024049
0.076233140809229
-0.0302764283814445
0.174103685566033
0.184521860142316
0.0621318994533536
0.102348737060933
0.0692170698445035
0.197825144097241
0.2668001329047
-0.00549239533197532
0.224166239283369
0.177499370041483
-0.0961325754229769
0.156662967944604
0.1432413175291
0.0742185925029275
0.156146823843211
0.23428736458148
0.0765573475257738
0.0354211958890339
0.0841285603209075
0.31239056254804
0.253660681577494
0.166992306543465
0.188096910229079
-0.0159139303862797
0.26580234575428
0.215750104924443
0.0561578283838835
0.0846316136718566
0.0975411371589012
0.168202729915005
0.203742863849537
0.219567306482796
0.0484780904989419
0.100917605422805
0.299885975046932
0.119506793095929
0.237811759777795
0.0688074699717917
0.214020877011775
0.283269659045075
0.266412260014153
0.156517272783788
0.271997979147403
0.128990282961701
0.339724992992552
0.171524717097248
0.318581852198591
0.203663482629582
0.0233426639561336
0.17135448838578
0.281823906992294
0.287885809985614
0.343132031326092
0.187980354530862
0.211848830269393
0.366558102460764
0.304127631912104
0.315038435037264
0.161487111933907
0.0939348913780931
0.278431046077582
0.28540475004177
0.0301183898803786
0.251097427271351
0.259477780747773
0.203031246944754
0.278585907614903
0.19205080501842
0.271811505815807
0.117568511270905
0.267315979866541
0.20688954748328
0.368650703855003
0.423766897316233
0.254792070927431
0.117595357858946
0.259779664909283
0.234882021205543
0.331719154989766
0.13074723696225
0.413529643904473
0.275049343950718
0.251792564267713
0.150857643710673
0.311829328554809
0.264934872939255
0.270707132917022
0.162922127619977
0.264798224013049
0.266779927853814
0.350617708350691
0.235415524047042
0.322880660660993
0.405381854633013
0.251208090712337
0.414224220176045
0.429072153036322
0.335852861015563
0.375115214542686
0.32075868555337
0.358612384980087
0.424346386803718
0.252385705724839
0.320691666291884
0.306670430391367
0.361484834163223
0.388252336417613
0.555038163728445
0.415506847521462
0.339825298824575
0.32418111255425
0.298783130746215
0.47968380562919
0.290388838553811
0.381949423986071
0.324559269828955
0.462920004196496
0.253123985877459
0.41136594489176
0.235244150068884
0.238462282125682
0.247494540715337
0.28510531711442
0.440879376424835
0.226864546558505
0.341841606799491
0.309428270875947
0.334838993602503
0.465152134130105
0.444868042085999
0.341463116727764
0.380396676322848
0.400565103404297
0.306239825748615
0.390849483136216
0.344447113389489
0.309315541104038
0.411663481553058
0.433021303659624
0.336337426490953
0.514939565896564
0.493072798176919
0.250141820557467
0.433763253337529
0.533273055502849
0.459677161954938
0.409095824539114
0.34702228611631
0.396503309990273
0.400748118643463
0.402107410624413
0.240055836717926
0.433510499401593
0.55875732872186
0.354254708090509
0.443366967724606
0.591778466041517
0.529914126493454
0.466680897970472
0.347974483534604
0.539268463242267
0.33615392999403
0.411009175390854
0.46929644110128
0.32066738750897
0.444988613617139
0.353646783546429
0.473113800863883
0.356214891181342
0.549977831897122
0.536690345453201
0.363851072200867
0.450820682250603
0.494028209771551
0.443135477812549
0.501768764161581
0.531244418030002
0.377397867190059
0.45889949663064
0.485744520898781
0.578957422652432
0.304852676914874
0.476420448786646
0.415881962457922
0.636504606702857
0.615168867632685
0.414916814433768
0.692000496606172
0.489306201792092
0.548177925480019
0.58215655848298
0.450738431316276
0.471793499289779
0.451682716036369
0.485177175570064
0.493373497381493
0.453301140672887
0.516242260743795
0.418678820529458
0.523696009278631
0.553455643287658
0.393246456309335
0.53530289424092
0.562351725883698
0.511486407992165
0.54716923906151
0.498028647091628
0.499805454700187
0.478780745673526
0.613942433147231
0.553423256159696
0.630370369404964
0.486751160220604
0.436745446703979
0.518440813991102
0.527670445016722
0.53514918025564
0.514682025470259
0.532621216871627
0.492624877308459
0.537500257999341
0.592145289878213
0.588330132890496
0.544932304080958
0.484593322738824
0.569274174149984
0.441304863799427
0.548483619189552
0.486108390877379
0.561444377870675
0.706079303706455
0.521483918256854
0.621447365992018
0.546085062248097
0.526966882082053
0.590661983132673
0.660037961878336
0.488687883780839
0.517660362911499
0.5688694446223
0.634892748443374
0.499645753459875
0.590698135525098
0.513235259839229
0.672549155795352
0.578773032120437
0.621585027201452
0.58089027633367
0.731850388147087
0.599115957903002
0.545955714740175
0.470747534216991
0.705717716315341
0.665863311503559
0.598551374471358
0.675820719344424
0.794730592014584
0.661556536478881
0.604683922174992
0.668842220266493
0.66351022093858
0.50796660043726
0.578429374366535
0.613952489761816
0.723736578579971
0.578770747515164
0.698952467449998
0.627000663967032
0.513735688210521
0.75184349912693
0.704509385402721
0.742904794262558
0.700668640091622
0.567355150990173
0.582662764462393
0.63783640305551
0.793302936288161
0.600148229417648
0.621165929907499
0.667438254051911
0.841245083906177
0.657991905482026
0.718008476373686
0.725094751431018
0.771541849032685
0.616985424176876
0.780525544408185
0.67501169224679
0.855216783973543
0.66760641767703
0.851605383631425
0.691719456664031
0.612372392276104
0.716453530175629
0.662581284828149
0.809883807078656
0.686929842921669
0.733837341596933
0.977815246398996
0.828447968670655
0.590382338181204
0.697987503724886
0.798252679032007
0.652327780103466
0.633335882223721
0.655228277887543
0.903280408773202
0.740938337928416
0.729050904341565
0.640523052799891
0.821455871448465
0.735328542721217
0.700389699302185
0.707583779985096
0.781383560993362
0.704351655127808
0.712699503893842
0.775814893881967
0.639069487132167
0.828247173748758
0.758334392680951
0.959518015290037
0.71264647656727
0.63278704372303
0.795359238499296
0.735975413631515
0.690945902379596
0.840576469112419
0.887510235167187
0.754890597310696
0.57874393290487
0.882258586747716
0.714321416983416
0.774588741227931
0.729383432873346
0.886841719265691
0.700714402399884
0.843825713833851
0.836135965385709
0.727542755936691
0.838840854280401
0.645262889462108
0.888362457088185
0.879067258010034
0.73770983983108
0.727363624864552
0.793154039352426
0.735504169473704
0.648591962268148
0.816138778660567
0.881935379961161
0.813114802891773
0.845797808465129
0.873106722990486
0.843565874078668
0.863397548044274
0.872028957280384
0.824447863870038
0.696061311409074
0.803573419781872
0.883929895489238
0.893467671507774
0.843092780936487
0.885387285930252
0.9642136996609
0.788261028939778
0.835462943013145
0.862343749911627
1.01281109338097
0.789230189075413
0.854927529537721
0.798309530831458
0.820498990425583
0.85943369022968
0.757553473329964
0.824418428986477
0.866003336494426
0.801705897587214
0.681363610355875
0.761061915017111
0.814756309037563
0.817267681289141
0.763602589138087
1.02052674364976
1.02677083789066
0.923872561400162
0.855152049450417
0.75272878030773
1.03238686245259
0.797054088871504
0.997838733754454
0.937988788154151
0.755371905026154
0.960984420753169
0.881240428008126
0.825472182311114
1.13390580926666
0.712209364537664
0.886428852933764
0.879092360991483
0.911570001560634
0.896038398036258
0.875508456209367
0.965713800434947
1.0032877008533
0.919002016582845
0.79385198266342
0.937737438280141
0.82054198063316
0.775326428401238
0.96882939127049
0.861132697739376
1.06802264469914
1.02672322717051
1.05448126619337
0.972435783393086
0.818640977249232
0.906068821859557
0.925627794957093
1.05212172216073
0.777020739971278
0.902677777067435
0.922699994713987
0.91705884970807
0.877621831038425
0.905258662020281
1.06035768091462
0.982995872263364
0.921976103653396
1.02427290668226
1.00291627609918
0.848284669877309
0.948246250378243
1.03154090882866
0.903133135115639
0.948820829847594
0.924019727346694
1.00764569776102
1.08438557609597
1.02577242143426
0.965987132071305
0.941142770718731
1.21161223651945
