-0.957899397825926
-1.01065628442716
-1.14007058521683
-1.11169610329582
-1.07048394751366
-1.02757689512507
-0.923357479772405
-0.890715477399188
-1.06590512725387
-0.976188703205087
-0.943246351662994
-1.11343140625478
-0.93444017566503
-0.850188057483866
-0.819634073688479
-1.02182686816015
-1.08200167271271
-0.923104288058897
-1.00165817219051
-0.81124051430748
-0.839599622494394
-0.901893870452925
-0.953355848030989
-0.97573174163018
-0.845880225737264
-1.09413312413387
-0.989638595558006
-1.12873957124534
-0.938904749307842
-1.02557767906649
-0.92280711191822
-0.884815773768516
-0.950412115577016
-0.991427533415398
-0.870049325265529
-0.997678865851388
-0.889582213470483
-1.07688559734559
-0.845244829517179
-0.9329634464344
-0.968836272327161
-1.05584141563932
-0.970529474022016
-0.977008213558294
-0.896738393286529
-0.940188195938898
-0.901165599732376
-0.685094204516959
-0.88105481255012
-0.947223605905681
-1.00489111671968
-0.890579605696746
-0.828773817460066
-0.846992422619669
-0.933670874854752
-0.926315169634554
-0.831196919617121
-0.881980105423395
-0.877211942864083
-0.788330756505196
-0.859294938425145
-1.00773607846236
-0.89136896721379
-0.825242230037435
-0.899130790073567
-0.86217122356554
-0.808118027998074
-0.89156750448309
-0.844960848868443
-0.963062350742748
-0.686653323904474
-0.727984893372449
-1.00483320193958
-0.88644253461049
-0.798953980211557
-0.861527542993573
-0.968376254500687
-0.744931167561581
-0.901587325306761
-0.801256931083048
-0.813016812759491
-0.763901692491821
-0.957398369821175
-0.767209636115615
-1.0084919483383
-0.803374465518213
-0.986597740974681
-0.823025488916172
-0.744476514101123
-0.724069135339764
-0.784571748758911
-0.811949352942125
-0.83286905391903
-0.809367341294452
-0.788725683848308
-0.804432230415392
-0.760090822975128
-0.678664158659725
-0.904727749946731
-0.708021338219783
-0.742073988154215
-0.802502298037484
-0.604912187774013
-0.685836377504036
-0.782162301449358
-0.79251008598565
-0.726357769927517
-0.685653480235088
-0.836080377848316
-0.724308497555607
-0.600144209381525
-0.828440712462688
-0.846833697600105
-0.788283329426692
-0.861983697637996
-0.833880032677923
-0.745933926664325
-0.75757029010046
-0.59103528908156
-0.75793005049788
-0.6626051479335
-0.890768646390842
-0.802902094190712
-0.853472873663067
-0.871619725731975
-0.683738224131858
-0.875404074044373
-0.751139502391399
-0.795318547495828
-0.680477839709477
-0.688070700036483
-0.729096553620322
-0.661111232185742
-0.825812051445713
-0.739399362092719
-0.768692235051622
-0.68889085418455
-0.799170471561422
-0.640364479105334
-0.652849233736665
-0.631717193992428
-0.567530812499388
-0.890536928965085
-0.552187694477415
-0.65369922566748
-0.772643690056329
-0.764339041008318
-0.709709668106512
-0.663245659926107
-0.651622457001483
-0.583046686896893
-0.568447297516617
-0.632647331434358
-0.775427303011548
-0.729081936353112
-0.632123478800649
-0.706378414706578
-0.612768309589929
-0.671931803854352
-0.658317956738006
-0.780716847264941
-0.620904080965317
-0.669656138436132
-0.550434803944133
-0.572233590208077
-0.737280221526896
-0.727281359028115
-0.618054574114716
-0.742636299828123
-0.716037478005397
-0.587277206128658
-0.643861368064809
-0.547947497586581
-0.689407225857452
-0.716281033591767
-0.631176002780321
-0.700245992311403
-0.615723797543832
-0.806710358744843
-0.648205615307392
-0.739441380499653
-0.609975745849138
-0.653192019031589
-0.657004695607115
-0.692951776476846
-0.618135523884089
-0.631886469141022
-0.575255081484437
-0.62650218927349
-0.744184386444039
-0.623484938933063
-0.744316792633534
-0.509123210204289
-0.622329129339692
-0.666294534447834
-0.586711630999065
-0.665015246914282
-0.575273860521397
-0.645343834045743
-0.690824174886091
-0.698403728185402
-0.534714943152952
-0.554956523761568
-0.528822754832062
-0.669516541322983
-0.665575675288587
-0.389822278609639
-0.580110903394569
-0.453946407925336
-0.293413657227317
-0.517031453194973
-0.524856963933131
-0.63264651959128
-0.51540306429173
-0.628909671496128
-0.541124914212898
-0.329227226440764
-0.514044211249452
-0.705641788544866
-0.721494438620838
-0.621279435562239
-0.586406889444152
-0.424510127923716
-0.809366183942047
-0.69958552215938
-0.601437397028984
-0.455892444424751
-0.504134161085195
-0.410261091775781
-0.558862230043292
-0.658521083546092
-0.649440501902512
-0.598406081539948
-0.560777877424907
-0.544146506553964
-0.447144268376516
-0.725410003942351
-0.449954714176857
-0.523192972970473
-0.475892147089754
-0.52325461236651
-0.573140892155993
-0.505958021908525
-0.578435499488216
-0.572377793278734
-0.373077656895704
-0.532335932474818
-0.410060919959104
-0.436457911436422
-0.649451255457655
-0.386165681113259
-0.488222353776896
-0.437975636979575
-0.389131212113538
-0.625974667408718
-0.491316686277526
-0.506585013477769
-0.477634199535741
-0.441104525801544
-0.380882899406256
-0.592075013750917
-0.520873441927347
-0.253123577572067
-0.518125889481094
-0.62892481635952
-0.570928891019984
-0.413099698427601
-0.558147396551047
-0.550182566506533
-0.485315780235175
-0.488825481813209
-0.361777377391147
-0.407451529021137
-0.405834789855312
-0.425531752203656
-0.654226953203758
-0.46502471907986
-0.48051782151392
-0.423724356968172
-0.460262801539585
-0.429312419680599
-0.4270501668562
-0.488035112731505
-0.424132160923806
-0.474961809329727
-0.476440979402356
-0.379100736349055
-0.421991758348302
-0.334854144610684
-0.633076382531478
-0.472050592576065
-0.396161118146719
-0.593825856253657
-0.444984764338677
-0.387457507226659
-0.426418047839936
-0.456314513714767
-0.463754599819048
-0.323088020283724
-0.557920951909398
-0.469450141366981
-0.448456828902715
-0.332219666042034
-0.41616472234561
-0.220647130848857
-0.394028825611623
-0.53790572480637
-0.19722746859295
-0.32635440910347
-0.318578705201645
-0.338355449100441
-0.334084952550176
-0.391155894068015
-0.218906550328072
-0.41316369295304
-0.352364014699999
-0.347264543449743
-0.166715705678031
-0.454746123924756
-0.413920227293293
-0.300215921763303
-0.371571151239257
-0.317843440022655
-0.447117234873268
-0.416690408957302
-0.420465636067995
-0.197794291395778
-0.295112252650126
-0.381601322997176
-0.473572848413258
-0.181986087864542
-0.221953807259873
-0.276364141038069
-0.297255822528281
-0.293077060669267
-0.362142774409504
-0.278846508493562
-0.269947771252591
-0.336177444420515
-0.235076205607926
-0.301985215065615
-0.257034193900264
-0.334866698210446
-0.233685740412179
-0.354610484185147
-0.357786680393533
-0.291265314126745
-0.396444796785749
-0.26638315570621
-0.406918400685406
-0.192101455427725
-0.30392804912862
-0.303717666213936
-0.15863090047651
-0.403740836322582
-0.295357489831699
-0.252102987533336
-0.306006018092822
-0.242694819873699
-0.253250529636764
-0.259960891351673
-0.358903179034796
-0.285821602131151
-0.122542572821292
-0.21030088731145
-0.263296008986561
-0.314472155679641
-0.227874886606185
-0.189985670637924
-0.279125480584694
-0.210441353587492
-0.286671721955741
-0.144608722142786
-0.152184887772802
-0.297756685415552
-0.296616866774816
-0.167442293862852
-0.341564181051537
-0.177561381489459
-0.243179230419433
-0.227296298134202
-0.311229727562447
-0.144751987516419
-0.198752688779433
-0.190034558696042
-0.249762908353005
-0.268505491481412
-0.248427798092502
-0.268932637767384
-0.166079743108949
-0.287632788514289
-0.174579354064018
-0.228976584272351
-0.268389822380692
-0.265869362021302
-0.250744139991603
-0.0340508322421987
-0.322646318711421
-0.232859043515619
-0.0327646288139656
-0.13995183931534
-0.339397945061141
-0.0554086543754066
-0.152193773667618
-0.292927285350912
-0.264194368904894
-0.000264419299188556
-0.29160241454192
-0.211709080431766
-0.099254985213792
-0.178409813554245
-0.101577523394587
-0.173557546278879
-0.173598588995802
-0.13856639385461
-0.122914633069476
0.101030888638323
-0.0338450528521726
-0.0688134960142932
-0.180291433474152
-0.12476901981791
-0.145668913549924
-0.149043002145884
-0.133447912123268
-0.119984035742478
-0.199352162124862
0.00932446627920536
-0.0530588541621688
-0.0665543403945531
-0.177508990387982
-0.221520310901066
-0.173838502921101
-0.0854836819588605
-0.0855402344070798
-0.107448622531455
-0.0957249617367125
0.0306676487717038
-0.0394370069502015
-0.136176692467977
-0.113641693203143
-0.114091815075699
-0.205413516756752
-0.260621264522003
-0.192961275668783
-0.179380191344666
-0.206578953850646
-0.125400561689789
-0.277320044947683
-0.212108411213333
-0.130731564829085
0.0623552660543184
-0.0602313260137154
-0.0289496061659256
-0.145773080469929
-0.0330000524993137
-0.127557909376915
0.020113215837483
-0.120673569203148
-0.12892021692625
-0.155858222446708
-0.0656876466733385
-0.0378048327465242
-0.075974719757252
-0.0546266337886759
-0.166228765395741
-0.174623215532031
-0.127919550914492
-0.0146747825638425
-0.0362965638488348
0.0136284243417912
-0.0909582590657878
-0.113459743838419
-0.0295703438350489
0.00167560372179839
-0.328669795942281
-0.127639559256455
-0.264831087126247
0.0409357431492994
-0.0610082016606561
-0.0425735954782093
-0.0145941221214853
-0.0932821215294208
0.0426332584296412
0.0205252252190885
-0.0717083097531275
-0.00856801955017923
-0.183398946358227
-0.0322471027531939
-0.0878176373032249
-0.201406671141687
0.0312897873189847
0.129741008739246
-0.0301402474732537
-0.135898201938006
0.0808806135500942
-0.124024278365307
-0.178413060839292
0.0373662901046188
0.0150808597166672
0.0285999888518774
-0.0419720248087889
-0.0293897075111138
0.0352829098506251
-0.0256837656146079
-0.0694249490394503
0.227478589607371
-0.14997578080318
-0.035903394129113
-0.0369195191287863
0.0342477031027693
0.0535879713150848
-0.0667603019678542
0.0187889795698098
-0.130497612077143
-0.0292590159466126
-0.014702284829413
0.0637033717840672
-0.0235402091763074
-0.0313429265040671
0.192119894121838
-0.089839662176624
-0.0221289304880378
0.0266723579865616
-0.0788679410955407
-0.00436300096997397
-0.0362368901476772
0.213945202917019
0.0857422352271448
0.0627311953256843
0.192186517351553
0.0301502176699876
0.0138644194052757
0.165294215232185
0.139578817213142
0.115439892681307
0.209451678042611
0.108782182356539
0.0402506584209061
0.177571874258942
0.118739956255315
-0.0510384146720107
0.134573961425947
0.101708916790233
0.0500745391824202
-0.00138163328004676
0.082013911143703
0.0636612267922897
0.140821397783748
-0.000728799458478748
0.0957879463348465
0.00464847427374905
0.190430845406945
0.107056585995784
0.107213990004589
0.186761791928835
0.0437739692183491
0.129259843454621
0.158200422768359
0.111346585513993
0.216099811108038
-0.00166390816694207
0.0292341555147468
0.0673587468769121
0.060002484897595
0.363537618389261
0.227974731654883
0.238240709530891
0.02749140375775
0.157146185632146
0.0138366992121449
0.148847397305097
0.257976748606377
-0.0114853530979012
0.00318196737494098
0.110115369277777
0.181678639419707
0.143876134127705
0.141051287649046
0.196376242178277
0.250810697997824
0.161483463294523
0.221860453749132
0.0743630840062119
0.194292562533442
0.0774099624940324
-0.0150407756232451
0.129221347727495
0.0975017527517442
0.208293358095445
0.267020452579497
0.203881203219313
0.204424234670148
0.24630412222429
0.189678376878497
0.164458774956233
0.200132404987819
0.243066024068929
0.221175161056166
0.140516568992945
0.122135986582286
0.193076564260295
0.218530364678714
0.216840462363412
0.367064233953659
0.254443469689918
0.0248620996950215
0.208314747008141
0.225991307766324
0.359024330486801
0.141133515333061
0.243176578526927
0.253543284140083
0.164547080620485
0.394313339993227
0.273536660220198
0.222772067143163
0.251393538628455
0.150933272278626
0.293606607514336
0.439300150616563
0.349250433536067
0.162682255409534
0.270144668971051
0.224558902735349
0.313757846671702
0.296709466549087
0.389107713368787
0.177293937698932
0.30366016114594
0.336316308241629
0.193110983573503
0.206247673106632
0.258173377816022
0.353909328702146
0.234375745271649
0.43057469005605
0.320941402463497
0.456428141783879
0.260288249103409
0.296111484056219
0.286839010056569
0.270007579644191
0.218084429492326
0.250595920815044
0.189910872511676
0.37464603506501
0.395644841847334
0.361715730264719
0.237571862809609
0.454144523097994
0.54332503014905
0.383593966560292
0.350113114526236
0.361480341807172
0.0849425261797945
0.352964057369987
0.372154950403506
0.175692295098914
0.430103095450454
0.313319048363661
0.353008306881464
0.36601429896651
0.326986820872683
0.434706331060466
0.280647159376488
0.34800210932877
0.32056293168675
0.317525801393727
0.376140631873979
0.313714009050674
0.383304413195298
0.37250998485122
0.247734368504465
0.438773480744877
0.33383280241406
0.271703487360611
0.30817848724827
0.348445070087491
0.381597292221062
0.467085155373391
0.303119151452618
0.362310365918025
0.395399961813432
0.489673638677826
0.433188551027194
0.389103343830028
0.38805508957605
0.413530583754085
0.351249992545379
0.398934285713885
0.484732608215053
0.297829393786446
0.482996024612468
0.365333959838804
0.387831693106871
0.372447104086353
0.368251644491635
0.477010573883594
0.434768992957214
0.495454881324767
0.332322926785434
0.267575675805221
0.367853031922978
0.612950424229966
0.381538719951598
0.57462257524462
0.366899768066137
0.303067733113152
0.322076766810348
0.43613269392935
0.430697486121989
0.38990056681299
0.365766914544298
0.460657113098877
0.454417897135687
0.624280943218169
0.465889476070525
0.485271116249087
0.470891713788439
0.401413590295841
0.502334491582053
0.420267358372986
0.359101043521052
0.532707674909298
0.639089507001879
0.273338313784586
0.519649019069887
0.456212000914116
0.594933047861849
0.316291202890032
0.417021843086697
0.546122381692164
0.449218072900371
0.522974503866576
0.506156244076522
0.387474587936181
0.566388516243442
0.518746233772929
0.551429359642482
0.246106424423017
0.442823116410546
0.425111409279412
0.332450239131287
0.576833467496655
0.426486172351063
0.492933780876917
0.530560008444283
0.428121359831883
0.349916741192149
0.57243216794589
0.466548673212097
0.402532975044789
0.563515557480472
0.467784776723107
0.486238316434579
0.353157476478072
0.483774647392602
0.551910352136083
0.473469239038417
0.548886996325181
0.51655836405919
0.458969718686837
0.440140006102053
0.568033076818732
0.418978343566697
0.54105233418637
0.566928503745784
0.575508810157875
0.507541579035129
0.478338623537388
0.481438510819637
0.393946735872637
0.535490443433059
0.540029235271142
0.63966383914216
0.646913351366382
0.601002722114925
0.363537119146333
0.574155402806959
0.487969764783761
0.60989660949102
0.501606665113408
0.498543010197111
0.591010605713193
0.575188677285855
0.425676006787026
0.594739116477611
0.518743191114355
0.634200453689774
0.54567995553011
0.45136843213854
0.720751554531934
0.616376812576078
0.615291265777141
0.578139273613663
0.640339764505239
0.538227404181317
0.59412879324573
0.465058732308964
0.676852571369827
0.529033865325194
0.555211036668763
0.654087864761544
0.801850849443467
0.606458134235122
0.717979034842231
0.563725171565773
0.56193563808717
0.682374620598669
0.662102746284293
0.768901163006525
0.726820612868101
0.569844327527273
0.647637260788956
0.703467527947304
0.493639485980163
0.645741766827011
0.544554172393702
0.606532231706505
0.539314757165706
0.546528990373817
0.635539944105042
0.511598953017937
0.629592973467489
0.778371458383245
0.565190715079329
0.730291653739956
0.765344522569113
0.6919251995171
0.67907362530534
0.624122071705157
0.604019123011611
0.671713017863854
0.808079541024925
0.654410578203279
0.551801670084704
0.703142909744947
0.601850554594558
0.507786543937677
0.640004783808224
0.595469845085175
0.774899125951953
0.692455971984263
0.616977478614517
0.539696474851544
0.618348002835167
0.733441032447477
0.672616350216453
0.752351319950521
0.687946879757312
0.729292360760063
0.864018345717464
0.857840330796672
0.562210252280689
0.807379512147118
0.717263541531684
0.790419420151851
0.639884857819376
0.709800193457433
0.785066182928127
0.738996721259888
0.758570240497361
0.736467709147752
0.700034545153006
0.721912488911173
0.774903269580076
0.717123216520608
0.704130606070393
0.71500102632942
0.646258431442723
0.711196822951929
0.757654530565016
0.689078349698576
0.685940302357313
0.645130389540513
0.836652078508195
0.688797608381931
0.6581376545686
0.725716392668444
0.609239501336035
0.659846686018692
0.739804260356634
0.729513547132677
0.762714768140974
0.622209696521864
0.653080503071619
0.644401605424525
0.801628567330325
0.730804143758889
0.870622496696618
0.773830598169848
0.743711942599587
0.893486572732427
0.684865919990242
0.74932038912453
0.772928798172563
0.79068015077713
0.773280501292222
0.881535978934627
0.756786358698646
0.838212564081506
0.757217129973056
0.803067279306052
1.00929838590664
0.916403920353323
0.844459471801845
0.836761973452017
0.925180002449442
0.774321404092063
0.80444085004661
0.794881360619981
0.821611477219874
0.937423060921753
0.776327872206582
0.79891378459246
0.824836475794295
1.01873730783885
0.650638036697438
0.815613427531742
0.789683770503197
0.858216828297585
0.82205221756491
0.830662268447609
0.792998082823931
0.932512838391916
0.622945308565807
0.944863587194371
0.855559748463004
0.661807906157168
0.898162838300464
0.931932503500854
0.94686428747023
0.862443862524923
0.934254201316467
0.779589363553898
0.790063107947009
0.872527947106648
0.995641660173814
0.899466215938841
0.855971133457978
1.00747689744452
0.846358260449216
0.77308405582331
0.980349434275373
0.953820449881437
0.822643809529266
0.838787590886929
0.885159729196979
0.967782696084129
0.940272668341104
0.997097166575354
1.03166259024605
1.01566921335701
0.922601880595459
0.837817632337702
0.909859182460193
0.963188980770439
1.05611935688397
0.924315196698534
0.915154065446597
0.956561503937807
0.944389538812669
0.99010069025893
1.09249576238162
0.894685690165748
0.904229896225619
0.829059071551881
1.01476054573478
0.97948872743628
0.929220218573919
0.913490896921541
1.05985894175638
0.969308327511746
0.981058335497794
0.928891889967519
0.939053207455873
0.866608713165599
0.944381307137985
1.0412136146321
1.05199510780992
0.82855871705311
1.0663120696732
0.985436413931565
0.827297263630489
0.926276221066322
0.931084840820188
1.11535436348648
0.966974795731969
1.07656342919861
1.03458348821669
0.913414206313451
0.816237906178978
0.996735123722554
1.12383575454031
1.13911427026493
1.09292515609233
0.934277034866864
1.08577671193322
1.03415099233039
1.01068726002757
