-1.22003146269579
-1.09364044555742
-1.11353514604431
-0.884873959820351
-0.938901272125007
-0.938441159886482
-1.00954837175983
-0.915142489034435
-1.15877078224628
-0.991772512094735
-1.00081280650777
-0.995795723328611
-0.923129310675841
-0.856287220473486
-0.918331063088948
-0.996373498059387
-1.01201895601473
-0.97664824105294
-0.963463826216135
-0.881503851786127
-0.934763061356217
-0.964828868119545
-0.853801840612272
-0.929883128226724
-0.97270242019215
-0.814096285258308
-0.898275608514118
-0.86217916154568
-0.954078702134395
-0.940324862913113
-0.966583097453914
-1.02220818970096
-0.900581613150775
-0.903014135983435
-1.03762658613879
-0.935812585852433
-0.914922180126099
-0.930680929768137
-0.798442885747428
-0.81906888743345
-0.910500300946816
-0.784549836606538
-0.767401122688471
-0.808257360737428
-0.986463703911618
-0.89812057135396
-0.901663487935395
-0.951849338748049
-0.893067137591359
-0.868835604862624
-0.796121359413367
-0.985331436755967
-0.873427843964645
-0.870645241004472
-0.920884535756941
-1.03378324894383
-0.915447909150824
-0.908312654592163
-0.952586549483053
-0.920004645296686
-0.703805614409311
-0.936887701251367
-0.89859654555719
-0.757593892676766
-0.816014438366009
-0.700837312417649
-0.880487002420823
-0.826198579322692
-0.810413602259279
-0.83007100702083
-0.857181407287562
-0.839571514020267
-1.07224580648025
-0.959403625457624
-0.939239307083409
-0.954335294841302
-0.846341394379729
-0.714961373362162
-0.761944321174238
-0.849364051830326
-0.832420675445828
-0.8495662355205
-0.872145313683069
-0.817714188575955
-0.799419335878494
-0.737320297714506
-0.805827133132765
-0.883823018348683
-0.871435497678943
-0.790248202595644
-0.710918880133295
-0.710248002784892
-0.770717849359066
-0.635616136356949
-0.82005736530055
-0.900569941517822
-0.855102026303583
-0.717213687878815
-0.803609496689
-0.736211688068338
-0.888206488567958
-0.796646449781556
-0.812561700425687
-0.886219159467905
-0.822338844142783
-0.874405605350581
-0.770714556116866
-0.81019506353614
-0.814210196980636
-0.773648180003771
-0.796981208255457
-0.817618584697708
-0.769581965940496
-0.609767236498641
-0.780660363119154
-0.891798502455351
-0.649525279028346
-0.726958067747039
-0.648688598939724
-0.660753669139831
-0.67983502813411
-0.784142598386785
-0.722162500584603
-0.79390072298342
-0.707324479835551
-0.666357358112023
-0.725021031168098
-0.574658354036434
-0.679996861316782
-0.798499287297084
-0.679017699376612
-0.878682193329916
-0.634820239550572
-0.619921870191605
-0.719759976313691
-0.807018841384042
-0.740155854500994
-0.720715373786075
-0.666073509932178
-0.766627062533802
-0.6763178348799
-0.781580826540656
-0.798670673506878
-0.864476676516515
-0.611183445433608
-0.776044535182934
-0.650395449905828
-0.77054048283551
-0.745861454627004
-0.746967082581098
-0.555261407481931
-0.638677888775141
-0.757441760073234
-0.591956408831165
-0.749521996373959
-0.71763010707161
-0.622068431244582
-0.719508943978124
-0.749872037123069
-0.768286658901643
-0.692735945325877
-0.785979131155892
-0.611017785178038
-0.583377769019109
-0.686633790512214
-0.564691766715511
-0.544115659745605
-0.720565715065956
-0.550630479355654
-0.76465903745472
-0.721835023590136
-0.632859303247128
-0.733530250488684
-0.556576638506515
-0.712136440820141
-0.660194524181921
-0.691514979527936
-0.60243885509767
-0.670806925984355
-0.663138346368672
-0.701921935386044
-0.617637199645673
-0.600774363313807
-0.599889943995552
-0.657958993473415
-0.621589195913172
-0.609538540889641
-0.663563047353661
-0.666033474856628
-0.816922149460323
-0.518689942442636
-0.681443619575351
-0.647199913701852
-0.634212168712598
-0.625976808677814
-0.668645827202012
-0.553995961132192
-0.731889127810617
-0.562023467533129
-0.586448322584662
-0.588380982883424
-0.701034703715675
-0.657262311065182
-0.648613590309822
-0.609205050133834
-0.648263366070631
-0.418443584448037
-0.503735693680082
-0.730289737438781
-0.664802054652921
-0.537179514092582
-0.461583776110178
-0.508979746118574
-0.516358597150293
-0.685428610814517
-0.431991620586561
-0.413991950711772
-0.720502674150705
-0.604185145476292
-0.526085811089862
-0.513357221088048
-0.500893759971493
-0.640056850220102
-0.421973459128676
-0.490303095248804
-0.650900672952268
-0.679957619062343
-0.467432345763576
-0.382397823644506
-0.452446296360717
-0.615209603052321
-0.554513859544385
-0.35338766984904
-0.583265360951704
-0.499535197563529
-0.570857569466578
-0.601043722442019
-0.43292581815614
-0.55571759090396
-0.521278027314314
-0.562612478159961
-0.404655190400082
-0.580413602356647
-0.472054260121941
-0.402648751414967
-0.523053154896728
-0.602932376917829
-0.555322532518582
-0.430879066630221
-0.484180941408851
-0.574928713349813
-0.545003429420807
-0.536517539730421
-0.546092202505633
-0.655042767228693
-0.478315573166938
-0.409400504695093
-0.347111701791265
-0.472316884679977
-0.545934898798619
-0.465618626626513
-0.406635881295791
-0.540864164824243
-0.372876699302088
-0.477880118060772
-0.426311724137609
-0.487068879026048
-0.482516814416997
-0.368242184588726
-0.360411189270701
-0.498363384426524
-0.555861706672999
-0.488526318859432
-0.304882429457045
-0.465238486529848
-0.41961324564549
-0.390218100233809
-0.49249585661277
-0.555504242674707
-0.453555350391478
-0.313001093472352
-0.400529184900996
-0.529884886366133
-0.407976305009471
-0.386638462999
-0.368113637667422
-0.468846340304146
-0.461703980278749
-0.315155286140777
-0.365288823020546
-0.399177773692847
-0.576732536983616
-0.380601895451893
-0.409862226764696
-0.439366190000075
-0.305441502833318
-0.560457464240043
-0.365253395899647
-0.494104035816803
-0.484569320322623
-0.335210747480527
-0.402816972813674
-0.367978200403604
-0.380640295113428
-0.209124495576443
-0.248029741342105
-0.381783494651505
-0.448784582861711
-0.316352854784921
-0.477093782352205
-0.312378495672742
-0.555891996964082
-0.480026971394514
-0.260555481179905
-0.391458274365686
-0.293505598603554
-0.392891516887494
-0.520590631796809
-0.260974219202113
-0.297810482411284
-0.286404169004432
-0.320600382017266
-0.24314793450387
-0.221625806201744
-0.316433983931694
-0.310491611878922
-0.358512790374168
-0.302102730094862
-0.47293768538963
-0.341288442763144
-0.334129490053952
-0.306126911837958
-0.140217526856601
-0.413214954745526
-0.44424549464097
-0.415842911011458
-0.328121645797282
-0.41049872502684
-0.298715010464883
-0.415947274290224
-0.289257708319752
-0.414417592753062
-0.335507952613274
-0.254489318867833
-0.330346883214282
-0.282060806558151
-0.420984451567937
-0.292404390072293
-0.265504798702342
-0.292152714589463
-0.486913075085471
-0.344876730915675
-0.263163734695081
-0.22169864496583
-0.313406730698837
-0.352029427615978
-0.283383818554344
-0.349194758741719
-0.185735790889952
-0.318168164592391
-0.249276266015461
-0.404023303331285
-0.36446533079427
-0.353449326792671
-0.27084319327505
-0.368976285982263
-0.27459628321221
-0.243410414501958
-0.135338063896714
-0.13004266441232
-0.166145657395842
-0.305009465342467
-0.31472101365586
-0.211587500978086
-0.305244895236917
-0.155574294027256
-0.25681627721203
-0.0586376647873828
-0.267507015690435
-0.453304960350462
-0.322853954987305
-0.224154267835217
-0.185870818119693
-0.404937493665569
-0.354985197560684
-0.27217114250928
-0.165304655770454
-0.142793216138378
-0.242846334860783
-0.155173643826692
-0.288108800012953
-0.144574517095156
-0.135563387292075
-0.384252298888273
-0.181098448952743
-0.308798503486477
-0.186702182419213
-0.166565818839245
-0.193148588847916
-0.224566131727778
-0.100830004503546
-0.184749285048304
-0.350942595034434
-0.225168726349797
-0.0618303764158487
-0.330041635594153
-0.172270852878796
-0.20073976023555
0.00946395008017477
-0.181271880829584
-0.167779872337574
-0.106674543435568
-0.238777216508785
-0.19426500801409
-0.171212499195039
-0.36232659643781
-0.109922568677901
-0.328246836422703
-0.154681966491227
-0.0885845784416137
-0.245256479795521
-0.14115405174912
-0.229366458031257
-0.262084539620029
-0.253329971400043
-0.100674432090731
-0.135679261694218
-0.019067167489476
-0.179981365961266
-0.07301908914179
-0.227129188955304
-0.285386770418498
-0.222168012415368
-0.169489953281278
-0.21992293510192
-0.0463950685206837
-0.200952203642291
-0.0319504289933219
-0.0862769121734645
0.0542540199809286
-0.0258851072535418
-0.094051680002519
0.00434380209202417
-0.188586489282136
-0.178863292058858
-0.125717741166934
-0.0974295848530114
-0.0333917083709492
-0.189988450125755
-0.0736478980118474
-0.109542241255409
-0.00924983394849262
-0.187405886706566
-0.180161307865064
-0.151204088667595
-0.0539299416549003
-0.0713554040960494
-0.00319581934523477
-0.195260737563494
-0.19792790747405
-0.128029430588294
-0.05288524712446
-0.177686220163274
-0.189812434904018
-0.163887217544225
0.0345493909087459
-0.0861444695288682
-0.0571457417264456
-0.152789085240376
-0.158147008257291
-0.155434742357347
-0.157007344573924
-0.188610673206386
-0.123124351452854
-0.0875597998657121
-0.113087167888307
0.0946407782942532
0.0151294194315694
-0.125085735848605
-0.115079885236077
-0.118348287188986
-0.00208867304453374
-0.108865044270949
-0.210614855568512
0.10960093214355
0.112568498137965
0.05896602260744
0.0220789500275673
-0.168239385346578
-0.0528327034211211
-0.0435565529175976
-0.0260410252063035
-0.0146978412884563
0.0397308569855623
0.0311590768140993
-0.145212883126229
-0.162315387669238
0.117913787071648
-0.0895900809895824
0.000274259049072918
0.0552339418052745
-0.0991234257823388
0.0600585535875775
0.0424638850929704
0.0120889129235796
0.0249414417992845
-0.074364825557218
-0.182907525602433
0.107554917578032
-0.112263271077094
-0.0255205641658991
-0.0186214465377572
0.0475322000366364
-0.100554708840515
0.0408110025731229
0.182075236304553
-0.0491897576452421
0.064730762639534
0.111224981330857
0.0619439813126849
-0.0149855420462536
0.0931380504908193
1.07152216258779e-05
0.0410678015038879
-0.00601791925188467
0.216801799067286
0.136796752363154
0.126663782911341
0.0574042788865557
0.0879770945978089
0.102518613752099
0.0608400021179163
0.0412142570332606
0.125367825250039
0.0415577482344237
0.112924540435186
0.0450494838536143
0.0118667653758844
0.117380749094016
-0.00803901337875199
-0.0114255657677928
0.16059825537438
0.0934723737932344
0.0128601947185024
-0.0594577354364685
-0.0149951031808751
0.197820716268919
-0.027041573831119
0.146796677708755
-0.000330703971147556
0.0383336588540647
0.0784229480306261
0.00963399545437311
0.175571511154932
0.0928573182021988
0.240046112946279
0.0241170153753836
0.177910981091209
0.0416059897359205
0.151097472716503
0.0310815147747675
-0.101815799514626
0.124598329516721
0.096050336280328
0.223636436776846
0.251297811098369
0.256288784700847
0.0275474072508819
0.125145235979787
0.240030494645506
0.140048466230948
0.12212279452339
0.140280552121001
0.0989857235334488
0.152695468802441
0.131196021807798
0.0214035506859699
0.119485224023838
0.200985897346101
0.0769577284933898
0.333484158456602
0.039948791445551
0.216623327980401
0.190922697172807
0.182591697607465
0.107960173803643
0.232506046117199
0.131264919957012
0.149231619949773
0.31659782367069
0.286675859152066
0.275451690617373
0.129479425903657
0.0690162713972097
0.119501636545957
0.181525579916156
0.128967830818342
0.220962866868713
0.142253790015431
0.308028679542899
0.0930378710627981
0.0960702977862052
0.197529495817761
0.186174240716286
0.387249770525321
0.32248635085734
0.207054734245238
0.349685023328418
0.237047050081559
0.212835428302207
0.25425527018841
0.244487318217126
0.195007516860579
0.123780029304202
0.25651566945209
0.283964958517021
0.276095768686262
0.233395224048961
0.345758105063946
0.262069288104053
0.330811161920622
0.216193547781296
0.13755759739246
0.239860263511777
0.277049217249803
0.301217052332245
0.162079447526627
0.351027471625524
0.224087160283162
0.291953370777561
0.287429743602036
0.108568346915034
0.0892750988058314
0.176556299505247
0.391834939808089
0.288219124828888
0.257497318803851
0.299019751259951
0.36129034755334
0.209242452593327
0.0884299150321062
0.36383149143679
0.308097576328628
0.219155861122962
0.359716328361339
0.0539236416361818
0.343851281994615
0.201259082167374
0.236581241673338
0.27048695369075
0.263612303342295
0.268515922553562
0.362211559546675
0.311768397920552
0.390732729726824
0.394653480067259
0.435127066563518
0.197330145569285
0.403950374105966
0.273721967567576
0.31506109408641
0.215152773196234
0.377093302552659
0.210226600573424
0.519115631906127
0.476801717318292
0.280608379657149
0.312608112898111
0.383735299715586
0.378802707436334
0.241446830000597
0.279139205405411
0.313342212648792
0.334974340081961
0.411736603695323
0.390300904330795
0.289697193211355
0.46568408607923
0.452627213299991
0.419836837498987
0.481481208728667
0.498885193016114
0.342645171368155
0.395054998212456
0.534511538228112
0.175745938801808
0.356118331171266
0.435283409793037
0.261877931147322
0.2924126657196
0.243423880131884
0.530950639359375
0.398469707144576
0.30757558077997
0.486976836171807
0.40353318808695
0.385677064855037
0.376863020506707
0.440271101762903
0.343797431715404
0.485231983449677
0.432775331001034
0.433712391095472
0.402098006349708
0.45839509963109
0.370459403844522
0.382129169413464
0.447162018293943
0.384779134688603
0.416680563484664
0.409149295359692
0.282272263666318
0.405832774643975
0.39509532358914
0.495297482386178
0.391169614285469
0.459067997321607
0.360904015312759
0.437881758069448
0.448617240813524
0.284842718003018
0.399681953754302
0.56138771994259
0.477977119119421
0.549688231768645
0.615726402575851
0.455452625555217
0.486562570050615
0.334734600484468
0.562546409300057
0.474069461579286
0.35895390113387
0.56813144187702
0.487783425300622
0.467686294987334
0.573352127287828
0.437397473099663
0.539145664740418
0.52870030959291
0.576577566295695
0.457117292430791
0.561519663072855
0.424149890733671
0.542943481188144
0.420512284544224
0.367523810854246
0.457525569467247
0.737544367728621
0.513818926636641
0.511237772780292
0.432469785466673
0.527877579513625
0.562904327203507
0.551417519725387
0.400717025874751
0.562732727706318
0.680019952556936
0.452874845294601
0.45246450440614
0.444898495315864
0.378246987186381
0.508068174471957
0.555055172995887
0.482383047406066
0.54280440165261
0.495690215561447
0.450502905335863
0.449657988945316
0.533951289646122
0.567903195859563
0.599703058347533
0.638860921286736
0.61909462282265
0.368529928560254
0.5034809834996
0.576243530368965
0.606681677749606
0.584291973222471
0.43160515057855
0.552377315619129
0.622213140735747
0.605505822379897
0.562767203999289
0.656057417251137
0.559172178202553
0.535223651724746
0.619182469193987
0.570820797016722
0.653594271167734
0.583089733778189
0.596660848392934
0.36460060942907
0.466595278273188
0.59417016448656
0.549794598945861
0.613877515266089
0.513476111253763
0.561373366877262
0.532189854371089
0.554914179072245
0.613756560849176
0.578571272155979
0.450971997731218
0.83281721268216
0.655393426649735
0.56359897713568
0.603542931720276
0.696826829414362
0.513797991928345
0.703098077380992
0.602919396561557
0.579930067079206
0.587387085292266
0.607209854333646
0.630502462117763
0.646650063571607
0.730532803181995
0.570807208457674
0.727827375166386
0.565741936626134
0.583738620698521
0.667534904668984
0.604054192287951
0.59549474118955
0.758871678916411
0.731760773285394
0.605480909595323
0.654854981778806
0.662563248779062
0.725844831363636
0.704871561778348
0.677168128065653
0.756181933172662
0.765295337626334
0.746373160110525
0.573910548434169
0.605900442311195
0.706209137211536
0.751962473958154
0.704073354895548
0.652394410905539
0.531624120366042
0.624845712254389
0.764334532826196
0.624332490162825
0.735551904874913
0.693380356004291
0.821681652926284
0.666172524272913
0.630177161015674
0.584828247991233
0.748884818721147
0.754616761062454
0.603984445100254
0.674690764880317
0.690125904524059
0.706978148189389
0.704159721016456
0.682747129534804
0.734552933073563
0.570966911836167
0.874895990185198
0.627521978275819
0.553258790133787
0.767229721296002
0.724137177699889
0.747062755923202
0.691413821312118
0.850194726220757
0.700012684012103
0.749930672909501
0.681341668754112
0.734215367243056
0.705485995794806
0.842039681039147
0.877634641440667
0.874211440552623
0.75156274331695
0.681545018069591
0.566582835506318
0.744266268998876
0.732348394049179
0.817845202051329
0.747378789819002
0.685710825423268
0.89093451380854
0.681513727748548
0.864035206240471
0.780600886075617
0.666397223847496
0.850240471172778
0.71775621325414
0.937575239324834
0.756137984466601
0.66279361364914
0.844710705812959
0.832370930323435
0.697823331091642
0.768367521230695
0.747314315813249
0.844951301830593
0.764480056391305
0.824615129487205
0.656020982228261
0.651934272484416
0.865283631206646
0.817294147513601
0.811023311302531
0.858197939899975
0.86515761667487
0.924176521155251
0.83042157396569
0.798177217041556
0.887783225196145
0.961399323398665
0.756856278858815
0.913479275785086
0.691042100133764
0.742529987087963
0.836904046722778
1.02439291922483
0.754328462867792
0.889033582336715
0.808862248654097
0.67657912464554
0.844872192502265
0.911729397936638
0.767495947771884
0.772052769931167
0.894371545445403
0.884527690595513
1.02145338750025
0.872673333222311
0.889907197297616
0.903215219192112
0.999896671815493
0.812374904735267
0.847573575254251
0.941704959486944
0.753331349306127
0.968371597795222
0.944354566873451
0.690888497799627
0.888760465302179
1.03044334807135
0.926507553691648
0.744136289288333
0.948495922431349
0.800660945383121
0.898732256453476
0.881899637111116
0.759346207936204
0.860258982672826
1.0628115618056
0.82410076672311
0.810349858556184
0.972887905762216
0.924462602870001
0.888274732622975
0.962970270381932
0.891622408195325
0.892458134175199
0.899818962466981
1.04903729608742
1.02938019716218
0.832033002634742
0.912545537486521
1.07328133332052
1.062380354559
1.01866740335918
0.975770219677552
0.953788625550497
0.841116621414205
1.04190892021097
0.976403872038203
0.901147663774388
0.799306302357477
1.03251462566054
0.978260943489133
0.788111602464535
0.760243921588012
0.838554638877379
0.963290696450877
0.84715567317501
0.98584655544873
0.854733280144961
0.965959420189338
1.0076712144103
1.09624980243956
0.993406094658898
1.01242103078769
1.03069678838492
0.975234099404823
0.997827632668764
1.03554914453955
0.979769223129137
1.05395982795612
1.25883699279327
1.14482398671787
1.0157304150983
