-1.10773259933151
-1.02514416108548
-1.04423474449544
-1.01056404107894
-0.912909300535495
-1.02358531103422
-0.899301733730717
-0.95163625066733
-1.08572925070225
-1.08086774789007
-0.993058465962619
-0.968298494214807
-0.928946082990627
-1.06393917124734
-0.874626633181895
-0.994038530073638
-0.919212662630646
-0.995245171125266
-1.02254342069559
-0.902558660634654
-1.09146852410678
-0.99320184456503
-0.891359220817451
-0.857212041969461
-1.02163379588585
-0.912727708719546
-0.900915593867856
-1.02748820622895
-0.956814206505507
-0.924285058015836
-1.0668123257801
-0.87060197892926
-0.909927512460288
-0.816320699353
-0.840075214389451
-0.885286108624195
-0.802710867581431
-0.917996340522753
-0.896468312879303
-0.969057859052235
-0.905544638621059
-1.07801634156152
-1.06708391056982
-0.947679507740788
-0.830956238427126
-0.941603380252411
-1.00389232850999
-0.846676082832633
-0.785606197331257
-0.904144916583603
-0.895276028535736
-0.877381081801264
-0.832588109256219
-0.840525104519812
-0.866493417261481
-0.863315904622546
-0.916853247669004
-0.836716624681977
-0.972189558487659
-0.95841973967008
-0.860911852791512
-0.873876724583879
-0.90809896819635
-0.847052932133896
-0.891665185027069
-0.946335882166582
-0.923139386928107
-0.821968377531964
-0.91048092729613
-1.05339941803912
-0.940375668881824
-0.881776494435429
-0.975979372674434
-0.792592235415697
-0.839650456318862
-0.872871117269418
-0.89157109239062
-0.904014804559156
-0.878988602705131
-0.681394552239233
-0.888876611615428
-0.841079877761428
-0.828793506410334
-0.841521996757754
-0.914855522265897
-0.836974832273539
-0.779167601354092
-0.865689402225778
-0.825160845340597
-0.926661795663388
-0.795291511776605
-0.722204365913341
-0.8594177433743
-0.825124962757592
-0.767392266489649
-0.862849234637181
-0.834252748840687
-0.702290290187294
-0.777760200922736
-0.695199387370964
-0.830495223220803
-0.756154393384884
-0.741180687671998
-0.686292186269146
-0.715088556713429
-0.90530349290055
-0.633709630830186
-0.716856241388269
-0.731739653872543
-0.80129711090844
-0.833023276731753
-0.883758959278044
-0.774953718925983
-0.819641191517759
-0.877609752115093
-0.824928406648059
-0.867681208576593
-0.604252515856363
-0.786776040568373
-0.752075455381314
-0.757579551772224
-0.8696005207677
-0.830895616159685
-0.601225239268428
-0.475990309360238
-0.656703982712564
-0.702347120631722
-0.745949233116296
-0.746530554189795
-0.836395592891971
-0.751878254042579
-0.719612931702695
-0.747601716815931
-0.691230934164515
-0.664559487962236
-0.799315432420875
-0.811609636491316
-0.844317291545719
-0.560317380142373
-0.67220419274297
-0.645274788772492
-0.726530990694537
-0.689176944814353
-0.696340771900082
-0.641220799221808
-0.747259496469851
-0.786873734541863
-0.767125676523104
-0.65786689851543
-0.571947115670156
-0.559421946552865
-0.632269793055286
-0.671913324514013
-0.601080776036165
-0.714236095748408
-0.698920703727957
-0.836776471273211
-0.762522637451075
-0.57133308114152
-0.659514728394303
-0.70697292112664
-0.684713622910338
-0.796750504601391
-0.796332778732887
-0.704544015805295
-0.796318909979825
-0.599246087546986
-0.557551213778138
-0.672112683678188
-0.542688114660207
-0.634314197539903
-0.625911237738898
-0.647775239380244
-0.595240209711858
-0.639495615878564
-0.653527458882092
-0.514709573508169
-0.601477355905589
-0.534389767445611
-0.732044992264532
-0.684591532716768
-0.688140801950687
-0.633931848426263
-0.608124301950265
-0.593385667238028
-0.598312504673225
-0.629081036416266
-0.676282977290103
-0.563102234903262
-0.696983799992208
-0.603132372538412
-0.623224405643136
-0.614244785271774
-0.46595701997714
-0.591167549519985
-0.636250313405171
-0.617412004638617
-0.643936241623205
-0.675061682668803
-0.520292872670003
-0.55567340043544
-0.587274551524267
-0.655247719741751
-0.607547316571196
-0.510036114598761
-0.656951654018971
-0.556004816862475
-0.560529908736951
-0.449237662589936
-0.554850654959559
-0.600519632538662
-0.534433632837651
-0.445418170087701
-0.501714381193515
-0.562833613567039
-0.491864543179578
-0.37422795932636
-0.548722263421593
-0.557991034113844
-0.496363275474567
-0.588587839493526
-0.551149053928972
-0.701349168796395
-0.546860902832682
-0.583132200335923
-0.433243886466716
-0.461897822683426
-0.671889395062792
-0.4546071669093
-0.53639993815404
-0.547691886464431
-0.60252101656443
-0.449287056518405
-0.594687426820402
-0.55953243274196
-0.545710090971196
-0.361208116885012
-0.437960129352742
-0.520840666009724
-0.510707040958649
-0.488270084788912
-0.519687568832963
-0.685841485387583
-0.575234607171323
-0.429435678166465
-0.706106339052503
-0.319670262771978
-0.587201046716887
-0.496353870696786
-0.545886437508209
-0.400103986135623
-0.647165867373104
-0.335715730758721
-0.704814639764376
-0.60967806801403
-0.454801251123008
-0.482217654824328
-0.526710156619773
-0.48506069107739
-0.50908068282742
-0.419242832585989
-0.513413927471194
-0.469060476330086
-0.285780039816192
-0.508298278192645
-0.624402178501123
-0.444428952630453
-0.407297389377759
-0.492117182431128
-0.469661415801049
-0.325093185227573
-0.358503812422362
-0.539369990922979
-0.572567065956509
-0.342730664613778
-0.375876124591584
-0.386874740527712
-0.417105461963723
-0.600518873004148
-0.505431039896418
-0.56801892132489
-0.295072818285031
-0.542397556142594
-0.390497646227547
-0.353752377720706
-0.314981561937512
-0.32425243565136
-0.636708602550914
-0.359214351121568
-0.523269268041236
-0.65855674235389
-0.329672869105451
-0.542520899454968
-0.466044214226515
-0.416944586014644
-0.409507855740051
-0.415551336571242
-0.453306877989982
-0.405037163445126
-0.30094957032093
-0.336270120922246
-0.517768022411025
-0.42056675373202
-0.499830523989322
-0.478073820123054
-0.392719282336088
-0.366138448051666
-0.29645879030829
-0.439180154927948
-0.298302451988
-0.450382632338352
-0.394573739266433
-0.380349910413263
-0.411313583817426
-0.316611867260175
-0.475465274931501
-0.222324826882477
-0.238526985749478
-0.319181869872768
-0.471944763197586
-0.341746054631181
-0.433257807090993
-0.407978354000839
-0.364798452373874
-0.462479720436909
-0.314823921637344
-0.219934116758648
-0.296727733720948
-0.415210082300907
-0.316658138552879
-0.349057743992047
-0.335774853640394
-0.297851595002736
-0.120456365291739
-0.417649075010568
-0.296300255083297
-0.311440835240386
-0.409457649133716
-0.541315804841368
-0.354372025329455
-0.443400688411912
-0.169786977652864
-0.320214896825309
-0.335342421136518
-0.211026582535326
-0.136073838351405
-0.35000245268487
-0.154905967153111
-0.399945393951349
-0.296364648003479
-0.286448001389232
-0.401683043037523
-0.104198413220542
-0.210685033891141
-0.331569993972474
-0.337737580518756
-0.34225846661262
-0.365130112630276
-0.304319280040655
-0.321718534422513
-0.269051427452182
-0.392977531327503
0.00354768926870637
-0.400186983407319
-0.188887499497989
-0.33412546434562
-0.3039663393746
-0.0934494609443368
-0.343882532434452
-0.323014162450005
-0.288006975349561
-0.113894091103562
-0.199135352750909
-0.133786046725837
-0.195285593496575
-0.211558312506041
-0.190722193602242
-0.242327808802499
-0.25180332698443
-0.430553584025656
-0.227910255358936
-0.298903588963237
-0.217843351403409
-0.0663687592132518
-0.337867085947967
-0.203930759337325
-0.344568270438111
-0.255026276453359
-0.308969407709444
-0.295778218949905
-0.242947163626602
-0.049724042456631
-0.100299948793737
-0.163086241246269
-0.260306972769283
-0.160616282822754
-0.266376532287112
-0.329876538411922
-0.206411925086958
-0.276019731570997
-0.185245634843406
-0.307373659294702
-0.123266031971383
-0.347243749838348
-0.196080067094447
-0.215692836497144
-0.271511857512252
-0.160665014971395
-0.20786780945727
-0.128299394309224
-0.184681267231259
-0.067417473909962
-0.0271988400735724
-0.178535591197221
-0.140332107178004
-0.0225408493586376
-0.22762147951566
-0.229344798704304
-0.173331239006078
-0.186223685142642
-0.061064705959976
-0.233630568040233
-0.1405672508584
-0.074839215555989
-0.254692259124667
-0.1931636518602
-0.071244947186132
-0.0394268171231
-0.131680837757781
-0.150080500314361
-0.13617628839145
-0.17484309416157
-0.270600084741908
-0.0882782734889316
-0.0966745094979219
-0.186399731073956
-0.216438644741893
0.0124751060419281
-0.187718000268982
-0.165925836229304
-0.093643384953973
-0.0724199108136002
-0.0153751154094911
-0.0153817646933771
-0.150972374091694
-0.171534123863556
0.175291435278884
0.000607662691155348
-0.0534673726433773
-0.282508265918688
-0.191165331944605
-0.23748272674041
-0.116704900069595
-0.165399128730407
-0.0956432771457426
-0.164284350496488
-0.0502571691698158
-0.0924816354114697
-0.138213219748733
-0.114982028412549
-0.0642122490486878
-0.00121611486122929
-0.139178885389184
-0.168237802868334
-0.130924652465151
-0.0214986048987811
-0.0187757952112113
-0.0799121248145067
-0.00220721773784733
-0.092802255915255
-0.00787125306342249
-0.0451376107070987
-0.135388204849924
0.0492971229514915
-0.0545163559875051
-0.10588130142642
-0.0436556776182068
-0.0126730964213221
0.052311729236334
-0.122336290785932
0.056980237265728
0.136985814303046
-0.0805942598530065
0.103248188130067
-0.0624646882167613
-0.018690355162774
-0.0588311039371444
-0.0043738349954467
-0.0532141411458159
-0.153292837283041
-0.00237925853516177
-0.0657952095217981
-0.0567807050879739
-0.0103404124018563
0.104828832405278
0.0719428209822772
0.0230091242952532
-0.0937087089051226
-0.0283879391313753
-0.0977200824818507
0.0110326638694883
0.131209102414949
-0.00265205222590768
-0.0119004526168883
-0.118598656001222
0.209626599764669
-0.121639681921379
-0.175203495648382
0.081070904685262
0.00864050080190969
0.0269054383615294
0.0932199168813139
0.0375601687503967
-0.0133269725416859
0.0572311892271534
0.0558093925396056
0.110265932740186
0.115822215712427
0.0911376903320597
0.0300089852241321
0.0705941005378991
0.0739959546674556
-0.119746994304982
0.193546591662994
0.0690259402054123
0.0184182219142141
0.155053889400749
0.0966968046347334
0.0408161285483226
0.0368996116322515
0.118743536731653
0.12589496828467
0.113684238343629
0.0916981300314471
0.180193815301959
0.00291850919032421
0.0564848732096991
0.0390095521994704
0.123977042577051
0.152536910817106
0.103968143513371
0.244193395012157
0.138249628404665
0.0305091432685075
0.06072801066034
0.16981926209433
0.102087068662763
0.0678136378782889
0.0215198306391363
0.0393984024458973
0.14544498470564
0.00230498192274686
0.0812064895666919
0.0152867512231298
0.185148622284544
-0.0596671294190219
0.16714745803128
0.168898390694663
0.0916653573606897
0.278749178022833
0.294305602576777
0.236938832154412
0.141053451257398
0.131504577457004
0.0599822611796236
0.188309134748878
0.0640603958807197
0.0435875357060033
0.196431585367182
0.0474062825022906
0.172894911057771
0.131506691336885
0.0753066395199179
0.140269095692953
0.180521727088877
0.0733868344346807
0.283334095511208
0.270420986853685
0.115487457438814
0.11177369767372
0.0949183995696092
0.0949868578367516
0.21703990559344
0.19620815841996
0.144441553097769
0.229563130978705
0.0585002413645381
0.34173501009422
0.23284630277937
0.145702015097845
0.218119502593596
0.141731477477466
0.188578645101563
0.263872196499957
0.0487647542282416
0.265630425361083
0.190889307113478
0.0376595286039078
0.171596432537832
0.119838307799145
0.224668629059734
0.136910054886765
0.286490533643115
0.255488178302373
0.14560878865017
0.384156209091087
0.295447966107147
0.0621832674995118
0.158087083004026
0.109005235178578
0.218113405067928
0.272025856393522
0.254077954728947
0.317526687654982
0.319691779954551
0.239160279724132
0.265828879882925
0.300666632667254
0.265161800797975
0.140880225331632
0.177747175457549
0.246466733348192
0.171273232040405
0.320041335715718
0.268741658291315
0.325582008869297
0.256628912476917
0.273268260120059
0.258480560468148
0.326499996300683
0.285277426522227
0.331341124239056
0.288262572592541
0.304518152461801
0.296976650429754
0.248982945222387
0.329940417129108
0.336528188279769
0.273464004199845
0.209773244520398
0.265904684892802
0.333052040386813
0.400816830491319
0.457821031889393
0.27413075191104
0.245570744738062
0.307576649441474
0.386143294838413
0.317526423064362
0.144348131092534
0.339384529112973
0.171293888001639
0.308864398836255
0.269697411046342
0.241622987213178
0.365110140002271
0.363590998875483
0.430847217185325
0.223395947400816
0.324415664607708
0.300641755187023
0.292726953011967
0.252414318227185
0.272685335368531
0.243616010083012
0.39347496226737
0.417514304540038
0.19975230637181
0.337242696225993
0.227136087828291
0.236440795636036
0.203350077884662
0.270260924321248
0.42238366940953
0.360120010827416
0.333953166093494
0.317989089306068
0.249226824012374
0.483363341029211
0.436434629486096
0.563522825647467
0.517521855729735
0.301677723471789
0.380693860183066
0.470922845881064
0.34979331071127
0.422662496561445
0.531441938450871
0.297286397119332
0.339375455647807
0.457017376027241
0.358514392638243
0.344258758970496
0.511593150827966
0.384774366079765
0.282447526639327
0.253539982550477
0.456816278585754
0.306703317512381
0.314930368156046
0.367991071803394
0.346445277086753
0.427343979162049
0.419118728263232
0.33219054327548
0.406282957899389
0.256180101173867
0.410509991105761
0.347772814347368
0.520633346439579
0.456837507335653
0.507007337169488
0.393492663448591
0.382363504716865
0.287142541205376
0.422948270142156
0.540299359226002
0.379472592739524
0.369995882615803
0.466004174328176
0.484612828584451
0.456840674757177
0.380221511167095
0.487845855415878
0.508853496459965
0.508483275828195
0.273877360543379
0.442105961037555
0.422979512615313
0.567446813120384
0.547824540695985
0.38996989964642
0.404282629746444
0.461130685477129
0.443017078379329
0.504918506262109
0.371992365480563
0.446839774562905
0.481661514337766
0.603192531679678
0.512122431124185
0.611528273809088
0.418884767755181
0.55421927583724
0.499047970389487
0.537961302589719
0.483696398554497
0.618354384860264
0.563717559791371
0.506521446766489
0.358609164324252
0.348491720699022
0.463549206802119
0.395745297028017
0.573056508830429
0.445792142306734
0.593018260076422
0.524929136789132
0.471676192593871
0.685337389022382
0.635657217296715
0.621613452167714
0.486438414341726
0.541940933993353
0.431577956784918
0.552967434225979
0.542311142118203
0.500522743605548
0.611549358634414
0.573674666547588
0.552158939433538
0.496509040374785
0.668750493036791
0.595112200894244
0.546495941878136
0.484215482886307
0.623279535965459
0.577384906613203
0.62490367202385
0.377633762775356
0.517461244811162
0.710186472861435
0.536962304715268
0.666829749462491
0.576667413493941
0.641856424463436
0.614457408240091
0.715112781873643
0.615952427307169
0.616189884898258
0.700295896066777
0.549007933800529
0.546276750772363
0.586061665869364
0.490010141656408
0.536108320634673
0.530701125161391
0.62612255173614
0.636829073730185
0.491565511286485
0.613053791439614
0.501277569242972
0.681071895979168
0.636973394452035
0.536539379096317
0.580140056805393
0.483831049085044
0.520321879233733
0.644435663735104
0.627274175401655
0.578138619942399
0.657702048874721
0.54982654687766
0.693022300487647
0.764266012661045
0.39778214598476
0.521868613618069
0.547007885244001
0.647928797608063
0.630297989407953
0.577614620753229
0.601263077046616
0.643490527930674
0.652482178145016
0.670235590772587
0.7400636989435
0.620789136802173
0.760547625636564
0.480420648237161
0.612684915161989
0.722653890788773
0.684674182180302
0.62207025164216
0.561244003080456
0.750302635062297
0.821587950353068
0.599195735684409
0.82779931053242
0.779233368352541
0.61982756305304
0.705861061480366
0.837175117486068
0.7553225556435
0.626843404729407
0.633940494285013
0.695250850593136
0.648641920107015
0.639466564851521
0.570331226404813
0.729007636925287
0.534154274826439
0.783951991132127
0.829871130562114
0.677185830909766
0.602389789398353
0.657317292670469
0.709346924844492
0.667731561601076
0.666973670319048
0.632102832456246
0.67480518160397
0.616941027841618
0.789908831368737
0.705609376940102
0.652064451695019
0.702779753078292
0.582235560203931
0.567823327618723
0.728452644671869
0.844599826457884
0.792798788672343
0.757982031763082
0.63216977276044
0.777402334539247
0.517373497190184
0.884046900790617
0.749272184200099
0.781152776008585
0.656623201629487
0.636577884715625
0.624132548196986
0.859097459694172
0.641537215394928
0.876165877487205
0.785831819836091
0.707078716315905
0.781845456602224
0.659515747102396
0.757377338042407
0.793219742313719
0.726209367580471
0.692980527138372
0.768459293399801
0.743124257278225
0.718747378019953
0.803568897882125
0.817672929224506
0.790830133669573
0.901111999545875
0.804838157920758
0.857234519112214
0.851496400060807
0.83695545130221
0.809124426678047
0.742923581463253
0.616944086253507
0.910862812166516
0.856393408123628
0.870518572593575
1.05734362905151
0.900441728050972
0.869588232228139
0.776417561677566
0.818015236808068
0.912616059821759
0.765641976650567
0.782649840414422
0.863152802925615
0.971255151256057
0.834410241630164
0.822943381587731
0.743508977960283
0.840070164780647
0.883435512115873
0.857531536961138
0.884210924428905
0.703279618489045
0.722602802266319
0.88116174386943
0.883373181011458
0.966951525301116
0.815528466179572
0.932091856127352
0.878202556384101
0.898609875330521
0.801107916347229
1.00401767217666
0.865488932959547
1.03807705109857
0.767154506274739
0.80048857340399
1.0254741868294
0.852233900319309
0.988123222721003
0.912405361159666
0.850661145006196
0.77420545553306
0.965874072989938
1.03998020402945
0.793866146373987
0.955402930626854
0.880379496573474
0.823883712140017
0.974007419371835
0.984833099841432
0.9345317655033
0.872844376599418
0.883314935316086
1.01080442123457
0.844965483580701
0.83245990117344
0.914323588774049
0.923086933710467
0.805772689738298
0.936039086390159
1.02246572167553
0.947068946328142
1.03286982056414
0.881472366868945
0.839711261725591
0.840615507807954
1.02101888103753
0.968586986185421
0.830638861679893
0.934367547085655
0.955515439873055
0.887972952971046
0.890635110921691
0.929267721933255
0.90670018929086
1.08466067109169
1.06500423595838
0.884650674656363
1.00504935852494
1.03557466666514
0.905816997958861
1.09430137920739
1.01437315571036
1.06831230337988
0.983268109470278
1.06273186443085
1.02712634987163
0.913320535605811
0.950995937555531
1.01581372103586
1.0199780130615
0.955175101385165
1.06615610051833
0.962960675316721
0.91616210209315
