-1.19837334369141
-1.07875058926366
-1.1064406874714
-0.888476813456266
-0.962007389873963
-0.951755597766783
-1.01966496119346
-0.919575800058577
-1.14380618728908
-1.01426516909316
-0.979602852140177
-0.993917585551832
-0.919668007831113
-0.875210800952165
-0.936490018685309
-0.965958187878071
-0.99140264525368
-0.986181146385054
-0.942920981850483
-0.900817404210996
-0.93465210288741
-0.99063536573145
-0.830830407622596
-0.88783131188167
-0.958725767628493
-0.848500912492241
-0.915482594188631
-0.89038537121245
-0.944733738788005
-0.966051674524648
-0.97401422899034
-1.03675580863039
-0.919539745689289
-0.907045367638568
-1.0313302951669
-0.948759335427805
-0.913685201666981
-0.91209527940095
-0.808752681077424
-0.837028449402003
-0.909626594173789
-0.827118564033477
-0.80449098891385
-0.810152696065402
-1.01083588259089
-0.908866806662865
-0.89542981482145
-0.943802851266912
-0.888003138478382
-0.865499929039196
-0.786294366704981
-0.994708437311246
-0.851313364236874
-0.885400804748576
-0.899524062469334
-1.03895095858813
-0.925993869463285
-0.925980727048733
-0.96481589789854
-0.920735201298069
-0.696297514171788
-0.926882128291397
-0.905098603143266
-0.787587648401591
-0.812282334692366
-0.712444559209498
-0.894721491835777
-0.845104067142643
-0.807533360665217
-0.787950337924476
-0.847700990355864
-0.84397219088136
-1.05759105822654
-0.95842050951615
-0.936608283926397
-0.936478179533898
-0.845128046246667
-0.702272617013488
-0.755673239170344
-0.835437234568714
-0.839424467510915
-0.830112155508245
-0.878082027807213
-0.833019386116852
-0.777007583739214
-0.747834485575225
-0.814631490933088
-0.890582229650594
-0.87851095338819
-0.815215227788603
-0.72622270375842
-0.726389026793061
-0.776202585505742
-0.610121472336055
-0.809648106948252
-0.906487867886602
-0.848479353071271
-0.695231970204941
-0.780961533056896
-0.725998103894595
-0.858523114976656
-0.809151125388275
-0.807892351549226
-0.862876060113854
-0.819846066786619
-0.873213599298227
-0.787285873401538
-0.801087495639405
-0.822408986160619
-0.777129627500954
-0.792357917448895
-0.802839044912112
-0.790309781785011
-0.611916341951752
-0.779487168726216
-0.912964906240296
-0.646454188255055
-0.704517321064249
-0.637650231792083
-0.667894145467449
-0.662109461214783
-0.773483824145135
-0.703729621882455
-0.793575655772777
-0.695105600818809
-0.671372851478296
-0.70598675730961
-0.586234365047311
-0.675987548429595
-0.803549553079628
-0.681995481141229
-0.863265273875624
-0.62216767337619
-0.629066831089027
-0.723616073446778
-0.775781205280891
-0.746763790658799
-0.723832236986834
-0.650957395836834
-0.749288736279689
-0.688077770657115
-0.757781791254253
-0.776897184623299
-0.864105537746356
-0.639404304863748
-0.757738539800351
-0.64487056813424
-0.76367768415197
-0.751718925333125
-0.75937843450086
-0.564409053171742
-0.64716570411146
-0.769530062290089
-0.601056280835877
-0.763237402783594
-0.73663106943248
-0.591315245161267
-0.694093711264685
-0.773653952145856
-0.757056784938301
-0.693510729776012
-0.78481997915688
-0.594844524362726
-0.589872615138665
-0.67455626684336
-0.573554729473399
-0.556136439535337
-0.71682952834358
-0.540616944577064
-0.745610890300816
-0.727244019314456
-0.654878251466987
-0.752901531901935
-0.560211691647733
-0.720305649426332
-0.669440984667314
-0.697941219106447
-0.583498264241079
-0.675372319262899
-0.66321262029439
-0.70899930428166
-0.635923481132182
-0.603030739353554
-0.589904186360149
-0.682790015185593
-0.626585990810122
-0.616729595932182
-0.680880089047942
-0.654997970016107
-0.812728507891744
-0.512634490735862
-0.682890160065559
-0.636730103937786
-0.637168080961165
-0.632059885063059
-0.651371514249421
-0.546500571339868
-0.740786767566046
-0.554454982582988
-0.578915779117587
-0.615919248461502
-0.683595931986825
-0.632598519872605
-0.632837598929878
-0.623551642228453
-0.657343707542345
-0.42838688601035
-0.523678054176807
-0.748309103191216
-0.664540895600703
-0.569522710389377
-0.446789015478269
-0.537140086678638
-0.522131752109099
-0.705613754814126
-0.430901943490687
-0.404055881665229
-0.705881638343456
-0.61569964466673
-0.557758418646993
-0.521511820675708
-0.526931308255167
-0.645276887671184
-0.409689788499201
-0.503211820422852
-0.64604248942585
-0.673899398556372
-0.453889784197865
-0.38457795377657
-0.441280919529937
-0.637461815289681
-0.554056238795167
-0.374673294126464
-0.580609657188671
-0.519397216884406
-0.555810003035591
-0.597151087758057
-0.430280900873471
-0.568125109684492
-0.53573222546174
-0.558293791148719
-0.408921161506629
-0.582754836449238
-0.48125314406394
-0.385832255637994
-0.51933860312315
-0.582263635979832
-0.558078593669236
-0.433959135040319
-0.470590004957941
-0.565316516053766
-0.527748695504037
-0.531760175441788
-0.546245756624088
-0.66455855024488
-0.479144234899402
-0.403647721892286
-0.380183030342193
-0.469959311539984
-0.543043448883685
-0.468222855755725
-0.417881334941576
-0.541061664045603
-0.398334084748288
-0.518877066957322
-0.440236805962013
-0.448487023289607
-0.467698281453216
-0.368928092754375
-0.362860184736796
-0.470567043170499
-0.531787932826061
-0.481034484553162
-0.313115864824301
-0.45977797597542
-0.411498619371523
-0.370275758889198
-0.516544847370215
-0.552341873529878
-0.465974833551654
-0.32134117196245
-0.383391725769763
-0.559210244428422
-0.421084904217604
-0.40802098306553
-0.357707050312111
-0.470411288500421
-0.460115788701266
-0.296200437622482
-0.356140422618267
-0.399997347080739
-0.579014965990298
-0.395629947457398
-0.425235675474944
-0.398314405196729
-0.30983045089985
-0.549222890348297
-0.358619059665251
-0.472861850662936
-0.471102565447006
-0.339066677852629
-0.388663861937963
-0.345442587812512
-0.392274240861981
-0.223100535550578
-0.244878107090239
-0.381402048126353
-0.435391525387792
-0.310730565574135
-0.48950213110362
-0.324924892479218
-0.575540267847357
-0.457772524302567
-0.281418523739765
-0.39613017052311
-0.291457482527021
-0.384945251534714
-0.512351042288403
-0.252847080166079
-0.301511703768418
-0.294761117527879
-0.347478402610593
-0.232324996704632
-0.20780440235662
-0.349065509195727
-0.320301444216536
-0.353781666218457
-0.309752095351066
-0.49787846121146
-0.344671474402584
-0.366834249483081
-0.311869335799343
-0.141387481219862
-0.412005083673391
-0.437777391760328
-0.432004013040352
-0.328709823430841
-0.389116646697353
-0.270591663802379
-0.407977735571051
-0.302887934506435
-0.400678633736223
-0.332144152369165
-0.258853273330511
-0.313188175775498
-0.269905657327911
-0.4152653092866
-0.299543894380921
-0.239350264084937
-0.282161804009382
-0.479430557257757
-0.340825748527876
-0.251982351072892
-0.21988055949424
-0.30437280400395
-0.332987701354388
-0.282593227148591
-0.36171792187228
-0.197288980803955
-0.314746194538549
-0.254598726760729
-0.435177581854436
-0.351746898257496
-0.326799799303854
-0.268499273789444
-0.385918726094221
-0.27619940452411
-0.232753523226897
-0.129576433054182
-0.120277893290146
-0.143370740063401
-0.296994638504547
-0.318085612714859
-0.214064006634639
-0.3028217348005
-0.165100319700226
-0.280327411328384
-0.0615913360870651
-0.272695818915574
-0.453800932813883
-0.34781443505357
-0.229437135341621
-0.188872781969878
-0.377359092242276
-0.38529858153146
-0.257917749107451
-0.16655769820428
-0.132143960157314
-0.26910034478626
-0.152079440913467
-0.280506077721423
-0.149544436155259
-0.126179555863029
-0.365380895037499
-0.176635983890763
-0.295850066586063
-0.181859517077686
-0.184112429746355
-0.1794999414327
-0.215734698373886
-0.109230041489139
-0.210876200551118
-0.324479083472912
-0.227820682948602
-0.0645679506383075
-0.340989138776623
-0.199101267482526
-0.19037798246864
0.0012585504305304
-0.188140737337111
-0.161600378299282
-0.0710998132797119
-0.248651115605824
-0.193749819066715
-0.159729682931957
-0.349835307668558
-0.114050426021005
-0.323656582545204
-0.148457426547285
-0.101628934540452
-0.242014401768286
-0.141465033554345
-0.238965654965612
-0.230845914299623
-0.255918975747602
-0.104910366063224
-0.121338050017872
-0.0172469044873365
-0.165360394356669
-0.0413383190487296
-0.235995136844316
-0.281139004086178
-0.236107731477411
-0.180111289181893
-0.229933273635169
-0.0748959450941268
-0.163320265008846
-0.0170120905237285
-0.068271288133246
0.0375573218297341
-0.00758983285911946
-0.0958464797201901
0.00786664116672634
-0.174528932658996
-0.183948786631457
-0.119260667975128
-0.096556118709426
-0.0239142180297867
-0.186940966830683
-0.0725708493577431
-0.121030760234403
-0.0131103298368203
-0.175159099299797
-0.171260036081554
-0.156206854484903
-0.0809356064669732
-0.0778815951559493
0.0110746375196305
-0.199934760593383
-0.191294306165753
-0.120366135277904
-0.0184619935495487
-0.18655105795517
-0.194573514769758
-0.167343744505591
0.0401601248736168
-0.0826412592154026
-0.0625560298515937
-0.145420283256529
-0.157414951002696
-0.163139246120416
-0.148166341834959
-0.210444426193204
-0.140233219110443
-0.0857837639732894
-0.1162319655797
0.0928589226652089
0.0277921867501356
-0.149313955190897
-0.11262190593969
-0.121724298608197
-0.0290234644789681
-0.0931382782150019
-0.189787842628337
0.0857904856678045
0.113146089669871
0.0595167677585928
0.046285947968131
-0.17920692684109
-0.0521114298527829
-0.0470901817547545
-0.0242321606880885
-0.021756691425414
0.0402934235882291
0.0462481895985326
-0.131420191264026
-0.175926580300062
0.10754982565889
-0.109209641948818
-0.0141666801374813
0.0623303210649134
-0.0899809336161284
0.0386548999740106
0.0645681361473507
0.0305613514083015
0.0343749039848789
-0.113403366338044
-0.181624601159338
0.0905894730065961
-0.0988543878601704
-0.0378439126082777
-0.0108891214053334
0.0591512578896201
-0.100175078374872
0.034954896620302
0.17242266066893
-0.0572459809105524
0.0534803891077828
0.132161048381162
0.0855694680002431
-0.0112355450398782
0.116184541497694
0.00289206494415902
0.0358711462554553
-0.00766504418190147
0.200490582413156
0.11717566369036
0.127535463580649
0.0488113690082266
0.0934277119749169
0.0927118794317381
0.0414858823437569
0.0322917269694978
0.113821552139417
0.0504036090853532
0.132450703951849
0.0263916657034592
0.0332774959982007
0.105120520166869
0.00304845488979665
-0.0200856861060345
0.14256548449057
0.0897312062782036
0.0297742449104103
-0.0664846891961673
-0.00935653841965598
0.184934642878522
-0.00795225486968307
0.150669136893829
0.0267130050187665
0.0489148583819319
0.107568445547531
0.0233254614284496
0.177691413476186
0.0743934569323872
0.232070953373925
0.0555861369717266
0.194481397222307
0.0244229130161414
0.151111499993514
0.0382639851270803
-0.0902393606106032
0.106251028676106
0.0769523400040427
0.206584219088912
0.243657041148369
0.249764220034628
0.0133271010445809
0.116096868231821
0.256249980335952
0.149242734031177
0.109790179306306
0.137801658533749
0.0873406584948092
0.141860050064064
0.153572366792014
0.0335552246255528
0.121078352673584
0.192449696871941
0.0937094656766375
0.335098979161928
0.0425537742476601
0.190201431216082
0.199060026510063
0.149927622603085
0.107488612655813
0.203219826807115
0.109287744153146
0.13373240419024
0.328850756255741
0.319180932720837
0.253554655922467
0.105948259556717
0.100386300859024
0.13250337763706
0.182939767079067
0.12780516640648
0.216557137493132
0.155178337278948
0.294570318862801
0.109823877823443
0.0844934283397791
0.173957644404735
0.180685959213458
0.38101024180404
0.328950059849346
0.171964221352993
0.346144569922961
0.23767796600653
0.236199559072807
0.262302376709264
0.247273643072149
0.192245531629153
0.142580285884279
0.251200586760533
0.302108009241796
0.293214988581794
0.227549219148576
0.331457317469638
0.243102338621784
0.361971302653785
0.215390102934666
0.154437562360032
0.242206573094764
0.277838384034005
0.288053056994787
0.170353844481702
0.352540378714137
0.221235604217668
0.286008433633273
0.289923812974916
0.121200453933481
0.0660589376771873
0.182788316338717
0.398050002575708
0.286557661190643
0.266080342868782
0.31179971912721
0.356560676013571
0.22428577747237
0.0757741861732693
0.387639045439416
0.29998552874625
0.210691293122317
0.355501985263419
0.0655956037855463
0.325182008059706
0.190455686736613
0.237194553340422
0.284489774018213
0.285050852467443
0.26776806472949
0.388841804033529
0.33438734850063
0.404618701646991
0.384450195376279
0.443536322598411
0.201214756629339
0.405912608836763
0.278835212822829
0.331153038873943
0.200909064394003
0.38081544914126
0.212961711059821
0.52545737377741
0.457643285341176
0.2647648901474
0.340460286224284
0.378281262579444
0.365297086969673
0.241685347774613
0.255210098348631
0.299880163913353
0.310195260069122
0.413622490014719
0.397141802361511
0.276080189601115
0.474829700051204
0.457297770369757
0.426776802144826
0.473899034179091
0.497178373215637
0.341218903689914
0.384244882216194
0.546264450705241
0.17595195687766
0.367176045791027
0.407640699174017
0.264779649937849
0.285727392729039
0.235058340781566
0.52732575153128
0.388621920345127
0.305032148828464
0.485698671571498
0.398217407694148
0.395924359435118
0.384268150102795
0.446933587521688
0.33430559522234
0.504068806575457
0.416109238264262
0.451686166574905
0.402208974710373
0.452628015368085
0.380394991353673
0.383121932219006
0.448941804438854
0.386851776943811
0.416696976516528
0.426965945066294
0.277555266269113
0.399371975833811
0.392109438172011
0.488970492356902
0.404916963343702
0.450095096884953
0.358132524758368
0.430604044090448
0.439553705969562
0.262582287953505
0.419814735284913
0.553500990123666
0.464891905765598
0.55067938858947
0.629242219386738
0.441100768875587
0.45562782043601
0.338254911191259
0.546271903877242
0.467519195132033
0.352406057900329
0.553501463335149
0.502709426718604
0.461502789389854
0.591912429469907
0.431712026361568
0.526902315308953
0.535305432497716
0.558045706635968
0.45465876590105
0.537358024451103
0.407331700101642
0.545368797125418
0.413176419882115
0.390346983393177
0.440878884041301
0.749254200276084
0.522705364154419
0.52330668963404
0.435405536877389
0.487891288154191
0.578690917533555
0.551231019415949
0.407149393384305
0.587586507312214
0.673006486887699
0.46963328606475
0.461617348354597
0.42575125219219
0.396048809921713
0.517275343727994
0.561190583102999
0.470992475165297
0.506047641766267
0.512190995272609
0.44355231216628
0.449809635188077
0.530560060853496
0.536040207069321
0.614580830449265
0.632946086510801
0.609788176795132
0.350144076972275
0.509619883137501
0.597274154397547
0.624121917494932
0.593480458241835
0.435640893862655
0.566981851899321
0.615524784507098
0.616504452215049
0.555175578934567
0.676719239332282
0.561569085056751
0.548902139343836
0.603617003002011
0.553782021873471
0.670964626067874
0.563672395619273
0.588781015738355
0.377252040894902
0.460718967160954
0.597526003231361
0.557742546317909
0.637063760564498
0.514876624171938
0.566769334432354
0.534748509005939
0.571458112877116
0.614558994724063
0.585848493083526
0.471290758542004
0.83037086391383
0.67227379720284
0.580711131935764
0.59098968936928
0.714160946873011
0.508411802607399
0.705922381457975
0.610525858602804
0.582547268174477
0.586339317172517
0.624110490696089
0.603753871549591
0.612627684395287
0.724318381312219
0.581772469779023
0.728722904319122
0.552872436669919
0.600002429070116
0.673928857458327
0.590754946812412
0.581418431409921
0.769210547492982
0.73886703326256
0.615498266766143
0.65295091325083
0.674442943115992
0.710863611927572
0.71565691277103
0.65979894560834
0.766346650601547
0.778159569461228
0.741986366416486
0.589845370427145
0.60952627459041
0.709031020326398
0.768006860275527
0.744232745656641
0.655832795882595
0.538042483360245
0.630882348166179
0.789675040557617
0.596548674801799
0.731457137608199
0.707897986376498
0.812432402766098
0.639553100976786
0.630667280901446
0.587130214537688
0.766516420033891
0.757854941919354
0.606271793763182
0.669834647960307
0.694679888914579
0.704683316392973
0.691576625780481
0.658202797648058
0.736781039678584
0.578811985785864
0.890610362181199
0.634851002205891
0.536749785292732
0.786294125916804
0.750730143098935
0.767257697092575
0.688139936897385
0.85474719267865
0.709660704802128
0.743665413676102
0.703753564528232
0.72049474783398
0.722912610535697
0.831423084943055
0.888439992519064
0.8849179868752
0.732538882484756
0.662740434501443
0.563407071573204
0.728454239791976
0.704591951145666
0.83960818951521
0.754540521291234
0.684428713831873
0.89332851784038
0.702073346637634
0.875342234889604
0.769198717044827
0.681905179601486
0.838161315193459
0.72079453757019
0.951847171109773
0.751254324428192
0.654947229599487
0.807498157508712
0.82765518052789
0.692661436419099
0.781861501882643
0.742479071718025
0.857619153690868
0.760873995581303
0.820845146301367
0.664562063147109
0.651423083601907
0.861108872930109
0.844359172683256
0.824987428872884
0.845340220995233
0.84252919416738
0.924303708648437
0.83789014742612
0.797130434894442
0.909932652637059
0.95406968108951
0.76498330416194
0.898593519417578
0.666082225285592
0.75740730133464
0.831175231665513
1.01735027029644
0.731410734824235
0.883369653029557
0.817719526273407
0.683279938174211
0.852869629740645
0.92122210260762
0.798508276512115
0.785728157045519
0.88554508906745
0.886328803924213
1.0259801989927
0.889711024599099
0.903249926982879
0.914246811102397
1.00802923080767
0.8181704254541
0.85360934315069
0.964130313180771
0.760875911639047
0.957846692642279
0.924256506068286
0.691704340836267
0.900308353745677
1.01919258111823
0.912175509108927
0.742760952301027
0.933864355559693
0.816668270754954
0.911252949240836
0.885041334330559
0.759568871084225
0.864473016147391
1.07940427564125
0.833336389700685
0.829093268733382
0.989620342125865
0.92702245630439
0.883438830340188
0.965413285310361
0.886966910525135
0.883592731826409
0.915268721188156
1.03939126636735
1.04682378671589
0.842176591849844
0.900471459771763
1.0761133882289
1.06311669096442
1.01460228302426
0.971945941922779
0.924390407009509
0.81721196221196
1.03953839899066
0.969390534775976
0.91228628195622
0.797227540850468
1.02312478771276
0.995315245070741
0.785455486358766
0.781197816899712
0.837802252599385
0.971943062340297
0.822381816093038
0.976876454984607
0.830739244445258
0.96814009681782
1.02434219159067
1.10506649094455
0.989798596242182
0.990775980457837
1.03337734524239
0.985451628441274
1.00995166786628
1.02976783635539
0.969712034854578
1.0463144978514
1.28496499902781
1.13355197385414
1.00277445901547
