-1.01400445853336
-0.917767577075284
-0.961036009093419
-0.933023308180413
-1.01792378080893
-1.10529889363733
-0.969931210473003
-0.817773386751623
-0.920054638996389
-0.966420338063981
-0.99625997854906
-1.05023036146653
-0.97607455407221
-1.05700516563423
-1.06341614337649
-0.962977657537166
-0.989793547701964
-1.17848738255724
-0.985451893989119
-0.998078579177455
-0.994537483478522
-0.93377077756458
-0.844697195572556
-0.94606910735582
-0.835286178037439
-0.941454459401658
-0.896690718499154
-1.06150320514017
-0.95219181250625
-0.769676745377789
-0.90245014463446
-0.866478073899264
-1.16898997685078
-0.871208186098157
-1.07873463912295
-1.04190312036602
-0.838261880058587
-1.08559036926524
-0.933823934465237
-0.801928589284343
-0.979438625894306
-0.873182623019415
-0.701907886115338
-0.752022738219708
-1.04842279690361
-0.849890303572567
-0.972344801834724
-0.997537503048567
-1.07166779453588
-0.770740003163217
-1.12039001059223
-0.976311786713936
-0.958450280139273
-0.734409066494572
-0.929348321854204
-0.808602291187735
-1.01520106819213
-0.999439389106024
-0.766566204032262
-0.928626143923562
-0.792436049460795
-0.990363074783392
-0.853307486803449
-0.849973790008788
-0.857245604738672
-0.803525580317586
-0.83494259491677
-0.943838742508881
-0.814708095801406
-0.804174757178892
-0.91928219962242
-0.823512132081336
-0.935845615885634
-0.682105084828761
-0.735039381818526
-0.725421546536416
-0.840319830013792
-0.758878562192764
-0.83872562121048
-0.813490756653032
-0.837230955061166
-0.750449827888707
-0.891150548443072
-0.765668107457855
-0.767952548873617
-0.684459247561958
-0.746375953982602
-0.99476572882748
-0.850254062483045
-1.00580520594965
-0.838940881437731
-0.810337869271058
-0.917490229361939
-0.792722317102479
-0.80254085328504
-0.681380231914108
-0.764508183191837
-0.910478339590337
-0.726789910544585
-0.790850492536006
-0.787229956811878
-0.852792341149074
-0.842998836392616
-0.808895859582235
-0.800679481830732
-0.8451245636044
-0.805517561154526
-0.969017357032419
-0.764793143153099
-0.756679147143939
-0.791867990392363
-0.818373012461053
-0.697622876622486
-0.829021804391809
-0.768145838423418
-0.65674105925338
-0.792859897276719
-0.614967405345899
-0.774041491660991
-0.676415141839274
-0.771680463642842
-0.838990052474039
-0.709900695608134
-0.871633820290797
-0.656418110373486
-0.633373308341551
-0.801856841984062
-0.748220173291162
-0.845570740851977
-0.672837394800987
-0.547923544558905
-0.74552598562634
-0.658685648571623
-0.874192314962386
-0.490322358502878
-0.732906217857904
-0.745993888129819
-0.799035417102862
-0.665920233611603
-0.655544283096548
-0.555828729929436
-0.572353975385443
-0.662744505816098
-0.665164568055088
-0.808501935872926
-0.805955218889335
-0.749097240166686
-0.696979563089722
-0.671305831074039
-0.841375076375399
-0.694395957347933
-0.75188704172554
-0.697111581611574
-0.802577725187474
-0.672610226229569
-0.615722391502745
-0.779911107473219
-0.611170575537401
-0.637580841447079
-0.700963692332556
-0.648107880303104
-0.67333412457295
-0.746240809129479
-0.699817157791589
-0.581298897517689
-0.615093902296154
-0.846966677811903
-0.525953637647915
-0.711442810479756
-0.632684364868145
-0.678559985367398
-0.67294279210407
-0.590776038792771
-0.648851510945522
-0.58892192815781
-0.675163483784082
-0.654234164603886
-0.492375822757164
-0.797431950622793
-0.646452153240098
-0.685977734533519
-0.591988836390204
-0.653781755728463
-0.529070968054126
-0.602239793767142
-0.569319982849547
-0.6663148634056
-0.535263822000115
-0.652999336564099
-0.595350156597884
-0.495717943279095
-0.714049292697525
-0.644788817704803
-0.612241967534474
-0.605456745496205
-0.731533686515944
-0.576821950027217
-0.622054870078907
-0.663540665245764
-0.716340845404604
-0.466276253035092
-0.573612017039868
-0.710464157767403
-0.595347133015374
-0.710437550465591
-0.636026413861875
-0.761465838383489
-0.642055941272365
-0.582688833067729
-0.52765617079312
-0.641379203017111
-0.539671065726998
-0.572158594415406
-0.528198456103652
-0.578098285588907
-0.558496727275591
-0.579089198044948
-0.626020740498952
-0.603102637449444
-0.682630298603044
-0.52889741565497
-0.571402660620138
-0.579405988356291
-0.596369372410816
-0.466684768382081
-0.4635796486462
-0.643709069829405
-0.546420836457738
-0.585120815153101
-0.532026441876038
-0.333893618678964
-0.534165726943571
-0.405157811697605
-0.606291958556583
-0.436133740905772
-0.6600679481516
-0.50378557671812
-0.520730345812549
-0.537031508455799
-0.599832710589021
-0.486748551359082
-0.529410096942764
-0.649373840064821
-0.622803777441327
-0.429062984518849
-0.456203321535096
-0.43116291568871
-0.560590525157734
-0.419173937777595
-0.472713053993595
-0.519228519096434
-0.498699197716245
-0.414521760365753
-0.595364288660252
-0.623165660458322
-0.553038167822771
-0.451931299808682
-0.41672393379117
-0.462900837777272
-0.357021330876278
-0.441268419039364
-0.611440863926672
-0.345557594983832
-0.604767189981559
-0.574189095978046
-0.479309193061014
-0.431201088836918
-0.262892555887871
-0.357097307874703
-0.28733296862313
-0.379508161458162
-0.430661909160187
-0.47243809156079
-0.540073141430499
-0.374821835361026
-0.481707380146517
-0.534444673030834
-0.451788429623625
-0.450205855848746
-0.450673262159395
-0.481441631080869
-0.392501398088579
-0.529811307258353
-0.263324230577224
-0.385411393998715
-0.378651627600013
-0.470328070516123
-0.454986572349291
-0.517466989868997
-0.333669186277134
-0.396421912523152
-0.475884169564019
-0.504317747030784
-0.397736040522155
-0.490383906934327
-0.306228879807811
-0.431496236921703
-0.469515100533894
-0.60841098556831
-0.429127410925083
-0.439626610396514
-0.390785568952623
-0.277149112478463
-0.311661354246039
-0.375083001657523
-0.368954078260085
-0.317924105803103
-0.276179144043446
-0.336842880750236
-0.335062224441496
-0.507371282925458
-0.424452117239301
-0.146109428505886
-0.516375979091883
-0.340026884506015
-0.365632074876692
-0.397907566063727
-0.420953859077968
-0.428376644426572
-0.37142121025762
-0.354634764925981
-0.325154474773423
-0.251622702085732
-0.372446551112969
-0.340146478940112
-0.306632679724175
-0.120377939277042
-0.289162749844758
-0.344060052776292
-0.165474402335519
-0.501487635103378
-0.406907089900256
-0.306406441991685
-0.291364234228049
-0.274134100318826
-0.217331529994771
-0.438604536276089
-0.305146393535454
-0.341446361884524
-0.363679346415636
-0.327153975653177
-0.220923033852712
-0.2835333245692
-0.439654335587845
-0.215427833776445
-0.16659241897961
-0.225814352533911
-0.203672927523216
-0.335948688066979
-0.288859969089458
-0.185517922568225
-0.383121724205297
-0.220930731098766
-0.351025925045669
-0.297963417815092
-0.272649812728477
-0.231926951444766
-0.288621033855727
-0.256458226950432
-0.333522840171442
-0.393724206852835
-0.322731248669229
-0.335630506297259
-0.209351725373908
-0.190322723141725
-0.207915262333471
-0.327521360689737
-0.266257117087968
-0.237296984076339
-0.177268456142808
-0.315545015495971
-0.242693545160338
-0.465976591407634
-0.218690867535679
-0.330222172614623
-0.307968406374564
-0.196577692296909
-0.28748619997206
-0.225230934248368
-0.253187829035354
-0.331253471266068
-0.273740571714655
-0.227990104933768
-0.361890882449053
-0.265082753378466
-0.261077821888257
-0.373983905297448
-0.197939806592419
-0.0721876395435627
-0.239172001581945
-0.166329226418772
-0.299047482438868
-0.0841828015622835
-0.147921238440811
-0.277169601610145
-0.309489554318026
-0.125296308448745
-0.230466152339905
-0.372478000165621
-0.134703086607818
-0.193899607597381
-0.214179570153335
-0.235392979259448
-0.237471740407272
-0.302263111012404
-0.122587698812532
-0.083106597865005
-0.335813908069553
-0.10957925423412
-0.147219748466216
-0.14477905774608
-0.20878831823431
-0.167237186775137
-0.218996680914735
-0.249972754757212
-0.0540122518942064
-0.213959603145622
-0.318436248344919
-0.205416512071402
-0.153334966711405
-0.0426430824260638
-0.237034227774641
-0.176598046007889
-0.191622707257805
-0.24607862560508
-0.187701470065096
-0.226264320667694
-0.175243925943769
-0.121379135143825
-0.0608769145947327
-0.140038154355244
-0.141047076918757
-0.22699135986722
-0.101937435013499
-0.0461212736434314
-0.143746953397213
-0.123669092136712
-0.375259058727856
-0.0924553115055595
-0.195951818486851
-0.0681331712417823
-0.165553566264232
0.0180894260204715
-0.111050276348517
-0.0965568815109102
-0.136908975959292
-0.107646040531384
-0.167237301066594
-0.0653998905731032
-0.0393561993564556
-0.259521249945879
-0.146120410487319
0.0637346876607633
-0.0339581379442507
-0.0325766631067099
-0.10679810688383
-0.0816466089742777
-0.0544976675410217
0.039164906390292
-0.00296499045323424
-0.0791884521360972
-0.124230147527807
-0.0434640204940514
-0.00536326224001091
-0.0871335916140348
-0.0860255378786692
0.0810992343777529
-0.170295045443552
-0.0272329535594322
-0.002469500619444
-0.0926770125724829
-0.125761894458183
0.0275990282289724
0.0602716432023451
-0.0536650594922221
-0.168713860433046
-0.294112277419521
-0.0760795000372618
0.0577526436086627
0.0197588349525013
-0.0176796406961746
0.0324392627472517
-0.117742092020916
-0.0812463198808671
0.0556792838319581
-0.137353988445397
-0.114809882688657
0.0797256022003341
-0.249274567338353
0.072270217259732
0.0337720751791305
0.127739562233947
-0.0914371407472765
-0.0508437190720994
-0.0683705769659989
0.10781359386493
0.0192363062037025
0.0308401800651296
-0.20593931308988
-0.131052959396488
-0.0365967614001007
-0.0836171199815437
0.0343378544407108
0.0061718925533027
0.0663561649267421
0.0650455547827886
0.00781946051620722
0.102170612516064
-0.18221508463495
0.0170099932887855
-0.122126198966827
0.063094769677245
-0.068210864945153
0.100007492327441
0.0485831177772857
-0.0195477110273018
-0.0613293829406407
0.102215642588383
0.0499283732477639
-0.0229403575003351
0.0282002543629619
0.15833835593056
-0.0718577688115311
0.0890580926494306
0.00233112282527837
0.0589753495514642
-0.0536588937431569
-0.0962867280009488
0.0686681370043379
0.0941206287885446
-0.0348496561941572
-0.0735565151875181
0.165314370561716
-0.00518505561914043
0.0731940477703846
0.0292678322031517
0.251006038629438
0.0868799255285946
0.0424270293261904
0.0466869822866537
0.165869309758479
0.0549826874322463
0.0661670634557773
-0.0265837109405952
0.0212340628092806
0.0547196977551226
0.0829388275647859
0.0669716954891354
0.110728913083575
0.187510459066203
0.0850786128131982
-0.00463610260554739
-0.086369133687006
0.0433802102521061
0.137680246156937
0.100377768153626
-0.0326558385911276
0.169338675635138
0.196476187355596
0.0581095657324766
0.116383894219869
0.0617899862875528
0.191602278853481
0.256873291117006
-0.0253277943511473
0.223712344363758
0.182766642722653
-0.109593994839357
0.164391697485161
0.151520568156731
0.0693795263742167
0.171385117499696
0.228615701443466
0.0824293796936949
0.025880894634785
0.0846057412669746
0.33827173020116
0.239852606840654
0.165642663279502
0.19816644738607
-0.0389668844484552
0.240418197102903
0.221427976857357
0.0674787905685869
0.0904990461226735
0.072658726065022
0.18511035933816
0.193883700973147
0.226923391788865
0.0472748949786435
0.120434697384249
0.28179374583401
0.12641226309574
0.212534786883239
0.0734099075108817
0.20676862343599
0.26332797020741
0.2540788723942
0.161175367975516
0.271782172268345
0.123761622351326
0.321698262037195
0.15880166277862
0.329865401861719
0.209061822905317
0.0103703279294194
0.175442365521206
0.283962857960248
0.284453117189115
0.340521479961272
0.198602251651315
0.201187500901952
0.367099776148307
0.307335967170706
0.29607909232799
0.154783917017671
0.102114284903975
0.274416504624029
0.261561177268801
0.0219567908222628
0.24171946809593
0.249597147144653
0.182589683378365
0.281640428941633
0.177460392961719
0.28360438112819
0.121054662856409
0.263666426316288
0.220696398145676
0.381190006380489
0.400284716698939
0.252180824982287
0.109077701136415
0.24998983156317
0.262661582423424
0.347117868089445
0.124823988710478
0.436103227096853
0.281180648336104
0.253480788974786
0.173350646263291
0.311563960703147
0.267625956517271
0.269776907837052
0.172331906119171
0.242375419781713
0.282757691698287
0.366850519395212
0.238685051104961
0.319430048160008
0.394047973206977
0.279830643151264
0.424854712353905
0.450399979096454
0.328102161129479
0.359150143136211
0.325811530258537
0.332652460090377
0.410369725047518
0.254246068025365
0.320734612601785
0.301492037606057
0.336579099351573
0.364593426036302
0.545445435365574
0.408170124537921
0.337624014758132
0.321550377521602
0.288349292045117
0.474748515722804
0.337816991526561
0.395742397864856
0.353595044801379
0.422709740815752
0.227489640316933
0.424809777043903
0.221211219297005
0.221614300568504
0.268381422013681
0.291796612676886
0.447197600074065
0.218837632234635
0.35849569979269
0.304324290961184
0.343691169526223
0.479080626210423
0.43935435347777
0.332207099979263
0.387844521988239
0.437137429245724
0.285393038293161
0.380120063870106
0.329792746718405
0.315170658573953
0.406798405005722
0.421414023553301
0.355673458265963
0.487764344317496
0.489776967486349
0.269453897921459
0.441344038938631
0.526535977638078
0.471755815571147
0.418486222640973
0.337267792072802
0.399593671084344
0.388607921385893
0.418132518793905
0.248714254385344
0.432807599895125
0.551857016347401
0.361070655044427
0.452843110187464
0.580372523652868
0.496789061278864
0.461407779478521
0.368881814915304
0.531914652098046
0.347406503897089
0.421035275404403
0.467518309501667
0.31000986739259
0.480572907108948
0.357887561213631
0.443875640299714
0.357523285948107
0.544180336933922
0.520013297402791
0.358366718932642
0.437701262579278
0.490553064430967
0.45914128167849
0.494568192283918
0.532978566602396
0.357087743507133
0.433500665495744
0.490139550874485
0.571483405899216
0.297624668262835
0.472217649851994
0.4186763748928
0.63049237082931
0.619084344256989
0.427364026178545
0.688556739234504
0.479206687748352
0.539862158998287
0.56812443972685
0.429551023259985
0.492902469141404
0.456064123372516
0.487591082584292
0.487162455615974
0.46525192676264
0.53293185144578
0.427288043925228
0.52263315976403
0.541960958834414
0.398571030875255
0.519351308092378
0.545406960068597
0.50673883263277
0.554926246872679
0.496224016672148
0.487300053195714
0.490729212278298
0.614377159975465
0.562456260990571
0.642998732475079
0.487948579548177
0.4098621635073
0.530419604357565
0.512025483728568
0.530627575903308
0.51488665955151
0.542105054335239
0.517409781976171
0.531923899388453
0.584628253648633
0.574111311649409
0.550982028649891
0.502703720804212
0.577734402016141
0.448736248966822
0.567982918975494
0.476947741149112
0.551902892806646
0.702869954712468
0.520323451694663
0.637430724942202
0.525767848178733
0.533895519973571
0.594320648629231
0.670388066902963
0.512387823154732
0.514514901391442
0.583884943571613
0.623854977183858
0.514204681859665
0.620452168944198
0.534655101475834
0.662399168268646
0.579832567777084
0.603529489153952
0.562077282850559
0.710883868314126
0.580813693321364
0.553417884824065
0.471905313215599
0.707550320728557
0.657871110302348
0.568318748680841
0.665357574387995
0.768855441577999
0.683787460679758
0.63534125983295
0.65197750476016
0.677289334000357
0.503974150749796
0.589417635967009
0.632047113336842
0.718956781059632
0.606625194341738
0.691579760330115
0.645320754446754
0.512715579853278
0.763367735859886
0.686354507550007
0.733908205515469
0.717444023920888
0.563311370143249
0.587165341980376
0.652492216553093
0.799292715498894
0.579908247126255
0.619016101090877
0.678488619786271
0.86341240687757
0.651230226789252
0.689660664271129
0.740799735012589
0.768004115079471
0.612335128822555
0.791014911045564
0.660205436752093
0.826663387922289
0.647794421043328
0.83906258299428
0.663786502440367
0.608590402602089
0.715073888698521
0.687783581735466
0.814516150490047
0.677054307928422
0.746739657026286
0.958046013519254
0.811757176904374
0.591320910460209
0.680531718170871
0.772128453267481
0.616658096949305
0.624079904407776
0.653021245989302
0.904200597175942
0.767144393615513
0.717591849844303
0.619573322053785
0.820260854982431
0.736733015684695
0.695676204243785
0.693273672375072
0.781427475568796
0.729097230360368
0.722451974688642
0.783340620316492
0.63822847430001
0.832976675573357
0.755756754944883
0.96603007270483
0.702229631165351
0.629899726574862
0.812793242956277
0.75477595116178
0.682412497229913
0.845492722260894
0.894086099966768
0.7580608570829
0.586549093699954
0.858027897760718
0.741906737331102
0.773806047026369
0.718439705229487
0.884680542329507
0.71048516294774
0.814120581320011
0.836650576649321
0.721396084836924
0.844361903607858
0.631216511971384
0.910216007585684
0.884068398030114
0.725727936489659
0.74406565647748
0.775282827319581
0.756556969861282
0.685814313348647
0.804032896751601
0.860007093775083
0.825475637775812
0.836807036227933
0.872576858062453
0.856032609747195
0.860892522964867
0.873244345411484
0.836437280048375
0.684753949075601
0.818629516911243
0.877683697190531
0.874584229883722
0.832507535713148
0.917617883956447
0.942796270075913
0.791398357610966
0.824375359996618
0.868448046540106
1.00465278455998
0.79468279291794
0.838429397657547
0.792605076370594
0.814049073118438
0.85644087042261
0.732429483897686
0.822180376189345
0.856915006852087
0.813240026843859
0.692782971102439
0.769216746067799
0.820669603913712
0.818933964087077
0.779192172503815
1.03434418488194
1.04145909602257
0.927229349242148
0.86612764205305
0.764142349960555
1.01554402715458
0.804033074000371
1.00633623111296
0.936439612782789
0.761108382829793
0.94323113360554
0.889004253833265
0.823359035366514
1.11623204019232
0.743841162744258
0.871277150533783
0.883294895232142
0.915860940498239
0.926462234610526
0.863548077593107
0.967644270862995
0.995301457448166
0.946867195244556
0.79601270167334
0.954731789046889
0.829827778672292
0.762244561621847
0.987178486339191
0.859177678593571
1.07072611380969
1.01771391296042
1.04686912635992
0.986210446337592
0.820598894046092
0.905140887060367
0.925497242586791
1.05269967658465
0.799653462834414
0.905251534072246
0.918342358600107
0.907113214552802
0.862880110948497
0.909244371304111
1.06751912252454
0.992552312556322
0.929410409099769
1.02444653713061
1.01716704761318
0.858351461608265
0.944344297486268
1.03551341578044
0.895447682354759
0.959468604462743
0.922420376823037
1.05700199121919
1.07347182468041
1.0258761367192
0.960293349151765
0.971190989325668
1.2253244643053
