-1.04066154313636
-1.1233505085629
-1.03458945175269
-0.93667980427141
-1.05671420117983
-0.983843322889049
-1.09777045446531
-0.976183523980648
-1.14750318740765
-1.02625367078925
-0.965236668748648
-1.01857878660208
-1.000063486871
-1.13575380223631
-1.1197159737859
-0.973903969435217
-1.03254499792242
-1.11541917017534
-0.861921757666732
-1.01278474420526
-1.02221563965437
-0.890008303527023
-0.917002410810744
-0.974378823786104
-0.901915326821181
-0.853469194099515
-1.01693036475925
-0.879894655348492
-0.940063301802709
-0.878860842728686
-0.92921179705034
-0.929504898798464
-0.995267584423214
-0.855458800981058
-0.871935245853305
-1.06101868315709
-1.03583329706551
-0.937564363364365
-0.892570558921901
-0.968421785005956
-1.05087015116263
-0.798888299392193
-0.976333017863259
-0.990050085489849
-0.951493210191331
-0.925087437905174
-0.971062234946615
-0.946494820660909
-0.856145328345164
-0.975595392394654
-0.91118812121309
-0.941393244519563
-0.897542467770384
-1.05732428217396
-0.871617598339015
-1.01626470069005
-0.919279721309745
-0.728705953891002
-0.782733001897687
-0.892914750176361
-0.890685851361378
-0.916903935390086
-0.723363550384115
-0.880080958273075
-0.94384353745859
-0.860494676065618
-0.934093127709565
-0.985745751061815
-0.965371691685881
-0.829669945882025
-0.771865721228943
-0.890766464595618
-0.825518602502803
-0.825912346634366
-0.964886552346295
-0.852488476795139
-0.892450771263318
-0.651249101745086
-0.844320511617123
-0.740567452504141
-0.70144578006234
-0.756065327009932
-0.856229142081506
-0.91082415543901
-0.997687705104429
-0.812961191364845
-0.783763471735241
-0.892603676657085
-0.787581962759896
-0.885221536417145
-0.769357288217627
-0.85266842736979
-0.909098895942236
-0.787669551464721
-0.796859917500346
-0.727489140085886
-0.747246450456456
-0.737986478944263
-0.709242312448648
-0.71610851946632
-0.860065451542835
-0.74047936082553
-0.622084067509959
-0.887372587138195
-0.823043780122061
-0.804748649471959
-0.864137518804965
-0.801311920500987
-0.769219507898699
-0.721699039205728
-0.701462738726335
-0.813570800071442
-0.722166438203964
-0.881869725403745
-0.69811846494633
-0.921105634766286
-0.732001316825694
-0.896727700463723
-0.655557734120618
-0.898554240601577
-0.718042722456891
-0.81822608569299
-0.823623381378444
-0.953019180155175
-0.74621802084978
-0.858692019866936
-0.748968231039355
-0.614453659411701
-0.722370254317522
-0.691221357468045
-0.700708859096676
-0.786890294701451
-0.802251444926701
-0.884974816776152
-0.904491916809946
-0.803500956749435
-0.62596456862416
-0.636560122090623
-0.741840060456222
-0.689890485877549
-0.788512105646462
-0.455395003471668
-0.672335105000789
-0.747150197756092
-0.647358545037707
-0.515916423956226
-0.869175852644914
-0.580259912799126
-0.687580221642319
-0.60351100539222
-0.804053218741071
-0.682080998261041
-0.820316868351159
-0.743070346492874
-0.61220944239376
-0.658168645851059
-0.578539231791799
-0.656546424038708
-0.615467434470607
-0.688715282275821
-0.609713250429369
-0.714504517472658
-0.600096612220361
-0.544232327692777
-0.655233305145022
-0.611276715188653
-0.725355340495298
-0.592239549953935
-0.572746489584872
-0.704415319965804
-0.753995790675217
-0.603495449209501
-0.674646229975471
-0.651906153386339
-0.583173316733804
-0.513583561071098
-0.593325551586377
-0.599467690382036
-0.644145476191318
-0.676233878283127
-0.739651004466105
-0.682084026191673
-0.40972134544117
-0.593506875310038
-0.636193479635352
-0.686082902268193
-0.584509719110506
-0.581179769778176
-0.737988545036135
-0.621922828515035
-0.686993422571249
-0.623453606867053
-0.733724843287429
-0.690154600722897
-0.519274134537201
-0.654746883796933
-0.653390751137089
-0.669941543211703
-0.707073092614232
-0.515472642446807
-0.667835851233925
-0.618993787203405
-0.649323606399046
-0.614183565263906
-0.601624522267548
-0.520916121161197
-0.652587917814225
-0.594306821102713
-0.639438803436889
-0.490094446417581
-0.497012430679834
-0.481770590054919
-0.591160321685452
-0.508687528314382
-0.501829723785217
-0.528354929241264
-0.475437234054313
-0.508804215778695
-0.597696393773564
-0.589792885366403
-0.550559274785415
-0.589043787444293
-0.619350667030375
-0.511357420704295
-0.426398207321495
-0.588920594677023
-0.497206133318988
-0.590918682336167
-0.54093849868168
-0.475264811969265
-0.428749952440277
-0.589002729999703
-0.517732382429967
-0.518166668116871
-0.555231372602969
-0.472116470786416
-0.536830484807573
-0.543773208184668
-0.577115776456975
-0.533031548431065
-0.588127079406776
-0.583645086708991
-0.4902808349798
-0.621561394756137
-0.523086098392955
-0.531819736497514
-0.512469619289887
-0.551972962182136
-0.473911351781748
-0.54065464187689
-0.513652617795544
-0.601675729028316
-0.397302476502833
-0.632231263713995
-0.459446312440215
-0.568549746222252
-0.493677190483688
-0.520412244313259
-0.465682487187207
-0.496423746367797
-0.607144603506925
-0.608410991338323
-0.34283483645949
-0.535796402814722
-0.434213552041108
-0.498201326146335
-0.417847295251126
-0.518374952425869
-0.418525254301445
-0.402581469895576
-0.32334103111437
-0.445531659162589
-0.565101961612563
-0.444185879423925
-0.4281401645093
-0.336826348258105
-0.470160266031747
-0.495431072635843
-0.542569698966867
-0.418906833101206
-0.479693110029669
-0.533369196956569
-0.327529607290318
-0.417120972302063
-0.450692814039316
-0.380922668648669
-0.413937604834027
-0.341510562442406
-0.331257003683871
-0.337352419396647
-0.437459738096039
-0.271054092754638
-0.309597665584091
-0.512458551313078
-0.365528334920287
-0.390457023572245
-0.46313839965549
-0.246074686419477
-0.424479200161876
-0.410980956123481
-0.434279143937465
-0.381636388390812
-0.370330343844141
-0.498573228624693
-0.321000209627914
-0.40172072993658
-0.365258273505669
-0.471312803594445
-0.46537420606124
-0.365189202724363
-0.425505177148795
-0.310055369979394
-0.30401220267414
-0.408634004693699
-0.341373150542863
-0.321495127648557
-0.435684822057575
-0.194014500794815
-0.452554013474012
-0.257052134817756
-0.379944427666076
-0.424605434079222
-0.408712909732243
-0.385771753009589
-0.357219396756318
-0.474270866539902
-0.133242160744548
-0.333033590132072
-0.350427030589336
-0.170849807579066
-0.346354982938307
-0.26248491628051
-0.359177653316587
-0.311150671367073
-0.34109600404577
-0.454842353877775
-0.348052787048941
-0.396986438364456
-0.38897486314451
-0.240400428641647
-0.343959129798666
-0.381584534090621
-0.251286660445601
-0.444306079030136
-0.363503798725072
-0.242749126462055
-0.381278664924523
-0.486676011636052
-0.418385663516505
-0.202029240450833
-0.312283191398782
-0.29851328358589
-0.188112169455449
-0.268009461373559
-0.208631243924532
-0.260165549386385
-0.308740199187104
-0.295264593750665
-0.405036672035874
-0.219683887442426
-0.389505087536105
-0.381766755243146
-0.284115277262196
-0.269167898337723
-0.182596092762866
-0.4170508057041
-0.318172690093213
-0.322172550293332
-0.169661084382885
-0.197625182556591
-0.239804503482365
-0.310498457040152
-0.271123121107929
-0.393492255811403
-0.246127538250599
-0.201940503211649
-0.318308943416945
-0.272281894249658
-0.310148071411998
-0.38431702002741
-0.274992171310194
-0.234765918448984
-0.35910497629819
-0.234696480732544
-0.338766974188992
-0.323311681639021
-0.390093013152641
-0.180899520751931
-0.223915274708761
-0.217619715687341
-0.195205702134035
-0.146558156361384
-0.261385945756372
-0.0500059958878336
-0.370658062140213
-0.213578662282747
-0.216158764733697
-0.138314502862101
-0.293928604002246
-0.305446785411611
-0.225231097092699
-0.123633335711249
-0.199940160906556
-0.289502113646991
-0.340919511478454
-0.0226116620388501
-0.0761329762127838
-0.360540240088384
-0.204626089290637
-0.234440185663373
-0.2736845082139
-0.0418582116952635
-0.156386619402935
-0.244467134024127
-0.194906031050751
-0.157578786486663
-0.232719055407141
-0.176043044792057
-0.0791715602636586
-0.16235215740639
-0.110756054374328
-0.169843256083737
-0.105883095586653
-0.200994094428172
-0.200672420209866
-0.0789528928558184
-0.0880149137156679
-0.178080427679912
-0.0874168430016115
-0.0217369792003757
-0.0923721761109236
-0.0778679659657491
-0.258140807967107
-0.155934867678655
-0.0875338247097304
-0.0433467835504486
-0.0849416727782904
-0.0635444586152866
0.0689340672082904
0.0195175355982844
-0.204548758792963
-0.12850792033578
-0.0487618260889564
0.102792739806344
-0.146941293320959
-0.0821223345634404
-0.163521601961044
-0.0503779678885655
-0.0593580310068829
-0.262679122427825
-0.157487288564303
-0.106276101642399
-0.130817342567505
-0.219605188374341
-0.0178996491868687
-0.112934631470293
-0.0138683033221358
-0.0433450152222329
-0.0370799665766691
-0.104248644530646
-0.0702765181631168
-0.0281374415731425
-0.0317198570965912
-0.0529335297924029
-0.190835895280459
-0.0953049378959829
-0.0434329335892537
-0.156383976243893
-0.136667293165425
-0.14521643443369
-0.0744577048253709
0.152998609432824
0.110049282300903
-0.116406208597795
-0.0120969116795756
-0.042376274530811
0.055964755114362
0.132162762239414
-0.0190065695352988
-0.0602067994720282
0.018685757113366
0.0950396711376689
-0.0110410232148098
-0.0181791597243612
-0.0236109918081456
0.0042757459898648
0.047205760535385
-0.0794285289409721
-0.0674186902592975
-0.0173504232327933
-0.000209793577376645
0.0266302878452159
-0.133711913822035
0.106420462929267
-0.0322973463711023
0.0641124068334852
-0.00771160087015439
0.0311640116491591
-0.0932847157123006
-0.0322629154337777
-0.00648521843243428
0.132846613350655
0.0356579558834558
-0.0495925446874915
-0.10387387446454
0.19820162400951
-0.0370664295623141
-0.0388720599843051
0.0845983945907091
0.135446358743148
-0.0198785511413282
-0.0171501467571936
-0.0923483308735552
-0.0166138005128603
0.136334659516783
0.042327715680135
0.126894922500764
0.0473963750022708
-0.0295871524795919
0.221261381857272
0.101061432451305
-0.0460764146508422
-0.0834529117024823
-0.070879345649274
-0.0902543664011928
0.0509043938753978
0.0880233861315712
0.171484676554594
0.122966769082396
0.043028887641879
0.0665762597891036
0.0589159481384599
0.0516571518197931
0.129216025009357
0.350537214345336
0.112053140728026
0.0431956020016968
-0.0134497839966908
0.0634267765704664
0.0875668437582063
0.135725385808817
0.148260628157278
-0.0121769900933242
0.0668061546802439
0.212482293885836
0.0883797177340924
-0.0160133991412016
0.133914111430521
0.0142799270914723
0.0972519774931937
0.0865812296021825
0.0964118348760971
0.154692460279943
0.070597407949793
0.0645887285669282
0.0993107438820062
0.038441648545868
0.105926760363723
0.126956559161207
0.14942489131627
0.207393409611327
-0.0405354249943445
0.0877942179302618
0.159695861594657
0.249917778673836
0.0369702348809233
0.0373502312531752
0.189231471511496
-0.00395323405154106
0.194463108958797
0.012352080779771
0.243438844595236
0.196013030370192
0.149456020014334
0.117772214690746
0.0920370574118736
0.244397390332643
0.056887740813759
0.236765056147419
0.0172142202617822
0.233696902713547
0.208945446797926
0.123024429758317
0.0741261375145342
0.355944556465608
0.234492312965987
0.241068263361763
0.192079736179346
0.100031090420868
0.0518843687086444
0.110333686567963
0.00566163405079071
0.256247184257112
0.27701607776036
-0.03210421968352
0.25448867559662
0.308108997932992
0.240259417233545
0.238237078408566
0.189655082901387
0.149932285090632
0.168738760465947
0.267736293626921
0.0900030569776461
0.325444622612864
0.297785076349284
0.152974310329084
0.230021607575664
0.229074014936584
0.273369981713805
0.305756420848766
0.114476228951003
0.215594221486787
0.27181036105433
0.260314621220502
0.388754779460105
0.2762387995418
0.232926076123427
0.270403519959513
0.235059565200181
0.154857326992574
0.251612465278914
0.295988815957202
0.0530374249548335
0.191144405165776
0.243347884306629
0.371173315207018
0.152749711499968
0.372663280619242
0.35745858238637
0.26648396565859
0.161710661710555
0.285807492235072
0.263835183420629
0.33994456405681
0.183141756064002
0.364794482919671
0.441139906413616
0.286772464021261
0.258371145162126
0.270160126672848
0.228878816714896
0.414499296508322
0.441748051044556
0.330021895505802
0.19749493386304
0.131756689035974
0.44555865082337
0.273829314197876
0.224748372902123
0.32720309427327
0.264468389616919
0.406580731827854
0.267131387426475
0.290044125588058
0.237395846201716
0.260770978192997
0.391794722099354
0.276085597226637
0.479730623758064
0.297598661636577
0.366949165147896
0.360268114567323
0.36987501392213
0.302487197505331
0.257632310020012
0.414767112028871
0.332240979611307
0.450022078461979
0.310518386545619
0.444930745628477
0.334226307503618
0.304171078599016
0.344781899414694
0.477781849398703
0.440004248860458
0.405095598386107
0.35734593943807
0.341279035309354
0.319076231688497
0.165628441493047
0.424207352070379
0.205624819423886
0.221162933644483
0.41438673324629
0.443142455536948
0.423278546372549
0.350825282354162
0.339249421105801
0.376117208616595
0.357174264420163
0.372009014870754
0.346799565845727
0.349471120678538
0.371221691831862
0.340018811349762
0.276653979626791
0.35678937264241
0.452583891118268
0.362036210363228
0.416451676107274
0.321755778334196
0.348551584614093
0.309673336525601
0.23452290650735
0.563767376708595
0.45978285272464
0.335500070088966
0.415263822996691
0.523311640048689
0.422051296684575
0.455945502520614
0.357983060778325
0.348092149070985
0.396468387389508
0.342351476946833
0.320176987963351
0.408626787753619
0.290577325599549
0.439087246495822
0.517617543742264
0.469672195008164
0.480568676387044
0.493866201806465
0.527202324362329
0.453114942792495
0.497540339965473
0.418537722152421
0.63094585061098
0.377913747111267
0.527528253456075
0.431884796208173
0.434014613880163
0.498159628752189
0.419940675953816
0.523166050180877
0.508339741107332
0.327847045297766
0.38554916884633
0.422539225008336
0.372510165339176
0.593431252518252
0.624860668895358
0.662802280752947
0.448135270346903
0.472383802217955
0.595264922514601
0.491223190155423
0.414738579949795
0.474656410646881
0.445410868464046
0.552215810536861
0.508130868388652
0.643150765620571
0.339452905166348
0.622105419800398
0.578032993449279
0.460165233619714
0.641333160165789
0.559736164752595
0.586140061163121
0.658529952077425
0.514244535844314
0.464913422544602
0.472450084960728
0.584421072046066
0.488885663069116
0.488384089213402
0.600310087035283
0.593742817233502
0.50683023625553
0.556416354451522
0.496190348689003
0.745942396462178
0.708500952061938
0.392375725914962
0.462901145956854
0.570891233378893
0.568698091115444
0.485020911266829
0.383515007200291
0.464500930830886
0.561872030631857
0.573559186349404
0.583322394754274
0.454152030288435
0.700576353136268
0.654883013445333
0.589312152769252
0.560749684704013
0.690218460715446
0.429416453475984
0.356650327791071
0.537102087216303
0.511986418526467
0.529571546907697
0.487495934599782
0.437303189172129
0.566510331005442
0.572500305884393
0.839841222884211
0.682954842435835
0.569255186270181
0.631421911784442
0.696663938967664
0.649713582036851
0.666388186132816
0.655995802759078
0.590570174332347
0.569838201302428
0.574936108633533
0.676876127813218
0.514797213731512
0.682991971312144
0.678016700746665
0.678696566125351
0.755904841209029
0.592821479438724
0.685263526383243
0.65308923282682
0.667775560951665
0.590400966938802
0.721536580876083
0.822058184489394
0.821889541780603
0.625116118940417
0.61305535125511
0.659781509026832
0.799973541188689
0.647237319853767
0.730798059213113
0.69816330376092
0.658762811819282
0.565818492129338
0.604383475451573
0.631668175672832
0.573008056810065
0.801403990908432
0.57850484151046
0.636396589506053
0.489188318332938
0.618121470000205
0.662071002151958
0.515491033553808
0.673825494277032
0.613470140960774
0.730318224891109
0.616478650064729
0.734580772272959
0.664292953410427
0.563283504715264
0.597457862105349
0.732930036275969
0.79410315784829
0.821849344059162
0.733701775743427
0.73099554436462
0.764652002570564
0.637776757308203
0.616328268454725
0.762524659484552
0.745998506906088
0.727138074262238
0.762494287286462
0.810170587151361
0.672055216367924
0.810392995963791
0.815149993607245
0.665772082222616
0.644252344876434
0.670343743470528
0.713483026782504
0.83670019773174
0.825238154694956
0.586017201583524
0.690858356141499
0.861807046802456
0.766279737860097
0.816427500703009
0.660630689865963
0.845851613310258
0.76975614722499
0.804435912922932
0.749702011084409
0.789476368976403
0.916426152644083
0.656176726050868
0.845136675823655
0.804759913505209
0.785543141170713
0.728892400918494
0.781940117356542
0.865671040554226
0.804555982462209
0.799207447036236
0.773382762904436
0.785731529164217
0.754229781537508
0.777254870836382
0.856921034545797
0.702829279762138
0.580258192301242
0.957900977982046
0.693571867902527
0.901930391748609
0.868011031936875
0.860095727763329
0.697899741571337
0.851659595989497
0.905329795729432
0.735068021088428
0.815976335519157
0.82838244293462
0.903014526067314
1.04025849387408
0.88235018367261
0.649844284826071
0.757851601582365
0.813269884162866
0.917724333320413
0.774114163814117
0.820249810307223
0.857566103398785
0.851632567040903
0.720602584106938
0.884133063780724
0.846830832488516
0.975347690128745
0.902182643678471
0.731838133217841
0.959898911666133
0.846293533821508
0.812642860151245
0.735508943023463
0.834967406624818
0.784763245756961
0.856004178828533
0.927871490165076
0.858944244295995
1.0526719620888
0.876006956486978
0.880600097097669
0.690128540483075
0.959116436650235
0.984671540057108
0.944782628005
0.839282000360319
0.937351652850769
0.86695952877277
0.802345962531745
0.829940554573987
1.03287365353412
0.951146525859954
0.854033446227669
0.918261763199088
0.854584793433117
0.899964169471298
0.938719625985514
0.91244935939679
1.0159041571351
1.01228652319286
0.89345238026821
0.810695958611589
0.827284848623092
0.896525311799798
1.03675537485693
0.902716343194663
1.02313666958218
1.04710986067011
1.01394128858311
0.889455320310201
0.840334680388885
0.884271422594424
1.00269255926743
0.854079120947634
0.926933190572179
0.96871690764219
0.910601277159928
0.831102029325244
1.07157719169568
0.911184331128293
0.775003045494985
0.881662642503139
0.884808539406558
1.0204932203943
1.01907362199261
1.05862414518426
0.943184831423606
1.06287178741529
1.08517610638022
0.974628660650271
1.05650382998345
0.981600797355973
1.06507889379276
0.975428879842719
1.01190362919798
1.00723260981341
0.9461412684691
0.945019418845579
1.11591931827679
