-1.10501684422265
-1.01338615074493
-1.04058061514219
-1.01495860193088
-0.928749473748003
-1.02166363603179
-0.89375421514469
-0.957067062266889
-1.09066328416272
-1.07124545547422
-0.996303581904498
-0.972629625808967
-0.916644282658131
-1.04822092334531
-0.888205053867642
-0.967275800342601
-0.890922617822903
-0.99294211505514
-1.02499826869327
-0.905179759874874
-1.09347504812597
-0.974731521240878
-0.878022614618159
-0.8631211897323
-1.03114425363916
-0.914787651861176
-0.908004750061485
-1.03023261458971
-0.971451054849133
-0.935935740525282
-1.07918878443883
-0.877380219981051
-0.900380056749
-0.816269013883148
-0.846340551900821
-0.896536953525579
-0.799605057275742
-0.913698016858367
-0.887380159584238
-0.960305886277832
-0.893520668141666
-1.05911854488418
-1.07767669535319
-0.953641430687221
-0.828765907792419
-0.943797380174421
-1.01426984633668
-0.84428197313301
-0.79201379022933
-0.909337593939383
-0.882137859562327
-0.906344334332619
-0.860819530475595
-0.861118784129069
-0.858709035574719
-0.831139489244124
-0.907266654169307
-0.836667813653659
-0.991526182993421
-0.966664129559371
-0.828697092678974
-0.863248759044631
-0.898673240206533
-0.8462416417576
-0.894962864791839
-0.946610583758721
-0.922574474601437
-0.802277843296863
-0.896747544193703
-1.03213903554353
-0.937651881315066
-0.901906793965889
-0.963330294116768
-0.78112773829004
-0.854882885574436
-0.889656443505513
-0.900235325382807
-0.876165302273595
-0.896137506791769
-0.661030218374809
-0.879360240456935
-0.850147137922694
-0.803516773564795
-0.862329620620811
-0.899556447065951
-0.830383521935661
-0.793780893116903
-0.859939577816434
-0.793385428465466
-0.917105111547405
-0.800968051301319
-0.730423486324319
-0.846941190595728
-0.825225736001121
-0.780262311196311
-0.848161756982899
-0.844212162550705
-0.708377343099209
-0.775485237943852
-0.713710973097573
-0.852345206776068
-0.741103025475425
-0.728395119554349
-0.694605434735341
-0.71761202305634
-0.902202968533153
-0.620554909459457
-0.708121773854557
-0.756332366298975
-0.795718574208429
-0.84189421288828
-0.870914769391807
-0.791500269096753
-0.81909677769295
-0.849818257132493
-0.838867998773534
-0.872110664380325
-0.580053083890447
-0.786834829536507
-0.745570274647319
-0.780808155632786
-0.884784863719194
-0.812062275600447
-0.594955781430498
-0.490033711897701
-0.675146040145808
-0.708608916121599
-0.745300709041958
-0.741841205513687
-0.808307304988444
-0.75289279604694
-0.734246119038304
-0.744959094230764
-0.703422952304025
-0.65960703583824
-0.789136064839336
-0.809389791659204
-0.833666369779728
-0.577137500401532
-0.664442822491614
-0.646382474747508
-0.706337953185667
-0.69729188517531
-0.675165041668065
-0.621270156886282
-0.753131912821706
-0.801020739634544
-0.77209202370947
-0.651188959877012
-0.584962954107646
-0.561231895221349
-0.670524794991224
-0.691879630936313
-0.609502254229582
-0.713233357486291
-0.67963083041335
-0.829183927263867
-0.754285695452989
-0.55878405882555
-0.65395843411095
-0.705094960422259
-0.708893543153256
-0.782792954127055
-0.808942179632968
-0.674176609122621
-0.813266873239818
-0.614264734361677
-0.553857491060024
-0.671212746999449
-0.526633344558711
-0.64809357668299
-0.630335160701927
-0.640590273966331
-0.591210748028034
-0.638433059291132
-0.661000689515532
-0.525692507769856
-0.594543742491175
-0.553800666145516
-0.729190404125811
-0.700940574641885
-0.702725265531343
-0.626473139293912
-0.615319437915054
-0.574552331370489
-0.584850725590791
-0.62850448618512
-0.685256804413938
-0.533570623526286
-0.699335922195352
-0.603955154234563
-0.590470217235731
-0.615330940975485
-0.476885314179404
-0.599244010730325
-0.635795022695137
-0.605064722409928
-0.637598457551625
-0.677038255903986
-0.554965822666613
-0.557847458270543
-0.593614536314041
-0.659936287563674
-0.634410737680069
-0.485641859197746
-0.637324253431096
-0.556015940487368
-0.565291601357533
-0.445795090026113
-0.55807043497225
-0.585340160523508
-0.515659759262093
-0.448371696214547
-0.510136912318423
-0.551033424443875
-0.503792503206598
-0.375664818865393
-0.539418973845149
-0.563618084327355
-0.49719001709704
-0.592741321744095
-0.535556638333355
-0.70297765110957
-0.543638168257618
-0.569337640536735
-0.425326532132938
-0.468205153100342
-0.677364648666272
-0.454835524892406
-0.528270601976834
-0.52958208883191
-0.608771621953532
-0.438714911251217
-0.552588217574362
-0.538280461493413
-0.521481892820732
-0.367390677695069
-0.446555250470608
-0.524766046181221
-0.528527210943992
-0.506326608900594
-0.52772553743716
-0.66628239480874
-0.568168480366728
-0.445167600557376
-0.694353266081638
-0.314318247406573
-0.603848311732108
-0.478530682693786
-0.549113823484953
-0.398137514872387
-0.6338827777276
-0.335974506450447
-0.715094546465816
-0.602491095650906
-0.459059671796975
-0.479475741884336
-0.525082810411007
-0.477150202162319
-0.502865220863386
-0.411310017754339
-0.505925139269771
-0.488754301911632
-0.29831701129918
-0.522258967852154
-0.619297157817014
-0.459833021339002
-0.408471416564987
-0.492455821792385
-0.491093530111192
-0.314168772374611
-0.384270030311131
-0.552974766469786
-0.551237498298193
-0.347846662466237
-0.370233895253434
-0.372235634747169
-0.425285024917646
-0.61615164157054
-0.524062925978199
-0.576619217634144
-0.318537868145
-0.571822441141986
-0.368750344632087
-0.356837295496557
-0.314859924621843
-0.315639609080566
-0.627421262201915
-0.370093926268403
-0.531946345977349
-0.653598072667436
-0.335063032029789
-0.567601944074409
-0.459946728247204
-0.441046007734364
-0.394808207306951
-0.416899515914486
-0.44053690332037
-0.427219278221777
-0.322154843897416
-0.334699997434186
-0.514265633141125
-0.428882287327425
-0.498759500969175
-0.489127414282474
-0.401553845640698
-0.36467624695624
-0.311329760977035
-0.478858811825235
-0.295026386727937
-0.450032746826569
-0.400659206858647
-0.359775301464758
-0.42394489820581
-0.285489777622225
-0.465203912330163
-0.214194963456468
-0.225973497327649
-0.320955079401962
-0.48344749890629
-0.333389602663002
-0.466517573249147
-0.436230966654712
-0.379224742367536
-0.472116550717513
-0.320818347679835
-0.230738939440288
-0.314924698191105
-0.401697589385234
-0.323423162179141
-0.341524087461722
-0.328994866137605
-0.310322028752586
-0.13664024702768
-0.420970239640692
-0.278630898388948
-0.3193894769678
-0.415456570669549
-0.544213305960305
-0.354186003496246
-0.446149589956568
-0.176534892033424
-0.331266758998452
-0.336681196408994
-0.192163633673366
-0.153496115486791
-0.337525176524879
-0.151594694122902
-0.394435872921032
-0.290146651250049
-0.28333108268429
-0.407427473659907
-0.0927073071413588
-0.205764659279094
-0.3560286000345
-0.315614727145422
-0.335866583841246
-0.350344577610634
-0.311519032940516
-0.324716888705929
-0.271403882266009
-0.407959669956125
0.0200559284043024
-0.426793410957318
-0.200305464463916
-0.327750798195325
-0.300534123525151
-0.0874536980217926
-0.348892954836162
-0.328347951559939
-0.278822432738053
-0.113625912728771
-0.203897997677095
-0.14230271889939
-0.193293436065779
-0.200429291769659
-0.224851348097868
-0.258013141536571
-0.248859884634967
-0.421437085219866
-0.22706749549678
-0.299598114489234
-0.190651648633387
-0.0683882056172514
-0.338291231224329
-0.192476301040501
-0.345103648091629
-0.260997176636181
-0.286295585633053
-0.30357283215705
-0.260602387408061
-0.0773489356128821
-0.0885860328732996
-0.188475247126173
-0.250460772944275
-0.183289160719647
-0.254652958041179
-0.321794934390943
-0.197507917852306
-0.253553858310951
-0.177951796804459
-0.292635247520651
-0.128925206245436
-0.363761977314915
-0.19862960911666
-0.203150619590576
-0.256732947285395
-0.171413141861931
-0.207892355181578
-0.1451233013696
-0.164910909529642
-0.0926606775399971
-0.023233124875531
-0.163342811391516
-0.124028174038389
-0.011537082893504
-0.229221129942879
-0.215614910967475
-0.197378439596815
-0.189997206035081
-0.0665064567850242
-0.244938947905329
-0.167571930932022
-0.0730721595727744
-0.229506937839602
-0.197726119830692
-0.0718616567053836
-0.042189571462805
-0.146004942534496
-0.155881145195384
-0.130462657554116
-0.179816254276397
-0.272977508993452
-0.103465057578206
-0.0797882117651799
-0.173746888012943
-0.218265797000489
0.0155627331530134
-0.181843691410794
-0.178340371259665
-0.0969205048654066
-0.0699385681048338
-0.0163622945767258
-0.00957041454111073
-0.155963062294125
-0.160826135000409
0.173021902823135
0.0063119596120274
-0.0612985521974456
-0.288345419874587
-0.203975015435052
-0.234706876374872
-0.12725636000513
-0.180350863559452
-0.0753965739245812
-0.164626457872719
-0.0504552471436006
-0.0802189189636301
-0.130423635634148
-0.109750635308618
-0.0633280835873342
-0.0341771422333553
-0.138539641147752
-0.156450234986698
-0.120146715715348
-0.0178374296447408
-0.0145419631755688
-0.0820837849818502
-0.00235048618275202
-0.112966891736814
-0.0195607781978138
-0.0608121765438663
-0.140919435867181
0.0413505371851073
-0.0448092752105932
-0.123603341692995
-0.0481445559893353
-0.0300961298196507
0.0312501286685152
-0.132630245488506
0.0671483946272345
0.13853454110873
-0.102407606128479
0.103437985246443
-0.0556638878274539
-0.00906505784770034
-0.0519257916738336
0.0077500370704729
-0.0427269984679499
-0.145260953147848
-0.014662275810832
-0.0769509473706435
-0.0415648171338643
-0.0292621882227776
0.0889954487984001
0.0723615990899269
0.00727356898716432
-0.0695659884932633
-0.0129315966169903
-0.100843751734481
0.0149673146251253
0.130097556865195
-0.0100173059324835
-0.0138534391641857
-0.142048054227439
0.207743020930738
-0.100700032606019
-0.201327754427753
0.0843678213878399
0.004115223666981
0.0539574595988056
0.097955298296365
0.0554144009772449
-0.00035345780499632
0.0413463112122203
0.0319170259505654
0.103756200787158
0.124127977224255
0.101056041347746
0.0219338157714006
0.079903085885957
0.105073375700309
-0.0999989920109251
0.202513693933949
0.0508437337366879
0.0476349577837196
0.129470150815649
0.122652160157091
0.0424481826199836
0.00746004761810697
0.106259922716885
0.127598337206508
0.108397261886523
0.0827739194136341
0.191923592876131
0.0149959580109652
0.0517520163552392
0.0109418914140158
0.148218391220556
0.146558578343224
0.108379375960892
0.227358295019703
0.120790794302828
0.0479738056693126
0.0773948001445342
0.174520746230278
0.0933248463780973
0.0410080226301764
0.0207840242145816
0.0582845911242219
0.148928225413132
-0.0127991620760582
0.0972545267486088
-0.00446807861585966
0.189734816298684
-0.0397432366988593
0.138208064238949
0.150699932696543
0.11355495850566
0.280090319357194
0.280486963093499
0.223088148281329
0.141032371961787
0.138878711524132
0.0522626268317772
0.198589250295682
0.0590116884911074
0.0537915908236442
0.175207169045884
0.0254782737304678
0.179000920426877
0.128594031176694
0.0508836764816639
0.125678360517616
0.184569664067974
0.0566544945282163
0.247872564765989
0.274100918036879
0.122724394815158
0.12992234919565
0.118557956425206
0.0824708698437433
0.230354684746744
0.186131490197278
0.142065201451416
0.247130564498118
0.0604097263264458
0.341732163012553
0.231171371636555
0.125963714607502
0.204560037304271
0.111814829116576
0.178507816411743
0.281418828833523
0.0574961925856618
0.252944538442606
0.173335621786337
0.0708232348402913
0.160902548925731
0.11989331389468
0.258982175595084
0.151215855061329
0.282644189884508
0.257302705032936
0.143545532863655
0.3978119531821
0.290292188051358
0.0693724812906112
0.163300614711986
0.125831617254559
0.245869323316018
0.290701593331166
0.247733600449359
0.311565645567831
0.332393183998907
0.243013768216424
0.279917014338
0.314752696404977
0.269334754436447
0.152806785925385
0.188051878485747
0.236571015150699
0.182575139602373
0.304570797603909
0.289922062490041
0.332201513026387
0.284003249791618
0.262084674533811
0.241026683061072
0.333043064345729
0.289923292499578
0.314037938648234
0.29959725889461
0.304353965498866
0.286321643716507
0.242076722391845
0.319852426137656
0.33648976240977
0.292802677868778
0.200344463614026
0.282243295947982
0.327675201028969
0.386281584126915
0.446699459886635
0.254942587748962
0.273814313416445
0.298094567721786
0.359420838579292
0.311092099519197
0.153311979462293
0.320320210268301
0.181410525253776
0.284106464430483
0.292540051332226
0.260625413574427
0.372044720560623
0.382220171965958
0.443553057401422
0.23215981742687
0.33277081191035
0.290930021981449
0.296806228611145
0.269788448632285
0.265832760236737
0.248278819037827
0.404541344956731
0.412495633848579
0.210771662448741
0.332065756618502
0.246968190360787
0.234389113778639
0.188843850443146
0.259877203800082
0.408399526596036
0.372334136753453
0.351609288854624
0.314585777957953
0.260821964550814
0.463646347663489
0.431693102173729
0.569164554308975
0.526678329943161
0.292467554628513
0.397728905480782
0.478908597444444
0.356630855146918
0.449854761121463
0.528264295618366
0.288305702881594
0.334872935443923
0.452752431962842
0.349243694600966
0.351821360589985
0.515236986644366
0.39891046032998
0.287032502479312
0.238867992669719
0.444307515986678
0.286501900728196
0.294367427909901
0.345929632284213
0.330668375390385
0.422091279542229
0.431631859520798
0.341087966464988
0.418621696326634
0.257687348970434
0.394920482872958
0.338606890665766
0.557343708147638
0.450469284645438
0.50534657137792
0.405788957244371
0.373005374340239
0.273119330629384
0.419771380004253
0.540948825330856
0.399188225397383
0.368341247168062
0.457471119812936
0.479646382125014
0.461906223119582
0.376227749040449
0.484201033159668
0.522750147774689
0.480834303533282
0.290141551900429
0.413819020430595
0.419906512032135
0.580171628253549
0.525256595628371
0.367849082889506
0.404861469997285
0.488292711834457
0.44592380678268
0.493515899882469
0.357602697606663
0.453463112148944
0.462617186946659
0.60835716033185
0.527299312709721
0.610149468481411
0.405915041443489
0.564465232557362
0.528138251548011
0.545232093474026
0.490949896082205
0.611447681283213
0.559858139268236
0.494389491030955
0.365100940629394
0.365951627257792
0.480083292747339
0.40976176638871
0.564785802917044
0.454907438004474
0.576843708001231
0.532749344216544
0.476689277815386
0.704460287039816
0.629676321089509
0.631239802391621
0.490726196598057
0.542149889293335
0.4192349553729
0.575957285512465
0.527762319167814
0.515722028740895
0.626276647560573
0.596024487790584
0.538378353241197
0.493252172159126
0.668398591955299
0.594198211596517
0.526341205843994
0.499717105225847
0.628546824905013
0.582572217066183
0.629530858524906
0.364311590967046
0.486773407583936
0.702492489570286
0.536266700424631
0.673029650667064
0.579265981262931
0.623698618488569
0.614179744597556
0.688968872439094
0.599438693142296
0.633006023156682
0.674170368006196
0.533953102818967
0.540294413924178
0.572709918789206
0.501209484027504
0.531801962476712
0.530907501371488
0.620357290843373
0.629786667510055
0.500558212774614
0.611745885372585
0.495498524117452
0.688679946689636
0.666834363080473
0.52654712516081
0.57273242259252
0.479302942877004
0.543347563418261
0.643031622010765
0.629325290407113
0.58392356572663
0.645490117802724
0.564796023102321
0.701675274764728
0.766446731958358
0.410769533261108
0.518918441674193
0.549853315645121
0.647788256035902
0.633378549906178
0.584113425919376
0.581845871854597
0.624560686305361
0.651917324404603
0.665413760483105
0.757000106338105
0.604182330166272
0.748436318993647
0.511114069143653
0.60368261338918
0.704743786989645
0.701557021758926
0.613742134532495
0.557774854170847
0.742655075461349
0.809810138803899
0.607772315206303
0.828619914395203
0.769803861503231
0.617348216052281
0.704779989702122
0.838397285284074
0.749134437299964
0.625482116068012
0.662106105906494
0.671229920087434
0.660828549343391
0.653364739814726
0.585431994903063
0.730722542781634
0.531348198721922
0.792663339597875
0.814242742516609
0.664717862839658
0.582114728234673
0.656656149440327
0.695310166012889
0.659606085459371
0.664142594757705
0.625252759998848
0.664324315816532
0.599273966507823
0.783865842323255
0.712218212341692
0.666950959983745
0.705513545636528
0.60964968813521
0.55377872390438
0.734994686123635
0.827535051036289
0.811237094263593
0.757855623545407
0.629354051985339
0.789636222183052
0.532724667912824
0.878746681650429
0.753636749768621
0.779648892289976
0.642029750378372
0.648302365467891
0.614621028003218
0.867693629827673
0.665938831711234
0.874603417318677
0.773511530654827
0.723900525963349
0.793398132406498
0.676927669285408
0.757719060718779
0.790852358837658
0.717843653072743
0.704002324747942
0.78923738001615
0.735427441003946
0.732361117207551
0.804931785259419
0.82547126770273
0.807041283232663
0.904317495097627
0.806984348957975
0.863922242462726
0.861243299880103
0.824834867959752
0.801580511434674
0.762460867875748
0.604267762779552
0.923215917337839
0.862539819329429
0.884656201664887
1.06100370479931
0.889502315757751
0.860337684626219
0.770636874916406
0.820434366763264
0.93355033473295
0.757715845241668
0.798941852395734
0.85680678485775
0.992869254099315
0.843414491531329
0.817633698410512
0.7440663597475
0.855630652514034
0.894303349540333
0.862284025261987
0.880623189547119
0.711474702755902
0.725672514516589
0.88396454118409
0.868203122844619
0.961936249749543
0.809217982269022
0.947647489720712
0.861025218924472
0.91959541273911
0.814229966371786
0.991709938788227
0.831307316507997
1.06312448734586
0.750512259162538
0.819324571599364
1.02531968158285
0.84664218816349
0.984692202020821
0.910382808361208
0.844622432307531
0.774315620910584
0.967136587556988
1.07002087363658
0.79886859616104
0.973166672216769
0.888869532862407
0.853216139168903
0.97335144846534
0.984048146596509
0.911217740975756
0.893621614594079
0.882304599144541
1.00761537646619
0.858201695755482
0.83614268411012
0.909176137829182
0.92199396427551
0.826251547981891
0.933711563402372
1.02852151208251
0.933534325183129
1.02994402848596
0.885174958793913
0.831879400499699
0.819321232965797
1.01038840792371
1.0028751391787
0.824636300911995
0.949155992465918
0.93224220503241
0.900862201677814
0.917412821340587
0.908121333573943
0.90733605241779
1.07734551161668
1.06236226127352
0.886334442505039
0.99633714384049
1.0547967560685
0.918248988129883
1.08928560546178
1.0131668506077
1.07120587387624
0.977806305761905
1.06243989230003
1.03534253229382
0.904666788452742
0.954911949252608
1.03597377195504
1.02317419382253
0.944497448300223
1.04835589226437
0.954715482233736
0.892304341660825
