-1.18058111441676
-1.09901317706659
-1.10120031629085
-0.882967440426036
-0.915001753076507
-0.957506391090221
-1.01918734317165
-0.922224368143699
-1.15178182354528
-1.02023109500035
-0.984786148850059
-0.988842611383044
-0.918429123625185
-0.866334408406769
-0.92428212699525
-0.969403615270221
-0.996428683082663
-0.967301718913066
-0.953353387078864
-0.89799405051193
-0.917458509168739
-0.982129976024759
-0.862053931007405
-0.911666245752961
-0.976207626992128
-0.822236359209282
-0.918749535051688
-0.871278965478451
-0.931644735054586
-0.986803233113639
-0.969891421549197
-1.02839203357023
-0.917929389033949
-0.916525250460542
-1.0294572656152
-0.939957315103958
-0.921696408518335
-0.89951006353189
-0.803064981406616
-0.834379329222468
-0.89648985962
-0.795690242562657
-0.798793634602034
-0.81133690523647
-1.00156170971317
-0.894262835624373
-0.879708529834961
-0.937182346338171
-0.877655575545784
-0.871472237670733
-0.808925706441565
-0.982714283672961
-0.867413055603281
-0.873955817450574
-0.899793681543316
-1.05127659032651
-0.915945920701365
-0.905916224119573
-0.96799378542908
-0.90334949673513
-0.698796860148758
-0.926531603466247
-0.917674329700091
-0.76457933614105
-0.822118096411062
-0.70700089584358
-0.892374205706435
-0.854692266127152
-0.815639653629592
-0.814272476066163
-0.859665135710698
-0.840459038870827
-1.06087329902079
-0.956166870447143
-0.940634636832083
-0.920816238041198
-0.844341329046206
-0.722272139266071
-0.749828715545842
-0.833839689383074
-0.835678398743624
-0.839986168724558
-0.856635561983977
-0.828533740417617
-0.772220851803733
-0.744232411967788
-0.791898287930389
-0.872599804195939
-0.883322051642869
-0.790311564562412
-0.71621614858162
-0.728614721667417
-0.757953061080166
-0.634969613461107
-0.798897926296727
-0.905964440687006
-0.861516396364749
-0.703007909540111
-0.800100538756291
-0.737116870241358
-0.886103561373068
-0.793482383763027
-0.815229941444248
-0.876045091197008
-0.816972371659009
-0.862526514003173
-0.769423047503817
-0.795885448426998
-0.811327395399765
-0.782845381069649
-0.79261729833267
-0.80603740956072
-0.768558913366013
-0.621236499371722
-0.802671030820877
-0.888561075658518
-0.635444258268826
-0.724363943957252
-0.641172762394645
-0.649172642632709
-0.662673213924562
-0.783387580831854
-0.695551980152101
-0.800364853556887
-0.711286121274954
-0.675247617286041
-0.71632564516814
-0.596248165540813
-0.692635519668971
-0.780728166121842
-0.666654407492026
-0.884482073583581
-0.61165514589607
-0.627930903629796
-0.716718079011973
-0.786965875108297
-0.745737009881401
-0.70827134752747
-0.660394762751261
-0.771870207108282
-0.694525710231965
-0.769353532486481
-0.791410813033316
-0.85975604015085
-0.644479233517693
-0.756777408230738
-0.648720270349846
-0.772774522749512
-0.752180373908979
-0.728265177535711
-0.562621291752633
-0.64028904734851
-0.760783900486261
-0.596923294379133
-0.76398760860081
-0.704430280099974
-0.596575991989916
-0.706213795178828
-0.766118497467112
-0.766978226346629
-0.683910061100055
-0.765470062327735
-0.584413723171018
-0.618680981255576
-0.702539282783838
-0.548641940163808
-0.566977503400339
-0.717970685276845
-0.541028028925836
-0.758120377082416
-0.750748530266893
-0.657559976748278
-0.745740505363524
-0.570290320384869
-0.715018895862289
-0.645386466529195
-0.708873038300541
-0.610738462658956
-0.681749182092634
-0.64907620778054
-0.716452289916227
-0.613057775806093
-0.599181650743313
-0.574427275217745
-0.681324253254869
-0.628433485502795
-0.598205190076973
-0.668812822359375
-0.66238868694607
-0.849221286447103
-0.532638441133325
-0.666779102274705
-0.650340996444404
-0.637210176855078
-0.636978736928656
-0.677905232062393
-0.58018345960039
-0.748351167055712
-0.55215168337873
-0.577749118640276
-0.60691440928845
-0.699907902043356
-0.629949952081007
-0.633016231645005
-0.629457503824677
-0.665902444331455
-0.421783343383087
-0.501304474434964
-0.766157195085238
-0.664043718242029
-0.553331464454722
-0.460123291017057
-0.532892859159334
-0.515881183388791
-0.69746963263539
-0.420204460827657
-0.443202398970492
-0.70703807780652
-0.595857575344227
-0.536124558619232
-0.516280041834503
-0.516657956256805
-0.653731112114336
-0.424825375491878
-0.481053750743777
-0.651740166393524
-0.689185100404646
-0.475762699683587
-0.410106896485504
-0.43196570269786
-0.611793350719144
-0.557336141524976
-0.374755303630002
-0.580034199799386
-0.512080419747559
-0.562766806912454
-0.578431552410767
-0.426745914365057
-0.579377287257738
-0.53847472261177
-0.579298568087251
-0.405911028011961
-0.582678757756689
-0.472011008846807
-0.378984891100932
-0.531239107823317
-0.588075852752755
-0.574665915547378
-0.442487342032941
-0.469468413653299
-0.585445493476935
-0.513200259291157
-0.526562162639439
-0.551731137476503
-0.656236039780339
-0.471114828183038
-0.415027312491358
-0.358802155701684
-0.474165317801962
-0.554442324918878
-0.483964293644144
-0.432436099377607
-0.562156373051252
-0.380956526563447
-0.475783939614286
-0.436105620629935
-0.46684942227728
-0.481649039676648
-0.349021606377206
-0.353090256302293
-0.475979193047462
-0.530634100167168
-0.460911582375434
-0.29253449348639
-0.445711643649491
-0.411170577635743
-0.395079540874453
-0.499922069727744
-0.532044721119059
-0.453737787388816
-0.331021125167844
-0.372629683839074
-0.52998062933864
-0.424452424971205
-0.374675933362684
-0.351063185998629
-0.461619499880875
-0.451341130320823
-0.324637921364663
-0.333750042892276
-0.39684195877146
-0.575103809941073
-0.393587283723361
-0.401052259963922
-0.41456018380853
-0.327111298435707
-0.533315753310085
-0.358305792272141
-0.487375818724611
-0.483834260844403
-0.347356729564002
-0.406406212596708
-0.351704419286528
-0.405481881079925
-0.220389607452563
-0.252143533967962
-0.381813707302743
-0.448200497232546
-0.289485159545814
-0.477780050372953
-0.3167825093767
-0.582855310882752
-0.486185266355962
-0.267315483303247
-0.378730232463569
-0.276291749460722
-0.394292166016626
-0.516153135205879
-0.257490109584514
-0.279048522328094
-0.301198556738651
-0.341308013963906
-0.239224226212662
-0.219152604841024
-0.318305337959012
-0.335699560173004
-0.357253443346336
-0.306788534942915
-0.470283770523848
-0.338851620485111
-0.35409070400958
-0.317998630286533
-0.15201505397759
-0.411669200042923
-0.45005271168515
-0.435130814475367
-0.319893489436557
-0.388853260965547
-0.29086153612131
-0.390805669525716
-0.292861352128685
-0.397694262199779
-0.329078284263688
-0.261309430415674
-0.334902208252967
-0.262378989941157
-0.42450868198023
-0.312542667875061
-0.24794080081456
-0.287169449444742
-0.483084971149187
-0.346452869937506
-0.247332696012053
-0.222679599286164
-0.287837185499971
-0.352277388705849
-0.277309065299812
-0.361159611778091
-0.195345912236233
-0.319965774342412
-0.234830954334735
-0.380926544985856
-0.359130157955745
-0.343738565487806
-0.278385182240222
-0.378340317818199
-0.282855204116955
-0.246505254998072
-0.143050812704857
-0.118692881692426
-0.13800583308151
-0.320289798057416
-0.305623178143286
-0.20660402658572
-0.312189735373499
-0.167120714300947
-0.250729172833481
-0.0575537565161808
-0.282085280187377
-0.444924777089251
-0.327962717339998
-0.217777158144724
-0.158350287418504
-0.400430810922998
-0.386909241474175
-0.264034917034377
-0.172816387288163
-0.159948386183388
-0.232911436404722
-0.162295239598247
-0.279662917131026
-0.156296424928071
-0.13720753253857
-0.358340647825793
-0.179687691802593
-0.296966230586992
-0.183555864207557
-0.170508250519615
-0.196455604933504
-0.215251588032348
-0.105430322423795
-0.189229081538213
-0.347384470069467
-0.238062684168304
-0.0653071129872863
-0.342455738675108
-0.165304797661616
-0.190816189021757
-0.00919403905398329
-0.186444823614672
-0.185069204326804
-0.0869635814245788
-0.238833313755056
-0.21369757238358
-0.165483592534803
-0.35877324274431
-0.10009674304482
-0.313537346374649
-0.150740954959002
-0.0845458903168555
-0.250279860455632
-0.132344262591283
-0.207519604301448
-0.242781326515421
-0.273654230093495
-0.0995758760046495
-0.120128049993795
-0.0371926429134967
-0.158891191462667
-0.0431530851187424
-0.242427641260653
-0.285557262927677
-0.228686644170748
-0.180220221824478
-0.249953770974427
-0.0879897224158754
-0.166904817094066
-0.0214128587329135
-0.0614103287468299
0.0374832145483665
-0.0214035832079332
-0.0931577451239486
0.0178442569316507
-0.178550860406312
-0.17580071412646
-0.118868363618951
-0.126599212336987
-0.00928413948968969
-0.183177496030005
-0.0911891545915977
-0.121052114889193
-0.0119112635751174
-0.190331621228882
-0.176862150332156
-0.159993457693178
-0.0606600890293786
-0.0583898998557104
-0.0051509215429212
-0.190270937730752
-0.206633546806976
-0.136388902804357
-0.0320892953223679
-0.17032886614448
-0.184932662107995
-0.161477685534817
0.0643149748246098
-0.0734094370355271
-0.0550724019867774
-0.175894307696353
-0.1691086247428
-0.156628092884885
-0.131548270413034
-0.209550577217496
-0.121465937134479
-0.0644325945305709
-0.11397603217159
0.091569408493779
0.00535792276402504
-0.131128906903407
-0.0989049046181679
-0.137073950083868
-0.0209662840192315
-0.100388647182236
-0.188936557562147
0.0848697530480488
0.114764435645573
0.0623525109563171
0.0422774396764132
-0.191166916315378
-0.0478380369856067
-0.0494780812281459
-0.0302498737542908
-0.0235277225705438
0.0695970179417424
0.0503512923321441
-0.14569646278047
-0.200141755094205
0.108968985290265
-0.0905649075043404
-0.0238178063887534
0.0360390478646541
-0.0863635390508834
0.04022335106865
0.0566482724640867
0.0386900781036029
0.0353945173283244
-0.0847293158927598
-0.171091647524155
0.106745506567593
-0.0960558305003851
-0.0455589029467424
-0.024324090813194
0.0553808150706198
-0.0844220153967055
0.0255322555634217
0.166892767133208
-0.0293486859277676
0.0390466040358423
0.139590951666883
0.0824098036661965
-0.0210897410220104
0.117996289933423
0.0094391572531214
0.0559290079592126
-0.0177804848036427
0.210552296337658
0.136930620061404
0.134363940172798
0.0517477817518101
0.0917058676473906
0.120514615100087
0.0587980332500187
0.0391113868539939
0.120359118979929
0.072495439106376
0.121700655571177
0.0494901896296883
0.0468045394139707
0.103272460300391
-0.0109790179300252
-0.0263776511404392
0.150266228367043
0.0895202813356626
0.029603909797267
-0.0410434677540181
-0.00609466030227344
0.183289869937091
-0.023686598461964
0.131759258694844
-0.024101388654315
0.0315100385558168
0.0741096306295397
0.0143709149774993
0.186322436796086
0.0898969358996596
0.239512888699471
0.0342917150346285
0.166307282860219
0.0353173756759842
0.15435074903003
0.0380958876036181
-0.0873089418038073
0.129069572391144
0.0739063103749422
0.230854745757474
0.233232325798022
0.246959679605708
0.0408704735829844
0.135820435115364
0.243777481926667
0.132852109386085
0.115271417969709
0.123476179254769
0.111281953857367
0.157569831022563
0.160431205433688
0.0345417760253676
0.135761816471674
0.202378258529333
0.0766679149557227
0.330428843127981
0.0460027559943365
0.216035648092846
0.197296651385742
0.167395131891263
0.0927044813317286
0.220516163907342
0.117080792829222
0.151597224183092
0.290372878118948
0.321006260597222
0.255120202090791
0.111998368871799
0.0942952964295112
0.11575761003377
0.202913675524079
0.115189782827673
0.21095349301975
0.156662158395966
0.291787220556517
0.101950314171735
0.0755489178770911
0.185867543075506
0.180269083161821
0.386853456008787
0.333824267436598
0.189631175480755
0.356800421103041
0.235176936629134
0.24538341848241
0.270596981256696
0.228038661602298
0.214002940047515
0.132687138890187
0.262271191966462
0.307815870553888
0.277855770864514
0.236691485277797
0.350637306380516
0.246225804683462
0.34748087545764
0.228225888136267
0.155445053804426
0.229645769656232
0.262365522903664
0.275985019119836
0.168213656307327
0.34952922697419
0.225141130414183
0.29866336338275
0.299579213163674
0.111870454793926
0.100750368971797
0.190541296534038
0.391226076710215
0.286600004598715
0.247089489848734
0.316284418638379
0.343203595588387
0.223838413815759
0.0939927583870587
0.374137099122691
0.314933503256638
0.218791777304129
0.344531553866624
0.0575745054977305
0.337503798846024
0.206922044621501
0.246593423846407
0.267692369416156
0.256088067612031
0.263011912802674
0.385684335901057
0.326962205237
0.417673499837653
0.395194961787228
0.463701368511311
0.216234420673292
0.384456426186559
0.299866373744383
0.340347222734067
0.219224985000377
0.383035975289944
0.207460616112864
0.524853338731889
0.436981384676043
0.281332745880579
0.31617146299058
0.364255075466767
0.374207422524784
0.240157556282972
0.266221467692607
0.306309228779596
0.329805084656352
0.40825093204825
0.372679160275061
0.276616596114556
0.462973929898597
0.454273924603791
0.42840489690374
0.480927848512473
0.493259469586639
0.353308499844828
0.385679045215273
0.528408058222106
0.176873926301918
0.352151831853089
0.438700645417796
0.262261370341186
0.286441643507526
0.234036675229884
0.530022274531051
0.403876326738282
0.305695673987067
0.481974904003635
0.420568380918262
0.397082157122157
0.37251770504011
0.454518042568869
0.354711973847038
0.493641866672041
0.423933047081419
0.433932986432639
0.414075935979026
0.45264635425574
0.358413833735529
0.368767865641322
0.441531630539759
0.393318269160793
0.425188539927988
0.43340004265582
0.295790691592551
0.385674834149563
0.392487036303935
0.499739304947869
0.388248189906505
0.466667600352266
0.375241366033867
0.430298871139071
0.448698101852136
0.274882016793519
0.409036403095738
0.540716368612214
0.485960645007339
0.552757318543999
0.617404882903816
0.449640163323717
0.476548390647265
0.331459407631748
0.549397115616163
0.481643841360049
0.355167750524375
0.555282605431175
0.514424419276859
0.464439508099755
0.580864664663027
0.436347427127703
0.540487809691816
0.538075980977651
0.579135568326146
0.430043051913958
0.550299176867867
0.430315186176674
0.570686011311368
0.415382404513809
0.379535424805203
0.446285924985223
0.731727909897921
0.502718658873587
0.492249836476525
0.440832254509786
0.503485346058025
0.574922385030722
0.547150086614249
0.398268967908499
0.572026349419903
0.675176085262699
0.455752306627174
0.436081256911587
0.448989375104018
0.386444480904278
0.531494742637288
0.558672827210267
0.4534911403362
0.534629660920824
0.507048304736664
0.453935079069873
0.434748117723655
0.526902266880696
0.529414666719255
0.617814646830723
0.641613547584091
0.617347989128791
0.379790841882737
0.516940234058379
0.54686230354725
0.602444927411526
0.599394698846365
0.43065195066256
0.556238486493894
0.631903191889248
0.616704852210132
0.566383329069552
0.642820540966151
0.582185384108272
0.51511557649979
0.630955181833018
0.560679823187619
0.635358249179276
0.56355445055196
0.608650526395969
0.38718924737832
0.462223273234975
0.589492834981634
0.552042566145859
0.613769727748568
0.534745330946699
0.57477604478123
0.531049794035479
0.551506913437654
0.609843944280003
0.559196914660976
0.431878040025137
0.850352542942588
0.665574488828611
0.584010695746288
0.602405286695898
0.696122143585431
0.511155116534755
0.713653476684799
0.601047414387367
0.632148377167084
0.602344792696833
0.638418923905473
0.613902117884021
0.639907664690694
0.740005114605099
0.570401641957861
0.718362425909922
0.561703359413068
0.578695787697631
0.689789173772011
0.582376280441245
0.587846468264449
0.774055255083774
0.748627430683789
0.611291325224018
0.658607387881096
0.675205114353405
0.710221891734719
0.710116454723718
0.69715054493642
0.763832871749057
0.768383287190116
0.73344459704704
0.584897286280138
0.608646215732394
0.727567442169197
0.74835566431843
0.730717126566334
0.655251066526087
0.516692999312173
0.638488276340328
0.778129652742895
0.612347769011779
0.720560940894514
0.721859127380806
0.81722874837325
0.654942756715251
0.626837029076718
0.562994181372302
0.768574942721684
0.764627129564127
0.61611128709782
0.67947839957912
0.695497037861353
0.694165861708961
0.717199810179093
0.684542692384281
0.741138229479457
0.595215747056603
0.892329617983173
0.637660188365658
0.557316226819954
0.7690948643261
0.736764727263197
0.775502774108994
0.690471459328625
0.835935716318341
0.692632399743078
0.755653103471319
0.705466847525155
0.722743096316128
0.691440539314629
0.840393352174964
0.885426968589272
0.882293806394244
0.740433385895297
0.675442726808996
0.559719360063643
0.738612975018393
0.701713039646941
0.823994265515941
0.766783303626024
0.683149398477973
0.880959092033024
0.705935608583516
0.832917387655817
0.762628722428711
0.667331248276098
0.842475215820838
0.728571733022772
0.949396386766759
0.76672239229908
0.651456272664334
0.829607180224291
0.840980927194054
0.679332876470493
0.760167834340802
0.759943332901738
0.858026756793196
0.746756882103998
0.820421717289602
0.676194774130943
0.646349442694417
0.860693965379503
0.841802424873441
0.803957109657444
0.849800066596979
0.864931227003366
0.921238626774109
0.842592409670617
0.807818812910651
0.900720073107984
0.966473258424277
0.782742276019998
0.897762722898069
0.688215975503657
0.752274354786114
0.833322737750335
1.02633100615262
0.744064831979611
0.880006872116616
0.815044947233433
0.6702413267931
0.841438786792488
0.906979192961998
0.804286200174161
0.773803133715674
0.882677855535652
0.877364034582628
1.01062615936675
0.88209795813194
0.898576173480995
0.888537410245059
1.01793434444699
0.815365780374238
0.845595390479159
0.937828230663492
0.773861252782029
0.952824931464893
0.951562781671531
0.675800984950252
0.889691180111188
1.02813945429402
0.916154343512866
0.756606408511724
0.948437690459315
0.802267817484691
0.897711074446919
0.871032898605685
0.753071512665462
0.880671644738852
1.05340440589459
0.84665382160283
0.833257152766315
0.977186388187111
0.926918250265401
0.881669745434849
0.942830972628728
0.889487409877937
0.893260951986465
0.939561427359314
1.04382657223404
1.05354529800474
0.84149279413061
0.911869405476088
1.08761422133463
1.07210204813375
0.994624483372014
0.996821409845255
0.924599165606639
0.828700789254785
1.02670260235264
0.976162530236603
0.925598712191967
0.820340528086059
1.02560795845683
1.00124824139672
0.795128485413863
0.778780399292488
0.836577465104729
0.96215995674239
0.831612793110027
0.971059446263704
0.838511160706513
0.96477243718502
1.01610753242267
1.07996879656159
0.994620598559554
0.979462521504667
1.00566167583246
0.98537945381232
1.01948556785969
1.02596673368102
0.988629080198491
1.05018565402481
1.27210284903199
1.12954448433209
1.00247207119616
