-1.05035281597936
-1.10841894505321
-1.03717985046038
-0.937753148367578
-1.04278767812875
-0.98399727005449
-1.07969304224862
-0.941892925970714
-1.13801320682088
-1.03544809042823
-0.956291224158854
-1.01972012941992
-1.00005793151888
-1.13672571937554
-1.12064403863721
-0.963710362471817
-1.05369090067805
-1.10385452366524
-0.86201280100188
-1.02997120573119
-0.993976525344698
-0.882916345307831
-0.920390361737339
-0.954955057585595
-0.906952281098135
-0.863034517736827
-0.992623396114448
-0.865192938812014
-0.9290107857786
-0.889804444449687
-0.924678533562773
-0.924288667193346
-1.01343032040128
-0.823346382822119
-0.882567795600669
-1.06136834593092
-1.01915301737273
-0.953132909478732
-0.8892666010457
-0.97737405138522
-1.04428911641437
-0.78630948425597
-0.972262068519267
-0.974697796922863
-0.944820324828934
-0.928809410481259
-0.96969253557136
-0.937390500132903
-0.875925885680243
-0.964628516461172
-0.916607398864198
-0.948672713511179
-0.882835884466974
-1.05365470895087
-0.880002931988215
-1.02352920842872
-0.940336232889438
-0.712653960949409
-0.782296990822127
-0.87578396682897
-0.893715119297063
-0.869144471961274
-0.713064049000726
-0.879855252496597
-0.942057213702375
-0.85959758589619
-0.938698515280043
-0.973503353045437
-0.991847114635464
-0.856506720262492
-0.79226257595888
-0.877617226525488
-0.806508084595714
-0.841762666493817
-0.952412432677889
-0.849442115117165
-0.865080449729977
-0.641928984450153
-0.863037613039015
-0.741168153248356
-0.724135181721634
-0.75267621519384
-0.852424581364746
-0.918841104564475
-0.99160481879211
-0.800708494699524
-0.810108642369455
-0.892279775555938
-0.783139366792639
-0.864050595387058
-0.773001422814937
-0.840412987974349
-0.919402808050188
-0.807465575684289
-0.78684350032975
-0.731550686865318
-0.729942645459239
-0.698779322865518
-0.699627847013317
-0.714192926546876
-0.864305043174063
-0.742874457393268
-0.619150483825361
-0.878813630261445
-0.812673316387372
-0.810223828314735
-0.880396048532755
-0.814275212185015
-0.771658106472706
-0.70169788621304
-0.71190359798232
-0.808384511345577
-0.720277562478508
-0.860984095181868
-0.70353892986416
-0.923609400265906
-0.724318452400596
-0.903028585903792
-0.668415287777827
-0.899197199036499
-0.730520161646822
-0.815406970452283
-0.824015479581266
-0.953222556459423
-0.765952212900883
-0.847299143070685
-0.757649846629411
-0.650535440160783
-0.706067862889283
-0.676144893082896
-0.706258736651461
-0.790189188379591
-0.79255841727332
-0.88000149002889
-0.915403130957075
-0.793099161442745
-0.616907376932215
-0.606157320937362
-0.750182697010099
-0.710073076201515
-0.795662520399147
-0.474709676844358
-0.692553918190811
-0.764352117655732
-0.647409585508502
-0.538062419612082
-0.866771930364377
-0.566722326383578
-0.669066417188115
-0.617685311940759
-0.799315624323119
-0.683613640574004
-0.796045940618083
-0.748458122059253
-0.590199683636663
-0.639746634759149
-0.582989125643954
-0.61920607383263
-0.624059666364891
-0.691968789623359
-0.62396145820733
-0.721984391642942
-0.616536764051784
-0.545789284200834
-0.630896505591951
-0.634043605843238
-0.699281253146936
-0.613715515788533
-0.580261481280173
-0.671587702905569
-0.758953262973677
-0.611326343200973
-0.65559822617711
-0.635913833418227
-0.591400718480845
-0.514107439474838
-0.567367054015359
-0.584850443699127
-0.655807018611024
-0.669720368692607
-0.730520504327752
-0.683864941634745
-0.436230428820246
-0.592956812910539
-0.627698000804674
-0.708447977491763
-0.586298338105082
-0.573553823214371
-0.728456208419532
-0.59610152983946
-0.700042395777169
-0.611693420945598
-0.733024826310714
-0.6893094858075
-0.503618322630337
-0.64210850040231
-0.670044495027587
-0.686784227442513
-0.717881856557189
-0.507552293427498
-0.674794136974206
-0.607917398070552
-0.656620785214398
-0.607993858517571
-0.602892667395865
-0.518464217472036
-0.647119799874634
-0.566077048101589
-0.632683355301809
-0.482456857222801
-0.501744395584976
-0.488072591256496
-0.577477471666474
-0.494318220734356
-0.513231777949106
-0.52479154904839
-0.483277724571998
-0.513224152828207
-0.581748886227069
-0.602664995657039
-0.560638627985751
-0.580726005968304
-0.62573333655553
-0.530024747268899
-0.407874243258183
-0.582361130974115
-0.49888965730737
-0.587640587593522
-0.531606197989876
-0.476608114543413
-0.429031714829961
-0.593864734042513
-0.496322220460332
-0.527495549891641
-0.560618428562105
-0.473062180575028
-0.522926805482174
-0.525723382432038
-0.554558925194398
-0.501677689779624
-0.570871708481439
-0.570155191440905
-0.474822679305004
-0.639574324390683
-0.523385359032853
-0.540679891051499
-0.502197407887463
-0.542923943831976
-0.486735708374181
-0.552159666144671
-0.52703416023447
-0.611736559060014
-0.382285273675516
-0.638171611275542
-0.460972256871417
-0.567248303891061
-0.500338160587694
-0.515723226952308
-0.467676792074974
-0.506735360642138
-0.591328024833296
-0.62066652322502
-0.362622417202478
-0.555112343081559
-0.414723026086035
-0.481175641309064
-0.442457386813398
-0.536681735415352
-0.41801638577787
-0.380257400882251
-0.323336786832763
-0.440676484420696
-0.568741643753637
-0.467871010765765
-0.415900561457826
-0.357339892199619
-0.460554139326421
-0.475741097610804
-0.520097617017995
-0.440091967863064
-0.457501970354598
-0.525445077209312
-0.330991218882672
-0.417616813674816
-0.435590438593892
-0.355524709866417
-0.389590856994441
-0.32086619081118
-0.331692987338002
-0.349640474465275
-0.446549226832372
-0.267139491788136
-0.320356548646891
-0.514822434741462
-0.354040966363726
-0.399171093351295
-0.452637227536988
-0.234743741760456
-0.41582901984991
-0.433072298093856
-0.413838484774425
-0.368883576456332
-0.383680854497979
-0.48152129778807
-0.307420831536552
-0.374349285657067
-0.384787705696438
-0.478055278300379
-0.480061005527739
-0.357477992825809
-0.427341402023467
-0.325204841384558
-0.293993044860365
-0.420115915933021
-0.312399471516135
-0.31570251400936
-0.435175506757569
-0.187301660211708
-0.438580993030205
-0.256278359555909
-0.366440148870944
-0.411603916589632
-0.399982654483943
-0.384970607701575
-0.393808235626899
-0.458398397939384
-0.134811780005404
-0.343577835518469
-0.353030033455245
-0.139706267601425
-0.32044380489828
-0.247024357540893
-0.349022361326029
-0.294190874174912
-0.345318588612323
-0.451175315286935
-0.334755526918222
-0.417158951113177
-0.408025496899631
-0.220993919533289
-0.330196121035997
-0.355412069615049
-0.254593632336988
-0.433033314617811
-0.353715813815362
-0.245306381073388
-0.356561635686016
-0.464820718965152
-0.403547387360657
-0.208079893840355
-0.314874661984753
-0.292787302157923
-0.201052486890227
-0.28118802365937
-0.227153246049868
-0.241902724064948
-0.329172198297969
-0.28232945571839
-0.418468820668581
-0.211566542949003
-0.380900948308718
-0.395381892927448
-0.28841655947179
-0.294804733401616
-0.165153691291307
-0.419264928786176
-0.28158990964327
-0.316528748178722
-0.171250610293416
-0.200846250376854
-0.2513796726006
-0.302611884802673
-0.290941478601984
-0.405562069270886
-0.250806439488758
-0.198958664833491
-0.308540823863813
-0.263837854188078
-0.2950433707411
-0.372473423963688
-0.279695932923852
-0.247692948118923
-0.383588735703494
-0.217672034546708
-0.342878984290482
-0.321921527739406
-0.39260021018425
-0.180931276403251
-0.2123575422582
-0.215078678310262
-0.197713594178984
-0.132997531096049
-0.275008161269741
-0.092218249773208
-0.358817270702458
-0.235183968795149
-0.204117998614761
-0.141259838038754
-0.292506689842683
-0.295149010892055
-0.239937797717986
-0.124247937824935
-0.207631713047798
-0.281173142250201
-0.339128883955928
-0.0336870772842337
-0.071587856249894
-0.358832127644306
-0.220559710166038
-0.249839688149266
-0.27569826648476
-0.0443397291101332
-0.152360173012352
-0.254586996775564
-0.21904676878095
-0.166056645176197
-0.227435814424079
-0.189289344192164
-0.0663477501665223
-0.169343121708528
-0.101594308177756
-0.188834586183656
-0.161058860933926
-0.182253071530111
-0.216074348413215
-0.0793639285145805
-0.0841112639525312
-0.171547466279899
-0.0739466889207801
-0.0224931565975315
-0.105536037771884
-0.0902271677160802
-0.258417481445624
-0.142876703559889
-0.0629068260836171
-0.0542662768151209
-0.0772566414920249
-0.0522658344959555
0.0721201284976481
-0.00305725445088029
-0.241931998794924
-0.157658130699418
-0.0549350702053683
0.0772697778645114
-0.147942095406614
-0.0707349347664152
-0.135912519259616
-0.0455023435552037
-0.0575175425536019
-0.245751664704013
-0.125802598914214
-0.133485338109969
-0.134980944009175
-0.202749421148926
-0.0332655856153903
-0.0910551813577501
-0.0342599431298429
-0.0486662541613996
-0.042190503677583
-0.110466366561668
-0.119970192013339
-0.0220565021327326
-0.0374867754246044
-0.053903174772717
-0.173102580738014
-0.108073021669019
-0.0612872278401356
-0.135138857599282
-0.150120759894173
-0.146368608032454
-0.0943337180453207
0.161644762860179
0.0949715832804491
-0.0936235683453401
-0.010423621296728
-0.0427641619972856
0.0589112287837644
0.101834692621267
-0.0108927495532632
-0.0726547699232198
0.0190146674106305
0.0993193722537626
-0.0158880705826611
0.00554321364357264
-0.0259872675186542
0.015419069447395
0.0305463166534835
-0.0885884139141369
-0.0651891999057502
-0.00556197207472062
-0.0240314558493764
0.00244934361507824
-0.140915923837226
0.101618732465776
-0.0418291854821649
0.0672884362696839
0.00501715759053628
0.0381776976679513
-0.0656528431161126
-0.0581820620803172
-0.00193062098567238
0.126963362636463
0.0497087312713319
-0.046839465326169
-0.130305035876639
0.211520473822496
-0.0215678785747634
-0.0251628128028565
0.0924483271540211
0.145630198133157
-0.0238946964522543
-0.0178041463998335
-0.0845719742681478
-0.00614916218129416
0.13558821547102
0.0455695891670856
0.135341509027876
0.0588631755389876
-0.0282684221902476
0.227286664467589
0.111358161574685
-0.0609040386700663
-0.105322131269732
-0.0287692256060242
-0.0720739317076235
0.0667703698143388
0.0882049932665504
0.201617476038651
0.138064090839414
0.0340646800995555
0.0722160202083982
0.0595513086862005
0.040895494121193
0.129007658358248
0.344769238767089
0.128857531663183
0.0723194486191055
-0.0292913525328298
0.0625508723826045
0.091346082025151
0.127452218641399
0.152922966341961
-0.0220196862335265
0.0781197729038788
0.202670097828012
0.0796248803220599
-0.01208126930095
0.102735136187333
0.0349097811688059
0.115397270712391
0.0897966141301098
0.0978696289404292
0.164055316377631
0.0611973530712317
0.0700116354753788
0.103192187212384
0.0342078592985425
0.118640841644981
0.128196618812146
0.126337829164806
0.194086915879953
-0.0614972663451359
0.106893298747653
0.17093529804378
0.253267642822791
0.0466142277808213
0.0368028001616949
0.177047944991603
-0.00128541733049484
0.188153293535892
0.0196284908803741
0.260315082306241
0.193790260945172
0.148744482873367
0.110488694583288
0.0721534545174865
0.252485216173025
0.0672202324772771
0.227350139480938
0.0229574624763994
0.252226447596311
0.207588562861649
0.108056468674308
0.0860541222081444
0.335246467817825
0.235886805606528
0.231258308270412
0.185996935699934
0.0924487189140996
0.0582223078211028
0.0917288162817631
0.0333170279830333
0.253349553545733
0.26429832004352
-0.0492087889662676
0.247405400027936
0.29906960274264
0.246290149056279
0.251807453067741
0.190436987654319
0.136579508027131
0.174967209048926
0.262824268011418
0.0694190476062662
0.341951852549592
0.286027759318617
0.155820833533933
0.23738453063642
0.237413691068545
0.259678233009885
0.277610514764507
0.0877216550490457
0.227850882640369
0.277432756971925
0.255688428416388
0.391994210843412
0.273998654687977
0.222643507758552
0.250055107217635
0.235256809269828
0.141845058871431
0.264279406694313
0.297715928936596
0.0648239696940427
0.187629399901771
0.234821892211847
0.372451882353609
0.15324973527118
0.395159485641459
0.352017784143286
0.267524094108645
0.15712321906383
0.291825381094131
0.263363549206143
0.325053447514581
0.194569111830348
0.376135819770658
0.417583537783931
0.284838018565971
0.260399880359983
0.245542040147671
0.228464054649605
0.387181309139912
0.44595061115823
0.324763399948488
0.193009997843906
0.119659904911736
0.436323263759041
0.303496038861571
0.226326823678506
0.325988411920028
0.264706323068349
0.39338832217788
0.266777826534982
0.273204701674263
0.258337999160102
0.229453373255288
0.40030177549333
0.2851918705134
0.488911899095483
0.290430971110002
0.371607841406698
0.348384989926335
0.376378438849719
0.307984168838777
0.252632385530727
0.395894123476591
0.322720745573661
0.454767016847229
0.331568869963085
0.449286531170278
0.338205585891243
0.296946761796607
0.355095004124997
0.452417685255762
0.435303043077956
0.409975528287366
0.369689610102296
0.34539702962142
0.316340958391885
0.170028261121706
0.441426023631499
0.196242871991614
0.207503240584888
0.447598356344022
0.443905484420521
0.430600984162242
0.358729810528559
0.356650776483367
0.345055922408621
0.374021423184168
0.374758380567674
0.346884625701689
0.342659008095569
0.363861917680134
0.326440723436165
0.299524166012984
0.366455617030522
0.457726603868124
0.381118548275441
0.414350463483594
0.333050111385339
0.377113138275847
0.301434012008558
0.240634590491292
0.569958834908173
0.459979341577657
0.335900409069623
0.414747762986823
0.521580509677933
0.409832500749226
0.460884906151951
0.332259595883808
0.350297066422314
0.39575682930845
0.339693154748305
0.296612197807419
0.411309836324405
0.300585383530015
0.442922665138572
0.506329916246143
0.46820495956151
0.470176818341753
0.475078103264053
0.530710931705867
0.460209897479586
0.492912618325526
0.420800563008694
0.635115731578803
0.373843086437255
0.516916075316973
0.441624271007239
0.417362733242512
0.517145452250891
0.428736036277704
0.567132880007039
0.519082633218817
0.332351128733588
0.364840332428144
0.421130829548346
0.387830855870733
0.598661881726809
0.624643350748172
0.681342305840877
0.473324084565464
0.463349085488701
0.586687181607288
0.510828749110775
0.420564605724481
0.490892529911872
0.46090677258701
0.54007592116277
0.491716374673086
0.621984777133106
0.342128922863934
0.615248299382358
0.587900626354675
0.456490161970094
0.629417644018758
0.568453366819348
0.560181106714386
0.663706016958729
0.522795399686531
0.453531114230645
0.458306867350075
0.609137024017721
0.491526924734822
0.46672214645157
0.61512266540203
0.574666263829959
0.526349499755276
0.564552275610633
0.501206809857463
0.74180191925543
0.696750944799307
0.378631329478685
0.44339767347966
0.580754652528087
0.549600318301949
0.488681050439401
0.345518591775873
0.477635388893643
0.556301013250781
0.573107305394227
0.59776029395588
0.4228998423441
0.712670016658506
0.638028075656355
0.595515676238279
0.56740726245214
0.686571695734533
0.436445459785626
0.358425975450166
0.528926094556832
0.507563604195963
0.50526888355715
0.489309774594803
0.427494913165351
0.580476096895672
0.558035403298225
0.839055403800801
0.682236212869639
0.568030875888879
0.630360819687057
0.704359680192296
0.610080908205334
0.685143756886459
0.649013476484163
0.583524895282162
0.599441525286623
0.568888622069397
0.676293819260297
0.531522995290841
0.673753580719235
0.679081805472837
0.675002182145181
0.747917380857137
0.586062659038845
0.687519832034162
0.626997035733031
0.663484368568755
0.592242116519299
0.746977960785782
0.833447370821789
0.812238830588751
0.652301074185044
0.612667059628932
0.67378252857111
0.790615214372754
0.652820741403132
0.729509911807514
0.688622145845627
0.670548592878827
0.575793256981827
0.599962787995912
0.620062517566211
0.573909545269698
0.789368232385303
0.581813099932798
0.606573080298028
0.470810531420406
0.613575607750925
0.650818392502216
0.514150575411963
0.685962670170714
0.660133585375357
0.734107879050114
0.624745071445285
0.734590242904296
0.632870923093479
0.547608159436191
0.615282326603723
0.732289335764564
0.794713545083126
0.817897087207771
0.717737070705195
0.695536601258127
0.773029659490895
0.653575644676594
0.609818792281241
0.763682843402607
0.740499690708404
0.743308415692465
0.753860798000432
0.817115057406013
0.678206266076263
0.798856664896897
0.820017821232044
0.665615562943105
0.652007844745723
0.654225821636591
0.703359743861866
0.848742667926517
0.854912403408204
0.583904918405215
0.71404455956208
0.874031393843604
0.78327168271115
0.825754426870273
0.668188361439339
0.870762650473904
0.772788859891526
0.818789359158045
0.76829353812964
0.791721285694403
0.906738082692452
0.632150058517361
0.842093976774428
0.809611313824969
0.774186942880686
0.738316509722828
0.770967928727262
0.882252438638022
0.800574802328059
0.802969739921418
0.795364107943598
0.757786166351891
0.741623285036082
0.766536925618989
0.838270198006911
0.710999488762319
0.615113259216525
0.978670921885143
0.681755269725072
0.886447891952298
0.865180561080064
0.841807844441078
0.714123300805704
0.822908533129277
0.892796481971394
0.737262515028189
0.810245547220108
0.824401506899882
0.894746535729173
1.00861454944174
0.869518957583135
0.657430294593272
0.757964308508699
0.80446830222174
0.879557080707655
0.783882925128478
0.835768672119717
0.836306679329763
0.814460821067393
0.697867908916531
0.87998673896781
0.830055617351218
0.965122113638381
0.898298550127892
0.730547673366462
0.963347409214271
0.865189950720215
0.830554304320757
0.750573085092998
0.836064726313714
0.782700009246992
0.855248371657409
0.952790651402591
0.861486208892357
1.05310891246358
0.858354843060166
0.871134620785673
0.690384081403693
0.962635367581148
0.954351781060531
0.92914752736599
0.837780209904389
0.937464909914476
0.844954252839136
0.817655230048803
0.820969111228588
1.0298992999254
0.943222596024225
0.866519433080897
0.902749427413313
0.882586432871929
0.906188460051024
0.943722933643924
0.948103923998403
1.03355408444583
1.0014969834212
0.901713968888824
0.811216953824896
0.8293818275791
0.922541650333765
1.031226153263
0.934887927850938
1.00925826867454
1.01639342413824
1.00684988814796
0.900764981652856
0.842691845480093
0.889924401539961
1.00756096036938
0.861577803192619
0.913255436471403
0.954096987199063
0.916238148461748
0.860018716775671
1.08044125650466
0.918014824330863
0.788070872719537
0.890169364868882
0.882568991810185
1.01879843367759
1.02401204808956
1.06382322990596
0.928662446067424
1.05735393586852
1.10525187186572
0.982068505413104
1.04996373408468
0.985308209033521
1.07775491513067
0.966381475221214
1.02535514817404
1.0059587780636
0.937965939285395
0.947868936209782
1.131119572798
