-1.02846648090816
-0.89263950077118
-0.952820044039458
-0.9293363096994
-1.02099677927469
-1.09959070818566
-0.972788828786782
-0.816030420851664
-0.900707291085137
-0.965036632996435
-1.01202152678715
-1.02167485083485
-0.990641829026862
-1.06626042787562
-1.04603336334222
-0.942236150899816
-1.0143873754728
-1.17064279687323
-1.0025410160366
-0.965602561142479
-0.990735651687824
-0.97027905393174
-0.86184169277589
-0.930195527337715
-0.829606952936797
-0.94319255661238
-0.873587833632336
-1.04043826930101
-0.954054090431629
-0.761287511554945
-0.895057638621829
-0.855496057064264
-1.17570375158998
-0.856729058696662
-1.07185439215222
-1.04573079787435
-0.843008821074802
-1.07380208123397
-0.947168044728772
-0.818987235360208
-0.962287734078402
-0.881040419962953
-0.682904922786734
-0.741965140269066
-1.04693484310897
-0.853117838555555
-0.980301493811752
-0.983918438866909
-1.08990777526017
-0.770904691615231
-1.11684559376643
-0.967821268202362
-0.949068781485988
-0.701962016021241
-0.914073750036986
-0.803821774172705
-1.02013123985917
-0.979257249988368
-0.744978180098764
-0.931325457902497
-0.801066631704444
-0.990018745408927
-0.846461477016458
-0.841379119699611
-0.849467749710277
-0.807236038498338
-0.817090469548691
-0.960888169703092
-0.844656378624237
-0.835625961857524
-0.913120685543112
-0.824479750794296
-0.940116956855167
-0.695294363211062
-0.772602038042167
-0.734305422128149
-0.840220522558383
-0.745463385674228
-0.846249636967783
-0.818203061561378
-0.838789329605566
-0.754834921147866
-0.885751204589445
-0.739694626676683
-0.761991399880072
-0.681531320788746
-0.735945546287701
-0.982754378049924
-0.860988164302564
-1.00373327202364
-0.833450108126079
-0.80403608863133
-0.947904122605811
-0.776869461713421
-0.804011028772847
-0.657259446159005
-0.769967260333002
-0.886980374935675
-0.72727249996685
-0.829456009259592
-0.797616055214202
-0.849134487506604
-0.84916047077945
-0.821489115619721
-0.813205866688211
-0.850016761970705
-0.801000836804967
-0.980062997896508
-0.758670042659306
-0.779897366556697
-0.782015059382829
-0.810791105717217
-0.705797531438873
-0.836460076535178
-0.763012864178052
-0.658672021309684
-0.802673655768226
-0.635472802837493
-0.768333796113575
-0.675313675505391
-0.776599531627387
-0.823677997104692
-0.741049483649867
-0.854981009780043
-0.665835948130082
-0.636302993858969
-0.807109518397769
-0.78827601300741
-0.852110070823749
-0.665441419169
-0.557659024459175
-0.758401568118365
-0.659134962900065
-0.878706568064387
-0.496637392525966
-0.745731952288449
-0.741646589537883
-0.796876698250408
-0.653857678857245
-0.670642114912465
-0.579047550157546
-0.571329642259803
-0.680904245632914
-0.670988385984449
-0.79756625191537
-0.796947542845025
-0.756446577449586
-0.700959257298199
-0.654758946358464
-0.827207172402675
-0.691327790134404
-0.741823407964021
-0.6872462032275
-0.78276277977133
-0.665871186875379
-0.623029311001953
-0.765421054155472
-0.613607969633052
-0.659564962852576
-0.702896694525292
-0.642876457144651
-0.6993055138125
-0.754159366856513
-0.708163968857175
-0.587134177499358
-0.596446426973978
-0.848937430220195
-0.525909608317869
-0.70849200134211
-0.637233715869593
-0.691766263611872
-0.676412733921626
-0.60847165393967
-0.651819825975591
-0.59224024476467
-0.643077523975153
-0.661588815548179
-0.504045054432393
-0.79661676223572
-0.631355361872164
-0.686809094951708
-0.578080710263182
-0.636044837121827
-0.53130310060177
-0.611061677229887
-0.56223550337752
-0.663528006420176
-0.528220382007302
-0.663596212152324
-0.602862311267397
-0.490328203281647
-0.698914484840259
-0.66580118068178
-0.589484012847241
-0.5850686808734
-0.724324114395272
-0.561283731792569
-0.608131210013396
-0.650447959591009
-0.704493194038057
-0.478471763851998
-0.559787665690251
-0.703834821312395
-0.601714893254254
-0.676034873070921
-0.636167698755205
-0.765243743155936
-0.660598163252092
-0.575020889688487
-0.513409217567653
-0.641685676711129
-0.556184492269689
-0.573303917594625
-0.540754576582414
-0.572225848672041
-0.533699671395326
-0.579956829921248
-0.631256820366031
-0.617319018856278
-0.68021397264244
-0.540044076812539
-0.586200548387942
-0.584724654662459
-0.592545311051145
-0.470849330733898
-0.477863413192613
-0.6552732900268
-0.537441603966069
-0.584051775938004
-0.528287118124534
-0.326606817894094
-0.519780773449318
-0.403149428073605
-0.606006768753118
-0.450536711082404
-0.647402980094568
-0.511938684180256
-0.502516063575552
-0.541102443736245
-0.601614404243557
-0.485164133091027
-0.540151720960252
-0.640962206112829
-0.626909399828906
-0.420212629909284
-0.457882647016564
-0.427928881215844
-0.560351825411185
-0.425639181691757
-0.47430372515752
-0.511934278003817
-0.492298608747307
-0.427875739534953
-0.571885090367711
-0.607829518500479
-0.522836202218395
-0.457280480500269
-0.419530170008215
-0.449374971841295
-0.365379580099167
-0.427270219432732
-0.590630209401521
-0.370852781786889
-0.578211809845851
-0.576993243898133
-0.474191760908788
-0.401823757794367
-0.272787200350633
-0.354138849680858
-0.300934849141351
-0.391053622148724
-0.407048375089233
-0.48964182981678
-0.531703783634685
-0.387548161121722
-0.504462704494845
-0.510816392549955
-0.460384141985314
-0.429025970137239
-0.449978197714725
-0.494066943343155
-0.37164524412691
-0.525964058223593
-0.264757113331092
-0.365829013218863
-0.392872661456416
-0.465741834335559
-0.457605740190753
-0.503508458085501
-0.303920998511777
-0.405991381311989
-0.481880933623684
-0.482271273982361
-0.417204277060202
-0.496524225884318
-0.309466070264189
-0.435223028292469
-0.454953584557993
-0.606254114804472
-0.410022036891662
-0.418942627054194
-0.383803384641545
-0.278537137627017
-0.304598455767848
-0.376292487996602
-0.38506772297036
-0.308600618305447
-0.274126062739093
-0.344107218551778
-0.343297664738283
-0.499534074316943
-0.43644757226155
-0.154903261388864
-0.521005957143345
-0.320854734997821
-0.355040937609458
-0.389075494544321
-0.432511370309021
-0.449947336654317
-0.367739621941736
-0.359917351839912
-0.315396886378267
-0.256675924758253
-0.339984945795888
-0.335153635979367
-0.309197262173915
-0.12708364658523
-0.277336371127879
-0.345812212060255
-0.172065815601764
-0.503453492266636
-0.382342002979584
-0.313447331035098
-0.265113073227769
-0.29863809238302
-0.218354475532873
-0.426700934870906
-0.288084914493143
-0.339352718049616
-0.362763605680512
-0.294656061207636
-0.208367381810076
-0.291509835783516
-0.446389744870051
-0.209493585680206
-0.183809062208086
-0.221175483983104
-0.217643458309953
-0.322121730479139
-0.292289386132955
-0.192356086091361
-0.372462252911318
-0.232235508739827
-0.336860686281622
-0.294303694128266
-0.271931052623153
-0.212394353496591
-0.295860270164364
-0.25699710912247
-0.319433297912172
-0.386407575298903
-0.319625621124666
-0.338741091200724
-0.206561575936332
-0.196431318249593
-0.18666079906707
-0.342955912496675
-0.268110014128021
-0.222230647979998
-0.165290614375675
-0.308292765083868
-0.216604396764403
-0.452096744228342
-0.197072751147671
-0.318267369799991
-0.29502285311017
-0.191863275049016
-0.292261899014216
-0.223490444985822
-0.261668463540193
-0.343158580369754
-0.258295280450512
-0.229040963227934
-0.348989120852075
-0.262124251121093
-0.26675026059946
-0.352374168097753
-0.206674449351724
-0.0940186886327558
-0.214991510580567
-0.179636909261612
-0.289033731452215
-0.0764021032133071
-0.142189230841904
-0.296607306419903
-0.307011087342127
-0.119741916646175
-0.2265448569482
-0.370467011798954
-0.142402968935328
-0.195410764142673
-0.217343714195008
-0.224372483477441
-0.257868316825291
-0.323176148500672
-0.129698533725527
-0.0800568961176282
-0.307277572645488
-0.122542089502598
-0.153926946767425
-0.1288217777545
-0.24056844840834
-0.147800031367043
-0.237220254598654
-0.25002872683796
-0.0560841897518307
-0.21283303440403
-0.315850867210374
-0.192092422514839
-0.152960051536478
-0.0511986159061464
-0.228501549281571
-0.200406008663436
-0.188867238490941
-0.276115372184479
-0.175923049378655
-0.21322224714341
-0.189101637728731
-0.133822342995345
-0.0757889395927698
-0.127362512431829
-0.144016211171963
-0.219934045825209
-0.113472416775154
-0.0727546777772106
-0.13520001903121
-0.119589504822993
-0.385292074638076
-0.106624887630139
-0.195188209572508
-0.0429288830631468
-0.168267116729188
0.0179430222095768
-0.107367378742628
-0.0603274138441533
-0.152677276435553
-0.111766532622161
-0.153665929144247
-0.102511862115206
-0.0491544299076507
-0.254538846006901
-0.146775145508873
0.0766935198097135
-0.0577358154687364
-0.045037949060898
-0.0894820271107684
-0.081446794573772
-0.0670448698616298
0.0167605210272978
0.00128267565364909
-0.0485682638885041
-0.127849009974237
-0.0447571364452277
-0.0252285050106671
-0.0911746812062953
-0.108954037726064
0.0703279079147958
-0.166663395287707
-0.0242819165091812
-0.0124418630784748
-0.104983105260163
-0.134766778843063
0.0234251589029793
0.049734476025002
-0.0489692533168654
-0.15540253506783
-0.305091058273763
-0.0646752608471102
0.0545588417137866
0.0430930343353824
-0.0117808072984736
0.0284232671410005
-0.120598773759384
-0.0738971368403146
0.0591814175990086
-0.136121107760494
-0.0984359518253981
0.0827055163459914
-0.245843389742582
0.0709929942681595
0.0147462562597314
0.130523922718283
-0.0899595471330159
-0.0421763252940778
-0.0756653291526649
0.0931721288663993
0.0118724720389736
0.0394089416823902
-0.193552830334736
-0.127465714263138
-0.0643913119020232
-0.0866379779041383
0.0478071135759286
0.0193965056441433
0.0544655795279995
0.0599101835343653
0.00746915834424669
0.079213116838595
-0.177818169519752
0.000268226679654833
-0.139764673359529
0.0815963738316197
-0.0563223504507639
0.0770850109921476
0.0648692462857101
-0.0104538798616638
-0.0763035441229975
0.0896783416733274
0.0205657838181529
-0.0311962055233082
0.0384097911662481
0.154234188782191
-0.0649536135901767
0.0678590717259794
-0.0093119020513803
0.0747293995797981
-0.0699886745570399
-0.10217994513607
0.0765063388955604
0.0999294985686231
-0.0190066502233167
-0.0810705269233251
0.173854389910184
-0.0192227473954554
0.0451154252807452
0.0346665403474939
0.246108045827421
0.0812741724551636
0.0143769314787879
0.0353380734019832
0.150362333641802
0.0343342878338636
0.0438466780276564
-0.0312043650546784
0.0272644010391572
0.0745041318445081
0.0882075228084886
0.0704419021678299
0.104284607666104
0.197086423322643
0.0745729401742497
-0.00381763434005298
-0.0655609952507887
0.0417660844980916
0.145666709099344
0.077848944759985
-0.0280116895013181
0.172451930596442
0.188159678439499
0.0615572337045558
0.114269345814446
0.0670974375797007
0.182276567009745
0.281808481453252
-0.0204759660680943
0.218061209901993
0.178920767644205
-0.0956597639423644
0.162615938290936
0.134373484398416
0.0896735084695564
0.156431721506006
0.226957349002236
0.089277565356716
0.0347059970709695
0.0774320695782545
0.331388855249856
0.271382969633622
0.158539792544864
0.177423368036422
-0.0343860036919984
0.264991505668735
0.227199859116029
0.0509560524519638
0.0820773625446455
0.0825347412433733
0.164584790746686
0.1934311050913
0.200900221319514
0.06778003648426
0.11388302354512
0.281327719733078
0.150790963679809
0.231380619418201
0.0428487627052293
0.203922447048877
0.288794182314311
0.254888663513378
0.186144466514083
0.27275584986859
0.125327235078649
0.332354224862868
0.167329897393946
0.322236643864403
0.197942180258916
0.0294969055336939
0.172662086160916
0.273988725606915
0.258705661378026
0.355581329461712
0.192687407119017
0.204683386566112
0.364578080387111
0.311334342771231
0.28891391131936
0.164639803629089
0.0948380399890449
0.279753476423827
0.275351219166937
0.0350348604363475
0.248279638534446
0.262925567667346
0.175706140660923
0.272004119618443
0.188271573716115
0.273146316257508
0.131450852455937
0.252877990621351
0.213385272524399
0.387090213229146
0.419249390992468
0.246190437530169
0.106420535440068
0.26986121960551
0.236249917140422
0.333771884900833
0.117749966465925
0.430411047920491
0.289467255908392
0.244270454848829
0.151995246008007
0.297733720677975
0.251801257780251
0.288680897416043
0.163623875525864
0.258319392935561
0.274877546404516
0.357832492145143
0.215822519598358
0.312316784228123
0.40542215754253
0.27160216443072
0.418307027604459
0.440209258633606
0.341499328035596
0.360049032250992
0.310078146572902
0.343685194768547
0.401998804327984
0.239939561528585
0.305963595156482
0.308825687477725
0.351054284462876
0.386795444727996
0.54236016802461
0.414266909515239
0.327986713158451
0.333804483722268
0.285985266533944
0.47903226738724
0.299232320394698
0.383584325158468
0.33276290591061
0.444842586243494
0.211661897671756
0.405611650663171
0.216668813785554
0.248058213893298
0.259166169553995
0.289375669177693
0.445741994057686
0.233464399962198
0.339360283695004
0.290396343389738
0.353476615309951
0.480717149537352
0.423714164274637
0.332559383653651
0.378394419006258
0.405918939100192
0.290027028460396
0.394001777834105
0.332565877120928
0.324989589651463
0.424730696100167
0.439695014256761
0.360178802417942
0.491572993246787
0.488975171224122
0.245548271647382
0.425676694139412
0.52462170907402
0.437768547084683
0.422666910470413
0.334815228306492
0.398540298607591
0.374526000519224
0.407708496395695
0.254066874112261
0.449787043460466
0.543871087156859
0.3482581961824
0.443946943370874
0.58359919054404
0.506370031720614
0.460709981093054
0.341096763753806
0.526016286374192
0.343605419022527
0.422831400299923
0.477767309301476
0.330127899530383
0.489320445279485
0.363622415151167
0.471181734739413
0.356712557182167
0.537385855737467
0.507223561202723
0.357471639937937
0.427758978667822
0.517995809409527
0.462521509481677
0.485992048902984
0.535949056364757
0.379975949658035
0.444421585951612
0.473052737139826
0.587875627753431
0.293347662701239
0.483384591912855
0.430208177560164
0.610676886812338
0.62853999132726
0.40238905834316
0.68929700511206
0.496000118117776
0.54160590866231
0.585785082760429
0.427956319455462
0.49141167859946
0.455530521706954
0.496908656394865
0.491594568030889
0.470597705433577
0.534114246014811
0.424717651463063
0.528154288192106
0.562220429589868
0.385889720275918
0.52587439844467
0.554643271451321
0.507055845684606
0.554148333973787
0.486882780096162
0.506816563082495
0.496298544546835
0.622013946857443
0.531796074991107
0.649697177191967
0.473528994915341
0.429384359849686
0.544938171988777
0.529509600701406
0.52955638152493
0.522500855459361
0.535965696181411
0.49871030183264
0.519180860063557
0.583686149573636
0.566794883942729
0.560390696696993
0.484230490204097
0.583498855920028
0.463538196578918
0.560528849608186
0.507249845300912
0.554142719602198
0.696766653307073
0.530757723096454
0.633049672714954
0.525812676179352
0.511719510774874
0.584514310033737
0.673073658477852
0.526535891861799
0.496286357041394
0.597695998851852
0.623969824035753
0.49555326727045
0.591103693137709
0.520649858698873
0.654694018906079
0.588838100402381
0.605136383085792
0.582987879887604
0.716564057081183
0.593845158921514
0.535979202007424
0.48092440438369
0.718017415120766
0.65748176210005
0.58163870995951
0.679645745537221
0.785521317636866
0.673855501427012
0.645967592848453
0.685910415071968
0.684492578298711
0.507542580087542
0.578087467717726
0.632718927749162
0.712863200072575
0.57417021204882
0.694876887035049
0.623191085454824
0.527055520010671
0.773742497163008
0.685507710852181
0.730574428955516
0.690660928998703
0.563555533981625
0.59112903621063
0.657143727084151
0.800861333732316
0.604334117214993
0.650720200202263
0.670550721845094
0.874168716124771
0.666921127569354
0.705938319456109
0.707302044115398
0.765384342732592
0.619172079706973
0.773715007302455
0.646392303910053
0.838246040662546
0.666246115147354
0.833547550237886
0.688863951188989
0.599750672446314
0.725169429012931
0.669340624955446
0.808085543837991
0.66756486032398
0.748767970158205
0.980720441963093
0.825244175785805
0.579194602437533
0.677546054071977
0.791707385660175
0.640767380047696
0.607003474497544
0.651122901313312
0.892764453105788
0.7471129917696
0.695801314176738
0.619556238961713
0.836537741050821
0.753053997586351
0.681860122734929
0.719913913529369
0.778983793482437
0.714747524226945
0.701335188069421
0.77541151214103
0.621555107206898
0.815760906194506
0.783878252311449
0.979700398851659
0.713160653113146
0.635783926531941
0.817290415989235
0.742775704325652
0.685097833125741
0.846809255971222
0.894382426911548
0.782049342706443
0.571317414089639
0.854656081258871
0.719853539573225
0.759949391642613
0.747087127367073
0.898878150928171
0.699743756730952
0.839620271483031
0.803561645649782
0.735648295318483
0.838580464272848
0.635708724367291
0.903038347275557
0.884241416007875
0.733404316281841
0.726342299919932
0.775326309308024
0.752295960245461
0.669063345991195
0.797038853684058
0.87606938030682
0.809020148582914
0.838010910158293
0.857574588715258
0.864866296081271
0.858708645838269
0.860903310028543
0.837553691416021
0.675443292226029
0.823687331339883
0.874863504312593
0.903683405563769
0.826764221348578
0.919837286580901
0.967943793776549
0.786101594963392
0.843069776128607
0.864759561023415
1.00336316994552
0.807618043525298
0.824405069990988
0.781267430276225
0.820293250413397
0.861057270311409
0.756676993814871
0.818851394273159
0.863651983330937
0.80550658355157
0.684323349461268
0.766138404744682
0.800821563472484
0.797690845377521
0.777244929073571
1.02644561298226
1.02654607760909
0.93430689917016
0.862849376542395
0.770935834089513
1.01410050421749
0.817478985548418
0.992341540804836
0.948245410811767
0.772929520695128
0.949177641076354
0.871325087070754
0.812889956169193
1.11905844393568
0.729630381748216
0.864842455129745
0.88039500659996
0.92478921879984
0.933727148933641
0.898728514753861
0.974501552820606
1.00033820079749
0.926503151761774
0.773193193193246
0.921128969720207
0.847879763073214
0.759700368385016
0.958051509100578
0.861810092006211
1.05990390401894
1.01278198832213
1.03232238463724
0.967346801165713
0.838990468374207
0.910192959194504
0.929604303030552
1.05829816460913
0.784641743554225
0.894633847616418
0.926265595020303
0.916692581561684
0.862168180941432
0.896902074822304
1.05910535156867
0.985155879319309
0.936195265984178
1.02196300256187
0.999797068180778
0.851086111919437
0.925869921637503
1.02266684662211
0.886065856768291
0.95140372433684
0.921524473077164
1.05348584251265
1.07981341707429
1.02315512859667
0.969346612008367
0.928942444468607
1.22227401020313
