-1.01977585115103
-0.916507160801721
-0.970584670625373
-0.928330142856702
-1.01786405283647
-1.07933066161241
-0.963667517681455
-0.798007585435726
-0.926771479856459
-0.955296910342072
-0.996491783359498
-1.01333639263344
-0.963543749146397
-1.05374005576701
-1.06698960987519
-0.953569385460334
-0.985108021842927
-1.16568052836253
-0.982753005990188
-1.00240549451338
-0.954808872632532
-0.954984251210171
-0.835100783154691
-0.943395908309085
-0.842676796589281
-0.945838515222773
-0.882390020636707
-1.0572871536003
-0.953272163604006
-0.752780645252987
-0.889296584974157
-0.858894765548201
-1.18281420451846
-0.848986157040481
-1.09057889719983
-1.05029579636816
-0.834399710664305
-1.06830700860092
-0.94973699301113
-0.797347380548998
-0.947843101392652
-0.88646977049761
-0.715958161289405
-0.710620766621335
-1.02935798153309
-0.846415117579871
-0.971057696822503
-0.995406807963027
-1.08062959603684
-0.798129435526296
-1.11946695233382
-0.959788102491192
-0.954265381634546
-0.730891405120654
-0.958117881927402
-0.785021002209378
-1.01554463440166
-1.00309079142733
-0.749954381603506
-0.930872575406004
-0.802961306756127
-0.973106660525308
-0.840107612704994
-0.844720603759735
-0.863418977232269
-0.819812136958972
-0.814027848837647
-0.952405238075742
-0.829013776336721
-0.821784614331108
-0.93514759636256
-0.81683077368289
-0.937546465570759
-0.704139667375337
-0.75444238510803
-0.727513540788384
-0.852402763165459
-0.749073062069893
-0.843884638825607
-0.798217934139349
-0.84099762206169
-0.749620865731829
-0.908706831837519
-0.765463999343932
-0.76533043512664
-0.673799078287322
-0.746650105650608
-0.994429577115496
-0.877308901720392
-1.00631969929969
-0.833532033812205
-0.803585001229212
-0.929128266887397
-0.796068088202136
-0.820492646510824
-0.680220063938035
-0.764121827233814
-0.912827783398299
-0.709593393345768
-0.814639699062378
-0.796290177760255
-0.847793197541431
-0.849907538680829
-0.838758057553991
-0.824083875083734
-0.838529038135108
-0.792148314196709
-0.975153508977093
-0.75501558970767
-0.770508364065509
-0.788946543510698
-0.823366580684258
-0.707205374101025
-0.839425100083222
-0.744279447500576
-0.648675848677066
-0.798981187020364
-0.609041220317247
-0.760813577084829
-0.673687537993377
-0.779743437199918
-0.824673131945734
-0.75566935189443
-0.854215364628611
-0.665908329139371
-0.640191045521362
-0.800235878313295
-0.780824323433139
-0.840918015658627
-0.677585932367087
-0.563312268686111
-0.763793582180001
-0.675744108160836
-0.881743479038856
-0.483893278051197
-0.741547561057794
-0.738862006798162
-0.800325538535791
-0.663113302176146
-0.648984181049298
-0.585392857975364
-0.568456554083932
-0.650390291981714
-0.644633355205412
-0.787182269547084
-0.783069382239124
-0.754877368795657
-0.7034270351022
-0.661832845520557
-0.859780000908734
-0.710840545381184
-0.729761331872866
-0.694784938164831
-0.7897916795597
-0.655855233052931
-0.602479045238312
-0.757786786228971
-0.618774535736056
-0.66119262099862
-0.701787704379805
-0.63591561144487
-0.672117499630092
-0.752326210454027
-0.727628951884432
-0.58643548364745
-0.608029790972285
-0.847894779979038
-0.53733943792786
-0.7178433789874
-0.649738103064407
-0.687762838371778
-0.658691407841628
-0.598250320490299
-0.646166873064164
-0.58909066436995
-0.653416267820266
-0.634425612477581
-0.493281502773453
-0.781518351274221
-0.643611364739487
-0.702412783677348
-0.592761567408925
-0.657416404009285
-0.539174109853755
-0.606299957397276
-0.563489587861516
-0.641363153327147
-0.532477103444077
-0.661101401244648
-0.583496354854969
-0.495030011085536
-0.71231820941949
-0.668390011079991
-0.613366996118564
-0.594540046933499
-0.744219060156105
-0.561250867998097
-0.615059123994356
-0.660675835907648
-0.696980435817823
-0.484183018081396
-0.550269232606249
-0.713537390306915
-0.5973732629755
-0.699643658140828
-0.658896110247193
-0.749370578735143
-0.625438127966211
-0.557992887653996
-0.517833031704412
-0.627798007714371
-0.533280285798567
-0.569710786203648
-0.529632522616846
-0.561826605006398
-0.551717372908152
-0.582475988362184
-0.630679833642372
-0.612815931258393
-0.684061699799854
-0.535258595018659
-0.571868272544458
-0.582773119034867
-0.591541289526762
-0.467148613072906
-0.44731124253054
-0.652003377884227
-0.547659241893397
-0.580750588623117
-0.541580607690484
-0.346292973363652
-0.509752341254884
-0.393699115864243
-0.601626084278293
-0.429362207042531
-0.656015365708475
-0.526374651307268
-0.530515501891256
-0.520231010634323
-0.590590757371042
-0.467163573098557
-0.53854035848797
-0.615588919910247
-0.609752092348935
-0.425852154631811
-0.448427988537492
-0.43192389917034
-0.537071299471821
-0.41780038712265
-0.48839005042509
-0.525377928032531
-0.505749752026099
-0.433163764338334
-0.582863439805221
-0.604064123038873
-0.527098881572062
-0.460212128870791
-0.435567936635477
-0.468357719833662
-0.376948353396079
-0.433291921423471
-0.589207719854428
-0.369822875630234
-0.587751689520312
-0.566274220580204
-0.47726460904302
-0.421560237567423
-0.278393316151905
-0.342228831286328
-0.298960592804429
-0.391766157132099
-0.402071988408152
-0.491703170244785
-0.534810144087877
-0.370496805107074
-0.491568035516914
-0.518319529649574
-0.440264979621083
-0.440249512329248
-0.444976045394607
-0.480306733300775
-0.382588362511287
-0.507733321197829
-0.276992470331654
-0.382086460086398
-0.390285114956549
-0.463409061120524
-0.450635850517318
-0.493379221281083
-0.328200495753055
-0.412052119501702
-0.485514620393908
-0.455184444877719
-0.405960868550703
-0.522429504092729
-0.295880401803298
-0.426102706211194
-0.455479059806294
-0.593969444743738
-0.417827045154854
-0.453852918067731
-0.393872505758253
-0.275025282239081
-0.317315617726582
-0.383663743461639
-0.36950401883059
-0.308126763020832
-0.26858646357734
-0.344774105476478
-0.343138260588583
-0.507633192135814
-0.428260763270529
-0.139800398633576
-0.514210890757789
-0.325488314744199
-0.33523818137424
-0.407631311578827
-0.442166477917428
-0.431796453271252
-0.388365183334726
-0.34133353123548
-0.336518873707079
-0.247413408420176
-0.355770613008536
-0.344562831274065
-0.286299831587375
-0.117059109613506
-0.293695417255488
-0.36533483240908
-0.172280743112137
-0.500286885686606
-0.382217800181155
-0.314914590316395
-0.28457328975717
-0.285313968172691
-0.228653716275207
-0.418143222632794
-0.300245820852278
-0.329326820862852
-0.361498782363094
-0.316913030252022
-0.210703436802516
-0.262991123995129
-0.430327003072885
-0.218802552165402
-0.186456659469696
-0.218759530476342
-0.196580699153367
-0.341369392623838
-0.29154450442901
-0.218969262050766
-0.38413654885897
-0.229844775106698
-0.352833773439771
-0.29917051150648
-0.272092319090272
-0.238873298963684
-0.295291210563439
-0.233089253355177
-0.331231508514987
-0.383978825363465
-0.326139719785858
-0.327886048349748
-0.227503207954535
-0.191070570405612
-0.174417246770625
-0.34460881163789
-0.261554967842481
-0.242994831300167
-0.173264868514432
-0.326707135097233
-0.222828645055117
-0.450303372350056
-0.195797080847157
-0.305904490973804
-0.28986214790623
-0.199154255294251
-0.280390478541108
-0.205507197477917
-0.249154081900223
-0.349035456042556
-0.2470514722772
-0.254699755225431
-0.346250277655379
-0.262226547670645
-0.273439870768144
-0.388980014594663
-0.208130515810091
-0.0636518567627496
-0.231668086367928
-0.173771786160495
-0.314791835983289
-0.0828052884058227
-0.121961071527285
-0.311770790783257
-0.294752199199487
-0.12794194188624
-0.23391532073114
-0.384554351343185
-0.148818145189955
-0.21060404729447
-0.221019347333172
-0.230334509342999
-0.249428760833006
-0.304832644785691
-0.119993931100079
-0.0945026782894191
-0.328616307330421
-0.122627194868475
-0.155881424534351
-0.136199360604793
-0.220164255393837
-0.166459369025384
-0.242799797430381
-0.23724087626555
-0.0578358332691539
-0.260987698203621
-0.327540545741435
-0.195123605504128
-0.154880587978928
-0.0307260048425397
-0.215782463002973
-0.183859942636379
-0.195685394372632
-0.268858744706229
-0.184876779373635
-0.22874832561602
-0.151673923389321
-0.113725633345495
-0.0684189347947678
-0.124449178943157
-0.138778171997563
-0.222904559935308
-0.114977183723657
-0.0278695748415071
-0.149701542836681
-0.116869305287479
-0.381125485106509
-0.0910698858684532
-0.197779330583283
-0.0657325413858276
-0.157176021504282
0.0173858992727545
-0.0871233318863361
-0.0654658853330109
-0.143275469260516
-0.115936004018131
-0.143355882174872
-0.0831289310848285
-0.046809341919249
-0.270319282209415
-0.149182633791223
0.0581491308936195
-0.0627003403313171
-0.0294034853703026
-0.119026180734795
-0.0836586535200929
-0.0599103241172187
0.0223950077866905
-0.013605395589723
-0.0791029774445258
-0.103839493562861
-0.055899286850083
0.0159133810610036
-0.0943891780540321
-0.115259617114791
0.0827499075546761
-0.165642936054942
-0.0194377536880067
-0.00942280289907698
-0.102785769029667
-0.130465265527545
0.0238094612277588
0.0440533541952278
-0.0547432470163918
-0.15491631044063
-0.272342526474367
-0.0718691528251787
0.0483260715701495
0.0190645462616171
0.00815959341155152
0.0489004859658424
-0.117376291041181
-0.10122714636933
0.0778553071272279
-0.157690149900725
-0.105990518128488
0.0926811966099501
-0.23632866171442
0.0722539869984936
0.0208677281980072
0.112130701677297
-0.11195629529139
-0.0643219631810522
-0.077390801511245
0.0671524580179887
0.0301892520162644
0.0295464615255705
-0.171285948810294
-0.127303032079115
-0.0510340855057501
-0.0878191509065617
0.0173282435689965
0.0152473196081057
0.0637776019914334
0.0702982836875795
0.00255671289199526
0.098202194070612
-0.193842524998585
0.000716582194346055
-0.145931992173296
0.0607039462090581
-0.0691882769311345
0.0781446845184359
0.0490487862252637
-0.0390002404662524
-0.0591296290074542
0.109877272195149
0.0205457022194866
-0.0630021190333797
0.0415379007324126
0.165658079878846
-0.0820472598660166
0.0791839604601117
-0.00565400009776374
0.0565788878338943
-0.0680817439267786
-0.0934595430983949
0.0609204459637814
0.103665917768352
-0.0186877083485697
-0.0540759907332144
0.157480683098699
-0.0093919775533604
0.0728956572102739
0.0438814752665884
0.254702292084164
0.0679152911396125
0.0374555110281375
0.0467620457699611
0.147392567302745
0.0155404677942645
0.0617303322531965
-0.0152234307873835
0.0102317954962051
0.0725564414552915
0.0914906681209107
0.0788035536360785
0.0900455379648115
0.205896128677424
0.0810190016760344
0.0127230545017002
-0.100828611341215
0.0227546974401128
0.125162562775339
0.0667986797807194
-0.0424463564685156
0.168879769549534
0.19301178638439
0.0540162268238596
0.104310470691934
0.0581250883375674
0.197684682230041
0.279962874884242
-0.0162390743402256
0.235247072728743
0.182282417263329
-0.100555904812416
0.157619414335276
0.129202103401591
0.0812872202234783
0.161249728216293
0.22359399994406
0.0819798612621293
0.0458637093165666
0.078589040481263
0.316501779237491
0.25496152556958
0.162426725675711
0.180359891515231
-0.0375909644335485
0.254202005493228
0.233931659043651
0.0620793176773119
0.104436863284567
0.0796863185696715
0.158101636955097
0.201516349382788
0.219464365914985
0.0610810176518184
0.138555928053204
0.286842950863381
0.111388883821867
0.220568504068398
0.0728805960922632
0.191986339806405
0.27414514107428
0.261989868659251
0.160177293308748
0.275487565856025
0.124883934719494
0.305692814762933
0.167288392394946
0.329373579142454
0.197743109759926
0.028577783509028
0.164776990984773
0.289543407444792
0.279004201326434
0.348159623040768
0.169874834603461
0.186045799325895
0.363823868244657
0.314498074630738
0.281502894920614
0.159009315639535
0.110362304491017
0.277281753174733
0.269259466809236
0.0157031096137216
0.234059473557346
0.275483779491304
0.196867128648994
0.299528680239671
0.182040665551328
0.266897219625955
0.114775503324765
0.267997740023671
0.206583978342063
0.386991894742742
0.396016188140698
0.254515208441464
0.115796045159565
0.267561262797376
0.23690359764126
0.320278303766487
0.138886720142438
0.438858651843911
0.27080427723346
0.240641723298025
0.146394944311507
0.304708276824099
0.268431877329245
0.294048950534986
0.163533915582401
0.238695316547033
0.288433404267018
0.371352376631223
0.215725746837787
0.327991995636397
0.393676566487468
0.282949060886787
0.422759576240588
0.436233790433127
0.331968073443139
0.365647964158525
0.32053050655109
0.367343511928723
0.402712328110141
0.234025875467525
0.310117994024834
0.28558638839709
0.346212591474057
0.392902033956522
0.535985053065861
0.423527508386697
0.338266899191936
0.312107464906796
0.283618495780022
0.48578066764888
0.309552847586986
0.39458754979562
0.322061487315337
0.441969288271727
0.246416387089842
0.4002699879958
0.225380798921608
0.233527352550627
0.25500598450317
0.294744789309019
0.445749270178702
0.227715124305184
0.356649757578621
0.312223862459552
0.367044528516538
0.471688614153204
0.429298055310479
0.338395286958415
0.398892671404807
0.412157615838439
0.291457084440826
0.383350811633143
0.338125397877905
0.320243477869862
0.417373114355844
0.406225538923441
0.346713046011269
0.48534508780902
0.476543856867053
0.265305490469768
0.409989225724975
0.522838111570946
0.467656135472276
0.410777126062057
0.343493848335318
0.397829003642929
0.378774064848742
0.398221329925622
0.246961575045791
0.448581648362167
0.547522505219765
0.352438493292833
0.44863041932761
0.589704703057606
0.504239950948635
0.471913226085144
0.370523857973391
0.536126895691074
0.3253176493573
0.410068068351155
0.491862696525383
0.338232296054307
0.48612867530377
0.366821810161448
0.473334064297661
0.337549345290756
0.562584962974373
0.506364739948524
0.347727236934304
0.435866060251725
0.486090775424182
0.476808618665006
0.476515493657309
0.541806773025608
0.377376839565
0.444479659890556
0.484607670859747
0.605732699517063
0.294688207383485
0.48099722372824
0.423615870540015
0.63148554433777
0.655156460901623
0.405373363136103
0.695370693378611
0.483636673047061
0.526842702314086
0.562311754016026
0.430179799304328
0.476188205334186
0.446299474233321
0.499701344593917
0.493450699294619
0.475955960123506
0.523283190348999
0.441972525246057
0.503963504130271
0.547870022126796
0.402389096008226
0.523426693031689
0.543444001995613
0.497376765056466
0.534173444564459
0.492224145215243
0.48519648028484
0.493600123199161
0.606711236934284
0.541121982918875
0.624316712783574
0.460539580717787
0.413318076295352
0.546191712540564
0.533546226262557
0.530524273349439
0.496043695727986
0.533418947855656
0.529761920191922
0.511300118454737
0.599709949556618
0.557908889672244
0.562288737038791
0.491755195627079
0.560126864386255
0.442963472941311
0.55521596491106
0.505939921145433
0.533663306408945
0.697938647420646
0.523692292429783
0.631334703439029
0.531304387912083
0.526744354742275
0.584729831233967
0.673191970431608
0.501311684601173
0.505582492507622
0.571101303455318
0.601548678046882
0.502245183661454
0.584986610116172
0.513398825272878
0.659676113507466
0.568840378189305
0.621474009586045
0.58957503556356
0.727699548753284
0.585912573625373
0.549494620866773
0.48142164311664
0.708523038984689
0.640781468518675
0.568625455601665
0.685549955887186
0.801938555295957
0.679180903474078
0.616029079867911
0.655667795681477
0.68956881244651
0.51790255945009
0.573340336505634
0.618339117612636
0.71858345887436
0.583447818584904
0.710802873803917
0.655037520595037
0.522542579317464
0.777070709973947
0.695351261568135
0.723204228896434
0.700340210106802
0.534655268531128
0.60491381993142
0.649907823578241
0.79243056756789
0.587122734760283
0.64771763059923
0.661619432351224
0.867336466260829
0.647441499725686
0.695761171385343
0.716803259352363
0.760308178116688
0.618591066571008
0.777895597817422
0.654023422047894
0.841155827816341
0.669437340601042
0.816044907440158
0.715657825752342
0.593858630545915
0.726424152439889
0.662773655158761
0.804108267082367
0.683835147618593
0.756701299534871
0.974875096003685
0.830776183391635
0.581552416760759
0.707882209959813
0.787608913544694
0.644146875069578
0.633172025147658
0.654045488456203
0.89343436044671
0.747094307464331
0.726547559877131
0.635142439921068
0.813320453751485
0.726017022285927
0.689524089200926
0.711538843090911
0.775828546365426
0.727145204094898
0.702253440643502
0.790210339597727
0.655853272762289
0.821677216372309
0.782587757854904
0.978413074277097
0.711285266891296
0.628007621455736
0.804556015127732
0.767891589920874
0.704209919278474
0.838946376258129
0.878033042875063
0.768553214201171
0.573214292945535
0.865055856016045
0.736948284808212
0.78618123204091
0.730621185651314
0.904141537965468
0.693090471744641
0.812512025504952
0.822635584437761
0.712354884670292
0.831926024766782
0.645445493040155
0.896127872954374
0.886546793058079
0.723968974454112
0.717231051795344
0.786108402458681
0.738781668439623
0.666694430560938
0.825273381956681
0.835720067292916
0.817373546604702
0.840101317015884
0.864803970221796
0.855697386797471
0.84948456670972
0.861123776634889
0.844263992690201
0.692912941427054
0.808405617791264
0.894159642142733
0.874709460313962
0.811286573528024
0.910618462368988
0.958429135488734
0.785554230826663
0.845222751423049
0.868809254089151
1.00224112971279
0.784401022679988
0.826695975818249
0.797724329439248
0.810063270158877
0.846303658781939
0.75123731357089
0.823882719789157
0.867991983172359
0.803601057073372
0.684968916386558
0.766418151079889
0.808527681597634
0.81974953621356
0.787593092735628
1.00085656074794
1.02151808794711
0.940014360355308
0.86047052208712
0.770455457628416
1.0036600636809
0.784234593761091
0.996701706866344
0.931843742097215
0.774143978358411
0.983408155876099
0.866177294582898
0.82132939578814
1.11962167248187
0.734731973003528
0.86904324186459
0.877507755212482
0.921489798951818
0.914513105713021
0.882832084045294
0.964938569029624
1.00081248526134
0.914378487018017
0.782164429059539
0.936731951932283
0.835909742984799
0.77233367030228
0.982433112470212
0.872897809692848
1.07031768513928
1.03177730879539
1.04365639313925
0.987505525875164
0.82031461156693
0.902520690338489
0.939711361256894
1.08649355584473
0.790764867833452
0.908593054913019
0.934721087167644
0.910516052042824
0.885841066418284
0.886865523420191
1.04939936149183
0.980115587836413
0.928390048336605
1.03095596455305
1.00925902760544
0.847641917238258
0.937629645058663
1.04154556756777
0.887780323985384
0.93927564095057
0.925992826352384
1.06325096532286
1.06870924834436
1.02294114456991
0.974389522507814
0.950547696712782
1.22273124406871
