-1.00363849352318
-0.915906196603802
-0.953112444021917
-0.927062622873865
-1.02871582761358
-1.08934774282909
-0.976990189638236
-0.818694282234083
-0.916583926759121
-0.972045909947575
-0.99744660369952
-1.03187505408056
-0.987447410754382
-1.07165809939448
-1.05137877399147
-0.978886036268434
-1.00241154162544
-1.16058615664808
-1.0011673763585
-0.9855899093775
-0.994862646687193
-0.949381383256858
-0.839917659097245
-0.934873584373395
-0.858165067878611
-0.930556836985163
-0.915497472939061
-1.0507248804739
-0.965907977777028
-0.787482585649282
-0.900094478506
-0.850718785010039
-1.15416871268389
-0.856190853337297
-1.08782901428268
-1.04201983230128
-0.829303123543836
-1.08211970324873
-0.922255662731178
-0.808552059231205
-0.94536081808919
-0.871339086798573
-0.681981408032722
-0.747626310189804
-1.03825916942093
-0.848262048978273
-0.997008785161904
-0.993616134341812
-1.06388953665374
-0.806987106725629
-1.12271253103869
-0.987056272560444
-0.930570109277687
-0.723040902219565
-0.957945037816138
-0.803116097778996
-1.02130459010023
-1.01579865415226
-0.75966107591956
-0.923792756730304
-0.796229264280571
-0.98908133034504
-0.842366258864453
-0.851073488580279
-0.86214337988638
-0.820432922933869
-0.817967672954617
-0.944974306353553
-0.84199941947614
-0.804026083120867
-0.914528672979704
-0.816462706212697
-0.946555938474349
-0.68116228871564
-0.759887994145975
-0.730137598206892
-0.845338568757514
-0.737268546243494
-0.858203162832613
-0.823103301729992
-0.846885052209161
-0.757675296199995
-0.897936662649555
-0.765094026499938
-0.780764797860128
-0.661001704320942
-0.744949286873216
-0.989886325677703
-0.847581404325749
-0.997635368755067
-0.829394375194279
-0.804992910930285
-0.927611441642802
-0.788807438425486
-0.818231249093373
-0.679552193529105
-0.764535825610193
-0.899791999989737
-0.699977515273649
-0.818477638702543
-0.785631924620127
-0.849920675675153
-0.850866572119805
-0.825171733068895
-0.822829955409189
-0.827829126449904
-0.784476573124633
-0.962572437432984
-0.745423097628546
-0.751926233367236
-0.763930662880282
-0.821580150294516
-0.702504939316666
-0.809190915554678
-0.744231686133303
-0.671819596634618
-0.800870734835012
-0.628054461014966
-0.752948159019349
-0.676591243957473
-0.758737780849947
-0.82903988727166
-0.725180399402404
-0.864075795148019
-0.665578885374361
-0.652026349714969
-0.791856570081852
-0.758162116938735
-0.855857424317296
-0.671433364586225
-0.557892452369753
-0.751482646449634
-0.657076413763234
-0.871336937339778
-0.481506577006984
-0.742172341020008
-0.749120460294244
-0.786684168169062
-0.673409574336981
-0.650863839048804
-0.558678652678847
-0.572125826401864
-0.679889612375873
-0.672401326513423
-0.814659926520492
-0.798891218040102
-0.73892896917771
-0.721460337956333
-0.664235121487127
-0.859503387495359
-0.683229521243509
-0.726659414648821
-0.704511796813636
-0.777972059913774
-0.657600156407112
-0.611866759343083
-0.769148489698443
-0.602457105752933
-0.661280175405716
-0.709496576654481
-0.631975989456419
-0.663947335085497
-0.766373916148099
-0.727369398625341
-0.587187054447386
-0.591932951116334
-0.874397783529522
-0.536543644022148
-0.711340161078389
-0.650271748154026
-0.671818240056926
-0.675137999145866
-0.591615660521825
-0.636662340178001
-0.578048933145029
-0.66894896196161
-0.64882351873875
-0.486379044940751
-0.778211970414989
-0.643002711785075
-0.695833415772679
-0.581611934642964
-0.648325210349753
-0.542593530254769
-0.620751300471105
-0.571570560527315
-0.65228519852076
-0.516223757573803
-0.670200646001014
-0.567924440311949
-0.497829147106248
-0.706112015038469
-0.644700737293322
-0.621672342748407
-0.600591513135441
-0.746213629138155
-0.569193899952629
-0.624660519567114
-0.671416141463501
-0.704147690547233
-0.464096314728405
-0.558150238232306
-0.691153101243642
-0.598262315396571
-0.684617828290775
-0.645691525686754
-0.770889380392162
-0.658202948259899
-0.566048430919039
-0.51020468080206
-0.627491728238822
-0.539054069004866
-0.567993977396218
-0.533714334952783
-0.569215832906345
-0.56080808590645
-0.568369002415238
-0.64639750245856
-0.59268989500021
-0.673780072086385
-0.535795485728593
-0.576394875204895
-0.587578735096056
-0.596436296795919
-0.468659654381364
-0.465533694659436
-0.652432999913251
-0.545064298576324
-0.578789706359003
-0.533486359819139
-0.331953437802404
-0.503124811768836
-0.386166536473398
-0.611511052956535
-0.463093289694953
-0.658462631865546
-0.509910862601591
-0.523646390176512
-0.53998495031362
-0.59883146514191
-0.486575861944319
-0.530100874460788
-0.630027897542356
-0.625903898874837
-0.416712509450021
-0.46657782065003
-0.44237507651607
-0.558035221316006
-0.417136037136706
-0.459147122121443
-0.480726440077103
-0.497688005741499
-0.404494537153382
-0.554952306667961
-0.607394872624483
-0.534724637593387
-0.440922872424756
-0.432626742453404
-0.433523008391231
-0.358939028146037
-0.419369696492331
-0.606099029542762
-0.36458001973957
-0.585521738487305
-0.569249034087847
-0.476019789059237
-0.406866094873638
-0.277936003342062
-0.333678415426656
-0.302420771286861
-0.397939241146315
-0.418836554932674
-0.491287712677816
-0.522219578828714
-0.360114457295058
-0.482785586325441
-0.527703377074584
-0.442571578753929
-0.437426046536326
-0.461422016838784
-0.483050270686208
-0.381282908631312
-0.528598169328203
-0.259928873485399
-0.362695570055421
-0.387700054702307
-0.424087387611434
-0.462698032203846
-0.480847182414923
-0.333534041447365
-0.397253216639634
-0.46818704842269
-0.442851073885911
-0.393981331841267
-0.498224214712448
-0.299993366429511
-0.442236869927957
-0.447552803844787
-0.602434264138611
-0.420332870811388
-0.440570857579807
-0.412349100918632
-0.27624436543491
-0.304770781684857
-0.366336026231095
-0.337295616136128
-0.322641789089681
-0.282569367030613
-0.340575846064974
-0.343812701430228
-0.500379030174307
-0.455689403781304
-0.141586176555502
-0.499332738760055
-0.316250098358325
-0.378042917154888
-0.386012679309165
-0.432565912536515
-0.421662669267639
-0.364651101292287
-0.366137077055286
-0.320933637707942
-0.271093681310771
-0.355523110809559
-0.338095299536392
-0.296358173246238
-0.127206192027284
-0.271678464176826
-0.356150682579424
-0.179992734066455
-0.490991562647153
-0.39721839272025
-0.318537675175433
-0.266861509132072
-0.288751388883533
-0.241607724668526
-0.425476545652679
-0.305779395174608
-0.336865839312952
-0.375732075269712
-0.28701070313305
-0.211190688834654
-0.267375563750331
-0.462744075069696
-0.232340056311334
-0.176322655236633
-0.214877630459016
-0.201553521573936
-0.342293456164921
-0.299528956842379
-0.195938072552996
-0.380370803173383
-0.214939304270058
-0.338385286242
-0.283935660176373
-0.268438246297312
-0.233964758362911
-0.2896256107485
-0.241275439937398
-0.324098637582089
-0.382714964356226
-0.324164664586693
-0.336307772144128
-0.221404337891356
-0.182519850131917
-0.197788311621394
-0.33343402154885
-0.252829047419114
-0.233515718103759
-0.184078053482713
-0.330079127017634
-0.227878753061527
-0.449162247417674
-0.186051857421616
-0.307999998717087
-0.292199113145213
-0.197978793793974
-0.292096868683127
-0.229321218561135
-0.272503235424676
-0.364869597820111
-0.274376959326666
-0.238140497777152
-0.332500618038871
-0.257767787048791
-0.254161200266636
-0.401269601482287
-0.210109697938027
-0.0785012127172561
-0.212766473163034
-0.16482738658882
-0.29833099011471
-0.067228835732577
-0.15662989849324
-0.277782222622476
-0.338039690860887
-0.130821106858857
-0.214280213830408
-0.356654032171433
-0.123767853317409
-0.205410816188915
-0.213003814867847
-0.217854503802692
-0.232459545291128
-0.277946434006685
-0.120520486114805
-0.0873959592327418
-0.342531012319719
-0.0947422764364454
-0.153353429346548
-0.140789790568266
-0.232868213902156
-0.170155933124735
-0.235565680162654
-0.235589643253178
-0.0653359865937503
-0.2230685877945
-0.321275713851958
-0.211547208501661
-0.149744065927687
-0.0485004093736731
-0.221890922131566
-0.197937365592199
-0.201318756201178
-0.255733798153491
-0.184515831336799
-0.21320039545697
-0.181517217030052
-0.124701693218093
-0.0599398454969484
-0.140611448076119
-0.135229734269397
-0.22624370933418
-0.113584835137017
-0.0639143960219027
-0.136829736781776
-0.146000288785457
-0.388303109792558
-0.107864232897878
-0.18148558727488
-0.0384528230756758
-0.186422711577859
0.00858999912910467
-0.107705208887617
-0.0545327712230161
-0.144576283993847
-0.110111283892126
-0.141521982791326
-0.0698443357275736
-0.0418576981411142
-0.25420106938958
-0.144596223595356
0.0698723776204721
-0.0691044543053497
-0.0302290253380243
-0.116240844073112
-0.0757098493253836
-0.0531242979416203
0.0153652863799777
0.0112589354928438
-0.0733907037525861
-0.127635490233565
-0.0393863267372628
-0.000331603336465873
-0.0950069390952492
-0.105782457645465
0.0755413359080894
-0.158576477148845
-0.0346599651875563
-0.0325433543545356
-0.0901388873592535
-0.134921009247826
0.0314867032147581
0.053347123880732
-0.0689091408529142
-0.159449659682019
-0.293478852977294
-0.0620475132327804
0.06679350372474
0.00634081618574607
0.000315296686882279
0.0237182561158437
-0.115165949859678
-0.0849460995262209
0.0388584849542193
-0.130434832371575
-0.114264818029897
0.0994363782539751
-0.231729309080721
0.0601148494240287
0.0312452340865596
0.109739017063235
-0.122182591564405
-0.0651294174959057
-0.0571330213827839
0.0860574746524414
-0.00223151176354545
0.0353131365589677
-0.179788939646246
-0.124755124972565
-0.0714968583214022
-0.0725665250865011
0.0177059192551747
0.00411185381082868
0.0567849791055174
0.0533937936156981
0.0076980565606498
0.0859387119773027
-0.161239883462167
0.0275835958968982
-0.129079579573876
0.0417116109069315
-0.0725788271480329
0.0878362900239819
0.0600071234535277
-0.0484177057001556
-0.0845331653313006
0.0892460352730595
0.0351906917468293
-0.0375887119038267
0.0494749120231672
0.154784287069291
-0.071226086412996
0.0760673430894803
-0.0133641069585861
0.0702927013196922
-0.0570029848748298
-0.113186213326089
0.0890062008200927
0.0953476962183675
-0.0322354380406386
-0.0658490650382218
0.15421826893249
-0.0307080366644864
0.064237415185822
0.0330299673195755
0.248170698783243
0.0852080747460611
0.032768878466887
0.0234642115922559
0.181122464255122
0.0465536777363743
0.0723307164448768
-0.0587732996672249
0.0198730970320164
0.0602173210510744
0.096044110009442
0.0649842867150666
0.0908691857904138
0.201289492973331
0.0849989924126239
-0.00590389280559301
-0.0748451533263726
0.0419057098774095
0.142007134160708
0.0751528066558466
-0.0362803408303902
0.145589189049555
0.201738670939047
0.06674582275532
0.131742166432235
0.069320644298844
0.177461989239991
0.265756224175918
-0.0332185462758274
0.222985849417905
0.184655867159676
-0.0902263941151576
0.134932054670784
0.140379124369715
0.0912840698672073
0.16217433133548
0.223691621997921
0.0836985465638365
0.0422529144605232
0.0659035746664155
0.321632773842463
0.251963412803044
0.17342374912077
0.203448356582289
-0.0155603781641492
0.229428902911429
0.225115097369185
0.0647798507263546
0.0806660206031151
0.0670878548622823
0.193568139650099
0.204656689204303
0.213379035095459
0.0555601031636114
0.129180750503675
0.285281374490313
0.131101523403594
0.24230472478895
0.06500049997247
0.188082390746966
0.27884695413999
0.25156473730305
0.171777493354907
0.287794262907673
0.120035484822779
0.32308659782995
0.148745071909703
0.323824407148479
0.209835131945234
0.0108311998000824
0.167349927602093
0.292981325381233
0.272215478399415
0.352204158140966
0.186873479747137
0.198937107651838
0.365849834423674
0.310328256457137
0.288011442995139
0.162723812977464
0.0951065161920354
0.275745281623205
0.277080802434654
0.0303151831473004
0.248659668212137
0.269517814172719
0.162890198757476
0.294984376405735
0.180114506691136
0.264704237753296
0.127583835665202
0.28303727755619
0.213217715871571
0.403634938685177
0.399335041473685
0.25654793822803
0.118756416900244
0.272584122109268
0.243177714107526
0.336867181779451
0.138134218053049
0.426689941153499
0.276907516680417
0.23356576980014
0.142899971554354
0.29822079695536
0.267896114010442
0.279616176541133
0.161987548947493
0.264275001983578
0.268096789149505
0.360124021142675
0.249735789077195
0.312949230807494
0.388708640715395
0.278041879283831
0.399245760156943
0.449822112026153
0.324734388816268
0.365394031291146
0.295811451473003
0.353309806286311
0.413581309836452
0.253320935113031
0.319500770108498
0.310390518902103
0.370271340439498
0.377523844223944
0.545315100999201
0.411814914206441
0.331680516139051
0.322956967020489
0.291820953559038
0.470500905475737
0.320370779914689
0.393595896491089
0.314382138563256
0.426945976628394
0.247387098957676
0.388721762621317
0.216042426556823
0.251070604782676
0.247030749638382
0.293714788201145
0.449099225875799
0.241777741958143
0.361323367535888
0.281153895667985
0.34037468133863
0.477003210803342
0.418769931289727
0.325656754037563
0.390712462757406
0.422144791233591
0.295296763882948
0.392887266878126
0.326546614394635
0.314837765242795
0.4221570309384
0.443164388372182
0.349019105067861
0.47755557623742
0.477094075907662
0.249549784250032
0.419319286867684
0.513574589306191
0.457205432451391
0.409583251678488
0.340508323540063
0.40798857413909
0.391112018262746
0.406830839733555
0.245749290300102
0.428460741451867
0.565733990280845
0.353078370022291
0.457073882265993
0.56868960864119
0.502575603909787
0.461871526932249
0.349662702921442
0.560439194671582
0.3641437742336
0.425955789998778
0.476512697093398
0.322835832947676
0.478338521946961
0.355861147148809
0.457193491487229
0.366849150660852
0.5539157479638
0.521676027093892
0.363055193777649
0.441505291193749
0.498093361413154
0.449544516103769
0.484408514345131
0.546519007071453
0.370108989756661
0.453916120138218
0.464884968536261
0.587550255523365
0.288569232337469
0.476048049950719
0.408772024184528
0.630209066733594
0.631655631775219
0.400075452360886
0.707261454884677
0.491121255577583
0.537974056085703
0.575545085036668
0.420131331832662
0.467973088290764
0.450949310571527
0.485859588275735
0.505612248429906
0.466197695830273
0.516457194194123
0.423967256126673
0.52682378972137
0.55069297186394
0.403318381326886
0.529741111195017
0.556631672880042
0.520909960103261
0.538513705838357
0.490582486087155
0.490213033501904
0.489243950618301
0.625061841793471
0.54304348146306
0.641606956097364
0.4746398143764
0.422353288950607
0.526603556788103
0.529632134955923
0.523451878031611
0.502137514115715
0.539399323326417
0.512559528762495
0.511878672609596
0.601975518394886
0.570947503810703
0.549766935851747
0.486850189111304
0.573087128638214
0.466240943426807
0.563062350229188
0.486729916759576
0.546113729686443
0.700540220269323
0.516962677285377
0.632103605413414
0.555618655754941
0.518350164749838
0.584811688196903
0.692631182656779
0.512111902379243
0.515699677591585
0.587352292779258
0.635807223777097
0.49726003644488
0.586796241520196
0.53298876865785
0.672530261717372
0.576457936690928
0.592371509920044
0.573793348544759
0.714067395955347
0.590309399467737
0.546981622196011
0.484368921792065
0.696030228704326
0.66704841923906
0.576571768699666
0.674342161104779
0.780325462612835
0.677287406537478
0.623408113366563
0.659312120584095
0.658315615308045
0.521435655392107
0.575395048727438
0.625173685210691
0.712088853569614
0.584746344978287
0.714176169964454
0.627941072708746
0.529196865558839
0.751727372916272
0.714308065114605
0.721216790734617
0.723055714573868
0.563874813320823
0.595954825134559
0.643762555508516
0.767062357002943
0.585999867405194
0.653818255846315
0.668473615593417
0.870803873413986
0.642321872728991
0.695077786173785
0.732808018993619
0.752350995796732
0.61826537661741
0.768897527631307
0.692173036834045
0.834500922722491
0.654942348342533
0.827494376280811
0.688684901196202
0.602633828437723
0.713597473924161
0.671976288788373
0.810122260778884
0.673643439441118
0.762742203008622
0.980741954456273
0.819902265781294
0.601656709801454
0.699099898358923
0.785296223428101
0.637775109265637
0.623575958408278
0.660477555235307
0.90083405703168
0.764883783158008
0.68673652081185
0.647149373518326
0.815322810172891
0.733412783227486
0.691307161828365
0.697936692963393
0.788332652019456
0.703761956599562
0.712395393197117
0.773550958268016
0.63252868540537
0.832878107321888
0.77366043991553
0.977844773444384
0.713824261726944
0.62384108958838
0.807615565317492
0.755389313337448
0.702270992545919
0.856857532835652
0.885962630189008
0.751853584839246
0.5724883885375
0.865087241540153
0.727824210570651
0.76790545526445
0.754622219772831
0.870919915980331
0.695396963507628
0.827376933155632
0.822903869745642
0.715540639465084
0.844599757227099
0.633504245297664
0.898282815880757
0.889895259502856
0.747215014347402
0.721158125985747
0.80903110212356
0.74681621581063
0.66512142347349
0.826207918266947
0.865572925231834
0.808135367600891
0.837390771512254
0.866933182601288
0.877830322498235
0.862484337526493
0.875751997696303
0.817063334507358
0.701876033650837
0.808839787958009
0.888031982763931
0.874738181914646
0.808713774075305
0.912549877868771
0.944581135443549
0.788820757801316
0.823229627392338
0.867100425266537
1.02459024098088
0.802072115193567
0.844996997322687
0.814290159432395
0.812891912577479
0.860380490192197
0.746720732442055
0.810819835555942
0.852047905198116
0.792898605830332
0.707359312320424
0.754874206969705
0.808789370321055
0.818640285581736
0.792025553728893
1.0120071312932
1.02586943675945
0.942911765966519
0.840588014286982
0.764837801935519
1.02213799575572
0.778636716902865
1.00148064971293
0.919444349291878
0.757924582873171
0.9529598288364
0.882941635895083
0.832308409127837
1.12938984213681
0.715482403465533
0.870401578521683
0.890810047500307
0.936739172836615
0.905254040950581
0.883842551633228
0.984309988966155
0.99307341561061
0.937428637652991
0.767566431584797
0.936720701339284
0.830197191294064
0.773346490747749
0.981058641157414
0.876652684478047
1.05451924149706
1.04221664013512
1.04937640325841
0.981061187022781
0.818956359204038
0.907145249680267
0.914191831912873
1.04291170979787
0.802086265836912
0.887860792322265
0.939729120235442
0.90879891223872
0.882319882482087
0.911534992315551
1.0833826366103
0.988725868155175
0.932097557957393
1.05557269950971
0.970228423548009
0.852196495074735
0.949198007338492
1.03118544154961
0.901187364437411
0.954786078688575
0.917445400681318
1.0356540823827
1.0732833924908
1.01706267417479
0.967534668929985
0.951996722285289
1.21376389361075
