-0.963090390063234
-1.03326168351798
-1.12967958334037
-1.09526659959152
-1.06008222118214
-1.01174027791371
-0.935988220415308
-0.893132786245954
-1.04792284246024
-0.963561550368234
-0.940620912844353
-1.10278884569627
-0.92965524123882
-0.854402111107801
-0.805576022311803
-1.03969511673844
-1.07675111011814
-0.90483330009081
-1.02182988697872
-0.778514665336795
-0.843078966330548
-0.882772121400919
-0.965463952036575
-0.988011795222952
-0.831362988833483
-1.09527791228842
-0.97826471571958
-1.11960568180865
-0.960702846643011
-1.02762918194312
-0.922959298391956
-0.89236380191759
-0.961396390645697
-1.00727292716104
-0.887971512662194
-1.01882271470347
-0.889651171535277
-1.07097284881976
-0.847739587503318
-0.91600234437401
-0.978422383638556
-1.03977094670411
-0.975630693030959
-0.981020508959547
-0.879816871849599
-0.920492545619035
-0.910446769611228
-0.687209378943539
-0.87012512853776
-0.935767441889138
-0.989517989689811
-0.901206075164954
-0.819043750532199
-0.813670225713033
-0.910917805180504
-0.919175269476248
-0.829413944298079
-0.88144520186516
-0.886397266339504
-0.797047277247469
-0.858497094422881
-1.02571906610229
-0.902025662646795
-0.837631367715019
-0.880292047699927
-0.879176335134309
-0.805682652084917
-0.873910963625706
-0.838816791554533
-0.951221777848914
-0.706655994410211
-0.731753278591764
-0.998285317909
-0.882840177063264
-0.787902218784494
-0.867977853649601
-0.961554442151696
-0.75110725100608
-0.90985072970196
-0.780226156989416
-0.827750815417578
-0.757425946794044
-0.982619209068187
-0.744028148677965
-1.03809279427433
-0.836661309666441
-0.986114951471195
-0.845700719613497
-0.728666566639557
-0.741562677349996
-0.776473418081261
-0.823427431800111
-0.816085798493268
-0.810617502145028
-0.80094410636594
-0.79740080556093
-0.746299446019322
-0.680523671966503
-0.920170040748797
-0.735497144903143
-0.754201190083821
-0.82694210264189
-0.610548070390511
-0.697429995958791
-0.788893286947906
-0.801031684615998
-0.718809964349851
-0.69410859790621
-0.816004199985453
-0.725434399141101
-0.588367185166894
-0.817814317256502
-0.855958589730795
-0.775721566930863
-0.864531511738011
-0.858062298492691
-0.756000004643929
-0.782835057684956
-0.620003749365807
-0.753485726385676
-0.660946479564569
-0.898515756943703
-0.816044156896187
-0.823261066380307
-0.847403525695396
-0.683257220306357
-0.868073623909356
-0.748720534513821
-0.803657274335949
-0.690304862805001
-0.693307245563134
-0.729207396607799
-0.665990195361244
-0.83237741200975
-0.734801374285605
-0.758188177462242
-0.684837666353258
-0.799553244276659
-0.660807662099666
-0.645600297624988
-0.619199406331381
-0.563905780662623
-0.886107386341454
-0.551624209372263
-0.660296525058392
-0.774632490651694
-0.766422289300387
-0.681752795550578
-0.669482023463663
-0.646973081811729
-0.56879640317273
-0.59206021595178
-0.6538033536093
-0.767307217647497
-0.739622826899912
-0.639794415223756
-0.717462999961019
-0.612535124035906
-0.699673672465107
-0.6451849619499
-0.769258358191636
-0.625008802792251
-0.682325669035039
-0.563903775717303
-0.597404041744582
-0.744753825373625
-0.734624887097823
-0.614497978310528
-0.767291532116213
-0.739588099126994
-0.583814572912165
-0.626028891864865
-0.541402876116127
-0.67316692485694
-0.697150553256338
-0.631405817303876
-0.701843977263531
-0.64667603714782
-0.808475761341183
-0.643386018349954
-0.735469666570743
-0.610626632162706
-0.651635930354805
-0.673414474533598
-0.677141656778976
-0.601612948520332
-0.646569118885854
-0.577899321905765
-0.61254371684517
-0.738553313930187
-0.63715982143291
-0.737979166967549
-0.509561286934812
-0.618982716758374
-0.64794487159385
-0.592483776840626
-0.666926568506869
-0.582034991054054
-0.618287884305233
-0.707207347063107
-0.695999289016376
-0.527123231774484
-0.543577485409968
-0.523983264401636
-0.665087479066774
-0.638816126552755
-0.401138481485277
-0.595864098543156
-0.467956616808179
-0.324393612259681
-0.499550885439052
-0.521953668938373
-0.635360063121521
-0.509587947768128
-0.636602953413047
-0.549352758611877
-0.351664234563834
-0.515543456041773
-0.716017516773754
-0.715068193668809
-0.622947835065843
-0.602590414186818
-0.393789186218412
-0.814826343246672
-0.681896557484205
-0.619384022916949
-0.44772767092525
-0.492064279595661
-0.382378032067279
-0.567390524905203
-0.656142649072077
-0.667754917012175
-0.605415775606082
-0.574157120498371
-0.526206802398942
-0.441048984176442
-0.7153005401613
-0.451598109147934
-0.534679543869655
-0.468482126089
-0.512164152491712
-0.595202765958301
-0.499251837324384
-0.572691181669047
-0.580165213735134
-0.367274492568719
-0.535339492077636
-0.431881796772028
-0.439442437871746
-0.65658999551029
-0.389691102943289
-0.49995955266678
-0.42977481886736
-0.396199595569658
-0.639083037454215
-0.474048222733706
-0.487481626909536
-0.509532906579952
-0.453248646465297
-0.397188193644118
-0.586491728286215
-0.528961579851512
-0.255450838457416
-0.535361933999373
-0.629492494372536
-0.581380654124289
-0.409046532166798
-0.517198394525896
-0.534057220834248
-0.465930116276519
-0.477666179359842
-0.35281500832535
-0.38684342661895
-0.40008820513062
-0.430818465671489
-0.64279563437074
-0.450107654530265
-0.469510985418668
-0.453111677521018
-0.459624751336593
-0.412970740764364
-0.434363086021808
-0.492821812449546
-0.4243461217409
-0.487041165051082
-0.486226051132503
-0.370634692982475
-0.421000412766534
-0.358694104490453
-0.624203219185861
-0.4696788731758
-0.391070454018304
-0.589935710789102
-0.446056623755344
-0.391800881334739
-0.4415857717106
-0.438140021316454
-0.451348988255874
-0.293537395663584
-0.546916350615961
-0.471998497143349
-0.448204230593161
-0.336161375622405
-0.427351349849878
-0.228592467337068
-0.394571294691909
-0.545844479381795
-0.187232542588044
-0.31710864858981
-0.307460041582053
-0.335345473983593
-0.321081638103997
-0.402752829725509
-0.237889484216002
-0.392988240903209
-0.33890203825326
-0.332968605081984
-0.162171055323966
-0.441593170382095
-0.411877339665562
-0.297751308092633
-0.358578373147822
-0.320544603623478
-0.448482521943551
-0.423429003744693
-0.414515895334337
-0.186805568321156
-0.288324273655655
-0.383571963210703
-0.474388791201952
-0.173823682217276
-0.230674136837647
-0.307021043460754
-0.305399942811144
-0.301375828111893
-0.3780817455813
-0.286625909885038
-0.281369297865952
-0.328638670952736
-0.247695101968793
-0.293466349787725
-0.259777353203285
-0.365217351186323
-0.228948705524888
-0.35331108708679
-0.360672863336404
-0.294788422509862
-0.390080845988954
-0.28225766175771
-0.407754223087566
-0.207843684848396
-0.278085319094693
-0.301235056189213
-0.163322626607713
-0.416012709891221
-0.285077394781536
-0.268300264058901
-0.312826186113522
-0.243724984071969
-0.265222191032139
-0.26154534246066
-0.388545835925801
-0.300189602349924
-0.123237858739624
-0.204222433372329
-0.283650841020678
-0.301775362486845
-0.220507744194581
-0.201480242661192
-0.278561713388863
-0.215620417249
-0.291441093583296
-0.145917908535101
-0.151338034475774
-0.258292612581617
-0.280479041052279
-0.166740574304037
-0.330694022666859
-0.164657713836047
-0.240274250971907
-0.240592622751868
-0.302801263942521
-0.151964531114861
-0.208221370207328
-0.182137327029083
-0.258898540154953
-0.287837493118408
-0.24615638323394
-0.260308837159916
-0.181661754159084
-0.296437132519584
-0.157048187116117
-0.210455792305776
-0.270670419045437
-0.273388168914769
-0.248810706939432
-0.0523576251591189
-0.316347216588373
-0.245607892320146
-0.0291896393778216
-0.130337121672436
-0.328224139191838
-0.0639259402542637
-0.161112115128152
-0.28799502454058
-0.255659714085309
0.00583461206023536
-0.331625792342046
-0.23169334717307
-0.0825401151688666
-0.182015505113141
-0.113495643347999
-0.197464527712305
-0.177131883612767
-0.136364354897251
-0.137508995265144
0.11873707188463
-0.0451422534174872
-0.0882433837833829
-0.172212628449514
-0.121041441932592
-0.149653886918556
-0.149965533251826
-0.135449800174937
-0.111624710641808
-0.202210649882562
-0.00446855129638605
-0.0432538698998683
-0.0384973490651652
-0.191157058668431
-0.230842310410124
-0.157553142021775
-0.0993847406444228
-0.0859058248109684
-0.112667055814063
-0.118223246365271
0.0410112344464551
-0.067195970266954
-0.112949715508355
-0.109194940119842
-0.118566273489254
-0.213840562552445
-0.25106934214564
-0.192918068479772
-0.177609341718971
-0.190202635335052
-0.151737859487219
-0.285385618061884
-0.188371726082829
-0.116262546044224
0.0754881672609139
-0.0776980784944762
-0.0250788968204493
-0.124273361158132
-0.0500555951811462
-0.142452710823712
0.004656564449379
-0.140056185227867
-0.142596539533865
-0.151192869543372
-0.0784801727197894
-0.0180156629717201
-0.0881676401822711
-0.0628455038797688
-0.162226301621052
-0.189367180201571
-0.125062987907972
-0.030539842348555
-0.0396195965561333
0.0155524073822693
-0.0856502231130784
-0.11573170395718
-0.00567240824587734
-0.00217182144050116
-0.334886143513001
-0.129676986801928
-0.253091278036107
0.015359121296787
-0.0777110189558314
-0.0355852109551175
-0.00674102756219715
-0.0993738483453894
0.0400479491367383
0.0144107718221906
-0.0456642541666173
0.0033391059059237
-0.184306470325943
-0.037733473192911
-0.0871873898559013
-0.184227547632992
0.00586174525470681
0.0930706055308654
-0.00566117143279566
-0.152570041743463
0.0507591061782177
-0.14649297257989
-0.178218657441332
0.0312447140819184
0.00570866511158015
0.0267474961387805
-0.0221598687889211
-0.0246573815238808
0.0333230268855601
-0.023692127651775
-0.0733746827030261
0.232699918639613
-0.147674243417251
-0.048265614869432
-0.0505868320141426
0.0625512964674644
0.0263075554024548
-0.0827156947347815
0.000292598480093688
-0.117611631242436
-0.0275805456442432
-0.0196643344330082
0.0634061394071498
-0.0398022582856616
-0.012602802654323
0.177188852975785
-0.0945776783103248
-0.0460882949202519
0.0379993311027
-0.0856038386028793
0.00567897883028861
-0.0421083891594791
0.197832855521143
0.0998680155821258
0.0722694022993446
0.199655402122077
0.041008191596727
0.0221738863922874
0.158104069234812
0.135655237532856
0.109135677969714
0.220687076974745
0.090295490053713
0.0365584816096947
0.192802896645696
0.116835343066992
-0.048065839619867
0.113418935285331
0.0885218648165724
0.0402022080253336
-0.00218095637574618
0.109689642380714
0.0916059076919317
0.137197410701539
0.00250243701415917
0.0577398347357248
-0.00670917716106354
0.192727606792388
0.0844356005828276
0.133738180879036
0.180493311662833
0.0429967577454324
0.13176584143364
0.151871159726936
0.112230729233642
0.192924876505997
-0.00491357945855447
0.012395546200705
0.0672937970214275
0.0483673225508498
0.372780295254081
0.242972679541244
0.218805988739014
0.050595518966133
0.17940363096453
0.0287811609319617
0.159425861223755
0.262940625421323
-0.0113125551635379
0.00740940221807968
0.0915071780494092
0.181143184720268
0.143774324398657
0.133289031256204
0.20635854779211
0.240818035395119
0.176091685539311
0.215453055620797
0.0733159249069346
0.185122270107931
0.0714790343041182
0.00911831692841711
0.123745545819224
0.081025368830007
0.194034966081747
0.257297173810126
0.218958003601785
0.198702583304318
0.262433681164344
0.159057047758188
0.177373772287514
0.201151517827774
0.23991962633848
0.212161478420325
0.146863025369159
0.114527267423142
0.226019564994675
0.228965177145529
0.216432919149315
0.370515966711732
0.256918338479805
0.0113887418284243
0.232086384382335
0.216317944957884
0.378417527990097
0.139390275990341
0.240228755323424
0.275250137684659
0.149470293015376
0.397485614307409
0.292591715557405
0.233851910462232
0.238986446120144
0.15234327711338
0.314246157621572
0.448967144581002
0.355917298808363
0.171038347343278
0.277004035131168
0.249955041394033
0.3035741822146
0.274905241662599
0.403389388307332
0.162687373291083
0.310575623309215
0.339793668169058
0.196354534021397
0.183577608979022
0.278552789692209
0.345654808890253
0.248638226428767
0.423022915081462
0.284138324464027
0.445769717526315
0.233965760246031
0.270611563896835
0.303142898937107
0.280621318417943
0.219042056931295
0.226816317634956
0.206047675691957
0.388416026356964
0.408556114741612
0.338769877355734
0.241601986545351
0.462969256601492
0.520554379805375
0.403441499233358
0.357410379658982
0.365123317944523
0.0841903712754212
0.344910135160004
0.383869825246258
0.168912712378742
0.466103394858223
0.33433133067508
0.340757854615856
0.365979768720809
0.31593608322211
0.423389128334951
0.289310004302107
0.339788820314652
0.29908984535192
0.318357387269397
0.385321612691706
0.312057489061222
0.375618989847984
0.358527892473544
0.291907537028231
0.434191740891458
0.335279573493696
0.261232243083434
0.318319777356695
0.350392829807144
0.38522231719485
0.470099348033615
0.31888475514333
0.373269154512173
0.372214785653274
0.502481430236191
0.431746072882683
0.393793792345845
0.373389696093604
0.424177211939661
0.355025799569209
0.392482537211895
0.472799377899883
0.26315931481074
0.493644823219055
0.404922541525355
0.36397221864619
0.363412877583654
0.362742423053783
0.462224828804889
0.421868742944816
0.489296129169803
0.344826764535816
0.28140607403236
0.378018340701994
0.610526404129535
0.377772690347878
0.562735613630976
0.351902273166893
0.288946968359074
0.346111390734588
0.428058732384128
0.422156301421144
0.385127338902079
0.345492141460024
0.462421414291483
0.454271795702135
0.633338911631503
0.473283234669242
0.509116355203976
0.460620922818447
0.385104991335726
0.489532078464873
0.420475717407309
0.366001755610829
0.550689956838745
0.602569631695719
0.285258903021721
0.494821673820299
0.468406303081351
0.589165944474021
0.333104285522951
0.415667254564561
0.542514113580944
0.450367312299927
0.496837621368875
0.513479552302859
0.386404017416273
0.556915097034619
0.538062877650932
0.534617347366782
0.276523959958452
0.439205344118522
0.419835991836356
0.349418104548124
0.557318324852445
0.411246898577017
0.497669600127919
0.541711038037167
0.407505180392902
0.357073580867634
0.585314524056679
0.455613573941568
0.387285039095675
0.554314296589226
0.459561567435256
0.48646525248511
0.339368549741303
0.491792292611962
0.574587486779758
0.47219383702857
0.542129719780048
0.529338815858101
0.466785289822251
0.450615218410808
0.550376642740031
0.433111492371257
0.53253374192204
0.548853060578396
0.563597778677263
0.494761841116478
0.499673377486407
0.472487472698318
0.413307993033257
0.557901900904176
0.539769130741428
0.654696251342975
0.666991179108162
0.582469022707824
0.35931205477223
0.566742112039851
0.503876628667438
0.573833565652295
0.492162845849074
0.479106741191909
0.608690496451751
0.580454772648616
0.431080958914852
0.58295050512834
0.524515818266557
0.628743669732599
0.5354675190061
0.472977690971487
0.737230706187028
0.605295069156772
0.614967375384003
0.560591223363557
0.642058586630338
0.520117042366123
0.622317308801371
0.457265687561077
0.66174619231629
0.541328568317959
0.55404127050538
0.65042326158748
0.799202516489867
0.623974836020153
0.706743571171038
0.566304796984752
0.544485329604671
0.67605098950365
0.658864944718285
0.765503753073569
0.70569284201218
0.576395253420117
0.642039249993903
0.696180178602067
0.504269633748991
0.650448892392656
0.557131078969489
0.599488341835966
0.539074369188444
0.514428731537642
0.615202250361878
0.494655322635196
0.638067026254367
0.77132560200621
0.589777888188924
0.723181894486225
0.780829183938809
0.683970665242118
0.674944752053507
0.611557952897191
0.594066675909389
0.671236018242328
0.813029218045781
0.659142365468613
0.561243208209749
0.715064174048852
0.572144012911328
0.493661895367079
0.635002333954572
0.582311350132246
0.755371837732759
0.690918788862383
0.627398838330614
0.542799259407963
0.608683106905731
0.726321836895321
0.684059722336991
0.752599108494084
0.68248271669439
0.723848556735114
0.870345706283404
0.824063104667527
0.571148450306791
0.793433466774095
0.71375111120262
0.781953652782877
0.654292343567533
0.719233094909843
0.759874482991528
0.755907782280088
0.750528966602386
0.743611025425441
0.687988336087657
0.707748143864925
0.774650086056874
0.700637198370503
0.690127506596392
0.726953976429911
0.642176644671235
0.72493092310735
0.74964644709733
0.696830567974966
0.706553593179294
0.642341288112201
0.835785671978207
0.677817496113677
0.657498625076111
0.73021235172268
0.613785997936883
0.665016120038953
0.737605205454775
0.725637148987995
0.778737510140991
0.618806861103171
0.652613644599597
0.642286361174107
0.788006881724209
0.740246615147653
0.876684306102027
0.797658017490551
0.774905068852365
0.888762542015263
0.679363668523478
0.728850494823393
0.788611527206721
0.801260198187513
0.76348408716349
0.876134829123882
0.774019660536078
0.806466350637042
0.757614699900978
0.831824426916339
0.992239018631096
0.911567750203913
0.853266179500222
0.820046279766075
0.934022196158812
0.794167051642408
0.81791424872505
0.823214019652833
0.834373292987945
0.943703912922592
0.779788575974472
0.793188938026523
0.843492831458524
1.03178928535154
0.628528557283769
0.817556393833703
0.786090779622462
0.862244978800785
0.82112846115883
0.819202144600031
0.795777869744045
0.922371551283281
0.633749748504371
0.913889012127743
0.86927589270304
0.658736183631474
0.899619100420495
0.909373720543517
0.958257217103105
0.865570606555178
0.951403544925547
0.773111589056484
0.803851486389706
0.867581223556592
0.992208335909748
0.907030000766817
0.856269908381543
1.00952022311649
0.829160637672908
0.799075200929024
0.948907797105364
0.953590584750053
0.816859241352224
0.846718414669568
0.904580924460415
0.963012111037123
0.938478789804528
0.993316589949261
1.00492060273744
1.01166860860905
0.924313038625476
0.847390469589106
0.892798676339399
0.956846136357144
1.04815444964287
0.925475880017247
0.921958976540943
1.00597913137795
0.934533251892179
0.999887668461329
1.08492801961661
0.925999228525078
0.896403127565623
0.826316242277209
0.989468462550828
0.949005474076917
0.92785302866126
0.910681624180793
1.07295922851326
0.966518495632463
0.955216628319226
0.919792129263618
0.957184009591397
0.85148119966372
0.926374378250805
1.03960556945696
1.02105357775886
0.845755433762719
1.08200253650197
0.982933921678025
0.829039326610389
0.919398655694617
0.920010559941517
1.11264478554351
0.959556526143339
1.09061282107591
1.02875893915483
0.902240222713386
0.80066148086367
1.00311284084435
1.1235256193159
1.11432891197505
1.08588155154536
0.931696835458646
1.07042023009791
1.04175885138216
1.00317256868882
