-1.19238486155036
-1.08688126251398
-1.11037762121113
-0.893983698878555
-0.944222801089437
-0.949779420530148
-0.997474425835935
-0.910660346513398
-1.14240451945247
-1.02300779243481
-0.984493791273603
-0.990332189874743
-0.892101284494835
-0.846574527514586
-0.91917421981718
-0.974465559388517
-1.00230635720051
-0.985308492088102
-0.957442525514315
-0.891860499253472
-0.923926991320624
-0.964348314004694
-0.839783947083565
-0.900302496069048
-0.971029829581846
-0.817656559185192
-0.92571037444505
-0.877984941455066
-0.942594362717977
-0.968760127080461
-0.969568268423796
-1.01513339405173
-0.908925046820588
-0.923417905316592
-1.01868819219928
-0.942333294802959
-0.901189791499792
-0.926525769193423
-0.829330605268292
-0.850338792313167
-0.88780440350332
-0.795760734407531
-0.798119899845953
-0.801612947823515
-1.00319352155088
-0.899537253549324
-0.889337932097115
-0.953311426135249
-0.877915402758915
-0.883905429469387
-0.778234375703909
-0.9885418858694
-0.852024788532999
-0.877893654018276
-0.893565427666148
-1.04770008753451
-0.927620082954463
-0.923160757036391
-0.960899023176753
-0.913695299419246
-0.706884165392347
-0.952560056382314
-0.894080644768407
-0.756204153825547
-0.803027780850156
-0.693603979708407
-0.892562730305016
-0.850982251997343
-0.830406888002948
-0.829856923727357
-0.854276682069725
-0.823078142742692
-1.06301977548747
-0.953396882605854
-0.950971569219812
-0.945792499529619
-0.852617138325916
-0.716314350846127
-0.759946491311072
-0.828009651848416
-0.828772498223255
-0.82701864741076
-0.884756253333717
-0.842814061980656
-0.805806299614572
-0.728442747754277
-0.832131630159652
-0.887144967099112
-0.869139802789363
-0.80033602956839
-0.704422349652001
-0.711688542251481
-0.77279953998815
-0.633921108088241
-0.812897337720804
-0.914525838701398
-0.863411950317011
-0.722477356870547
-0.795940604295683
-0.719816027962643
-0.876036824672072
-0.792430976811042
-0.81863911525375
-0.863761998121438
-0.843096642618273
-0.869381860463013
-0.786168929566334
-0.804941989455086
-0.82959604716637
-0.784472353917233
-0.795986033943732
-0.821409175407574
-0.780457251958362
-0.617363582081177
-0.790860471547509
-0.891311680468825
-0.649081924538282
-0.687944010007903
-0.646022352785337
-0.650252620057347
-0.63478593478871
-0.772388368057455
-0.711586857942223
-0.807254402118476
-0.722259297750761
-0.704308732851707
-0.720092505682212
-0.581958708034162
-0.666345787593409
-0.79655498387397
-0.681650760748805
-0.880660627425174
-0.603715821955559
-0.615613524679668
-0.752170586633975
-0.783758325366486
-0.754535308353189
-0.714178535771692
-0.652855128647319
-0.769649015147604
-0.681695955429654
-0.759988632132897
-0.780858312836871
-0.849063208645744
-0.622090574705388
-0.759096536503096
-0.657127878020835
-0.782560490777094
-0.767925804290165
-0.743436872427528
-0.558809530368263
-0.673487882649824
-0.769263348852801
-0.599853477157185
-0.772158641521216
-0.732457062637864
-0.611793980968757
-0.709966744811698
-0.765658456799742
-0.741751019314942
-0.696464159677567
-0.779830024773226
-0.605208371550331
-0.593221937309903
-0.671558881958591
-0.573276134649199
-0.564261028361855
-0.712922123464944
-0.555259794866664
-0.785107102670498
-0.718512009847159
-0.640850269318045
-0.760140645527104
-0.572744783863896
-0.70639430868034
-0.651601117762196
-0.686105738336098
-0.613343477124837
-0.672279413576801
-0.654965607262641
-0.7076111080916
-0.614542539894628
-0.612554259064197
-0.563238479404254
-0.664092831691156
-0.630271421645252
-0.609287893352625
-0.659120535312227
-0.654238050028687
-0.830511520713243
-0.523000605975132
-0.660131703179538
-0.650624189774568
-0.62771841090081
-0.639341603191978
-0.66271389315007
-0.560723384954175
-0.752856960823615
-0.554161260216225
-0.570479870207836
-0.606956253881041
-0.685089580616202
-0.63370397133105
-0.644545795192602
-0.62666998031755
-0.647562124804499
-0.40130643711398
-0.497136547484679
-0.75612116119913
-0.667839972995169
-0.571165567019034
-0.489040463163703
-0.532298917710346
-0.50342862244102
-0.682524969078609
-0.430442106211767
-0.409732525311748
-0.718536393984552
-0.604459649992701
-0.557796630825148
-0.517112118933528
-0.48132947110227
-0.63255939387106
-0.437131629970575
-0.49259521565215
-0.621399269408446
-0.687144659344024
-0.46790744674428
-0.376596256909943
-0.427333049898676
-0.622300947800543
-0.557404832585406
-0.381474762425827
-0.570676617884197
-0.518900258908716
-0.57491216989727
-0.583942669587069
-0.407190354548116
-0.576716702725668
-0.523416596695238
-0.55898099426313
-0.408236320093422
-0.586841859343578
-0.465028588072188
-0.38597927965009
-0.503915927805836
-0.575442942712094
-0.577009157269032
-0.442934783910833
-0.469877330835305
-0.570554005995758
-0.521579839671339
-0.539076227609803
-0.533581870032845
-0.669570410829894
-0.469658888692246
-0.423051991050502
-0.35943228195174
-0.462990285421052
-0.541706107792043
-0.469845731205023
-0.418879309320194
-0.546554278253783
-0.379113798232693
-0.494710995284266
-0.426204849333561
-0.482678197066864
-0.501760210214115
-0.361616720881685
-0.340639600832791
-0.500314955127857
-0.548810461082899
-0.47369282280046
-0.288921239193728
-0.44544839758827
-0.421824746853148
-0.37744998689985
-0.503619321386126
-0.541587309249699
-0.451306264857772
-0.326705211802753
-0.363560857365326
-0.524106850968889
-0.432618790986733
-0.369790601187267
-0.371953772021134
-0.458219322092692
-0.456475169148605
-0.303795571841683
-0.357772467505927
-0.405495029837111
-0.564898042018389
-0.404566035754613
-0.403244421039392
-0.430303933555713
-0.313093769297904
-0.54587371568837
-0.352431448174387
-0.467117151197249
-0.497090949590917
-0.357732361103871
-0.406446797312531
-0.356936635244724
-0.375047651112165
-0.226226486613145
-0.2471041215155
-0.368510014508934
-0.457506968249559
-0.280490130307854
-0.470816738474665
-0.323087988000022
-0.580243928833186
-0.477212817291237
-0.238083212825839
-0.385086821891138
-0.286805165585079
-0.386785892030073
-0.530292212005643
-0.279941442614683
-0.303689924320496
-0.274128498132593
-0.352926780304528
-0.229753242868533
-0.206001449178576
-0.333984399584584
-0.335048365729447
-0.349345395850526
-0.279210720367822
-0.463052994730496
-0.351894482565963
-0.352621407777477
-0.304111049038307
-0.13569165336921
-0.399645583614085
-0.454058477041917
-0.449862900310769
-0.359280699773613
-0.3823447162504
-0.28304291578715
-0.403926095820083
-0.283094196001741
-0.417716108979077
-0.338168527039335
-0.259846889931679
-0.34849219395114
-0.257314158780996
-0.414818626406695
-0.297264052613253
-0.25115169218026
-0.272784933860818
-0.473121654828528
-0.341956408729827
-0.262048479066122
-0.203564746615999
-0.297646811510634
-0.352315339230308
-0.302691008774789
-0.355202798536769
-0.176915648547137
-0.316868398454837
-0.246054202789034
-0.393699527425383
-0.360051870211091
-0.336702872553543
-0.275535136002824
-0.374020312574731
-0.288370480079882
-0.247408611531247
-0.130019492786755
-0.139719374975093
-0.147507829066518
-0.29774768475235
-0.328477336890648
-0.222421614812867
-0.301096203665555
-0.161904956560902
-0.276817311232961
-0.0552209931824799
-0.295655109066236
-0.454658542083113
-0.327577308939102
-0.23764946025891
-0.199894236770998
-0.405485659410362
-0.36740279071597
-0.263084435113032
-0.166854278971235
-0.133440510618758
-0.25014344773378
-0.168234756090101
-0.268475200024979
-0.149985413695357
-0.118001113305336
-0.372192979415696
-0.169500774119044
-0.311435173061872
-0.185047366874785
-0.187023840745887
-0.186054450384225
-0.202726260259914
-0.112335579744467
-0.198491692680203
-0.333039184463381
-0.197464204806152
-0.0627627056453787
-0.340700327783173
-0.182239638398711
-0.205344445499442
-0.015659937804584
-0.193079078971523
-0.166928190761877
-0.0781072752464198
-0.240069204778571
-0.208562302101651
-0.141711536934866
-0.351966458141298
-0.105845213218291
-0.301510023389253
-0.148447722993423
-0.0917153918706203
-0.22616334813381
-0.136566000032978
-0.224493940230882
-0.262384511699336
-0.260761996187873
-0.0957373528555536
-0.11791726124961
-0.0300580079844326
-0.15986513269249
-0.0568448563224797
-0.240257715283074
-0.273503930706939
-0.228349632944841
-0.167880247799431
-0.236006325053173
-0.0589860924984538
-0.16809395607871
-0.00723708646387688
-0.0735432219802973
0.0407605461442722
-0.00319147523181528
-0.101287893455417
0.00564379870626682
-0.187750822829674
-0.192514981233896
-0.117476812580125
-0.113827325066884
-0.0191112725564212
-0.190560351401932
-0.08611233040506
-0.13224235108387
-0.0109478951840131
-0.177018374739725
-0.185119036041937
-0.163990503375336
-0.0798162053290718
-0.0802359837053916
-0.0267295173087763
-0.186745827142249
-0.188455785168095
-0.141017306896996
-0.0298598665911272
-0.170325776361561
-0.175829019678896
-0.158767416997079
0.0360367680422697
-0.0826965364538088
-0.0367441660778447
-0.143460975972205
-0.15450871400667
-0.131324062150682
-0.149530838411691
-0.229178797610636
-0.127529396026081
-0.0817108233379456
-0.101488376088372
0.0840177915884894
0.0374442079113875
-0.148535004412722
-0.107932930198237
-0.129913014774114
0.00341554609106872
-0.108731627400827
-0.203224272802583
0.102701085739205
0.110272687457455
0.0620565737083323
0.0419809829337101
-0.163248388943484
-0.0499755056646088
-0.0356204403953861
-0.0207968002749672
-0.0123311603782841
0.0347277268655321
0.0358029437366827
-0.140673951231765
-0.184490324693931
0.108310327886818
-0.0823474039176931
-0.00455954789812308
0.0435349030334417
-0.106457558790802
0.0426143926745008
0.0650812460089156
0.0266609166925081
0.0621805341779667
-0.0924450223331785
-0.182351326155613
0.110836498087172
-0.10124226838939
-0.033716397906381
-0.0143664756873675
0.0600486174097994
-0.104443806011437
0.0536252301025579
0.172556857016495
-0.0353234654223409
0.051577517790539
0.100251678786449
0.0787323486482448
-0.0197926304004712
0.110094631574026
-0.0151894225302763
0.0422669792517457
-0.0037274667113296
0.209201385075842
0.137631985369726
0.12898069850998
0.0564749766946866
0.0760983467360719
0.119380247421675
0.0488307609903484
0.0415005625314333
0.105445225235309
0.0454765894201221
0.137099714373927
0.0471905152452187
0.0203798420362026
0.0969858579177854
-0.0113913095189273
-0.0219068975630222
0.13832688054196
0.105329892327451
0.0223809780695658
-0.0480387333435077
-0.01288916732481
0.183865135578256
-0.020791311957407
0.142174402072978
-0.00449417936803414
0.0391583390730908
0.11362048844057
0.0254751200698602
0.160643623050701
0.0749593023680991
0.242969543310245
0.0507390999383959
0.189967315399022
0.0179868033939833
0.157925423726596
0.0352461325801978
-0.0910546229273798
0.116902172409859
0.0912691185852508
0.225029784086804
0.237292513866267
0.242551760407083
0.0166685297229528
0.118139857135828
0.238477748115396
0.12527325000002
0.0981769356342449
0.119405699588291
0.106577781758337
0.176827848919279
0.14554311455453
0.0307346148725846
0.129066778032121
0.202622161867392
0.0709246726787326
0.331193014430444
0.0447197386841346
0.215119022439469
0.217771502538297
0.175944134223464
0.102130383554281
0.234902309895982
0.107513079842099
0.157260146458682
0.310683893306839
0.316166417367938
0.268274380041204
0.11411470344762
0.0724198734792393
0.121524746624286
0.192629543361376
0.128619679794434
0.216030120061174
0.135578926357426
0.31415996561796
0.0965158035830555
0.0708510408341368
0.198551717902762
0.177808506248622
0.387381262964231
0.309533562658199
0.185198092577086
0.345985628939025
0.222824062685437
0.229044856208142
0.262021020353069
0.244559979050439
0.201889966272923
0.142032675838897
0.256939822160864
0.30670059421853
0.282560439992983
0.222434007300005
0.33114443229039
0.253323569498839
0.351094230091066
0.209656124581015
0.148776870955027
0.232630512774875
0.280458799767762
0.285536782572811
0.165863230293202
0.346688192381505
0.244009377407286
0.301628495801345
0.278610203008358
0.132635275986679
0.0739264155695553
0.168780339148149
0.389895224797304
0.265395529307083
0.26427216584045
0.30534701194335
0.33718475620438
0.219492386216908
0.0882238987449653
0.382142243135851
0.322913097244418
0.231884322187002
0.374982070157417
0.0629469200588826
0.325255226895686
0.189678676906726
0.260203926360126
0.27201156789951
0.272601946475047
0.245644299856515
0.385001080881698
0.334356092906142
0.410546123853131
0.392654423398293
0.430623123267647
0.224948813753764
0.401380896398204
0.277236803435824
0.34258220895268
0.210715855044177
0.391209767046248
0.229811409392687
0.532541714305882
0.459473033430809
0.280263050462813
0.318710317281145
0.386910615516433
0.362654207649357
0.247837112006891
0.259486659271564
0.321035046149212
0.341621729592565
0.429546571395288
0.385973881725597
0.271540975267468
0.455800741354715
0.463472879276677
0.416275662219875
0.496134952834214
0.517418828113754
0.346527633096018
0.402775115435638
0.544099402315006
0.179655560436146
0.34789076951729
0.422120170833401
0.265269394974428
0.293460113105395
0.234019343688568
0.522690586855481
0.408099413071517
0.298827954605786
0.495286853987942
0.399855732461404
0.389943523149983
0.398192097169393
0.447751046274933
0.33382746715434
0.501834723731757
0.421765117280778
0.443401036935897
0.386702211046835
0.415820919397454
0.344074201625517
0.397959213018733
0.480145217624302
0.368779526208291
0.422902285975574
0.420544904044821
0.288356098686418
0.380485234060188
0.405142697321432
0.504169908364415
0.398576607418834
0.470412976490097
0.361326350097788
0.450006166641461
0.438927449604596
0.282688250059491
0.402303452773453
0.561596029621699
0.485814544955165
0.562332440409876
0.628304531791685
0.428714299146353
0.469708821487761
0.338323190746848
0.565411001955849
0.472906045758077
0.355715039477294
0.569781257666391
0.499181678261563
0.472371195537705
0.581723603288803
0.440224933772192
0.522860480425128
0.545083527490983
0.579710752949583
0.440791767193067
0.550746614362199
0.425152670768361
0.534569063682522
0.411813479168745
0.390047265224301
0.446595990365471
0.746430126799706
0.520579999599766
0.50355207996826
0.417655145154419
0.519555060101192
0.573655331610046
0.546124815842201
0.388136823208027
0.61255379312552
0.677136478118511
0.459819156092252
0.455956387795268
0.438076083290088
0.39169700847101
0.530351013666923
0.553566196523676
0.487393290060154
0.503299926017666
0.510544699053491
0.444224063841136
0.441505993830707
0.536236535092422
0.530980711967182
0.604317513960358
0.624008268778802
0.624681161535815
0.377926213104679
0.520319948497943
0.569472911989565
0.605956308229621
0.577644940457307
0.432596537213942
0.545113216215973
0.625420881072999
0.612154107490555
0.543256022711582
0.642503776474979
0.547582178543715
0.529899586264245
0.627274579839222
0.565565999416544
0.636568980252809
0.57384588931216
0.591773074000881
0.386648312132875
0.457389264505049
0.588660300276586
0.53129692099623
0.614801626328106
0.527790512346738
0.56122496268165
0.54023399702231
0.549975098716217
0.612837033583733
0.566080561559469
0.461575763681553
0.843352423203903
0.66454527642938
0.567837266437299
0.583437072276299
0.714492348967211
0.5022622427521
0.708074608895533
0.603237779800606
0.602468858833592
0.58728293938892
0.637256243812526
0.603374701508988
0.6365893006789
0.72229519373873
0.571705591926379
0.719889878319662
0.561518330774888
0.599323511619128
0.68757800257465
0.596026893423155
0.607603127450719
0.751312551615579
0.746821406262699
0.615184548836313
0.641708472110065
0.678594137856431
0.706025816750051
0.71222335787186
0.659843658912252
0.751544644725237
0.76911963725169
0.725142036925896
0.583606822326576
0.610817043788738
0.70807083414916
0.736012844582977
0.752936600508454
0.658001022986791
0.521415857174733
0.623772915959912
0.767642510721082
0.611297726304609
0.728723899187739
0.706513685163022
0.806054277986588
0.656852467958691
0.625118453483312
0.591112607440073
0.778709439693292
0.75063380472267
0.620542906761827
0.680552398837508
0.690800762814445
0.699116477898626
0.700531541964559
0.654948284028117
0.729623261400649
0.596681243541229
0.879386365583475
0.631401966293369
0.54002637539727
0.77734531661713
0.72950968056003
0.776689778243301
0.678118337534938
0.853850670767392
0.708107658215119
0.742726834750024
0.706471396287855
0.729506081559996
0.719572073407525
0.831496656054998
0.876525052969018
0.876216355739624
0.76493514322599
0.688479567076676
0.575025410000784
0.722074666158701
0.714040382607759
0.832085350500378
0.745514339972819
0.687156799916818
0.884776941592423
0.691649878418854
0.849639841259743
0.787360563088085
0.682211683123266
0.849128110989623
0.717977593428542
0.950104517066236
0.761184886910659
0.654623347934517
0.858330923529369
0.837616308566757
0.693911340819087
0.757987379707399
0.735401769238456
0.844600962567012
0.775058471604791
0.804070062593945
0.666151534152535
0.646936730274735
0.838484413075368
0.840381934393764
0.802817836034148
0.846990405113396
0.84796560248251
0.904706037997847
0.841224852244382
0.784573029791999
0.915767427637393
0.951539993853144
0.779448947469153
0.914727123794111
0.666781418471082
0.731672490102712
0.825701234624531
1.02627901441089
0.765384635527595
0.876752034383929
0.804900890080727
0.68574685462557
0.839819448315503
0.920797343998128
0.790458874838708
0.770180186223747
0.900503877079783
0.877430359789674
1.01792680983138
0.885598996924478
0.888974200116216
0.889821505673852
1.00826162629981
0.823201733007844
0.853539776567059
0.948724249809747
0.755632626152713
0.956816216255682
0.953808063966351
0.704431839217257
0.886112182132011
1.01571885981131
0.914125229162749
0.720354146970184
0.973027007752245
0.81332312081659
0.904857175578699
0.864822338377228
0.764512174725921
0.846499521100801
1.08749860001324
0.845046199134737
0.798839312969529
0.978148328493092
0.938653205638597
0.879018226291552
0.935948008194167
0.885627025710454
0.90366822910394
0.916548938100717
1.02771893568018
1.04177903337322
0.847360205421468
0.903966654144775
1.07777541988482
1.06134307261549
0.996404527705489
0.985687007278792
0.935354111602534
0.847010779979237
1.03428360583947
0.983705959352592
0.883777600387266
0.820008750425861
1.02575286073517
0.997615639280147
0.781599997538936
0.766846093636134
0.820664929292609
0.964711856153421
0.855700561836857
0.963807836563173
0.82510244340758
0.959744767267601
1.01483327192169
1.06681968032115
0.987425386683986
0.971285498331066
0.993916457523016
0.97680934614804
1.02745565395118
1.04916010768811
0.984476933014911
1.04759189632129
1.28552630263487
1.12800243000746
1.01504327124855
