-1.12315727453918
-1.02522923170466
-1.05067001999539
-1.02985407932273
-0.903885774740826
-1.00215942761748
-0.895107198749539
-0.961328435003621
-1.10708333072284
-1.08623041600396
-1.02263313614655
-0.96349475568461
-0.911896088135213
-1.05279128372248
-0.894218713502695
-0.971845292844773
-0.9098150979636
-1.01532085332651
-1.01635785368129
-0.928198102717196
-1.09383476084424
-0.999471318756382
-0.896946276919442
-0.870435507756837
-1.0000821941444
-0.914841236682182
-0.924003671095041
-1.01633696806394
-0.963493539126191
-0.937698731103478
-1.05021287096726
-0.875425571132609
-0.891409963165491
-0.808209782101179
-0.85039018154554
-0.876398557597506
-0.789507054100225
-0.910620433760685
-0.885515842405824
-0.964126487761466
-0.885428993305526
-1.06755333184786
-1.06920504522362
-0.952064575345854
-0.832885233346594
-0.931619688311826
-0.995853888579517
-0.846231250767077
-0.798297489046734
-0.886766814364014
-0.87741476205147
-0.894724799906812
-0.842278306520525
-0.834274587059957
-0.857905347214318
-0.826465357875992
-0.902706211418107
-0.829693968444458
-0.960125743071451
-0.951350852330701
-0.848761959855909
-0.878048099495435
-0.899059681728096
-0.83628770259371
-0.887937717867422
-0.92726563820595
-0.913706912990439
-0.81873610748548
-0.909586751290467
-1.03139327148488
-0.958230529239192
-0.904943711090343
-0.973461362290441
-0.807627624050725
-0.833723916889974
-0.85543695947298
-0.883827522177087
-0.896059355270678
-0.886201902850149
-0.666181318510982
-0.876421326940531
-0.833484250294664
-0.806348074016339
-0.850925419904564
-0.908422463348184
-0.820158555346961
-0.783926356534347
-0.863954382065244
-0.800198978267549
-0.914242837123715
-0.815106205912304
-0.737385961351483
-0.851596424539951
-0.812724761194718
-0.759944848433983
-0.8467123729041
-0.830673854557985
-0.733129073312
-0.769146469290457
-0.69686495459881
-0.847270054511227
-0.760754377367487
-0.718542526220575
-0.680374484984515
-0.722223995021236
-0.893115102299063
-0.628491880122392
-0.714437337406934
-0.765368779895801
-0.797479201682936
-0.857248152954226
-0.866659912006874
-0.790825463457432
-0.809439952520753
-0.861850786766586
-0.817149385898056
-0.88792364097341
-0.608983873980562
-0.780230376153502
-0.742092612876421
-0.775057466815604
-0.869745315411259
-0.797337662589806
-0.589107138547045
-0.494810405072411
-0.666761801554544
-0.703169103859865
-0.737331433394259
-0.767423560083377
-0.835417772938414
-0.763264884405892
-0.721122411165566
-0.741576788671762
-0.715726493302537
-0.636110526806363
-0.820078561832594
-0.810806854503836
-0.816096272009129
-0.556565171501434
-0.664075746014565
-0.666230067704436
-0.74356934567526
-0.695723895185166
-0.688844900004045
-0.638123660321805
-0.743125509244941
-0.790931272701607
-0.744051579559543
-0.62895190712479
-0.560355220914052
-0.558476862709831
-0.644232610428728
-0.671528974149562
-0.619057260854091
-0.725925158375516
-0.691841208888363
-0.82542070520351
-0.777083542300739
-0.567701464012158
-0.642323164164372
-0.697447066433804
-0.691119027754811
-0.796972983701589
-0.787739717229382
-0.683955636890306
-0.822873657859762
-0.609415207980462
-0.553871885850007
-0.691635378588981
-0.527487170186394
-0.632868448912218
-0.613406736755399
-0.658778041114889
-0.603485001690401
-0.623425072422358
-0.665646063093448
-0.525346417389467
-0.580953346103052
-0.539016025393407
-0.735012359887775
-0.698047721289819
-0.702186810862123
-0.655065180766266
-0.600077542903269
-0.571598640670117
-0.61676018928625
-0.64308325190794
-0.689228618272166
-0.567434682138924
-0.695127650186838
-0.585617376142148
-0.59425614794528
-0.613511275745356
-0.466645830482467
-0.576135820362268
-0.634761716368256
-0.605793931064889
-0.657628957907817
-0.683553825107755
-0.545990664946753
-0.550804991408279
-0.589649586698722
-0.644277600146033
-0.606493951156111
-0.512557884666339
-0.640442222194823
-0.55494868857745
-0.581356558518386
-0.43997150459916
-0.540381688051878
-0.60102446513813
-0.518806355585351
-0.436407832815626
-0.486704680202173
-0.565460303020723
-0.518790888767918
-0.359754544364074
-0.542597363191817
-0.587021233280161
-0.506536067759968
-0.591960357138115
-0.533207597146446
-0.700245171104608
-0.540666497655858
-0.57495054193413
-0.42520822773192
-0.472503213399842
-0.682062976283859
-0.442432900059005
-0.540292552225467
-0.551056857937433
-0.616969150833795
-0.433018415109982
-0.550242332760288
-0.546991375101149
-0.534645606787732
-0.365106356547775
-0.433951661543355
-0.522288990081089
-0.5007427866393
-0.503356906706965
-0.514906004937073
-0.678528598538605
-0.55218708995832
-0.44646329414806
-0.688048939430222
-0.326672247544105
-0.579561731652381
-0.495208905164412
-0.53853146302559
-0.401010767857087
-0.647840517251884
-0.33089789371798
-0.702827179967745
-0.599504051792164
-0.446830570232053
-0.488175043557258
-0.533839886060383
-0.461773797697238
-0.511323486365025
-0.40625293753196
-0.495522063946526
-0.462885776824377
-0.287595130012522
-0.506986272289603
-0.613438749004315
-0.451754472711793
-0.417441283919251
-0.500240415465273
-0.4839968915559
-0.310313585919057
-0.363466827782807
-0.546617172441312
-0.578760775654661
-0.356085854399681
-0.340913291618959
-0.360353051772779
-0.416519446803938
-0.5880330374925
-0.519161186967832
-0.55903343965023
-0.279329162217377
-0.537877225135592
-0.365140123682426
-0.359665268287705
-0.315127089215095
-0.330271217577128
-0.637968007050599
-0.366988225880775
-0.535048324609885
-0.646734350825852
-0.327975159675458
-0.573387741822617
-0.446763754423935
-0.432493573974904
-0.413489433301585
-0.417961848223659
-0.453216718406898
-0.426471331916157
-0.288330526532334
-0.329204993062615
-0.541007813279388
-0.423582012941644
-0.502191967926244
-0.501978555478958
-0.405663946774718
-0.346885647220818
-0.305905540010049
-0.446569238339624
-0.310706572981647
-0.435042630448368
-0.394486725359736
-0.357668524363537
-0.402170430916058
-0.304950586036181
-0.468308401840058
-0.224683761006444
-0.227429931882838
-0.328295855245251
-0.475028179210716
-0.332431136940257
-0.450901295691396
-0.412771283887382
-0.349846642753463
-0.478372712360218
-0.306332631683206
-0.234815951975498
-0.299377992175282
-0.410808064835733
-0.308832880125321
-0.35714134288263
-0.336622768657309
-0.296227132306072
-0.126429170400804
-0.409596855346968
-0.288918368180935
-0.316152699008273
-0.408238503716472
-0.532237913214505
-0.346350091703264
-0.453333526349726
-0.190743185365215
-0.317227914941622
-0.348833479653834
-0.226104847805476
-0.144597843242672
-0.342996317564283
-0.15945024615416
-0.385507047031192
-0.285859893109916
-0.290088533205643
-0.399472235853513
-0.0962251848215988
-0.196136198510673
-0.354529224865672
-0.322829887874733
-0.333977674232706
-0.359966161860705
-0.311165481767681
-0.324221191062338
-0.254390342506256
-0.401421015701524
0.0416581634243992
-0.4177130046935
-0.20036403577725
-0.331769007721167
-0.303189902569338
-0.101365463678441
-0.381929187340332
-0.30770866837478
-0.290953750816669
-0.123489691437816
-0.21387952465635
-0.148309234885442
-0.217091659518054
-0.194646597305707
-0.205919017324446
-0.257119321066621
-0.263807071128508
-0.444371046723021
-0.225541834991384
-0.29327653366544
-0.196423720157254
-0.060928493749267
-0.343602763736346
-0.201014364655755
-0.3352839704412
-0.230020766677117
-0.303907035712933
-0.305223548807096
-0.262557447811777
-0.0840371461343935
-0.0937817914893799
-0.182160995627036
-0.255101784222817
-0.160130142963575
-0.234032501611846
-0.330895225095384
-0.194127514203358
-0.278906475274434
-0.173403514655676
-0.306602313275279
-0.134690930575172
-0.359988840791225
-0.206139292775842
-0.213124309998279
-0.273217180218609
-0.165347164759925
-0.218964448011838
-0.147524271008585
-0.159562931627138
-0.0844458028891254
-0.00505790813298814
-0.188735684045538
-0.129111435752592
-0.0168067822423974
-0.216327791126041
-0.223241057593475
-0.186531929492959
-0.182493653391175
-0.0770392981066368
-0.243455954732606
-0.142026990328812
-0.0578771568725756
-0.243840744675549
-0.206591701535457
-0.0716947005537246
-0.0355637787171557
-0.140616996295536
-0.155451134092025
-0.144108031517046
-0.161094259266155
-0.271927890373296
-0.112791856025089
-0.0736469248351428
-0.173967284024041
-0.219147172834665
0.0337883987390322
-0.167998257374183
-0.162653650679321
-0.0975951796814574
-0.0958394714298895
-0.0272747025130114
0.0173334753193665
-0.159904528056102
-0.200575433992176
0.181273595456746
0.00880108851130276
-0.0834999138118175
-0.279921500492358
-0.194517007684865
-0.217327135887389
-0.126325344181534
-0.161258086048925
-0.0645006245263903
-0.150464067872134
-0.0599178987703699
-0.0808213724125473
-0.130119162521025
-0.116529896345193
-0.0445794056775949
-0.0205227870866132
-0.125882962902294
-0.163702380561096
-0.121773611501841
-0.0157887258178355
-0.0370622369612208
-0.0675757401230019
-0.000174409104946147
-0.104030441612538
-0.0178002531932945
-0.0676468573761838
-0.14104081682434
0.0517630229947397
-0.0515462881475158
-0.121812282751851
-0.0475007499450182
-0.029532129762248
0.0429898868472294
-0.11328508918833
0.0982386977045836
0.126892066316516
-0.0993652650333174
0.081540071342088
-0.0703357353831825
0.00493909438983458
-0.0914059701300387
-0.0133875960005168
-0.0481400955772226
-0.147889747348796
0.0019571499344124
-0.0687938176508624
-0.057899918252142
-0.0286461668373234
0.0929652340991831
0.0666047078808137
0.00390736844338549
-0.0988775309978209
-0.025600796725967
-0.0857301895315208
0.00686614137733479
0.108488878469282
-0.00479436628198594
-0.0258350795298651
-0.152890358770955
0.204304518850286
-0.110668514896408
-0.186079157757412
0.0882624801926397
-0.000466334340127835
0.0511742610581907
0.0926396458106492
0.0478975717437243
0.00113655827425005
0.0304039109739713
0.029480490588179
0.0786546616189739
0.12130130395949
0.0917580168218145
0.0495122173516039
0.0621884743257183
0.0855928418193882
-0.124358251580016
0.190780298916731
0.0821164816664044
0.0330407615500471
0.145791659736831
0.133555356415129
0.0460700945677303
0.00102103036185089
0.105817900881691
0.115766045837764
0.101204136728363
0.067359888277425
0.191302629854784
0.0262784825292988
0.0396364404931772
0.0223380946196568
0.121956695776733
0.160248315129128
0.110908539039274
0.249910397298644
0.125637792817631
0.0246440624043345
0.0684276126095099
0.143070668348914
0.104815871168683
0.047518099003494
0.0355936472993712
0.0528894147672892
0.139061289702177
-0.00475054584107311
0.0814989476029599
0.00176107239072154
0.182160600493225
-0.0502310565322803
0.142988777897649
0.168009957005918
0.0950966215974518
0.271040346106834
0.286193741732144
0.22488135769533
0.145119062561787
0.129379768208398
0.0489983844027776
0.194000613531684
0.0636574130343759
0.0569329335784832
0.186762915263404
0.0219290502997551
0.173708542049226
0.126657607277524
0.0484377607258966
0.111496286883977
0.193184604898173
0.0698194518978124
0.255951509665942
0.248655970659046
0.136190848463987
0.0966516945922776
0.0929291793069981
0.104619530793336
0.235632548321073
0.183695498212394
0.127601801627672
0.254598982908102
0.0579617618792237
0.350556053015146
0.245106603953179
0.128750617359636
0.198094245599048
0.123334981241052
0.192143299754816
0.284296579732272
0.0688528173062377
0.238956339359057
0.182343734640726
0.0379938521385375
0.143101174408966
0.117941640716818
0.245022986413762
0.154240835366967
0.277583291318987
0.244602869298592
0.14968132777951
0.393087386745436
0.300429277455247
0.0827586762521658
0.154604851599078
0.114528388894004
0.25015867241655
0.26258918222698
0.23401308437862
0.297779436099006
0.322938174669029
0.232903713328481
0.256897577618685
0.301892914740688
0.277405960429461
0.145454532642406
0.155733783516733
0.24476486970202
0.20601843806695
0.298046705219003
0.266408137285469
0.320300770727508
0.278694412757921
0.271016209191627
0.255695909669232
0.318486530605645
0.298647475503313
0.319004810916426
0.299617002801739
0.29798081426518
0.296204319459709
0.233051441333577
0.31607063708549
0.343966518895188
0.259463332480866
0.194745690493439
0.266716476692975
0.347183225511738
0.376070119839904
0.437480279139433
0.288957709611453
0.254643932309308
0.289720047424881
0.375181508275115
0.287067053159749
0.149235105134101
0.342192697010146
0.184732656970127
0.283984044571201
0.276086757923206
0.235375040838145
0.360442495367919
0.383414432067754
0.453048078730725
0.221057297311113
0.327460428907284
0.287284943437178
0.318011587212492
0.259012828088729
0.256192275360815
0.241750634035603
0.405634195754133
0.398121446355126
0.221681582870218
0.321630981511572
0.225996896538512
0.252977154341573
0.182003241068141
0.261497568924958
0.4041904853549
0.356899698737074
0.334967736525729
0.304580067278356
0.254175141833131
0.469072069379646
0.41569462781504
0.569887002323564
0.514390011715293
0.3054395058546
0.393096895069273
0.442836672335429
0.349002833313205
0.424675951598743
0.51188368626932
0.300560616804076
0.349518258657184
0.450159607217152
0.36593077275971
0.354749065502532
0.494736852146703
0.382895673968609
0.299280848613819
0.230314281435958
0.450157822016916
0.291904189123259
0.295446490899678
0.369714632130275
0.307713952592851
0.431107133141186
0.423822737590569
0.32753605487195
0.400960630390219
0.260277890150709
0.402017113061454
0.333224527110435
0.527740446605994
0.444486402167328
0.517106549476935
0.408885215910849
0.387274587529759
0.263713437370523
0.431766281018764
0.53102461164525
0.388141595612611
0.374507200321013
0.448912775395002
0.504408388255013
0.48552934849553
0.35114981212365
0.493879854411687
0.516405061458246
0.496115295388939
0.286520538740411
0.451426390248735
0.41796055147125
0.544386433224882
0.539580708871262
0.377838792869282
0.4167817770602
0.471605362800185
0.440393752493419
0.464237717060804
0.373778700631507
0.456402808991695
0.479153479192854
0.616662649455615
0.522027355354191
0.602253958748953
0.417939714552236
0.553259855940407
0.528774176283983
0.530958830014789
0.472472299987705
0.610139120598818
0.552275990433974
0.495511553319759
0.377054070928217
0.356962339230194
0.490464833260582
0.423438179399594
0.57727369748536
0.444276370056907
0.603930686788621
0.524942918662401
0.483351142729601
0.700207410696936
0.640645410153482
0.635935242166879
0.47810701806422
0.551185598565307
0.42878970271064
0.564378944750916
0.525808571944005
0.511450048873728
0.637264316958035
0.580575926619726
0.536590523194982
0.496109610728165
0.651269984041746
0.595766731031379
0.517428402060124
0.486672931049453
0.625463367043526
0.59006893334672
0.635353162685324
0.357276850076868
0.528683711518798
0.703421465750082
0.523964985496096
0.676336127456197
0.589633316906902
0.640918566517491
0.595951738225573
0.717833096238083
0.59296885357495
0.614878960274118
0.705869025878838
0.548786760097324
0.542550559807026
0.564800991421701
0.507458969818809
0.529132726903523
0.543852642172359
0.629402224649772
0.620218823061139
0.50709352732341
0.613376568092574
0.484559577678934
0.681602217965674
0.652564578886029
0.517880064959028
0.593290808411217
0.483646837108994
0.536706171464702
0.634532680374401
0.644271737087966
0.58155395890411
0.644959820387782
0.533214645867594
0.688076758023546
0.770537495239904
0.412151465044828
0.509077742788933
0.548741660089216
0.662967028605855
0.605781241059499
0.576880913979079
0.599205890489281
0.618582685068392
0.65310980613082
0.685173475618269
0.743985922421922
0.611731986265495
0.756014685985631
0.487117637028399
0.602475303632954
0.723188264776148
0.708838125899891
0.630891641243497
0.553761817085057
0.729388186436425
0.820738604989581
0.593915494429055
0.820678116313879
0.792960684871759
0.614732220286179
0.674537376300068
0.84460963685792
0.777745361019448
0.618006032642102
0.661266843552419
0.675148075987114
0.658141142071153
0.639878763339676
0.598686461920214
0.712380860283564
0.542033660227946
0.784619045885865
0.828115728341612
0.669735993509383
0.603984242384523
0.64959234814019
0.707256250338341
0.654539212520097
0.651725085090383
0.626594764999148
0.665481077192909
0.621389836046074
0.7885808911685
0.699497487318194
0.655404355660026
0.702740603295288
0.608102821640555
0.541941460041772
0.712022628456572
0.824084922260482
0.791326486348613
0.764396355115856
0.627392214782531
0.775622435746937
0.508608077275083
0.876605044279836
0.745489276066519
0.794329674742555
0.63536347521621
0.64865491187144
0.628098437636714
0.875377083026206
0.665726131521796
0.882011208229146
0.758959943044758
0.72783584189624
0.795030741207097
0.6722512268566
0.751789458579798
0.77843357962069
0.717534555768105
0.686951215947415
0.805438447907767
0.713517243784247
0.744262781668065
0.790672395379295
0.801668308870327
0.803519399489101
0.905111892261501
0.827100915805262
0.867392658609086
0.853055871608338
0.835276469202689
0.791976075024112
0.721261019253601
0.637233875254429
0.904146821583787
0.866243567651551
0.89107749053877
1.06532288036549
0.88677935215885
0.852552177891006
0.767296671560361
0.824728644193643
0.930297102104681
0.7544258101709
0.768828099797854
0.859192306442645
0.980477637438745
0.850749695152574
0.841107604345121
0.752416338897733
0.849922901610594
0.874068313456832
0.861286758817519
0.885430452262845
0.723581598412738
0.729409073253691
0.877537573873155
0.858605125461184
0.953686622822976
0.840928337515115
0.94131229734586
0.869784139901999
0.906256618729786
0.797712201201067
0.999586586243336
0.867817850310953
1.04348805236554
0.757454682376119
0.825470121914678
1.02690376787529
0.833330666581112
0.999275723916503
0.90539504247071
0.834385452259538
0.774581983442832
0.941685596480123
1.05362723775189
0.792584041253214
0.94294436750502
0.901020528317458
0.839310663046872
0.982478366711574
0.982184932665312
0.905844172050213
0.860542376528753
0.889837065072186
0.987541611426765
0.853077565245869
0.840205243020154
0.914365860054931
0.946546146155401
0.823238932334705
0.924110998662139
1.03226615849541
0.955859250457993
1.01354550157041
0.874790300835659
0.855247363738669
0.84029237552489
1.02187901255841
0.997834953814411
0.827396057169659
0.939882169940442
0.940450950848776
0.903350509860079
0.926241737668784
0.919318509049489
0.903172837712111
1.10027731374443
1.06282676481417
0.882190341210501
0.981868308138984
1.014188845511
0.898527204802521
1.09604455935697
1.01039511454929
1.06654299024269
0.991760337811111
1.05579345064478
1.03058863078166
0.900307246587917
0.92236051723058
1.03008349327045
1.01559063172981
0.954599457880878
1.06593103059974
0.939489505190412
0.9150073805813
