-1.19174105053663
-1.1037263764398
-1.11526727594611
-0.900692765395277
-0.947378025579246
-0.937282460231127
-1.00359143531875
-0.928952501201733
-1.15328104503538
-1.0052642243305
-0.992404205722648
-0.986202092109148
-0.920749448912566
-0.867219716657199
-0.933686058342185
-0.975144179556169
-1.00462040837826
-0.971467061995518
-0.952700540987221
-0.876851025877493
-0.939874231454835
-0.977525647958618
-0.852248410429552
-0.916468196966366
-0.981277038350672
-0.813751152485551
-0.938044959322087
-0.878802170494414
-0.938200997690718
-0.957618019813228
-0.982958784040673
-1.0385314598471
-0.909821488281252
-0.911264711220411
-1.01095029378535
-0.932883469977892
-0.921781722209244
-0.906722276444472
-0.814470893538303
-0.840356343098514
-0.905093511429861
-0.793107191671921
-0.781135631949856
-0.809240897318812
-1.00200806745727
-0.896432768843567
-0.884790803347041
-0.954360632559528
-0.868772033822314
-0.887725314161311
-0.789487031187309
-0.981244306952725
-0.871925388039734
-0.867044193574688
-0.909168566090066
-1.06175506967781
-0.922405566164308
-0.911846817266288
-0.951634970871761
-0.900427901895004
-0.723328911349715
-0.946417168415934
-0.911950751700782
-0.762673253348053
-0.807685526077951
-0.704169955951298
-0.905838981296634
-0.848705465179281
-0.82637956851371
-0.839210322523445
-0.867032127586273
-0.847001133587494
-1.05684313174183
-0.970239237160426
-0.949932982891471
-0.914116883168538
-0.849190501864249
-0.724168980773958
-0.760934291511709
-0.80231992995625
-0.839796097409419
-0.835903990223853
-0.873711532777164
-0.820474966305142
-0.798682832100444
-0.744175799107036
-0.806024262770171
-0.876021455709727
-0.862153829398273
-0.788333549808729
-0.736766177173337
-0.735567643730882
-0.749366725091236
-0.628433350066868
-0.811546556343011
-0.902813752973109
-0.859281756245426
-0.71751488297107
-0.786177149660726
-0.726815538011291
-0.869701534141511
-0.786477693254302
-0.82010111061812
-0.861531704752229
-0.813400610408771
-0.847070624588664
-0.783431964811075
-0.795587880160749
-0.802058511697787
-0.782061277403244
-0.792160844318333
-0.790355807717385
-0.768177595426005
-0.620291722416523
-0.788706707972863
-0.895148118202233
-0.667808297191816
-0.717225412077985
-0.63827196852639
-0.687788465024741
-0.667072430336196
-0.790173371270118
-0.721366023432749
-0.801095492225636
-0.71144973770686
-0.67367950226467
-0.733367249842668
-0.572948202602886
-0.675230300332365
-0.790823183198612
-0.67137836730087
-0.887960015006961
-0.629640035226866
-0.628994745652501
-0.736590537028545
-0.798540159281289
-0.751264844014966
-0.717241954133779
-0.635048857529524
-0.762750238409194
-0.679982292004331
-0.763220067539134
-0.766479053554991
-0.8606603654742
-0.633902882192386
-0.776034674519442
-0.632925457651882
-0.765493556629615
-0.755221857308958
-0.73511775299234
-0.55063026714237
-0.626787603130124
-0.770030615369413
-0.575922059530616
-0.782866335265027
-0.714848534596673
-0.58532320653881
-0.711458603900785
-0.768393862521238
-0.757341703269492
-0.698713045152505
-0.801591905813565
-0.610849564526216
-0.610529161533308
-0.683483087015781
-0.579445005474928
-0.563176041254753
-0.716053737660831
-0.560645117110086
-0.744538066166906
-0.742326236864071
-0.643981199885039
-0.756080401938374
-0.550885089160878
-0.694388492083391
-0.672365100294552
-0.673187889121188
-0.598499974554956
-0.666503433563459
-0.66074657511487
-0.700421557247706
-0.618259422085161
-0.618149982393689
-0.592301190184193
-0.671994873143846
-0.636962164996207
-0.604776359167348
-0.66403279343857
-0.661309319186007
-0.84278493052833
-0.512514651035845
-0.66429386949123
-0.660441124121046
-0.627850203464287
-0.639484701486278
-0.67264284214684
-0.557605637049991
-0.747542580218252
-0.576122685955824
-0.571615052753156
-0.605973577327287
-0.711423635732279
-0.642180456041765
-0.646171693992387
-0.612763246031725
-0.668880853503131
-0.420937124157612
-0.503370248596637
-0.754714611507645
-0.646872113570216
-0.563186561490126
-0.48648374120564
-0.526743163815701
-0.52287190552424
-0.691716303046914
-0.434967376843668
-0.419398663375815
-0.702404557146559
-0.610209870413818
-0.554821521183407
-0.528464315785335
-0.495849387196658
-0.637988588086815
-0.417928797094079
-0.492652953469648
-0.643290227637788
-0.681130234926548
-0.477244527156139
-0.402356650840471
-0.438362093688515
-0.603635453518583
-0.543402562082661
-0.369160913388926
-0.594727032294303
-0.50687863193054
-0.564096852666749
-0.600166617006984
-0.417690040610978
-0.580725575177809
-0.508148350871368
-0.57489487745174
-0.411676896952424
-0.580791885159192
-0.47362042888581
-0.390969752881341
-0.539317477668532
-0.569215791921173
-0.565131946607028
-0.447463814359932
-0.484481908617635
-0.563496925361437
-0.536718851749219
-0.533220513283358
-0.544186059127329
-0.666158501534561
-0.462540414278289
-0.408878669639945
-0.378215426855552
-0.481200439834772
-0.559662534493476
-0.466075045440141
-0.411067088965835
-0.556961215232703
-0.402605987559317
-0.503305821212804
-0.436607678788949
-0.45588276027552
-0.468531849481856
-0.357210528331147
-0.326522918255338
-0.493145002759974
-0.541412487217073
-0.481856519884824
-0.330560469738729
-0.46675217349738
-0.427877986518174
-0.375721786503617
-0.498419708281265
-0.548124166973999
-0.444558436679601
-0.337781440587214
-0.38744731175466
-0.528143425576556
-0.414653858216213
-0.402466059442781
-0.367305800756298
-0.463853097253759
-0.47332762917826
-0.317997500918658
-0.348115637291115
-0.39000979019647
-0.571841864933789
-0.40321853626998
-0.399049761824371
-0.419620291710922
-0.299132399554972
-0.55828164104596
-0.37824015363055
-0.475571248799255
-0.493458807932065
-0.349736679452573
-0.413657019606935
-0.3411285196447
-0.399157753968514
-0.218308016312164
-0.239058870324584
-0.368555923285138
-0.442199564002464
-0.297295191784054
-0.490868371748273
-0.31590937177741
-0.550176513008792
-0.471346458330071
-0.270057671231766
-0.404068101092724
-0.286626635344083
-0.401285340591152
-0.520135112709713
-0.263498857656232
-0.306202655125906
-0.279084001127333
-0.341991806646654
-0.24483577936687
-0.211714834364777
-0.309460363155115
-0.335890933103888
-0.358412403066239
-0.305120907121373
-0.47170867060871
-0.344793835707574
-0.373247947189971
-0.337396730273681
-0.130712298058017
-0.405106529683579
-0.436536087821309
-0.451505977883658
-0.342992101853059
-0.392231877237736
-0.291984745249853
-0.403478416627186
-0.289110599029823
-0.393446280464187
-0.311335662700567
-0.24170472743236
-0.339736458742774
-0.2641284183747
-0.420955576413093
-0.292465278134051
-0.260145820706924
-0.282198325260902
-0.47124202759595
-0.355105161598867
-0.250953117120263
-0.229095062496134
-0.287232568587305
-0.354533766064379
-0.301887511300766
-0.343770946558877
-0.192265330400958
-0.322369417730622
-0.236582151431171
-0.401382563957073
-0.339928366288179
-0.330415791312986
-0.252657161498812
-0.394563987374102
-0.275886899792052
-0.266809965493292
-0.141996499990753
-0.135914093534205
-0.142364706752331
-0.306623199014443
-0.308050000829937
-0.223664892008665
-0.300117305567709
-0.162814114669646
-0.282233437727448
-0.0478378043458538
-0.276612231756429
-0.449621961822466
-0.33186018920845
-0.217309758298545
-0.170531517646958
-0.389611300095212
-0.356868085394841
-0.248936064628262
-0.167349350810868
-0.142551578631276
-0.248492305441576
-0.165796325324422
-0.278870173096451
-0.143944031121863
-0.151385396078532
-0.362670118476052
-0.17214983508087
-0.290028011772339
-0.168422653194071
-0.174836877202248
-0.194752025680913
-0.203227560790082
-0.108677009735858
-0.203967083976912
-0.330252747541345
-0.224142028097426
-0.066394846920554
-0.328188937985268
-0.186657493606609
-0.196736461845763
-0.035740055860233
-0.179021855658643
-0.148791517949935
-0.0863819921609787
-0.237279432441639
-0.194863981187009
-0.156654256815487
-0.369924462899238
-0.0927277552537011
-0.333219792242683
-0.15036906580538
-0.0871233010434375
-0.251021281982286
-0.148397285018486
-0.223872980420668
-0.238820606937026
-0.265715075479691
-0.109402888799519
-0.1404228494999
-0.0267954532295322
-0.182744566874757
-0.0392508909032084
-0.229404107344821
-0.269062590623313
-0.229162930054873
-0.186263588387705
-0.260956114967037
-0.0861360803891899
-0.1751265078201
-0.00488921596440548
-0.0901691282488049
0.0509854435592116
-0.0251232545893405
-0.117311414555714
0.0130310711392401
-0.156776538207944
-0.181754715867078
-0.113314174662332
-0.106556966730701
-0.0213474483324787
-0.199866485638075
-0.0700656436841063
-0.115807056289875
-0.0204636388087357
-0.180626623724659
-0.186284342520705
-0.157075453363014
-0.0597919960989824
-0.0934315909709432
-0.0158904631208492
-0.188576725886497
-0.201488704011045
-0.131574160358007
-0.0283040274367422
-0.185375936090326
-0.163101867109447
-0.150388022393691
0.0502094016966808
-0.0811152775404054
-0.0545449040804122
-0.152203199485601
-0.166322923253603
-0.168941045531129
-0.130259686288487
-0.215496283685345
-0.136462708207829
-0.0687051234350381
-0.0985627982217822
0.111708817134392
0.00491982091606477
-0.166391023410897
-0.0940524082150852
-0.13566042591965
0.00112616676564555
-0.104411664278218
-0.175663178024455
0.092584863293568
0.119046001839072
0.0469351748270521
0.0245274634611517
-0.189216646594054
-0.0468894183788862
-0.0268706459128088
-0.0496048698696958
-0.0185569136109243
0.040800310857371
0.0462668225188648
-0.155049489773375
-0.15592004550782
0.102342006789768
-0.0861281637242855
-0.0235152666794079
0.0599794703672501
-0.11490134431087
0.0417537451145335
0.0455427198912002
0.0269835932866528
0.0514444188784371
-0.0881342980949266
-0.182322377104677
0.111378751032962
-0.113932557537758
-0.0200533092781592
-0.0179619386349174
0.0557224131282453
-0.0952120753464809
0.02893565371535
0.186899039292302
-0.043352912308873
0.0446112303284934
0.123810000949975
0.0719291873276212
-0.01058441964167
0.104966258215194
0.00444124050529918
0.0317752470371523
0.00371474600769557
0.202190370487626
0.143962329257605
0.137962284911907
0.0460700770609808
0.0805168478069571
0.100532784723938
0.0558102719893717
0.0419039963967067
0.136330495812827
0.0423737175659721
0.127617947764884
0.0341279885215558
0.0366003225133592
0.116928168675983
0.00239802626403921
-0.02440589191707
0.140575868263436
0.089740940716385
0.0308354228603258
-0.052822776961278
-0.0257919751769941
0.197019597198758
-0.0187281023948848
0.140903599025872
0.0027816433603674
0.0153704069710067
0.0894975717082557
0.0347453118664238
0.147987629650252
0.0859533157920905
0.233607703521928
0.0464128421846428
0.187600343341862
0.0236665117813721
0.150161402872915
0.0340887051287352
-0.10007425408844
0.111581448370809
0.0825109208379581
0.24092396448847
0.252237887722084
0.253368300500315
0.0315106867731144
0.130365694049868
0.234026736741748
0.135109104131431
0.115983154602124
0.126934850591873
0.113523387117657
0.168720081047079
0.137826927989292
0.0348005639374585
0.122644915336499
0.196690485710461
0.0556627337763987
0.32760985686593
0.025197587212063
0.213954453505176
0.209535341783249
0.1796920811435
0.113179606348842
0.227547999351383
0.129087368965414
0.15378650507076
0.323010058352414
0.310162040257668
0.268870431393891
0.120671361634328
0.0961498499394637
0.129863156312567
0.193210289521081
0.105611571655617
0.212490653116214
0.134200184524571
0.294686107488463
0.112506498142186
0.0711054047850109
0.190227685245296
0.160280926236314
0.374993318755355
0.344726945984764
0.203266012873432
0.34048738426385
0.242801557914025
0.223134357525812
0.258943012200199
0.229830413748662
0.196834706398222
0.123688249943673
0.259616414465567
0.293564856210271
0.28963512649848
0.220509808714212
0.344904497288536
0.251562706102716
0.355371277510886
0.233909995850496
0.149191091308756
0.243671843578956
0.291695707987987
0.306848503167495
0.190177711634244
0.3550016034103
0.232013527743227
0.287333454969639
0.277313824654895
0.129976108860886
0.0895466969974921
0.178115913710537
0.391170230368191
0.297606585946915
0.263624347001089
0.301620745922985
0.33055610190138
0.244402338394968
0.0823958109597612
0.370055433711808
0.32509450429166
0.211878450292783
0.356635553677296
0.0863881576114584
0.319476682563404
0.204646231762869
0.23291285528993
0.281771647691526
0.274749108183877
0.271578047796491
0.390703032006422
0.330987562477914
0.410199987725819
0.385883485344451
0.416980274484583
0.206772976203771
0.398547149990661
0.26583713690249
0.337820141506541
0.198359699017009
0.378469123403318
0.210939391379591
0.514926512036589
0.445520258127035
0.273657358598854
0.329058165132795
0.387506788333528
0.371547864707822
0.245509280265112
0.272877057788187
0.30725894689649
0.335030452416629
0.411806183805614
0.400974883886089
0.255445223990709
0.458692181629906
0.443131595275922
0.414880020349733
0.473966288287364
0.495112611035238
0.355609770461664
0.399270120001462
0.524234867728046
0.16106492210641
0.363784762201796
0.431221016849643
0.274154958557504
0.304108203222859
0.23491225313555
0.5331606013494
0.396809282826706
0.308924248152208
0.486223746878738
0.414619267763991
0.399491318343754
0.372976242326823
0.443061722621282
0.34458702380243
0.502600554032339
0.411545482684786
0.445421123504114
0.393838864307881
0.429187769424823
0.366614746599437
0.369503327146232
0.444412552878119
0.379773796813009
0.407928501502137
0.417603699193359
0.286037284419371
0.383267381793953
0.409734703111748
0.490034613207439
0.391937623331755
0.463593146071064
0.384764639250708
0.43080736114818
0.42626164308063
0.272858400898521
0.410305470428635
0.55818855945696
0.46961899649288
0.554424178844137
0.612513378802555
0.435969243878594
0.460139031268751
0.340345946705013
0.5548697378639
0.47951388848872
0.350013559049748
0.575160149638382
0.509201858666631
0.472704190721921
0.583555285398426
0.441857976759874
0.526421559867146
0.555536304768576
0.59037227196128
0.436475788766079
0.558591253969552
0.403975553542692
0.546150619729478
0.406133012725055
0.382364791915098
0.424461387482454
0.747748412767446
0.510309656830326
0.499573396138436
0.450403471940615
0.491147674417537
0.577398830630626
0.557080410971481
0.404729751934316
0.58934294962279
0.672392449401449
0.459915899723777
0.448792910647758
0.452757030435808
0.392424295244936
0.5358715231086
0.564614932473772
0.479289368143961
0.540963091375326
0.50808886054798
0.450535677462841
0.430300803951707
0.5251413080921
0.538958485598121
0.608079557374541
0.635411774913604
0.599832263695726
0.360557113371451
0.524095327377782
0.566346653269452
0.593893798009057
0.579744871449695
0.434063768665446
0.555657470517915
0.638039705806012
0.599474880468173
0.548893901511685
0.629649441310076
0.56721739456431
0.530171651162923
0.598281170523105
0.56771692884737
0.673169035324422
0.556468300022996
0.610512409459028
0.394238161407892
0.460999363354813
0.581436278390639
0.546784652525033
0.609989010794072
0.532266917272622
0.586927307265486
0.524480028475538
0.564267996281409
0.622545636496675
0.55119044508338
0.46824528145347
0.822872698861549
0.662587781778839
0.570421447274216
0.596099217559751
0.702250564064881
0.512793957712019
0.700247276703823
0.595522996602038
0.582198612833877
0.596825806213928
0.62764359098205
0.605798822667151
0.64680244953988
0.731912540603779
0.542939942935659
0.747432616350216
0.540105682279057
0.612214214765506
0.680643986657141
0.611730209673872
0.580167693528145
0.774201859288156
0.734448278087873
0.602180224186477
0.653219685703397
0.657655081021977
0.708043104221778
0.708626461351233
0.652483865839723
0.751008616079365
0.764425880467884
0.729608736893649
0.558502121010776
0.599699557066651
0.705911274120102
0.740753338141934
0.742768562585704
0.666558019496944
0.54492701141811
0.607221317261393
0.761487390800578
0.623609320878626
0.742979758707924
0.713381299349085
0.820864940759765
0.65510095214087
0.616298014038715
0.594072743742262
0.764942870542728
0.762361993623696
0.621395739011218
0.678186656294202
0.688531989437415
0.699999971931484
0.705747009693998
0.659540009994565
0.736993769102426
0.591702358107176
0.868726786630215
0.629789498469715
0.550175432640544
0.783757641811861
0.75840123266434
0.776968551280072
0.681734516136161
0.83821528307526
0.684411552946437
0.727734218037952
0.700945359108453
0.731054448108157
0.717027021807627
0.826925205275818
0.866767905702853
0.878346667637565
0.743746402027165
0.668757238585461
0.560302745023368
0.72840855633903
0.734059424156925
0.832110361717437
0.748404239992403
0.695919916896938
0.882007715212453
0.687718347350642
0.859642669873081
0.749023467779691
0.676498932657489
0.842131347271447
0.701258805391567
0.940595038930358
0.734745759292895
0.67384244751314
0.824308062233298
0.833258976821055
0.7148372992706
0.771547019200543
0.737361134125365
0.876390157426014
0.769307566441954
0.811158779410913
0.677355724728342
0.653246388264298
0.860838578785324
0.834969960840034
0.820643306927964
0.845172278952701
0.846991391167938
0.922683471017299
0.798385144674357
0.798788585188271
0.900614064463883
0.953356714125102
0.782675543324629
0.900249113275873
0.671737760247922
0.741424006584673
0.845026431462669
1.03027490626716
0.750802741978025
0.880359966965298
0.828224403777108
0.669605471064518
0.851752088923609
0.890039970068755
0.802238731466485
0.764619357454691
0.8696700660029
0.881845324672359
1.01649730424794
0.856250145732773
0.901581334180582
0.885532601753705
1.0090740076917
0.819409585674976
0.840067242527485
0.942845818404479
0.756467844145926
0.964224357704486
0.923428038265015
0.667249028153829
0.897703398940421
1.04107806235218
0.913415436991548
0.716007316829453
0.960701272114449
0.787476255048181
0.917546923063832
0.879757396117171
0.748546246171668
0.880108768819907
1.07313353614778
0.833138257826835
0.827976806575566
0.987145572488102
0.944028992248821
0.883244862170801
0.950342851525192
0.89050757507984
0.895100450244507
0.918026246207757
1.04822532572424
1.02055680250846
0.845580115303144
0.934269243442196
1.07083693960707
1.07937754523839
1.01516962606097
0.98804206330955
0.954332386613963
0.825894107229985
1.03810957569619
0.967329934325105
0.888393178879278
0.804110954000769
1.03183898414304
0.997985748648746
0.784585568501082
0.775629056047001
0.827230211119176
0.955300084427932
0.866881311710598
0.959650460201732
0.829858932420827
0.974252807703436
1.02386813349995
1.07471503617543
1.00119310267725
1.00069438570111
1.00702164862713
0.981257606999239
1.03605427722506
1.04745462082522
0.981274325701046
1.05016782377143
1.26081607106166
1.13258463152134
1.00242694816095
