-0.945830318566484
-1.0193519240285
-1.12706682769854
-1.10120100178323
-1.0546765719144
-1.01790846605776
-0.920351743391271
-0.894619567734149
-1.03907867228982
-0.954860228778516
-0.931475973094074
-1.12315115384244
-0.940042563505601
-0.847206710519927
-0.807976531057013
-1.04740635274159
-1.09730141026743
-0.908660100991117
-1.00070562651251
-0.811986743120458
-0.825972756734062
-0.88176813154013
-0.957435394013533
-0.972794402567279
-0.826648177444668
-1.10814341061434
-0.962426871607467
-1.11569263912966
-0.931432573482566
-1.01811198045111
-0.915249428840316
-0.866845821816459
-0.962774684882024
-0.996477939119901
-0.876207157599636
-1.00632122220347
-0.879946645098904
-1.07649181590143
-0.850432877439557
-0.912734370653884
-0.953700558000552
-1.04524266372533
-0.978871551338814
-0.975730171892373
-0.902027329951685
-0.936239881010013
-0.905272646952861
-0.700732798626771
-0.867268091968774
-0.960441440565803
-1.00594989437755
-0.918176765087983
-0.809206090805878
-0.823280214466833
-0.922038643827208
-0.925304713680653
-0.825808363485184
-0.87286408880502
-0.873664968392784
-0.800101398620098
-0.864908836721287
-1.02552104423181
-0.90494743123147
-0.818964467837899
-0.901727754179069
-0.860374988747017
-0.802089117790581
-0.87427755612204
-0.836047109339464
-0.978179470672643
-0.710448825942372
-0.747043222335909
-0.987416198710909
-0.889510903491986
-0.807933776224184
-0.864621304651543
-0.950016873699896
-0.738607372173379
-0.904606913269462
-0.767567404740914
-0.825025608673981
-0.759584849902058
-0.977802589574107
-0.766373375234905
-1.02762518948948
-0.815728002837028
-0.99474415913569
-0.818079223691329
-0.741004704723951
-0.71174703085114
-0.779314572171962
-0.812619095011215
-0.823168374458953
-0.817814319879011
-0.791355177957053
-0.808313715570862
-0.782277817995835
-0.674737650242271
-0.901758746211937
-0.72666042689184
-0.762866415444279
-0.811484298104653
-0.612991795299989
-0.682410112098177
-0.781374977948648
-0.789074071640902
-0.745361354742149
-0.688999457473767
-0.830193272915061
-0.756331744985727
-0.616860187911622
-0.831172734537404
-0.851166492056946
-0.765728107775601
-0.83771243244689
-0.852395234032423
-0.760587348142124
-0.760560929659599
-0.605293461767671
-0.761487072743926
-0.664051088333796
-0.915153575262749
-0.822718318732165
-0.852460877600546
-0.855865519626056
-0.691489601653553
-0.853928414807081
-0.747276269522633
-0.813723886727786
-0.667769653962214
-0.686925639939785
-0.738520598192182
-0.671707990368256
-0.840233429792375
-0.734340946149455
-0.752231816664008
-0.651739042771177
-0.785128193050765
-0.661787074772308
-0.64887033010097
-0.651420089472997
-0.572639976838206
-0.868743543395889
-0.554271995681355
-0.666159132450692
-0.755410139780437
-0.748782336277645
-0.709232424945109
-0.662863739341594
-0.656656503500425
-0.595422054450116
-0.574452084092717
-0.644521460615389
-0.768441235427013
-0.741726787967908
-0.634635827116526
-0.701956727396384
-0.627438795311565
-0.695038805458943
-0.655959032018623
-0.790648900854432
-0.61421633591127
-0.676241784867304
-0.562821260663572
-0.578292419378443
-0.747869611678554
-0.755346862886678
-0.638075551615534
-0.72650952686089
-0.723287827534837
-0.582154329776465
-0.616479619636941
-0.535887399463368
-0.688007862539905
-0.712794219119133
-0.63472921783991
-0.72618967732603
-0.631111752923787
-0.790449991530824
-0.639898185264442
-0.718348896562315
-0.612851185322912
-0.631917568500389
-0.673186928225295
-0.683589747506558
-0.610065510214754
-0.617553720483716
-0.594959274248581
-0.616319988671355
-0.755249816527352
-0.613826395261823
-0.746803090498321
-0.490844970793265
-0.615314689488642
-0.652792468162573
-0.598817701620901
-0.655645375629649
-0.553837901953897
-0.619479582102395
-0.699567865096906
-0.697746061551222
-0.516033306395078
-0.559702250013235
-0.538531949588467
-0.661904510081924
-0.644314298151343
-0.378465772272982
-0.610110174925436
-0.468544851803339
-0.323984359936668
-0.512540380108228
-0.525653912240662
-0.651741507251216
-0.523890571743491
-0.631895541744893
-0.531264432356865
-0.340989537778897
-0.508876157054839
-0.723001459339239
-0.72761779109704
-0.614207952251345
-0.583268316027069
-0.384964859215437
-0.800024916438301
-0.695634891711597
-0.607507171643843
-0.467031079554616
-0.511493762819361
-0.393066077779195
-0.56936621667714
-0.662024771321999
-0.677699404578258
-0.605371447490177
-0.614560517754204
-0.531093023162969
-0.451006342554526
-0.715609849167409
-0.455714734179739
-0.527399295555492
-0.468187259877907
-0.522077022704216
-0.587601953116625
-0.510321198698892
-0.578823090772895
-0.574574936835676
-0.351534249729444
-0.550299803834338
-0.419740935890387
-0.449507834723457
-0.648266353330757
-0.393507708586316
-0.485150439835722
-0.424714109471127
-0.387117122595629
-0.626740902441997
-0.476653306082785
-0.493640118711617
-0.485020067313944
-0.454296941618985
-0.400390572070256
-0.59927963752646
-0.541823848183689
-0.251726886849193
-0.525027879650226
-0.62858615245126
-0.569140337632161
-0.427421413018404
-0.559589941413684
-0.549935559468617
-0.465600656042633
-0.484009504334079
-0.349596162445995
-0.428977880096262
-0.397867958400452
-0.431334036968327
-0.655035930043209
-0.449772551734844
-0.498235188890832
-0.434516390642269
-0.485145423391472
-0.430467806768209
-0.441705754545325
-0.506469418869768
-0.434606231459254
-0.466435429938078
-0.479753598856684
-0.392066731181109
-0.440056408630554
-0.343900051234438
-0.65021142406271
-0.474792484360528
-0.388430657368947
-0.605716435942471
-0.457021814902232
-0.393610004045843
-0.451207864684677
-0.450203511480912
-0.445010620135095
-0.331278628868647
-0.532698505030546
-0.472429138737892
-0.44001305929679
-0.346230963928068
-0.400548356925924
-0.242182117134447
-0.386355069707952
-0.532654503912943
-0.191621356878648
-0.335486386855603
-0.325612942195967
-0.337262298453357
-0.356678852303366
-0.398842528322651
-0.24145900808439
-0.425507865235968
-0.363782060219125
-0.326093652789742
-0.188718282354516
-0.441772243927719
-0.417967197042695
-0.304354064721186
-0.371701274248526
-0.331178026685355
-0.414445094268504
-0.418750661547184
-0.405414681801707
-0.180891268027422
-0.29755724134096
-0.388283556742875
-0.478090384512894
-0.185573141722641
-0.223213678111435
-0.293156699085679
-0.299332240453378
-0.311748127501709
-0.367458269748082
-0.272409645572844
-0.259790989872782
-0.332906905177361
-0.217560790544308
-0.301895603745284
-0.248449457013957
-0.358280617412237
-0.224271111552504
-0.336737194844257
-0.354423257932609
-0.293109824400534
-0.388983290355858
-0.286279884292593
-0.413903265657688
-0.199034120767933
-0.300276356562776
-0.296975290749256
-0.148280403409742
-0.421264547289023
-0.301659886884367
-0.254973207051973
-0.313113455782459
-0.233623626088799
-0.271806633660484
-0.254278127284956
-0.358290238637586
-0.274934847668939
-0.134766303674558
-0.198170830979737
-0.295293615890913
-0.285124801858231
-0.227357166517128
-0.206047593935885
-0.30169892489757
-0.239800005201568
-0.281265429314701
-0.148128908429509
-0.153707844993643
-0.27180029060649
-0.282684209283108
-0.190521626764683
-0.33607361625822
-0.178105409568021
-0.237340646443181
-0.214760995993152
-0.290402168318615
-0.154023971762901
-0.197793891458595
-0.166234139819403
-0.274833349076328
-0.284392897574009
-0.24277937884836
-0.264947322840074
-0.169841806673328
-0.292928506273432
-0.149599219365643
-0.213994631447653
-0.265608422265472
-0.270128370455168
-0.250833196311207
-0.0519856210312489
-0.312374861997611
-0.249052860820442
-0.0254520469844243
-0.136549108629993
-0.33909676238447
-0.0640226582971677
-0.159487266268167
-0.281862251403352
-0.257693552146639
0.00187261866189204
-0.326189213177004
-0.239895796714506
-0.0806694085187452
-0.212882419415382
-0.115706562505552
-0.177870349719316
-0.176933794673996
-0.134113823974851
-0.127723949419388
0.110294364598412
-0.0343737209031385
-0.0901289875810368
-0.181831659353517
-0.140293147829363
-0.150413371808729
-0.140951456328795
-0.135679093316386
-0.110539184297405
-0.221284008068478
-0.0100143305085272
-0.0336670049097439
-0.0516058138837053
-0.191585447173517
-0.242401088450495
-0.163868221112865
-0.10008618720381
-0.0760297912400735
-0.121223561428426
-0.120417098386032
0.0319074518466981
-0.0879291702639537
-0.117144616297631
-0.115397582254303
-0.0992182876554994
-0.203904426548686
-0.231821658317325
-0.183370641333594
-0.171265206669043
-0.215574989711128
-0.164461629294294
-0.296622064466412
-0.205589638474702
-0.122567774682492
0.0626095291143013
-0.0567111964081146
-0.0292577665857095
-0.136329397099047
-0.0431872738125906
-0.13671977383712
0.0133433809765527
-0.122296421787391
-0.132206711532317
-0.167953045330578
-0.0781040506901133
-0.0180949728139946
-0.0989444430528377
-0.0614681125195011
-0.169695718846814
-0.179277043679767
-0.11450116641816
-0.00986506586730925
-0.0297473920585958
0.00349366646597146
-0.0713951271653015
-0.113735481211551
-0.023260095936455
-0.0131496227011229
-0.326608710541941
-0.13854238923793
-0.248540123314307
0.0352657073557972
-0.0632054175125028
-0.031073757472852
-0.0196528200405174
-0.0875731686710559
0.0535717435196344
0.0444182514340347
-0.0490281632391704
0.00337552189008547
-0.173979115146586
-0.0356945669943919
-0.0841603739404608
-0.17294679821051
-0.00370836885171873
0.108195532210861
-0.0159588849862348
-0.137122052405576
0.0668994858028376
-0.143392816507697
-0.166410664066025
0.0488127424628375
0.00624835010784009
0.0341273554613118
-0.0396756204048778
-0.0344133144516466
0.0355744846862074
-0.0369767759839703
-0.0566922911189424
0.224406897736121
-0.155778968298669
-0.0531134285742697
-0.0359109430949808
0.0586478958909134
0.036485158723813
-0.0554557057054302
0.0118139280034197
-0.119894764453113
-0.0401581038930489
-0.027812736947699
0.0676766628270646
-0.0309518102158757
-0.0271346711325476
0.171890966403438
-0.0810646768785581
-0.0434263325443427
0.0354690694501469
-0.0745972470646871
0.00687020116044272
-0.0270304098354559
0.182749872521766
0.0986750344215138
0.0828869128539934
0.200267667934351
0.0423325493544387
0.0065782053762551
0.155359229113672
0.135103995496075
0.0981883886952876
0.216252020020733
0.0929894185736679
0.0817422542154322
0.175828196183909
0.122802925423979
-0.0733295966020841
0.131398057834806
0.093571058130051
0.0603117501810703
0.00724871396618264
0.109811492162049
0.0927889402902282
0.123285717649263
0.0141505751223323
0.0854280923026757
-0.01484509199426
0.209762034468667
0.108033509726459
0.147750976608515
0.195158924709162
0.0514024134779345
0.130186452448432
0.137898295897366
0.125625861493767
0.2127792777884
0.000276715359735923
0.0157020333123455
0.0503014250137842
0.042478394003805
0.350672871179513
0.239129451719854
0.226718687765971
0.0246168621614644
0.187356332613209
0.0216654189553063
0.138209615943273
0.264116504124249
-0.0232304570955473
-0.000266252841199209
0.114778359968803
0.217175660919904
0.154252727615009
0.129754852904614
0.193763599476512
0.229254311702119
0.161600767771877
0.21102016117084
0.0652775033698319
0.185414361775939
0.0987448455440591
-0.0263038182092546
0.123241597029008
0.0960352054129516
0.187836776499515
0.280791497351964
0.215269067206795
0.180775466773711
0.26745148769206
0.192118888569938
0.163686994278558
0.204545620858433
0.223931448288108
0.215711775057275
0.149801664900527
0.103348536995231
0.203978364445103
0.228572623639075
0.205315277522417
0.362381083607469
0.241849124641314
0.00121792287492473
0.213014594838836
0.191227684424752
0.373308588592217
0.140734613768289
0.236903954141584
0.257877933884266
0.16100330477573
0.386052892783104
0.280408972248585
0.209272680323776
0.270042045311561
0.149125270399297
0.300937536994241
0.429990146180332
0.338997621385565
0.165310240654254
0.258876419712928
0.215364001807827
0.316638211889233
0.299550212926731
0.380511202124662
0.173118141594711
0.318084037951599
0.331317350189187
0.181936531956942
0.204179123807721
0.264909168521125
0.351006494930523
0.24834255619885
0.424035424114724
0.288383138698712
0.451889959911758
0.262467640409408
0.285240058506848
0.295520129003096
0.283874256348629
0.212165256232362
0.233063345134386
0.230882761129865
0.376704848646082
0.412858190982634
0.339465322457426
0.229247516490572
0.458645849347054
0.498826179503757
0.381187621134272
0.355859640014124
0.35299210029916
0.068195275442221
0.34672724186056
0.401569363814214
0.167703176520395
0.423379208177738
0.326752032992445
0.348554396507076
0.383198152531289
0.320887858507402
0.40879121353084
0.291849302218707
0.366283568694973
0.289702230922807
0.277539589155183
0.391756873912504
0.324141908989588
0.374493611457419
0.360783096083274
0.264687318397974
0.444942946002503
0.329666635180707
0.264976952792315
0.336833098421581
0.349779265305927
0.372505899222063
0.458494152058561
0.322076708819437
0.379678973883912
0.39153082264433
0.509207601636122
0.428755030005953
0.391454715971447
0.361327681350353
0.427186856821111
0.355798741479834
0.383829352691667
0.484270294762244
0.27158877078374
0.477807295373416
0.385453276904133
0.391677817091623
0.352427877411122
0.371191126378439
0.457389156488366
0.434190644865325
0.491055169901919
0.31808051244962
0.263721881678314
0.374042980598777
0.604858013279637
0.393842479147656
0.543986612593327
0.36304028966869
0.307041240405166
0.312980905107157
0.448193291526922
0.430671830686229
0.394034261056801
0.358018003815703
0.462734274164327
0.465707037512227
0.650821601572638
0.465659008207992
0.484091262458844
0.46936499916776
0.392213218865985
0.496166737400147
0.438316981417215
0.365451827023347
0.550837740001788
0.626560466712099
0.256674108602837
0.503974602795164
0.451280592182196
0.606343243056946
0.332124557068154
0.411916048722754
0.532461613987226
0.461245788204648
0.503994323955757
0.492088278704724
0.397402398798019
0.550905284582162
0.528517098217447
0.543938307992391
0.269987720605296
0.416247540730534
0.441737625643292
0.347174771121399
0.580469147180966
0.431038530392435
0.488385042639938
0.537332671109966
0.422960449704917
0.350126290378765
0.571898680033839
0.449715842257123
0.390298992515898
0.5567661087411
0.47765216626936
0.487501926185421
0.323700931107163
0.456901243426681
0.560734169434521
0.476699491266174
0.553089409807804
0.528382859449585
0.45873523089245
0.453709397754455
0.584957092607023
0.430165777107013
0.538617441043069
0.538984028938156
0.571986814474232
0.496930709234534
0.495024820660184
0.497952370455932
0.40801881472195
0.530012434450786
0.547995026869708
0.645486328087355
0.649715388876839
0.592140557133973
0.366679426926338
0.569375690083591
0.517473267325896
0.600923515882251
0.469475321380285
0.46601419322171
0.5880889358355
0.582824064306913
0.438896859116381
0.58096804835337
0.507762825159701
0.623342479176261
0.531564360134329
0.461435521502294
0.739160967131368
0.621867373562691
0.622849729667944
0.563747736368492
0.618333023260215
0.535471236267269
0.591729371104593
0.46234417517157
0.666799572103883
0.545893865994967
0.568044420699362
0.638245429646714
0.792034223016712
0.618922439970701
0.733688396663371
0.566564353445922
0.550706145662702
0.680903977085086
0.650726368854184
0.761119165710707
0.721111239729797
0.599381079997307
0.644010854072156
0.703498113387634
0.521296034491244
0.656089880033234
0.543041324496459
0.575816220415389
0.530549581118464
0.528914469956097
0.620496457558051
0.523749236491791
0.652354974559761
0.762056203412606
0.572493902241411
0.733893842987608
0.772444743869144
0.688646549599629
0.66965354917691
0.623681062941114
0.607318950583905
0.684053961086489
0.801519045443824
0.645339746069127
0.564543855683906
0.71036861985659
0.589806906075231
0.532968449648521
0.621224069860436
0.599494340451031
0.748304264244959
0.688556324497199
0.608584419236638
0.532762873669692
0.621879343227291
0.717412980883179
0.677652083494692
0.749137104373625
0.691082702602553
0.733030957108467
0.857199461175261
0.830785069363457
0.579097604872436
0.804008593547162
0.714498047189963
0.787886483341047
0.651795543866713
0.715606990956776
0.766962442477987
0.727559492458373
0.758637164360925
0.738469426893759
0.697845579375039
0.70105336604504
0.774835965338597
0.736909966411865
0.699696599034603
0.71702614155615
0.64407207277325
0.713357366416086
0.760902220452748
0.703885015529605
0.700191731615061
0.667027616795725
0.830132121398835
0.686449362402815
0.647265366915791
0.725576977606662
0.611085735771286
0.645485104427214
0.740087405338006
0.763621459190948
0.771232043581408
0.608762115892826
0.663705344210268
0.624904720813714
0.77282373306199
0.739448901501096
0.876966957806079
0.780460493397879
0.762903173909391
0.881456077459812
0.680278613046404
0.741759582088007
0.787127495032257
0.788748179825067
0.77265130088113
0.878697663393303
0.764629830728477
0.838368583857091
0.75701212986323
0.799302902067726
0.999555084202873
0.93205410042159
0.857478257201608
0.834047590780599
0.916498831578978
0.763160134247691
0.807017321574729
0.788439680581965
0.8221258496329
0.923044970525041
0.794067682464644
0.794242443965731
0.835581189637089
1.02444903899941
0.645888319005517
0.837006608797503
0.781589027998371
0.856350786468643
0.815388001651679
0.82151528883391
0.787422390881746
0.954231159192981
0.611608965487973
0.92921945638144
0.855677005641776
0.663560680772997
0.907854253061346
0.936713846269359
0.964788262751748
0.868399029891688
0.94301403340307
0.777629743602259
0.800054591992057
0.861180290368839
0.974753497061069
0.904451144780349
0.866828651964165
0.998310387122495
0.842061736275859
0.77543767863759
0.969488993721576
0.961251352779548
0.807890537086685
0.830100538149317
0.888902182450458
0.956408129002419
0.937815904036484
0.986589365026443
1.00737955922616
1.02215455661735
0.918085918093581
0.834041522355998
0.893282500679183
0.953376655265807
1.04198673461709
0.930116809121036
0.928169639345425
0.981794805477089
0.937214503325128
0.997867477871639
1.07282966165687
0.907468752526859
0.900377263359598
0.844035049421309
1.0186650405675
0.961939634297083
0.939052459277109
0.899308019590044
1.04022510018641
0.97312666293777
0.951636322261284
0.920650248375232
0.929006028657503
0.869994722349025
0.932643379567673
1.04618547835237
1.02713732231356
0.846621171238931
1.06808460467588
0.996722285378246
0.830922469181809
0.929153586201477
0.927117731531726
1.11476848671929
0.967204714441133
1.09481661966219
1.03087449052732
0.897759394952841
0.796376848858201
0.987589939136507
1.1107913930124
1.11039326635762
1.08650843958961
0.942804372146361
1.08224335681522
1.0327505634384
0.995568467623179
