-1.06873211143532
-1.12087530298194
-1.01474227966921
-0.946954968150751
-1.03366890131346
-0.979622975041225
-1.08457754574236
-0.95386530226411
-1.1441156983368
-1.03324037184726
-0.957625979433864
-1.00785758415273
-0.994339953643342
-1.14354573353962
-1.12256490266438
-0.989240365808499
-1.06345639960819
-1.10643022277619
-0.859643291319599
-1.03128979295276
-1.00066349048521
-0.90171521065692
-0.92602164227688
-0.974206221717917
-0.895111600324368
-0.862037863363307
-0.993150977297251
-0.835974369988803
-0.92338876455176
-0.903253921956217
-0.935835600612762
-0.925090224111097
-1.00038574720437
-0.852390240219918
-0.860208501595292
-1.03947417180117
-1.02514156040419
-0.945783673387729
-0.880518130645857
-0.979092742825051
-1.03680129737018
-0.780211356217305
-0.968637167038012
-0.977072386076176
-0.958858335443401
-0.913596925994624
-0.98938535042065
-0.928047577939239
-0.867798022350884
-0.97927028059103
-0.893650566415717
-0.943399904161402
-0.876872349727621
-1.06950451133433
-0.891526150161073
-1.02979228570665
-0.939326220978721
-0.731321278576451
-0.794626081646105
-0.882395596503771
-0.877118271210582
-0.875976369935775
-0.705430394351131
-0.861979620865762
-0.962404649023882
-0.876189518289477
-0.94477919589489
-0.977638619330217
-0.969687272057059
-0.824570275719577
-0.77288922567876
-0.873677580066342
-0.807676809948088
-0.833249031844429
-0.953389919860758
-0.865340816228438
-0.877062456340063
-0.637932143631534
-0.844002882811234
-0.734544498359944
-0.708067745064198
-0.748616834236756
-0.852541127815403
-0.879674033486483
-1.00804305468203
-0.809660982844427
-0.794747412695325
-0.878499973133137
-0.792028858346119
-0.911649994266402
-0.756337945607832
-0.859425210843962
-0.908738949708509
-0.78543865823038
-0.78370505354365
-0.726630626663151
-0.737234221165199
-0.739371321012012
-0.714076815855649
-0.703827648734702
-0.874611610958876
-0.738012561552272
-0.626221668521077
-0.875818493848963
-0.804138124437018
-0.797933777362297
-0.877759387686209
-0.792625585225332
-0.755916358507553
-0.695731686976116
-0.708717569634686
-0.816383153417967
-0.718212357652505
-0.845254925683503
-0.71087570364686
-0.907619181749579
-0.740739902782592
-0.909428386291544
-0.681274503508118
-0.889361313360932
-0.73875437008009
-0.797165351399743
-0.826412911849592
-0.946111389485686
-0.757276697890493
-0.835888714625913
-0.744930850384516
-0.63230921885573
-0.709927255456341
-0.652524885868856
-0.691036784415507
-0.776322013339721
-0.810778304514004
-0.878040111301165
-0.905786646002847
-0.783318197495803
-0.633481402276314
-0.621407261128884
-0.750802263732884
-0.697962133010605
-0.794853514907424
-0.472290042140264
-0.689451412038035
-0.740734117046667
-0.650244078480095
-0.498809070726707
-0.872094338344971
-0.546412578761363
-0.684180740664093
-0.615637424278793
-0.794748214904401
-0.667863528831006
-0.814287801960794
-0.718263719481971
-0.580412785937866
-0.648792403329047
-0.581134481035463
-0.630020157307918
-0.607807753769611
-0.687307863159791
-0.622912190917586
-0.72839526451211
-0.614442802847926
-0.52850933231695
-0.641892795023623
-0.620338616786128
-0.71694041461379
-0.607496710899016
-0.558140971713225
-0.694257968278079
-0.748664072888423
-0.602496360081983
-0.659005432406596
-0.645607982698979
-0.575645814479502
-0.507729125656678
-0.578136079191914
-0.575861758855651
-0.648131655958373
-0.689516825495231
-0.72796449962064
-0.689433599208978
-0.437173468264642
-0.603836871880701
-0.640447627934236
-0.699679012936678
-0.579921322260118
-0.582394471319219
-0.729430811827401
-0.578889608908105
-0.708785878132972
-0.622796425839558
-0.735226116361763
-0.709890804873205
-0.522536242928933
-0.643250299596575
-0.632312146014053
-0.674506361216163
-0.727807349615696
-0.514360100429235
-0.660558845681257
-0.614976146728879
-0.633860186575031
-0.620908737417922
-0.601833706815923
-0.521894665325149
-0.629309342879153
-0.578280701280354
-0.627832687298316
-0.496247782457667
-0.482522016679266
-0.48741421856288
-0.574223775412899
-0.499140651470923
-0.532764418135247
-0.545935819350153
-0.483367982061111
-0.497864850517863
-0.590615276869418
-0.560486944301553
-0.533236498484777
-0.598636862564964
-0.611657479925878
-0.528883748626284
-0.411047999642556
-0.577232961233412
-0.458785386641768
-0.606894484986456
-0.526008871559299
-0.456040490503319
-0.440375233439782
-0.610981597286095
-0.498541293426776
-0.517763556018704
-0.545150590185248
-0.471198091407633
-0.536533791486648
-0.534449566788678
-0.558061221654387
-0.522905647164852
-0.574877764068993
-0.551084764644642
-0.497277809414491
-0.610109633341292
-0.515188572757181
-0.533854418775087
-0.519856136699723
-0.552468972950519
-0.453822306107139
-0.538791802053522
-0.529951968782186
-0.622066736461166
-0.388861100475442
-0.62897702470296
-0.441648842887304
-0.5688577238718
-0.496999738361881
-0.522969150210628
-0.461997775525637
-0.48147744874184
-0.614371604531457
-0.645748160611217
-0.352417460760656
-0.562310009172249
-0.410401258924995
-0.491748962572577
-0.422260669655262
-0.530209131877742
-0.416698651518206
-0.411843489210261
-0.336237507264799
-0.439442796642653
-0.57727795811944
-0.458220890749683
-0.434681424761131
-0.335723541920192
-0.466571173238756
-0.483648869623449
-0.516728370211556
-0.446826104967822
-0.452371910630168
-0.532010518411753
-0.314942323665182
-0.41092178069686
-0.440067974496748
-0.386480155121062
-0.389481847198027
-0.333768669234001
-0.328221099775935
-0.342253394320099
-0.4382047813216
-0.263038946459843
-0.292410981578439
-0.510752689754266
-0.369074476069344
-0.402824769755758
-0.463560548429837
-0.248689226854533
-0.422145481779637
-0.425390618154608
-0.439359234483474
-0.373422579903225
-0.378431305817989
-0.477863645141132
-0.316722247151203
-0.3882422622647
-0.39446175214984
-0.470066617369465
-0.462766819711378
-0.354743125134358
-0.430607906827301
-0.317406530235148
-0.311320768088563
-0.413914713698546
-0.322038889289622
-0.310290170749305
-0.414330806961159
-0.185633232207655
-0.465580184813245
-0.257562714222929
-0.371343604125157
-0.400515501132236
-0.400137943239443
-0.410207893836412
-0.360357883981813
-0.477569870963904
-0.142642034302421
-0.330066124464767
-0.339982152045594
-0.173662719553231
-0.330983999281572
-0.252454241515461
-0.374393206790676
-0.326648485282212
-0.338792633234426
-0.429096929856222
-0.35152069643409
-0.394219071113591
-0.41088916158839
-0.218978893822577
-0.325818211938798
-0.361807076673324
-0.246809166486278
-0.438529941923811
-0.367965934924969
-0.249105361668776
-0.355666067803147
-0.482805407039997
-0.424053239540923
-0.206893409194486
-0.314516980153133
-0.289978613253667
-0.177794343473139
-0.282662128438931
-0.225870300981648
-0.252932231191259
-0.312560686447905
-0.282078543315019
-0.434718456137316
-0.22071481605119
-0.382149745743553
-0.377953136383778
-0.311949370795529
-0.284726156556236
-0.182025857333684
-0.414181321581618
-0.288217000968388
-0.336970622116244
-0.176583691782411
-0.203482221750885
-0.23513368518544
-0.284166522151799
-0.273792637315089
-0.390946391920844
-0.246442756533356
-0.212344104653114
-0.303996616819111
-0.251019737722796
-0.321095350248504
-0.370523577882438
-0.279204116607569
-0.246272673664813
-0.370554561580522
-0.217100033353981
-0.358637779534126
-0.336172854602508
-0.39771512717085
-0.190685748678424
-0.226700513241595
-0.214569233298804
-0.192412319691177
-0.150643543454785
-0.278293778990551
-0.0576722976499711
-0.368637693676757
-0.240422868649626
-0.226057556055834
-0.156455368229144
-0.298659131235594
-0.320726645318897
-0.254535026144282
-0.115928623808775
-0.234411597008153
-0.301700281782764
-0.337304606615503
-0.0301942922491037
-0.077850829852124
-0.342833039445568
-0.219350831055579
-0.231394017625952
-0.269416848769033
-0.0449310545420679
-0.173695080226217
-0.240816801649951
-0.207111721264501
-0.149533922988924
-0.210332657357561
-0.181666465343301
-0.0777696156903601
-0.176610808780803
-0.0948219559604704
-0.181292023302379
-0.140257525048564
-0.205605935006171
-0.213695130339382
-0.0821864732527224
-0.0757554093528192
-0.16382205848376
-0.0667655515785287
-0.0126347292137719
-0.0872439060669243
-0.0929144774774609
-0.264395237098502
-0.137590330767689
-0.100938044327917
-0.0468931214356412
-0.0877538551773323
-0.0569972776749384
0.0658781523099043
0.00556959186930022
-0.213464839682891
-0.122154263149821
-0.0569663416540971
0.0951627833650359
-0.142596805018515
-0.0415210005433169
-0.169779664422511
-0.0686129539379252
-0.071475745521558
-0.265837638123568
-0.129159625079135
-0.113132275839403
-0.115786888429325
-0.191825354927427
-0.0372249399293259
-0.0948082397438835
-0.0331344914520714
-0.0312033120345671
-0.0573495286524062
-0.114671950359334
-0.0896161804976899
-0.0105450698279904
-0.0301839649030893
-0.0477008921111384
-0.177303232950132
-0.108849183277863
-0.0584162439482859
-0.149760221878239
-0.155436542560814
-0.133698031200372
-0.070103786804513
0.162585438136328
0.0748797953285212
-0.116448336108613
-0.0190120447334167
-0.0464227317363577
0.0461248640048351
0.0995308094572097
-0.00159538958050317
-0.0555970199839008
0.0251902489070516
0.0875078508723699
-0.00685786984019315
-0.0161436957860912
-0.0377003727900905
0.016850042538131
0.0167308673668294
-0.0987752685865986
-0.0694209902621329
-0.0127191325348454
-0.00984569032880326
0.0222635449309395
-0.12722453704373
0.123951277152491
-0.0499025050249222
0.0573649557316248
-0.010409365031202
0.0283030780928398
-0.0624893696077677
-0.0293557446122219
0.00654995568071985
0.127065527755422
0.0499316814254145
-0.0625263620874821
-0.115200059535309
0.184065819314265
-0.00469947017495086
-0.0422970259372998
0.0795899671311738
0.146016579052549
-0.0349809579803812
-0.0247316622506047
-0.0773117808400291
-0.020049618769339
0.138916254699103
0.0600611636405493
0.145656391496589
0.0488215200728743
-0.0349472755830243
0.215393314557375
0.128021673894452
-0.0477699008999801
-0.0891070155555192
-0.0456294517723939
-0.0865391155298859
0.0318662155219914
0.100792971012977
0.16805562070289
0.133428466574049
0.0363666591553488
0.0823686077464212
0.0655949238869085
0.0430392813585704
0.131597558390511
0.349593707015117
0.118614795904371
0.0720037357641633
-0.0315992206111068
0.0501462518163922
0.0626897243159343
0.135125120063229
0.156053654616179
-0.0320820958503401
0.0903728659028852
0.2054347831398
0.0786195447461469
-0.00719315056615742
0.134764247690895
0.0286232065238759
0.104261993645747
0.105858951798141
0.132534890264921
0.158587903029469
0.0679587853070287
0.0585837908625941
0.0994018613981273
0.0375409485372382
0.094068726725029
0.120747916582999
0.122823271711629
0.204790006007154
-0.05674205983429
0.0866453138085202
0.170241157635806
0.248430158189198
0.0480220580103908
0.0499760220178653
0.160288221504107
-0.0125462542473482
0.199318288006239
0.0291619500577269
0.270737085057883
0.172151522709678
0.123562848463455
0.110556025643004
0.0611447882039629
0.247368275478695
0.0556832892417488
0.23623329916003
0.0221358853820953
0.246204703256215
0.213165849679299
0.112516609543972
0.0971291232062508
0.335871318202723
0.224329798592549
0.22076638829004
0.18945646140622
0.0864413607832694
0.0377915594905624
0.120102387059589
0.0140650859152739
0.259657258011167
0.295682830494797
-0.0236486287348538
0.264577444150495
0.290027206135729
0.225281200591426
0.224808761964653
0.178280334139702
0.142700992541364
0.177561857537071
0.267090609068061
0.0891042374906708
0.314581676315651
0.292754468854424
0.158498662423825
0.241363018067375
0.228717356364097
0.264767020095057
0.299318827191267
0.0768520849201011
0.189439719662281
0.261554784290559
0.24957615769924
0.378958007690119
0.261433837083701
0.213276703636225
0.275800828012779
0.247862209567399
0.14059912286283
0.26136025651286
0.28385137945353
0.0769949537431798
0.199375534335532
0.241433001391919
0.389820198827793
0.175886590721543
0.35423680656937
0.354782911367577
0.276006404478675
0.137016958225754
0.296071042734844
0.256017023439791
0.335754939116772
0.189847705323429
0.38123837705384
0.437924573813683
0.277243365847494
0.259663571956891
0.259146142222139
0.23632772903938
0.416224699651555
0.465124617256271
0.334531991959594
0.212016542859965
0.143397947308704
0.444637279090671
0.29923908921452
0.218579878860595
0.312984878237922
0.255339271577335
0.388743477581913
0.273785546692544
0.288929677021754
0.24046198559278
0.254108235960604
0.404572898490351
0.288759298627738
0.478500194638725
0.290112930288529
0.37190629567824
0.372565484789843
0.396767871509707
0.296759268869376
0.257627315367949
0.417057723136011
0.32077538108395
0.456399848524249
0.317434940011124
0.456824405063256
0.34819189454579
0.289969869253958
0.371183117053459
0.469183520199365
0.470233913921455
0.418117773937046
0.365970245692474
0.351655472132877
0.32004839191781
0.156500067232389
0.421005295601408
0.186600363287852
0.206732459217666
0.423647108496761
0.445230402896504
0.429921401827306
0.342956118116793
0.3341030251075
0.364264610872578
0.369848932425757
0.364255009998022
0.345709689221405
0.344671159058068
0.372409169885032
0.316340575146885
0.274722406365152
0.353465114303928
0.434390818156266
0.363590252615902
0.418045622117194
0.319491713062826
0.356903988183288
0.291782925673948
0.237431254853462
0.556569717766404
0.479983089151681
0.331517588475757
0.417695553454032
0.526507068872612
0.439799298754316
0.473771013362352
0.334273004661659
0.370827946793248
0.414718477742956
0.353029305510475
0.315196375543678
0.389163519193231
0.307993556354499
0.424241804794105
0.501851849108496
0.458839702098124
0.464868679954675
0.468405110375855
0.52646118206039
0.457397580913222
0.489756583314961
0.41650358294952
0.637863471129326
0.364139433815783
0.527158876938321
0.427748042072983
0.428619345829063
0.511822443402891
0.409013841199361
0.521309498105402
0.492935394165212
0.32972051567294
0.376338357576718
0.423983914090617
0.385247212578625
0.584793276882971
0.616061745605152
0.673318751763793
0.444737550273846
0.473614228081508
0.599501102299187
0.506316682493418
0.426495826822209
0.479979340490955
0.453698127495878
0.535475813012333
0.493617877528723
0.621616441622439
0.349069893911612
0.596525496362676
0.566656902591586
0.456810444736155
0.613965054896129
0.533971223292723
0.575660626421653
0.641006151911839
0.51548547433524
0.461147024373988
0.494901669332598
0.597560182962191
0.483522926092091
0.48769107288186
0.601127477867004
0.579481625118889
0.523993530908973
0.578544938522478
0.47989742254802
0.738804954695093
0.705808548291093
0.398422739521139
0.454730383428136
0.578827393209816
0.557740494648719
0.475879297243178
0.374804858536987
0.473106227757026
0.543772054067266
0.575351307910665
0.57643691858185
0.451198348016335
0.681646584438825
0.633796014267498
0.581114498174639
0.567291131581413
0.686310760498769
0.43063052319836
0.363513427544257
0.545494115367059
0.535233870495646
0.533060462332283
0.47846353856299
0.415329510990917
0.588171786479328
0.576244367405539
0.850177872141248
0.683364913474762
0.5844963061656
0.648541660452792
0.70354903023718
0.636318296245496
0.675521022562276
0.636712734675426
0.58255097904909
0.567821481821476
0.559166465135044
0.670704972721975
0.511641328897845
0.686755942293032
0.683657905762164
0.690242259922066
0.752803911702441
0.5856154766278
0.683333832541628
0.63160553580211
0.67978547661194
0.599128264133794
0.753647470715104
0.816939280545808
0.805138621947371
0.639796020284676
0.61437388325741
0.677998102801933
0.780749353335971
0.646577236447316
0.72561978148011
0.698887708991516
0.673757684031647
0.555162639253574
0.614927220198638
0.645467119203966
0.600401219575519
0.779651111774042
0.582660636437219
0.636935261175683
0.479104785853547
0.599321561008591
0.652809119708243
0.518516026724956
0.68128122068166
0.644624069644069
0.738292117562657
0.626390538943138
0.738530910525319
0.657395397974933
0.527364379518843
0.61462554208722
0.729065598340146
0.805020489857626
0.821966542123781
0.718939971198937
0.734361602878897
0.783108051262291
0.642269947606333
0.605428756891074
0.751338944604434
0.736026341834263
0.741506361305229
0.770664792232489
0.803674869170558
0.685082274130759
0.810638607838596
0.810108919264077
0.683543563790493
0.663855413265581
0.691651187602727
0.698335776968173
0.85222606455202
0.847752856292176
0.583885813550217
0.69823538702714
0.888371857346862
0.783332614465165
0.822948281844287
0.654417676023589
0.863223112666535
0.790090926831136
0.790773647717326
0.78021898999167
0.796510054722352
0.90303478891136
0.659315252280578
0.839914919762888
0.812146084436596
0.766775019600308
0.736569296067979
0.761402792047801
0.881814898996032
0.781075667269768
0.783557813490381
0.785760693470115
0.779224095393634
0.74984921663711
0.763626260536396
0.861870543033898
0.729696493296262
0.60828917329244
0.982220706705309
0.687300915341574
0.904619131559307
0.863762516761486
0.849851938476971
0.698516439931791
0.822347851540438
0.885215251051371
0.725655416478002
0.802517205022262
0.801482382258918
0.885271912975283
1.01196873176333
0.860420803408866
0.658670735387688
0.765550382610149
0.782159637126759
0.910304141564642
0.773264094451031
0.859762150497199
0.852381614184941
0.833828912629064
0.699323441986746
0.88534259761584
0.829287057261208
0.962007135165848
0.895091946764734
0.732515434687456
0.958592778294178
0.849921776734516
0.828965754926562
0.71897005098814
0.842241277905285
0.788377270143084
0.851941798898021
0.947943252543522
0.863988523603166
1.04228175067691
0.855469526165514
0.850210905588015
0.692895968433351
0.946485421135245
0.962322578989433
0.942981184878396
0.828332557292978
0.937541631050861
0.865603510848689
0.812748138888058
0.824481804279266
1.0343899333076
0.962445682165218
0.872701871350359
0.918066918798902
0.865692686635769
0.921355958762591
0.968224215687877
0.942641500435441
1.01444849345808
0.996876409901682
0.916621485286014
0.796474881657779
0.814690952994879
0.888424729653084
1.02826081755422
0.944947817296319
1.03477285943155
1.02006026822531
1.00222372627735
0.880071656317828
0.8176775228782
0.897625482121057
1.00257284750507
0.860241056609973
0.896363224631968
0.958708851640531
0.921353464393622
0.867253833895475
1.07737702383255
0.911342533070585
0.776381914753917
0.873493798739411
0.868416055513031
1.01558262329869
1.01971990680172
1.04949289210898
0.935893740147921
1.04315190590465
1.09686665201308
0.968874698496717
1.05639031366312
0.990392010621521
1.10611796537072
0.980139899000033
1.01441337545605
1.00066782395743
0.929158544052605
0.943973402208575
1.11989654028068
