-1.06181927012772
-1.12098044520468
-1.03024429221653
-0.94216781944795
-1.02408028879006
-0.984861032368793
-1.0854164992016
-0.958452117531941
-1.14671324068159
-1.03278109700653
-0.952378913677718
-1.02596741987904
-1.00410976888567
-1.12405295697863
-1.13876530132616
-0.989938712825358
-1.04766632508238
-1.11064577366341
-0.848555490271763
-1.04098700503503
-1.00344322050135
-0.89224425032588
-0.903653289705716
-0.956805525051775
-0.886502384936738
-0.866218705524417
-1.01836176272059
-0.852603154693035
-0.938383838413685
-0.88687406063233
-0.920876609556969
-0.927077862598024
-0.986146660694662
-0.8332589017307
-0.877725044923244
-1.06705157060889
-1.047641684783
-0.928559720331033
-0.890695557987222
-0.969706804226117
-1.043411336086
-0.778466475334131
-0.977381489132569
-0.981884526993352
-0.937736885490563
-0.925543022063278
-0.975290304376147
-0.936389365709856
-0.865577135838662
-0.967610639290143
-0.904944950863719
-0.958271513798595
-0.885047711799181
-1.07269871134973
-0.867882040026083
-1.01892238444592
-0.931059044365902
-0.724624584517763
-0.814848261909124
-0.8889732486604
-0.890875360400059
-0.895968550081478
-0.722349714648924
-0.86943557105023
-0.921603276813676
-0.872781881376693
-0.923382469049168
-0.987200141059257
-0.97202758817404
-0.832544066347062
-0.774249886246342
-0.887749649065856
-0.801204107645921
-0.827022719297215
-0.955443834999039
-0.857496777443669
-0.87843958780256
-0.645713607869016
-0.848428376289598
-0.755636010765136
-0.70572287739995
-0.754070395548564
-0.851521977906939
-0.88199780217922
-0.981900632539986
-0.825505465280908
-0.792668562768322
-0.877677874900395
-0.790498786484426
-0.889792805327195
-0.769518862063266
-0.848014392990508
-0.933234426180719
-0.798800607491042
-0.792049341022201
-0.703067520890945
-0.735194139838164
-0.735845435550626
-0.698975590269876
-0.730028977267314
-0.854052611654262
-0.763336323224354
-0.595771154434826
-0.863614683514183
-0.807281568175634
-0.788917613975954
-0.863351599592336
-0.807656610847803
-0.764091016093177
-0.709694662621646
-0.696750723270965
-0.81045841102709
-0.739963932647518
-0.856109631508893
-0.704456104659248
-0.908598715115113
-0.739053239966861
-0.899321878791773
-0.678267061005767
-0.88544191212265
-0.719869659063354
-0.813446304395469
-0.821597405236995
-0.964677091434038
-0.760242410034317
-0.855499954983698
-0.724737922483442
-0.630946030437266
-0.711898512068761
-0.687812101681552
-0.695367137308209
-0.795470767492455
-0.792071954242094
-0.907338565011019
-0.912160257559546
-0.784703487876628
-0.626043899493781
-0.607060035594566
-0.752227443536225
-0.674404968278511
-0.792259781349059
-0.461762705054974
-0.678188510224179
-0.765170807696128
-0.654178527666297
-0.526746482997142
-0.868755600649249
-0.558428973512481
-0.69893167038261
-0.613155474518769
-0.805647425767631
-0.683585677294687
-0.803321579270224
-0.754800375309943
-0.618342360943708
-0.637517995533101
-0.57859671061325
-0.613655471960964
-0.611548952093171
-0.70248961605334
-0.637629452346488
-0.720561545300922
-0.626958362373
-0.521419209498778
-0.651327641177922
-0.605478004830292
-0.704388182586438
-0.590800939364095
-0.574014125809347
-0.68857958517658
-0.765000788709266
-0.604940128810227
-0.646683627082273
-0.632766287717247
-0.570755069057547
-0.500825719876914
-0.58286608171709
-0.588593790574171
-0.670643723986293
-0.685139515215251
-0.731071465393931
-0.689698991405253
-0.445282192043205
-0.580926444398147
-0.610101356207375
-0.707428316138527
-0.596399884891648
-0.579136902935907
-0.734190445793949
-0.600286548138646
-0.701360317153787
-0.605155189845826
-0.749208704347778
-0.687675218547896
-0.510275117720225
-0.672458811828552
-0.630579416768327
-0.658168107439963
-0.715363792200794
-0.508552479913343
-0.666771568995006
-0.613133613479954
-0.639933649098525
-0.615663540449434
-0.620973120821273
-0.526825622187887
-0.647588781666854
-0.571642400347648
-0.630848022645447
-0.487064591005929
-0.511468948283253
-0.499565829996969
-0.564476293852647
-0.505459330020818
-0.51426759740864
-0.529192883754888
-0.475886612416137
-0.494578381911348
-0.60752964471105
-0.585862359682421
-0.551904678057722
-0.591556518946123
-0.62202865474423
-0.533257336155924
-0.419189775101649
-0.581299764787688
-0.500782019072765
-0.583950192852078
-0.523799276462823
-0.478623250647145
-0.434248158303475
-0.597639031752126
-0.478085464917441
-0.503740084524232
-0.544736540990498
-0.453461742339933
-0.54138937288334
-0.555590178171479
-0.571847819379756
-0.541089077345391
-0.583605616147106
-0.570318216657017
-0.477142134190643
-0.623142528923135
-0.539031655146217
-0.539107161390482
-0.513502027306326
-0.549280445380607
-0.472381074551465
-0.530183702698028
-0.54057587785483
-0.578986442102309
-0.383335248089602
-0.63803644473233
-0.479068412909131
-0.563870726225841
-0.510054271919106
-0.529828666298103
-0.478637792080317
-0.501942871824263
-0.633728871013587
-0.609574375043961
-0.344964596807506
-0.558356559379895
-0.414469605295291
-0.48056191872273
-0.409697405474483
-0.528515867422469
-0.418310926495457
-0.388134516017368
-0.341696157492301
-0.449281510928865
-0.578597848980432
-0.443441923138418
-0.429383804657444
-0.339039630282521
-0.457927538791147
-0.482593190647502
-0.53831497404731
-0.429469723862101
-0.46554261838737
-0.522344239552897
-0.308828222781812
-0.406156426318894
-0.426710754753294
-0.371647539251479
-0.3909795383428
-0.329242575244072
-0.341383296761184
-0.340164306046374
-0.434927885842806
-0.264617777502296
-0.306529669122358
-0.528761854570608
-0.351826213552382
-0.39260972922092
-0.458618045288937
-0.231966722357187
-0.426206956929141
-0.41528317441316
-0.437389835690833
-0.393703143201085
-0.378077142656011
-0.489422431622321
-0.329303577507737
-0.381920616150931
-0.384996650276669
-0.460875781074924
-0.465096496522863
-0.349556528569467
-0.423980506349767
-0.307783357056431
-0.301736643524571
-0.427744884405574
-0.345662631541597
-0.311699974308348
-0.4346707344671
-0.177641428276363
-0.427320856808284
-0.257996345066884
-0.366650888286608
-0.406978941157992
-0.399859966659384
-0.397476664194864
-0.366983046109313
-0.480531693052684
-0.133959580486218
-0.340802379222003
-0.340282301806748
-0.167999685274459
-0.36658511776582
-0.271343445457163
-0.361573861299789
-0.301330321470269
-0.334579458547956
-0.449178182767211
-0.332796431423136
-0.384435859021673
-0.410578658707475
-0.232588200770703
-0.330443512098952
-0.364950313204343
-0.230268488477421
-0.438369378377325
-0.38311442659619
-0.238050194308481
-0.368023863503289
-0.467629285843933
-0.411510842124226
-0.205217085983728
-0.292648878791237
-0.299188045722705
-0.199055946524887
-0.265956794980148
-0.202960589579671
-0.245829599097895
-0.32681840963495
-0.27571412538445
-0.436512371848239
-0.215170129668092
-0.396418305795842
-0.386414177451032
-0.307703021177586
-0.237731826099775
-0.167876767745533
-0.399490881390048
-0.295721662097112
-0.312905426572263
-0.153585482960891
-0.206227996788406
-0.220583824813257
-0.308656166503521
-0.290940161159792
-0.397234625624816
-0.254602209909295
-0.206581245417524
-0.320373236663258
-0.250348695487026
-0.319730574249129
-0.354895378812926
-0.269472742347878
-0.247215221902419
-0.364652135536381
-0.230427395529881
-0.357084228308907
-0.32722004911575
-0.387539990556213
-0.189021045225826
-0.218138394341407
-0.213068110906848
-0.179294691982992
-0.147267133662642
-0.26263654182615
-0.0468480501058219
-0.380158114443127
-0.228673431056233
-0.228335215434518
-0.15092797677037
-0.2887839939736
-0.312210357471568
-0.229170234531093
-0.119193899917778
-0.194073542056286
-0.286159183449893
-0.338423286303498
-0.0413792814830808
-0.0601828479436464
-0.371810003658245
-0.229759019294568
-0.219668771822586
-0.265836062797124
-0.0489634291962875
-0.156801125771517
-0.240103491508378
-0.22278802969123
-0.155548245306115
-0.217991539612334
-0.166232826603937
-0.0838442834257939
-0.172161651890706
-0.10203925537117
-0.18567993013147
-0.148986550276727
-0.200886336318717
-0.205782932827944
-0.0458093916186016
-0.077853039430073
-0.186744918888489
-0.0792783606727273
-0.0185786681399584
-0.0849330063471628
-0.0812155992967091
-0.262292375538567
-0.151808382908643
-0.0938088442582009
-0.0553401145169589
-0.0781289517400739
-0.0483003038375696
0.0587956382686666
0.0187425806898966
-0.231286756430108
-0.126253563516012
-0.0582550180605584
0.0773102130647182
-0.127693372574126
-0.0895913107673255
-0.158387268914943
-0.0558439600266307
-0.05029211473153
-0.27566981375865
-0.124891328831741
-0.125767318543154
-0.124420298915955
-0.207166278782827
-0.0301043994191619
-0.106499285308095
-0.026552857743783
-0.0360112035293946
-0.0610115880983525
-0.132797655590763
-0.0841254490260369
-0.026890293333919
-0.0360820912207983
-0.0549486386752321
-0.199084855075808
-0.0982074336105736
-0.0644323145578994
-0.144417208952554
-0.140474563004456
-0.146827422995599
-0.101526179444935
0.18024465068898
0.0767370468335799
-0.121735460595004
-0.0320090954178768
-0.0253754610185447
0.0608111087279718
0.105640613897612
-0.0272609149802663
-0.068669266788009
0.0279895264098671
0.0815017095860953
0.00116787922008004
0.00738687040418589
-0.0294611828067888
0.0141197353891462
0.0340212337929667
-0.103506033040079
-0.0624588636102863
0.015402601245481
-0.018935033074069
0.0181224230899289
-0.12490087129965
0.115040242423448
-0.0575647599958694
0.0499768420235368
-0.0177079581306113
0.041988538545295
-0.0634078152462533
-0.0447408979095141
-0.0100788525502571
0.126550832913687
0.0432623512361847
-0.052555619437951
-0.138297470556239
0.22211124211679
-0.0103896893596537
-0.0412538585309075
0.093249943156079
0.143705959165306
-0.0291597442860831
-0.0173320414274727
-0.0861429628903312
-0.0151130619652124
0.139041059831873
0.0439468785027772
0.149301563182261
0.0497300864306825
-0.0292980496457061
0.221436349978224
0.131646413381532
-0.071005675263808
-0.0897602623245191
-0.0388491222582761
-0.0720077199880692
0.0505367109744443
0.0953600221152314
0.186375164351202
0.120340115817912
0.0647905944986809
0.063081171294972
0.0661000099700217
0.032958857950001
0.117729242096993
0.344618136798017
0.113143320450377
0.065099583839356
-0.0546326024609372
0.0788580190676535
0.0832895147816665
0.114812323033509
0.164332264494182
-0.0206214974866912
0.0880462871877589
0.200742562875815
0.0647631484669488
-0.013933514161049
0.134323190859626
0.033294884414274
0.109618508524592
0.109223988383434
0.104318898512595
0.168257058883951
0.0814546485454818
0.067295066348707
0.0655180848808972
0.0325038494274934
0.119980745278991
0.137515440469653
0.134526426530933
0.207014044248241
-0.0535173082584955
0.0864709650477011
0.170860844489317
0.247820425491169
0.0453964058795345
0.0217864334711866
0.173711457798253
-0.00780391316540615
0.211905467702653
0.0181942861338958
0.259575510027443
0.154516975401173
0.139698489758697
0.114568151657203
0.076217032323954
0.265918539629816
0.0715124428366953
0.222089702927842
0.0112880728461108
0.250148083888363
0.205537882849926
0.127086634860746
0.078189450531297
0.35663148368574
0.243834876518692
0.241080477029244
0.175780417393011
0.0796242943617881
0.0624284518600322
0.112738889314402
0.0308702178825843
0.274282574204183
0.280123953548633
-0.0411803042321659
0.254977917657357
0.312643994155997
0.235083848373166
0.233413260292088
0.19462893145308
0.141820466593338
0.178991489604044
0.281484380939035
0.111177293411466
0.332437388631409
0.282938737409198
0.164654273971898
0.219015168247613
0.236984338492479
0.279060243862856
0.29367765112341
0.0819934780569965
0.216140969209664
0.260540654964097
0.268894368316896
0.394807015436608
0.264057219084023
0.250201596271431
0.25924707790584
0.255221071465514
0.144523618152488
0.2630002790327
0.315022825629499
0.0554797435324559
0.196763084507868
0.261522638903505
0.373629417159795
0.151761461535068
0.373948691013279
0.374520672064585
0.258023027090906
0.154961122316773
0.279120434848661
0.260758450820828
0.328207121438104
0.190494196936053
0.383992754675639
0.440427298728318
0.285404567615901
0.261611606740015
0.256545476345427
0.222343539650171
0.414747047795942
0.458576634147697
0.33608285572916
0.175671083274116
0.113925066167017
0.451483658884556
0.309234288333532
0.247108193477276
0.330200019184281
0.249828978907465
0.398536424458714
0.263971390855923
0.290164712326877
0.239054231739328
0.22554379385451
0.39264013752507
0.308442766577981
0.465418673058125
0.275853374538696
0.356453135484538
0.370045017371214
0.362324545220699
0.281527671363726
0.258872456182536
0.402516291751701
0.328306388334777
0.458797305106685
0.313045958782766
0.455934254178316
0.329987405277563
0.295669867202744
0.350436622842181
0.460330297479295
0.436322303327304
0.406820215418183
0.368390746385491
0.360106085366779
0.302756377556575
0.153750396417996
0.429658617739202
0.196025255665084
0.198711100002185
0.405490076883841
0.428233473697129
0.421095838716785
0.342892712216599
0.330745693095068
0.369555613869257
0.362406880913167
0.374795432950977
0.334274078984225
0.343586285602291
0.396902074774697
0.324741673811203
0.31387434419672
0.3648007017456
0.464913450876848
0.367622644975351
0.426902752416486
0.317062421625398
0.344756318063382
0.298912686731178
0.216576099710523
0.538150916220597
0.474970679905777
0.335473631749199
0.421894076450796
0.517056655960709
0.431731536533078
0.467973382104831
0.324908463280221
0.355854507522738
0.40762881476957
0.347543532954193
0.319277723990784
0.424963236942809
0.294058868661198
0.426049625107077
0.522042488784854
0.470997108028648
0.466966762843841
0.472080058677285
0.534697474619908
0.450199134944017
0.502768525549658
0.405974863528897
0.646672089411
0.372154958930876
0.530461103229538
0.425543146815284
0.396988352750447
0.535998557017647
0.416273433122395
0.543003287632982
0.483053779781428
0.339275170001362
0.371063805931241
0.435306988072226
0.38021052401351
0.591990181396881
0.63009696703159
0.684435218492314
0.45704650524261
0.468683732346492
0.573408453367683
0.501602533382218
0.401214591456154
0.478966600044694
0.440488590076826
0.527162981448019
0.490271090924677
0.663492489988557
0.345470198242616
0.579451320107988
0.588940941725325
0.457975834330249
0.63219774760052
0.581028695269507
0.590958124977895
0.658260895253819
0.518953105025692
0.463469398714193
0.472943628890044
0.615830610027325
0.498342198238965
0.482463141905015
0.611673545993068
0.569165039464459
0.497446809201511
0.564668456168993
0.489674343972242
0.741162468204016
0.703414016049139
0.423119628661287
0.438517530337537
0.563657826944439
0.567237206774018
0.478563341789787
0.366376512296745
0.478041173614222
0.533406884983467
0.577975192976189
0.593413843574212
0.435873957761861
0.685897223807518
0.647644000006082
0.590771210574722
0.580919088143436
0.684436535987482
0.448034732600634
0.35851184781432
0.553215647587331
0.53518780927534
0.539564616949004
0.491998156242248
0.44918763945282
0.578431676495187
0.561091179837932
0.838035179246361
0.66206158266393
0.579685173466015
0.654927181388788
0.72424590178181
0.646379064769998
0.687195008832082
0.658343773930981
0.582086646684343
0.574991456783233
0.565865484799334
0.675057172050995
0.514808906706273
0.662891429318324
0.675619482787066
0.673418290413332
0.741874416153249
0.58746381716196
0.674385830778887
0.623778925914469
0.675338032768618
0.588259049050376
0.733394494917816
0.818794768894506
0.808365061852436
0.635916555606673
0.607272236495317
0.652505558018532
0.800910050394114
0.647798422450849
0.704822198945639
0.697816342770456
0.684170823639882
0.576084451070526
0.608244131782551
0.633797397120613
0.594238356657612
0.795357587969331
0.563188572216173
0.621891525128294
0.477567230717299
0.60470933509674
0.656986939432871
0.530383533609986
0.674127230095406
0.639631980196204
0.747038273972179
0.61755266468599
0.738121070549844
0.665016814049628
0.541563701616886
0.598492038427464
0.744547201364419
0.799827951961419
0.818143399106359
0.728196460492734
0.727969536475275
0.783047702741962
0.636099148434235
0.594193356018014
0.748447151193132
0.735139769073467
0.726965263426301
0.77341229721707
0.77587847575988
0.69005320639135
0.794387777801136
0.810558517398111
0.669359452734942
0.665329284599954
0.658453887093442
0.705004797266346
0.855887562735008
0.845806792215601
0.573147381561324
0.704782431749257
0.87143497232073
0.787615264413708
0.822274601473314
0.667846364129345
0.877381993530799
0.795528616626259
0.823973516511561
0.773025076525224
0.810194785215802
0.909820241010973
0.653819827041829
0.840460701959449
0.799702220067847
0.769739346660396
0.727001835764442
0.761783038887487
0.86961153762259
0.80634553621387
0.802056414140962
0.783728993172462
0.773608437316958
0.760446975265234
0.792329169238515
0.836803922691468
0.703502164186647
0.600452266398776
0.961654608335898
0.689412468875385
0.911420140071166
0.875123947198007
0.860359591544836
0.708692157328639
0.853719054359748
0.87599282927161
0.725219749373405
0.799628745468131
0.828673283988937
0.884193815111786
1.02500625576018
0.845445165496706
0.658066280110042
0.766223901479449
0.792176845658403
0.911231339489466
0.795492673428357
0.82993282274183
0.844071895255587
0.827525150370838
0.699134581982093
0.892285549187154
0.816901784909669
0.967635312623565
0.915872785427351
0.721944226659132
0.955370489853953
0.841456476013057
0.808958486206671
0.721121900487578
0.835991413298251
0.799706323281812
0.84963134223875
0.93718894420619
0.879994998887828
1.03851366584613
0.861705844384202
0.869812168640119
0.683056336258692
0.956305803605583
0.955279698070083
0.937253595500323
0.860030752222831
0.927738469630341
0.845220343585934
0.809688537687472
0.822937234063349
1.03129403094121
0.949585791650629
0.881577876049475
0.917020654577234
0.882143975977892
0.911309997424511
0.939656190839659
0.945659135633239
1.02224943303376
1.00336931384925
0.916155526402224
0.824771114303646
0.848720613156729
0.899991192260923
1.01981867421705
0.926463164420461
1.02315395769362
1.02906386085135
1.008407682926
0.883014480490984
0.837542638039183
0.872721287102889
1.00773616556804
0.838852327786783
0.929964199985196
0.969551611276407
0.910749327832328
0.849532025567776
1.08253136753056
0.903453479149035
0.774868385589519
0.866717084673475
0.879712833704651
1.01518425213957
1.04291712526
1.03113643028405
0.943589501098076
1.05460503286904
1.10476368425649
0.976595455532197
1.05138639074052
0.973226272861222
1.09799854066219
0.975237890742713
1.03645255138126
0.993520871170843
0.93761472983249
0.955212437224963
1.12627905482738
