-0.955895590792361
-1.0378823503522
-1.13107418700254
-1.11077123557055
-1.05709518384347
-1.01998940306881
-0.932792412984208
-0.89818149294329
-1.05413262603008
-0.950217488415979
-0.942750039814378
-1.1163027893806
-0.920989150920657
-0.867783319810672
-0.812266941463581
-1.04150469295151
-1.08266339280012
-0.921295091095373
-1.00175741840342
-0.815774130591518
-0.839178043507631
-0.88431502856105
-0.987464878206121
-0.980450878604189
-0.848415882641691
-1.08919573216648
-0.981682029720654
-1.12740246201067
-0.946965387583952
-1.02197951481495
-0.92572998823259
-0.888201280596409
-0.957973087447328
-0.984640523354484
-0.872949981091621
-0.993907018578146
-0.89815244142188
-1.06900190887232
-0.857670254750253
-0.913714086463595
-0.960820863649219
-1.0663644662337
-0.989372294359493
-0.972677491589554
-0.883740060756762
-0.95124796195265
-0.893681061201072
-0.67967974732107
-0.887593795653546
-0.969611031530412
-1.00065166404086
-0.898551180690077
-0.82867324287128
-0.833139597917986
-0.912730478380179
-0.915689812480831
-0.834053725936444
-0.874852879327525
-0.883443622608441
-0.79154772287398
-0.876177303723412
-1.02054697099057
-0.891312542811816
-0.844809667675858
-0.90123541011189
-0.886065142815202
-0.801606779732072
-0.876534284255784
-0.852796166816089
-0.956380354723395
-0.704780478087146
-0.728900934771927
-0.990792579454802
-0.896583799304724
-0.788884021974715
-0.875939287941977
-0.958373302883142
-0.739275691784381
-0.892592492869736
-0.775168580098106
-0.815080372910314
-0.773158621335326
-0.975504944133405
-0.776446611600506
-1.02642669656883
-0.814952500910853
-1.00344208556
-0.846514838173234
-0.743770204748683
-0.741358064187618
-0.770754057027704
-0.826458259643796
-0.824886305554107
-0.817059000658561
-0.794215523136207
-0.777818943557526
-0.760539696220537
-0.663648445158029
-0.903442404398455
-0.730725414214439
-0.754173820535964
-0.816557841950309
-0.593886623095882
-0.686246767994339
-0.773781352425352
-0.79028718557945
-0.730098485320953
-0.672458502863203
-0.828528148485599
-0.750188328697651
-0.59687922111104
-0.823389534182729
-0.843275237117057
-0.751289479632783
-0.848559111278968
-0.844886998333155
-0.753044148017133
-0.75161375910112
-0.61618014671168
-0.759432164903501
-0.649013181458352
-0.886600956705922
-0.823306093226616
-0.864916046370675
-0.845276285237377
-0.701904219531375
-0.866364215686809
-0.747677835048145
-0.783344161325167
-0.680910005122597
-0.690875359509261
-0.724430025789485
-0.665734105515682
-0.825400605587527
-0.740669207394689
-0.75333517540637
-0.655755809957857
-0.795585814500309
-0.664103971070308
-0.651223327159382
-0.643965525391069
-0.559145965590954
-0.871629816277774
-0.567860645861406
-0.670565498894376
-0.770791963267098
-0.76388159668463
-0.699711054145056
-0.650011466266222
-0.643177907915462
-0.570955119004291
-0.580680449906488
-0.651013979470691
-0.765600167650723
-0.745959056781263
-0.634292278336953
-0.691816946491811
-0.62342316845398
-0.700547393290652
-0.66722244331042
-0.747305240999912
-0.615843572765488
-0.677372595939038
-0.577508989968205
-0.570773740438106
-0.753849415669797
-0.74863896499581
-0.632090705470384
-0.746235508230881
-0.715061373924856
-0.601588803626006
-0.640247206419166
-0.54061649972293
-0.671627335268615
-0.702360599155289
-0.636571258415181
-0.713160733453128
-0.618588611137902
-0.822749792340518
-0.651247687001572
-0.734104372937303
-0.611782735374214
-0.637185361065051
-0.673324704250496
-0.670752800534581
-0.615104298056772
-0.620517545117904
-0.583933425376217
-0.596729389632517
-0.734915135834886
-0.657551333751595
-0.738925218965921
-0.499439925346373
-0.631836464866415
-0.640773853195469
-0.603319660705695
-0.678565776329133
-0.573354805496716
-0.606908741191129
-0.693600339636697
-0.70576387497344
-0.524886096497198
-0.54588949317326
-0.547569685406779
-0.671002671109847
-0.650641837380601
-0.388360939565111
-0.603938321569134
-0.455902330064392
-0.326357795548016
-0.508391238114953
-0.545618558946031
-0.634807269799368
-0.519665168372026
-0.632627671042143
-0.535817527713078
-0.340003027297737
-0.502154240432674
-0.70651228876278
-0.737758969963529
-0.60846607693614
-0.608718637847014
-0.409821482248987
-0.790923469093981
-0.687780428419023
-0.625653673286776
-0.428058945489976
-0.521532799230424
-0.391599852877865
-0.586815623494618
-0.652338617825763
-0.656410377225585
-0.591678622368232
-0.608683403811704
-0.539574326987151
-0.440932380484728
-0.71888382506072
-0.471493014807891
-0.535695341893812
-0.471893052044972
-0.528001314348109
-0.588326322475032
-0.49485742012418
-0.600446530438324
-0.580441694281975
-0.342612512797761
-0.53645113298314
-0.422736101959396
-0.444274872540123
-0.644009214711531
-0.408281282803688
-0.471745643380227
-0.435164496074553
-0.404737288514648
-0.628566652465462
-0.471873980791642
-0.508603976522553
-0.473851111780944
-0.456990839264013
-0.38579548484072
-0.578505450810693
-0.5332614969915
-0.241779739224822
-0.534724336532422
-0.642281270563748
-0.559791223511428
-0.423590826313364
-0.533706481356122
-0.552341529613206
-0.459800980715844
-0.470437722289516
-0.352847900782085
-0.411681471313885
-0.398088732440213
-0.431332863212897
-0.66004461138584
-0.444419586051954
-0.467032620485878
-0.429927814856519
-0.460158561090109
-0.422511766284645
-0.441401701591943
-0.499872085252946
-0.435328766423414
-0.473810648982761
-0.475515651346025
-0.390913417800774
-0.4225255490586
-0.336184372469156
-0.623020623072774
-0.469454938529024
-0.399025761978569
-0.611192982380208
-0.46644645851865
-0.386803199986858
-0.452743539367026
-0.45441286413154
-0.455707669797026
-0.313758654336308
-0.542652534801193
-0.471089646302581
-0.436600288088373
-0.328065713521325
-0.411183833772425
-0.240310262107461
-0.384643620155292
-0.534509426465062
-0.192823822720011
-0.344619245550159
-0.325940838289271
-0.341540945086083
-0.333840104361508
-0.383367508003117
-0.247846917031859
-0.42337082391672
-0.354007877305431
-0.335975529250668
-0.171756810468141
-0.447589581433498
-0.412233482109525
-0.297194911284111
-0.361748239012934
-0.327728246674874
-0.422870611381711
-0.434884155491631
-0.426186095634369
-0.192933497238366
-0.290240273493755
-0.3904893833858
-0.47299118572106
-0.197996339220944
-0.217583091869691
-0.299125166552884
-0.277932761826506
-0.298553955584485
-0.376236481382252
-0.280148764275611
-0.272115178687197
-0.347609001807943
-0.233670214414863
-0.288869239665093
-0.240614162085533
-0.350611216738559
-0.243372960263738
-0.369303173889021
-0.358133767692957
-0.279610644005926
-0.376338790284704
-0.255412697490538
-0.418298140781984
-0.199079954050272
-0.30047116884485
-0.30087767129028
-0.163395008186529
-0.409992534812931
-0.297738862692515
-0.275478769227401
-0.319643208062043
-0.247298829738579
-0.262561544664712
-0.253242230506158
-0.369396368933511
-0.267769208964131
-0.121694893644339
-0.192701634622021
-0.282630762414922
-0.313806286893685
-0.217611795555943
-0.205624355555394
-0.287130975437945
-0.221312238923108
-0.275715986219845
-0.157352418709544
-0.130800603916834
-0.275988778564739
-0.28095769405891
-0.153959390482823
-0.339395598034222
-0.168564085171781
-0.255116533117348
-0.242626397175037
-0.295495536598063
-0.164791413958591
-0.198472807015313
-0.189228135442665
-0.265276278508384
-0.282813870731072
-0.231607927609802
-0.272019703834653
-0.186940847173207
-0.274806313705479
-0.160936703149976
-0.226724351886514
-0.274411851869424
-0.257898076931037
-0.245686836645996
-0.0637778711704347
-0.305360282371921
-0.247449752344334
-0.0337322787500275
-0.12966963638883
-0.300152489868203
-0.0573723424578987
-0.169911024854351
-0.290799366542939
-0.252474654205945
0.0337846661142068
-0.323888636654706
-0.233249976308892
-0.105011225329625
-0.196611367241842
-0.092153140554989
-0.197125949950031
-0.184148751909379
-0.121896261362645
-0.13243675609557
0.129458850212638
-0.042536554620295
-0.0792651341451757
-0.173646608927672
-0.154162747474343
-0.156810346782737
-0.139532786815938
-0.12778830968244
-0.121712678099191
-0.202203087298775
0.00895553310132075
-0.0323687452591537
-0.0354509670336526
-0.197558813143665
-0.241324039309052
-0.191233796444094
-0.101720587110353
-0.080458373642701
-0.122935296948894
-0.116328083814023
0.0464791810106512
-0.0612767876240882
-0.131618435942474
-0.118381812783078
-0.106379776611555
-0.189049458960297
-0.259147838769188
-0.195104834766471
-0.179602747420388
-0.210654603468525
-0.160216153224541
-0.281794294359689
-0.202343536081319
-0.120551612437996
0.0960294056729628
-0.0612740443379301
-0.0344145329630339
-0.13133442457901
-0.0414631558878647
-0.120979377838853
0.0063053786597905
-0.106726505752663
-0.137216662567995
-0.163293000308677
-0.0597919798508505
-0.00670062313572016
-0.103057528869241
-0.0600894214204119
-0.170858865823676
-0.187297403236075
-0.127438840258744
-0.00463286134740621
-0.0254251375634967
0.00436317740661091
-0.0742698904133616
-0.0977454933759284
0.0043626465237128
0.00498545228250289
-0.322841295208631
-0.129123259520785
-0.248278410270442
0.021023805077639
-0.0441227057682535
-0.024367710201741
0.00291257628257617
-0.0933836563412859
0.0517253087905052
0.00389424681958157
-0.0536895216107886
0.0062854696912094
-0.178806072587228
-0.0277797070788699
-0.0835972998671675
-0.180417727443928
-0.00289404931365951
0.107434375072944
0.0048513119127319
-0.163233562497864
0.0730866696095278
-0.137844994894485
-0.171280790784836
0.0426639525909815
0.0124608679807877
0.0341530935751594
-0.0401085262028067
-0.0159254528792063
0.0218589651543335
-0.03641929581955
-0.0682672707655308
0.230083222091688
-0.151579655925727
-0.034277418055359
-0.0609382500198665
0.0367809048703034
0.0428593229475765
-0.0535849804771148
0.0284689239533369
-0.111672118676339
-0.033257218668205
-0.0256843929685915
0.070411703971353
-0.0229407799355445
0.00301209543384024
0.171041045536293
-0.0949830531103158
-0.0249871057096083
0.0267930237098496
-0.101942439514311
0.00874048807555166
-0.0494891539457492
0.185010380541846
0.0882850000615698
0.067779027522474
0.171835646629535
0.0383306023063856
0.0382520829946149
0.158428033700106
0.131904425194493
0.111578792457394
0.194652647006098
0.110702617314546
0.0556819515430431
0.183878992652053
0.12761492114739
-0.0804967930772214
0.127790748380111
0.0794310120743911
0.0397051904580966
0.000826406788170849
0.103039979332769
0.0866307964590057
0.125288660305377
-0.00658773330218069
0.0775889117420064
-0.0139294980939671
0.194419229202188
0.0905588155726231
0.125119693723799
0.189357176325101
0.0343675219574463
0.116376339947386
0.14458177438465
0.117971710962197
0.21336274974221
-0.0223688919654083
0.0180794100384435
0.0604691621500111
0.040230177831529
0.37351941704169
0.243606260910474
0.255241306638851
0.0267662620388765
0.175796409157086
-0.00471451962400324
0.143105756781802
0.277098537381448
-0.0146678969596638
0.0126292739755327
0.0962419923911057
0.188931759300349
0.166966614311756
0.136262953555972
0.208475596855804
0.25317880693104
0.175246208884737
0.203100929283439
0.0692905835620564
0.189019932563325
0.0930016737917442
-0.00770749972522867
0.129406684666313
0.0672834049948047
0.175150877706226
0.277524005162889
0.224684166674743
0.193225142006039
0.283612408385392
0.188678931451651
0.166813445980728
0.20243299899603
0.251923997948267
0.211599384035785
0.156680496079234
0.116775637745818
0.20979706134402
0.227409092435074
0.228723763880267
0.338046638949881
0.256975970834326
0.0271031905324297
0.234214527817595
0.215334298178492
0.382279029786997
0.144649040126268
0.250883836720851
0.287410458141354
0.147551031320284
0.37370130958272
0.283337656502313
0.21422048194244
0.258774125112969
0.146561125979008
0.297075059612346
0.428811397891542
0.354448411677645
0.169171737973813
0.272816518664389
0.211690136354477
0.321076061275246
0.275620690120773
0.393820448550472
0.202041134307041
0.310506574373417
0.341623999801526
0.1924387502373
0.196725862191827
0.273406994920139
0.334715375167263
0.229468977385913
0.414968412597023
0.292114051293372
0.447969061982447
0.24847669220851
0.268560591101575
0.283637699089937
0.290123634928886
0.206655104395665
0.245423035054816
0.209504525789079
0.358219756128253
0.405645011985651
0.365051555153305
0.237179021527203
0.447993263795633
0.509029169823892
0.416225371563719
0.370987816230657
0.377948052242292
0.065492195365544
0.349020923708464
0.390175845753656
0.192301310535327
0.434004736470706
0.343242226056926
0.367835909603723
0.36849391685729
0.329286929252955
0.418819792478216
0.291061737124697
0.33986135176201
0.287157308276663
0.293102159487792
0.385887973931603
0.319567146547123
0.375081216840554
0.368819305737622
0.277177404907742
0.434771799830976
0.326044505454621
0.284245956433535
0.326508238945752
0.345954083880696
0.392118370274705
0.470934692077854
0.317041918260313
0.357531966695402
0.396468990746629
0.490730790555649
0.427072746797689
0.408216684519676
0.363689513254486
0.401517442543662
0.363502856863075
0.376311054473519
0.475793259787164
0.287580933057849
0.481782391299684
0.394721385311449
0.386078277030052
0.353052951154176
0.361231382019832
0.477881110574926
0.421633809712515
0.477732960207359
0.342541474862183
0.270680732105556
0.365377413097813
0.604648045322737
0.381915769520054
0.570896895121626
0.350238568262134
0.299304620983395
0.345056332506577
0.437227857985648
0.415322297196166
0.40027147464574
0.346612103713756
0.464874930409164
0.454767066650887
0.658890387474871
0.465320431931327
0.491229729175023
0.470192337272726
0.365957295083618
0.515237615638853
0.434816081882186
0.366084117321278
0.551395000133867
0.620090945349213
0.260625285468934
0.499185516194159
0.464366366034298
0.614555603380666
0.331618133866662
0.435675576977207
0.532020172171928
0.441516597849194
0.502150696122537
0.51927704529552
0.395717829542644
0.557228366711547
0.532982277402562
0.532957566776323
0.266530138589807
0.434884064123845
0.418386181743399
0.341008874239863
0.573087006678517
0.396486775839902
0.487158887872149
0.551523955171106
0.42002537430843
0.360297379175502
0.607543762845741
0.457889158938222
0.411703229500286
0.562691974664636
0.498134275408139
0.51157293221052
0.341521511836464
0.454175189860426
0.56057471368339
0.483155241651376
0.542784664554335
0.514590895349665
0.452456102757274
0.441275854479245
0.563300013805614
0.418024491743105
0.538151484292787
0.551340568485324
0.56820580297461
0.502956634421213
0.493155647043378
0.490366059427475
0.404257340227097
0.531019039202084
0.544735583107016
0.661797570062654
0.665328975762148
0.603546284118902
0.372211743751158
0.566852702076298
0.4994402345924
0.61109222614285
0.479978763820639
0.486554986750364
0.601621351297601
0.567638703677208
0.447861095860051
0.552358603254442
0.491194322845815
0.611969044660618
0.549523822926499
0.46322411400741
0.719750819212201
0.632106595611291
0.635677215498703
0.574074130466078
0.630144445748834
0.518637336966426
0.602320110163994
0.438459944939355
0.678458737807615
0.515932980856555
0.546520867666739
0.632413678381359
0.793683119636251
0.632018615879806
0.73734169746283
0.567310702414177
0.575411303454922
0.669677254834378
0.645258973438109
0.757563590066309
0.726595664354779
0.584526412571551
0.641418035106322
0.696773015445271
0.528317815697773
0.652598095895755
0.542311432591578
0.593420737969393
0.543751865208303
0.539848227145712
0.620002466589913
0.509123570513833
0.623801077106537
0.77277362811346
0.578539237354679
0.744494299360314
0.753457741005058
0.683305543684544
0.676511273525612
0.620048495668383
0.619535086709917
0.700772489096566
0.808075610375633
0.663148300491289
0.570921085760331
0.696550792301305
0.572247987138034
0.517603931590927
0.63723021638826
0.59331976958376
0.756096647031779
0.690390984428215
0.610767159562429
0.55127993364099
0.634942336396711
0.713511558542684
0.665714655447559
0.752711878057726
0.684733873308988
0.737936216803961
0.871661086831753
0.81720092328909
0.557605789222736
0.789870388677908
0.714899832346657
0.788364608312922
0.668635908801707
0.710111936357403
0.769976730065458
0.747959893952963
0.782663552023824
0.749457054125565
0.682802497512171
0.709942460090884
0.773106626226471
0.68973732686267
0.712184209245673
0.725593963217118
0.642637528714346
0.704246114719192
0.748643565197683
0.695312462840244
0.694370876566008
0.666881174036597
0.834420370026044
0.671471309864062
0.657727696263216
0.74734585942465
0.607787956431935
0.663095223270146
0.755795596453812
0.722834311452583
0.769976636082371
0.619395583896887
0.670236409584847
0.63919450844801
0.770525041723652
0.727712179019968
0.871612843358722
0.771384368332366
0.75942361522874
0.88103974567567
0.680797933708399
0.761363373217567
0.781025380730298
0.767197591047122
0.783945659212435
0.891816671660319
0.755121628743884
0.82442339835409
0.763199487750387
0.83033090505476
1.00031908192286
0.913368386282713
0.837073378339669
0.833397377176572
0.91428306669715
0.770290119207149
0.802342081475926
0.817705187612716
0.810728293483611
0.944838860062441
0.789610828769931
0.790097571905864
0.83351816126085
0.99389032513965
0.630976098117204
0.83163733943595
0.774423704109988
0.884262456201556
0.818040968362696
0.836391400062432
0.776632950120771
0.925702153147113
0.617677959118146
0.926086394848303
0.856656561409856
0.660179364632843
0.893675523768799
0.93308543086338
0.94889335517332
0.856923549245218
0.974743403140029
0.77053734836298
0.796338905936138
0.889376982464423
1.00147122685943
0.911527683706494
0.82125544858156
0.998483159241055
0.826338650720931
0.778762623234195
0.964936375494021
0.945798423164225
0.817275556319978
0.833961528595765
0.896059411566854
0.959212609993559
0.938400219984036
0.991809927254061
1.00740775765113
1.00948736273328
0.917158400854165
0.820791634205596
0.917617777435983
0.9525903379173
1.04636888023091
0.923520716783086
0.947556281859703
0.974312708996897
0.933649618341813
0.991634354436558
1.07628807579715
0.916715146493434
0.894382433483497
0.814082532754155
1.01450204141967
0.954646410019291
0.93367239962813
0.889986894571754
1.07469325781847
0.957090995687844
0.948127417670587
0.932931998664017
0.954014256615552
0.850024143971482
0.941418729514429
1.04678862359748
1.03371727103511
0.832973693891736
1.06555046042333
0.990065026440477
0.824167318686514
0.923000042197709
0.905023465896941
1.09906111219605
0.987255099439631
1.0861682912235
1.01255306497907
0.910750449226667
0.808170403461913
0.988920296912452
1.1230948739039
1.11720059862772
1.07929628150249
0.937432740566043
1.0751439145828
1.04400497029517
1.00188469672878
