-1.22082332790631
-1.11016408059358
-1.1114064769443
-0.883969694999433
-0.926800938163709
-0.949926346966316
-0.994795185711147
-0.898627563618546
-1.13730518055485
-1.0124315366624
-1.00090239493861
-0.990834983314347
-0.913908803495463
-0.869752639188934
-0.918849290106201
-0.992934216843596
-0.989543491779107
-0.983953623791974
-0.952665085128783
-0.885460391492737
-0.9173230733245
-0.976296709765045
-0.84494082296304
-0.924490435985534
-0.967258867397054
-0.806734071172504
-0.936234535476692
-0.886655239461741
-0.949783776470467
-0.94293054629479
-0.970571566055259
-1.0293843906712
-0.917143800836107
-0.906311303295643
-1.02101901237569
-0.943169503165322
-0.908878683219723
-0.919445795103505
-0.822668348386568
-0.846221862178505
-0.904511451600628
-0.783908726264767
-0.805394458664877
-0.806789318514429
-1.03306757821722
-0.893651299037237
-0.883804213559581
-0.946254364496124
-0.868719398888928
-0.892612839248012
-0.810974829645558
-0.987077994877985
-0.871807493201796
-0.878465782326636
-0.905961930891619
-1.03789830576617
-0.911922804326746
-0.925897216043583
-0.964015627650697
-0.911754927488588
-0.716112722976553
-0.93077895039787
-0.89656208702774
-0.765776769873112
-0.80817165826544
-0.68673470345491
-0.901154996543633
-0.844705052102701
-0.825043595565937
-0.834314164121473
-0.854822774083253
-0.833308255901769
-1.05093669020712
-0.934308249182386
-0.952528600912469
-0.943167393357531
-0.867617740277092
-0.709012695403989
-0.763523644017758
-0.816294205138243
-0.85295942291958
-0.828211095819115
-0.865014086604305
-0.829647197204271
-0.788047403401462
-0.729175382325438
-0.813030571028103
-0.891477258830704
-0.85930383016296
-0.784644421158868
-0.723646154977628
-0.716057124707754
-0.7682910039693
-0.636180113346805
-0.811189724229062
-0.910933787860522
-0.856748217412747
-0.720212005914238
-0.796099998627309
-0.742315490981373
-0.865981889473355
-0.773256680265272
-0.840045080647935
-0.882087390693549
-0.82253300426029
-0.878131247591379
-0.780768715886196
-0.789103175036692
-0.814869433315809
-0.772697637449477
-0.81116748836152
-0.812593552192865
-0.781681412578066
-0.610286077576699
-0.787479468514148
-0.864230732599284
-0.663442628378376
-0.722270349890738
-0.636734576979908
-0.662152243217726
-0.668822838162047
-0.768472162461679
-0.716017866728114
-0.801617712816825
-0.695394808724203
-0.690523740923248
-0.726926430819393
-0.592686876134325
-0.667658997672439
-0.778145810736621
-0.663699135424081
-0.868677080863325
-0.618249622645492
-0.629708556323913
-0.734050196442869
-0.800874350332097
-0.752056671462427
-0.709982075476989
-0.674640811924704
-0.768554710555976
-0.685975372102656
-0.759360026349501
-0.78420295921219
-0.852857443682802
-0.613016822595866
-0.765585199613749
-0.637789847694424
-0.764558840214983
-0.769525874955964
-0.738374623727007
-0.559045404779931
-0.653473448830982
-0.773352655108571
-0.603853839738419
-0.754322113213549
-0.73616686417774
-0.593647809387308
-0.731792156727784
-0.756607264774105
-0.747622140868514
-0.703842762315368
-0.784738662955035
-0.61797883070226
-0.598522669345864
-0.704169993484643
-0.599794464512196
-0.55827776510146
-0.728968878472376
-0.563804080831525
-0.751861817246749
-0.723649771191673
-0.653464965097578
-0.740824761697715
-0.548812066678008
-0.691088681791042
-0.650750894118803
-0.696831729097176
-0.611420661043796
-0.680369760967895
-0.657940706562641
-0.687679256112559
-0.595885077184331
-0.603192682385612
-0.577298206154126
-0.673726089526842
-0.623555692996634
-0.589890328511305
-0.672902268464909
-0.657949804217329
-0.819826204394447
-0.510019506218114
-0.677233233919932
-0.649311291858612
-0.644805398384052
-0.64057092210331
-0.673879740795339
-0.558497277899777
-0.744518159966402
-0.548643852835547
-0.584063086688638
-0.596240565458358
-0.679515558545326
-0.637276144487172
-0.644322231395159
-0.609319126198075
-0.657350608433509
-0.417835922927383
-0.52769388003043
-0.747115607211188
-0.660037193172719
-0.554235978217983
-0.466100496948509
-0.539980796644937
-0.522614668680539
-0.69530742988944
-0.428848692655541
-0.411297766612675
-0.706830950205196
-0.593284841116857
-0.556947651038391
-0.529035226702867
-0.522166695803389
-0.660921495533778
-0.427701378253174
-0.487587576864791
-0.643155427057596
-0.676654916834312
-0.45997934690739
-0.409414343033213
-0.443959900963341
-0.618946877905951
-0.554026756605622
-0.367994829547051
-0.58162523806481
-0.495119553807868
-0.562700963557724
-0.586197629113102
-0.419258547926147
-0.562559022287703
-0.531261285965075
-0.549244341844185
-0.383462832603303
-0.582217991160184
-0.475054995929172
-0.397483232156392
-0.495587293853342
-0.579179994738386
-0.571637163660636
-0.432342731952677
-0.484772556838625
-0.571529286334769
-0.529388208409359
-0.508258516635288
-0.549437057958201
-0.65847608201582
-0.478337877339775
-0.42605902377428
-0.366707721190975
-0.478332609035098
-0.554102298263518
-0.475571219549812
-0.437176120521561
-0.571466609186367
-0.399700996614528
-0.485518802345719
-0.442936249652539
-0.455801030158013
-0.488277242509273
-0.344805096359633
-0.336919776544258
-0.482552119333542
-0.557098289605962
-0.486465075653464
-0.316888349079819
-0.456612771304993
-0.407233179729894
-0.370150699221676
-0.510019270691808
-0.550997605878785
-0.463587027501709
-0.320077146246146
-0.388057961554814
-0.519937833344921
-0.418497107365374
-0.378973749612219
-0.356454922367316
-0.448551032845752
-0.464409178049731
-0.312958444115205
-0.360723016716645
-0.39652886581882
-0.585548825865208
-0.41277120001087
-0.416264370835431
-0.417103361791266
-0.29649255798875
-0.548956642371808
-0.36041117181383
-0.466329611853124
-0.488873743613517
-0.328200828522206
-0.396109107258083
-0.359524356803536
-0.384390741232654
-0.210577501234
-0.256807713675754
-0.376948472216448
-0.442681391799004
-0.31058542162865
-0.462511223366651
-0.303334568971395
-0.580751463635833
-0.470057655446503
-0.245579929693479
-0.395919240235965
-0.279804118099904
-0.396487093480992
-0.53912402212188
-0.284050815412428
-0.298794445092571
-0.279672580906032
-0.348814925322528
-0.236471068179208
-0.207661419819441
-0.346823347398728
-0.329989119678701
-0.366853569785932
-0.333159287264952
-0.478125415950345
-0.333048920452065
-0.356780714886239
-0.309101508879833
-0.140785628259071
-0.420073647848234
-0.44910965903968
-0.441049190840099
-0.32216239253583
-0.389577141094671
-0.277792583107334
-0.4004866296036
-0.296674428225629
-0.41159896999279
-0.339681813322032
-0.265960325848094
-0.3550104925558
-0.277192443866114
-0.426443935790935
-0.30677532462628
-0.251868576658578
-0.287986512796874
-0.481832939351819
-0.356218104093644
-0.252079141217136
-0.223772512353429
-0.291481663007646
-0.341370560085274
-0.30011056903134
-0.339279639821478
-0.208987335643598
-0.307101029579566
-0.232619871210141
-0.399345723507207
-0.343475776675591
-0.318892870699909
-0.270125896429238
-0.369766311780829
-0.283770379868782
-0.266820483019129
-0.157307113657973
-0.12007819506007
-0.159106058191206
-0.314895100143794
-0.302153656016983
-0.220166455240841
-0.318966264470927
-0.152410530402334
-0.253196396326111
-0.0560245579073591
-0.265078349261875
-0.457797351893866
-0.343531609795306
-0.216615177535895
-0.186188502202804
-0.388829051470391
-0.375347697926585
-0.258681859697807
-0.168078621524907
-0.137371919068815
-0.247668261076002
-0.165978210859346
-0.294287203175639
-0.150403389244886
-0.127153627091633
-0.363448819282368
-0.180918654591279
-0.276702222004974
-0.202246404978651
-0.18280892207391
-0.174031371732267
-0.201741678260737
-0.0891936870494924
-0.20538845800622
-0.344642123283697
-0.208397857194636
-0.061175275777321
-0.322117240342292
-0.16209935574715
-0.19775615394209
-0.000903932631384088
-0.176136016845733
-0.156577135366874
-0.0761109443183051
-0.228027464559105
-0.216664711356797
-0.158214675915299
-0.335299661090467
-0.09987430223939
-0.316183163010218
-0.163507188342334
-0.0967452206006241
-0.249024123804955
-0.150585027146239
-0.206985549294177
-0.24435805089295
-0.256121727349026
-0.108582328634751
-0.137155988445513
-0.0149827056514919
-0.155533321218056
-0.0597950690127972
-0.236928381833519
-0.276226397379177
-0.23187757720852
-0.18584818045516
-0.247056047169705
-0.0620550383472088
-0.182929823927223
-0.021415527719141
-0.0755952881676687
0.0442179569159386
-0.0144885090946595
-0.105418470575444
0.0145773567963207
-0.172425137984813
-0.175893202499824
-0.130625561976356
-0.108683938345916
-0.0196762838975182
-0.197182078157397
-0.0905012025705528
-0.131408805878569
-0.0209836345573551
-0.182577056818392
-0.180126808018545
-0.147129916138605
-0.0735189524001148
-0.0912098997836711
-0.0419055925321588
-0.207341414746899
-0.195653741495376
-0.138041597578773
-0.0247440462749413
-0.181891599655949
-0.17987117712799
-0.15753845365494
0.0397348607483941
-0.0810199551415509
-0.0482120615321026
-0.149928778571612
-0.16107855040924
-0.158013239452304
-0.153360142874039
-0.207862851828696
-0.115120052975369
-0.0669444400235528
-0.115952478655044
0.0949075201510076
0.0293631787081069
-0.147301486550717
-0.0974827419356621
-0.149692067421154
-0.0242185388653922
-0.114306713393334
-0.181669325999614
0.0999491490650615
0.125939196649349
0.0668022215366649
0.0483308445315006
-0.187416804651439
-0.0445614430235876
-0.0247069438740543
-0.0292823937776766
-0.0270310764328651
0.0428284376783133
0.0527902780525956
-0.147969857027115
-0.184282368249657
0.110465842590757
-0.0789060953218743
-0.00918535868545861
0.0342709705103994
-0.0998663179851969
0.0664605872546585
0.0435470574942242
0.0296772470340898
0.0470171283197634
-0.0936975693984952
-0.183979470555262
0.105827212763341
-0.103491376432512
-0.0354197810929459
0.00703709625672418
0.0649717025701314
-0.0960512595327425
0.0386084626605604
0.194788452846178
-0.0450877996081847
0.0374068026987974
0.13237649590394
0.0779689171927641
0.00200920952626273
0.0971983465554761
-0.0163586651869399
0.0265618538961463
0.00630627876576616
0.223970273817908
0.136250673977593
0.131793606868764
0.0493293194560192
0.0854972541340597
0.113442503604213
0.0635679037945194
0.030564348407026
0.128162161429203
0.0572955889633276
0.117616326017151
0.0516086971793162
0.0148559682926619
0.114762728674841
-0.00785065329098389
-0.0217931543557413
0.142303953616971
0.0977628953925096
0.0378979087483534
-0.0448446850692812
-0.00768040181396551
0.187457066621434
-0.0441351675611028
0.130035025874299
0.00711557483087336
0.0347103369813452
0.098083546678997
0.0256141945970069
0.163498200949752
0.0739240485082191
0.242497759259967
0.0284572001009868
0.158280431729563
0.0342384644906298
0.16206752779839
0.0303098346432288
-0.100109855420337
0.122964194874051
0.0787916746917025
0.218505833209891
0.25487275788619
0.243209952711135
0.0242323654891183
0.129384144052873
0.226512453788541
0.125126021885651
0.100316619264355
0.124624010815394
0.0886990401668225
0.171340108973826
0.142867954463556
0.0300699832139355
0.128345428048377
0.197571608257724
0.0760818939339255
0.321226570776221
0.0561511311116033
0.221300920252138
0.196053060990109
0.164489317274818
0.108299743413971
0.211861102344097
0.105433859371948
0.166929552070744
0.310890631399653
0.312237844837736
0.255836358516132
0.107838069425805
0.074372212669331
0.139873965474857
0.20102462080027
0.122371221339752
0.208642482417056
0.127826842670861
0.311438459087164
0.1038795384271
0.0762630462501175
0.191148873363798
0.170458028031033
0.350910920538149
0.327115042948367
0.20206531372218
0.356724075070457
0.230727786620047
0.209533640662267
0.260207679855874
0.234734955552852
0.189933260356788
0.131943607952529
0.255934326232036
0.311338700450554
0.268361239763091
0.23972556307899
0.344137247990898
0.24467786325512
0.339528783181211
0.203557804392984
0.139498041699381
0.237121087038406
0.294110629788029
0.286871629339618
0.158650765010585
0.349552774324356
0.241647082579358
0.291969424944396
0.292761321300257
0.119178059376087
0.0841555815225136
0.18089589919899
0.396667138293629
0.280240571634719
0.246426121225506
0.304780443760762
0.346630838464937
0.217732313851622
0.0843476463363012
0.359708044250768
0.315501838734513
0.237873509985662
0.35590950180549
0.0750380657204346
0.322836132471283
0.186797330756439
0.241083593883296
0.261852517186618
0.268540443811825
0.244329027904154
0.384678911899691
0.327979384939512
0.402678384681789
0.388996751805834
0.449932559922452
0.215254215213367
0.405889345703056
0.272604412734311
0.338222197276674
0.195762799704959
0.361976200232696
0.221124251396672
0.530940196743326
0.467559340675807
0.295340879864022
0.33090533293683
0.367616041299365
0.349578805188751
0.234224573422091
0.254927926921161
0.317991673132848
0.337767705037648
0.418334718412303
0.390423794810076
0.267150549769781
0.468975279588998
0.461919060424233
0.429590061185103
0.482577587725976
0.487923440183397
0.357699142964152
0.400635780360985
0.529044074196492
0.163144618492799
0.349572897640577
0.419530032690739
0.25534093242016
0.305058558045356
0.234635818417471
0.546699882037994
0.393537080586038
0.317684160322049
0.493896451015994
0.396694750890199
0.391053828902566
0.379733273532247
0.450414720140893
0.345605906988108
0.501990788401897
0.419663370719473
0.448743035041129
0.395189275253728
0.436922519603759
0.35520224320689
0.403610008662088
0.451565357004005
0.378833613456725
0.410728701108618
0.425733625504249
0.29997164134869
0.40041438875257
0.410670646513836
0.490135494684148
0.396899184761872
0.47334275432464
0.365111284990567
0.413563021247593
0.444168033095408
0.272481331643164
0.405482578192327
0.547689005807322
0.468800754240904
0.561378112795875
0.600665989481263
0.431490521136193
0.4512538497423
0.33374317541253
0.545263752949961
0.477737384342978
0.352990606308778
0.560029988558517
0.4911232659739
0.471217303398692
0.585126942073259
0.427863412553919
0.529937689305682
0.544056777383307
0.567334309434732
0.445058908114966
0.566188330062772
0.440627578509016
0.560605751279791
0.408375572180785
0.386909558731651
0.437680033750554
0.752405140413523
0.506765026190812
0.491175722680583
0.432467754579187
0.510373825482123
0.583029583235737
0.555844330686554
0.378782201746883
0.584779307462896
0.68839308183362
0.4601909456288
0.456102531018525
0.449588808465737
0.377784198790257
0.525278740517293
0.553529583012155
0.488459663318669
0.523669158650328
0.516526596787724
0.426863987165756
0.44160504838535
0.529404297204242
0.525475829463521
0.594893295954321
0.650540298285196
0.614692760910648
0.372896552494862
0.516465756335562
0.575545910809766
0.59828799916378
0.571691203200572
0.447066545171672
0.558880712867297
0.63236427194165
0.632202719667751
0.579080035327895
0.652873823694223
0.576216649243444
0.534691274565105
0.606285177516641
0.550040485750551
0.662937194768686
0.563963061142689
0.580669674270289
0.380480455922839
0.464356050180995
0.589091661629024
0.528995667291457
0.625165679901476
0.523762417080131
0.556134610673518
0.530771477101538
0.549933623272473
0.625117330676869
0.567195026973892
0.445006337196124
0.840460727002831
0.652556184754632
0.579345168576345
0.580578047035247
0.691318157897207
0.52393506603113
0.698760567612064
0.599486571773169
0.589071706672665
0.572078697488585
0.610929971756104
0.612699815466111
0.624809647698383
0.720891161747236
0.567645795348431
0.742965641699668
0.570584228434131
0.585793704630481
0.695831586049348
0.618746450446942
0.601963988298668
0.762241104606367
0.74275686750951
0.616078780483349
0.672919036727047
0.683254300901881
0.715731939941993
0.709151700624647
0.672338521973586
0.762559971709549
0.754156393309847
0.734525048406706
0.580946793521168
0.589503097294658
0.698731484168404
0.738854600161283
0.734945503959249
0.660511076990201
0.535601338965555
0.621834250809641
0.783303588624648
0.61392822750706
0.724236148294552
0.697829620667883
0.814101741893552
0.659277804186887
0.624004520445207
0.58430999130256
0.762189977253543
0.758763461155015
0.589007944523413
0.668949920563154
0.699173270951656
0.697970605678608
0.699891995903764
0.660873400479313
0.7255418872714
0.58470945307491
0.893026510076517
0.639412109811302
0.543784118639732
0.762152008661023
0.738008526207207
0.744267320402752
0.686378713130682
0.85055853147633
0.687618850786498
0.741996931811329
0.704575618554296
0.721763356239269
0.70983038627198
0.834770908570118
0.88833352259712
0.885259118693237
0.73321711665286
0.664436182755944
0.589968039523315
0.735512132424138
0.723847312513015
0.841974068983922
0.744929288236447
0.694665654653167
0.888520779765286
0.693097461012296
0.838127153070479
0.762613354468051
0.660144365622407
0.855859564125697
0.720034409524931
0.943316600224007
0.761366786390348
0.656487335771132
0.832731222543384
0.845970089726529
0.686510478074115
0.780747223143241
0.73417238098813
0.859421807694084
0.767486741794383
0.793527757881103
0.676739479193639
0.65221448381989
0.881212691083546
0.832711257064522
0.81613302832616
0.835988774345252
0.820950010185569
0.914717548467197
0.840124899006466
0.808720498905837
0.904490408965492
0.96207587366561
0.759537776180329
0.918388059940633
0.680645442383627
0.748484250900395
0.837519055113213
1.04254814274088
0.756583074737613
0.876457160824418
0.844919373301365
0.689371885695683
0.857152676355142
0.909074102949171
0.77883081215233
0.769148394970387
0.871892883710116
0.892663047149112
1.0138058269598
0.87651816894522
0.896732657929838
0.887106870899082
1.01136656895826
0.796372106319674
0.832259549598681
0.943194157753879
0.751148239034857
0.962982440202642
0.942830431765446
0.698160257326715
0.882271452808522
1.02661135161052
0.893851240977614
0.747839812453349
0.953082921317662
0.795143920777783
0.895947495398011
0.88485262324909
0.759186890068627
0.863763630754523
1.0805332557746
0.828249623422345
0.803377067954079
0.982627452286619
0.926738159417753
0.891569773350932
0.961414078303933
0.893610065914087
0.89303036330676
0.92557242364684
1.04273366993663
1.05473744035942
0.851904947358076
0.90125839981953
1.07359672773489
1.07809452902806
1.04905862892897
0.980676479725608
0.945413754991761
0.816640049374503
1.03662255462902
0.973707684183155
0.899088521727388
0.808120977551496
1.02089260400911
1.02790071688467
0.801537787301931
0.755407336719777
0.829809827546057
0.971104468799774
0.854759672926068
0.965468989393748
0.828209810395608
0.973442187920713
1.00234740016076
1.06769925163046
1.00018414457499
0.98493129367629
1.01311187530484
0.993315258832766
1.03401449841065
1.04090962841504
0.970484731974782
1.04858367812676
1.2833180740361
1.15249287179697
1.02240249067985
