-1.09733896997066
-1.01572300003339
-1.05665377237538
-1.01470484747716
-0.935040756367641
-1.0156962459145
-0.901298556500038
-0.947396769829115
-1.06635049445548
-1.0786944525509
-1.02147265117048
-0.969617085698576
-0.926987982356845
-1.06981266379657
-0.876548192213155
-0.986662833224917
-0.895066370641986
-1.01108271103037
-1.01128147417041
-0.908193532716324
-1.09695285103845
-0.990932520949428
-0.893763292379851
-0.840578293817219
-1.01289598572733
-0.909789009762636
-0.912827488339612
-1.02744155549484
-0.955177235593772
-0.941802056294611
-1.05833880682358
-0.874990620880176
-0.893057886540971
-0.803259137467742
-0.863423280140289
-0.89626519640889
-0.782620880666264
-0.922664832458897
-0.878434918520591
-0.950163279448118
-0.893034521766482
-1.07246497809419
-1.06967865858563
-0.987694804717141
-0.836798732937943
-0.936423864824125
-1.0067455034082
-0.854714872662818
-0.792260201093823
-0.88776138888753
-0.886713280798053
-0.891075965281941
-0.8484046943402
-0.83957968245028
-0.836759240226065
-0.834665284308278
-0.908333741221507
-0.849124163364209
-0.969478051404898
-0.968500383558838
-0.837470005309304
-0.8812079192514
-0.897366080532956
-0.843265023531129
-0.886482999642928
-0.94922778911285
-0.930174489348922
-0.824390473080756
-0.891962056665444
-1.04785251473836
-0.950582633414771
-0.883719137602324
-0.979966366686814
-0.796774725348972
-0.839429649633776
-0.888922695200174
-0.888925858065697
-0.895880239018928
-0.912406284758142
-0.677440259464875
-0.884787767159718
-0.834462141458237
-0.813818267571022
-0.87851076055292
-0.902184899873046
-0.829225194254493
-0.758907844334679
-0.867627189689246
-0.798375174036828
-0.92526588544591
-0.804856162729187
-0.741527047741672
-0.847138282055377
-0.822108907369961
-0.781667196372823
-0.852042082110994
-0.835655841121787
-0.72669201088615
-0.775908800418802
-0.684894648191556
-0.858845657320635
-0.750076564528444
-0.734145024414708
-0.687506458759088
-0.746367239238192
-0.900499809318787
-0.639080785700376
-0.716241459292274
-0.741225401246829
-0.798254234438312
-0.843316138183457
-0.882482928431552
-0.790032916853815
-0.81045837550842
-0.868125489486398
-0.81319141407261
-0.877386161023324
-0.601366828553765
-0.776749290308108
-0.753483731462194
-0.767183618797244
-0.887866890205092
-0.817651444801373
-0.56486840743618
-0.470573416481162
-0.667809201637108
-0.714713517630895
-0.748339473396354
-0.762787017989146
-0.830864089372463
-0.781747645115751
-0.715931093557082
-0.747849282567203
-0.705550115823516
-0.64837605673936
-0.790618553628383
-0.781733006524527
-0.813038733027749
-0.561182506779599
-0.672668814686002
-0.645935251220607
-0.729070378242512
-0.688555255755967
-0.67647554114735
-0.625607498712161
-0.747180299675665
-0.80122935381451
-0.77360154459234
-0.65411309765921
-0.583284011860478
-0.569328829197893
-0.63791194604134
-0.69024847137292
-0.606484924104674
-0.730085461717772
-0.676075989055629
-0.82926502576671
-0.777286608416455
-0.571425523270446
-0.662665247030875
-0.694774088272116
-0.694444706204555
-0.806140471878826
-0.803651361397703
-0.69373012063711
-0.802487349031815
-0.610562479154582
-0.545201199681542
-0.654854465886183
-0.546702658439194
-0.656135902992188
-0.626172304629454
-0.639911783443995
-0.611024748710411
-0.640317910640406
-0.667977937143584
-0.544317456032368
-0.600093994092554
-0.549852217293369
-0.73545795930151
-0.700654075932504
-0.681169324047324
-0.628297167446567
-0.609544209152179
-0.584377675766094
-0.595987506073629
-0.639026153483768
-0.684424523843496
-0.54655253667482
-0.698943703853417
-0.612330901556554
-0.608669879692146
-0.623367535723499
-0.468512234847391
-0.590017328766165
-0.62345896514147
-0.597430030406769
-0.649084293492486
-0.662946462829877
-0.551703151019457
-0.559115218754698
-0.601785561154183
-0.666198194514525
-0.621828084474616
-0.481197830539319
-0.634472318001303
-0.573357236351863
-0.565576016032357
-0.451994553052837
-0.537129564426657
-0.606425950086867
-0.517371274565376
-0.44866409288707
-0.522446756870555
-0.549189708783367
-0.500906547768376
-0.36741724417247
-0.546959433147412
-0.553782683954866
-0.513707340715334
-0.589162847488884
-0.540257531688379
-0.696219702181907
-0.546734435593253
-0.583585884171734
-0.419666455409226
-0.458409404011724
-0.676331276520128
-0.446461037248315
-0.535797292451802
-0.536802077978427
-0.587742231225313
-0.436361248258827
-0.56833872078437
-0.539152379990311
-0.510631079553366
-0.373492165876251
-0.443837069511637
-0.511330082190307
-0.498724732503451
-0.492928765493273
-0.525633773606233
-0.682947802970416
-0.544909186454081
-0.436294382968526
-0.688711008710308
-0.317734983440156
-0.599404687375375
-0.508496085955188
-0.546970579685497
-0.389213066544806
-0.628580699348976
-0.311624550135773
-0.692927298335573
-0.608584432440368
-0.452652143049868
-0.460348838771965
-0.544040056872006
-0.473550916321726
-0.473994200155917
-0.397244886716411
-0.502539756073454
-0.488710876626699
-0.283572015819603
-0.538422881889607
-0.63202828413621
-0.457446458824968
-0.39964613970459
-0.504239492130261
-0.488293571588469
-0.311019086349572
-0.395639175879106
-0.546346746997607
-0.565641726797825
-0.367353072219318
-0.356749413359947
-0.368988453358524
-0.417152278617848
-0.59808068716434
-0.508101112890718
-0.548426939725837
-0.296190264016031
-0.526379696198577
-0.378451938340022
-0.356348138449655
-0.327595522847708
-0.320526581004157
-0.628009170480886
-0.37448127090554
-0.525400342495059
-0.675743429581235
-0.338442617840909
-0.556376947184469
-0.451873735496326
-0.441870389449706
-0.39975511637813
-0.395342851249148
-0.418080464407721
-0.431120192670967
-0.289214952015041
-0.342827848262572
-0.558633583235097
-0.432021767938921
-0.491137388875816
-0.498713540272128
-0.387766595571025
-0.347092002704008
-0.298528841393563
-0.454058556543892
-0.280217990797391
-0.472678010972966
-0.395350768115649
-0.374901781596325
-0.417912033044662
-0.292638697983869
-0.45640089169544
-0.231295948834675
-0.231040339992629
-0.316619666003381
-0.46754721916104
-0.324024388563521
-0.438594103714347
-0.415168499021338
-0.379646495481617
-0.488549884049324
-0.29995889765179
-0.232906483250105
-0.308898464692497
-0.397830059195228
-0.306706521060777
-0.363982381806118
-0.335190332727932
-0.318719368493408
-0.115500027907276
-0.413578269225528
-0.299570915216849
-0.322662428959283
-0.394441248311745
-0.540820173995785
-0.353042154717724
-0.436424184991493
-0.16882062812058
-0.312232941468443
-0.35072990105177
-0.195149467228328
-0.126438916098532
-0.353517704383598
-0.150932479434441
-0.389977909957433
-0.302457278482099
-0.283374704733868
-0.408371692928154
-0.100752528363675
-0.222724596496294
-0.319621291691911
-0.336034838993351
-0.32056796372899
-0.363764915296939
-0.309725493710177
-0.339697758312105
-0.274119939509419
-0.421251831060073
0.0195673015502346
-0.417406340949113
-0.195456184908609
-0.327202300422492
-0.286989501252707
-0.0976874935227756
-0.352365432749612
-0.29654474353881
-0.29919917826936
-0.124533267347957
-0.213566124852834
-0.130603448013442
-0.186509884147823
-0.189112956556962
-0.207489541413005
-0.247576680658268
-0.242658825442738
-0.44854414818296
-0.237860423278336
-0.287994285758134
-0.173073919496941
-0.0592241777881959
-0.335336546261657
-0.199384345408981
-0.339671741344199
-0.257538759116633
-0.281737415745389
-0.311850283680422
-0.261430176645443
-0.0549543785873677
-0.0950490596291382
-0.177090316121891
-0.231159409818431
-0.178346431492654
-0.272316275339727
-0.320091124034612
-0.185779872214318
-0.27843609884231
-0.188662866620973
-0.302337058316113
-0.131862628683709
-0.353820276356737
-0.210343143328715
-0.233680122758279
-0.266995850397133
-0.139456055786992
-0.218371617039046
-0.163400021577503
-0.160380465955024
-0.104697209547659
-0.0192466842719178
-0.20048637633903
-0.156934255601817
-0.0180203802199148
-0.224689087043159
-0.221188340373731
-0.183406158984165
-0.166643768838834
-0.0986609618978833
-0.248507757634939
-0.161455604062039
-0.0811542107969908
-0.258371112888065
-0.213875329701893
-0.077035211507629
-0.0587673876773254
-0.118344113270351
-0.14010060174133
-0.133020740432321
-0.15821511377556
-0.273860983713707
-0.0937325933989493
-0.0937375035347267
-0.187544462061608
-0.219314597764192
0.0294285798973306
-0.193022711369869
-0.160136324346205
-0.0954375561588358
-0.0756071262557048
-0.0400481646989565
-0.0164091273655337
-0.142941808203048
-0.157519195460551
0.189441631261713
0.0162062021059794
-0.064134691437539
-0.279359181267937
-0.179055836830978
-0.228774150419267
-0.145107032299535
-0.171475254235739
-0.0879433834695286
-0.1442932964661
-0.0386447666367725
-0.0936560164190088
-0.144456481484252
-0.125073688560452
-0.0609810334118032
0.000807522648871607
-0.128159120603872
-0.13590115166742
-0.128441610087991
-0.0252623384847425
-0.0363130401830402
-0.0827159951510963
-0.00181657563978607
-0.0930679547087116
-0.0100226150440712
-0.0384492843270349
-0.151403292533845
0.052080089681225
-0.0480949208687092
-0.111890884244751
-0.0551942199028128
-0.0197368611964763
0.0540505237226108
-0.138758071344265
0.0768357223437537
0.138663942282884
-0.108652658190608
0.0859930272208947
-0.0691385951303648
-0.0214904978991008
-0.0834963597430494
0.00652786856848943
-0.0463410745580753
-0.143771188353172
-0.0110117219751085
-0.0642718923053602
-0.0371896139144902
-0.01410428127045
0.098267213017552
0.0672109182826691
0.00397194242754088
-0.0735179142931563
-0.0322279792628155
-0.108957460869393
0.0315886082920351
0.118816699077062
-0.01878151377847
0.00211308273132126
-0.116583407022212
0.215293878202684
-0.0916171495755472
-0.173651564262577
0.0643025765371844
0.0123076543236678
0.0533334446489886
0.0773990889599667
0.0348586564040593
-0.0170470052244208
0.0368548476730524
0.0532744344340654
0.0920197649126557
0.13375788012356
0.0837231801083007
0.0508177914457373
0.0885185739752877
0.088632090795893
-0.089431187921606
0.204522137397243
0.0469528966416972
0.0215090704771649
0.142069623604288
0.104570517423984
0.0659451706395
0.00542657666928414
0.127043577248057
0.110164874494889
0.11675285370356
0.082973024114246
0.190100456294806
0.0163401486163861
0.0343798165510918
0.0158257435043008
0.126421955916882
0.144505792024688
0.131886044658414
0.239688880627384
0.128419278009995
0.00559541477667353
0.0989660322373079
0.154331273348886
0.0914988952564394
0.0590535339463456
0.0319137449070456
0.0485838436544073
0.139929780560341
-0.0177590817664215
0.082753395122833
-0.0131050200800841
0.187371981836567
-0.0355110817954141
0.165306336754948
0.156858962249632
0.104310435613096
0.256727643266746
0.29829648251061
0.208113491109911
0.152051108757368
0.127529053493331
0.0467222470225101
0.182839517959896
0.064392203948439
0.0412152468842765
0.172287335789299
0.0395054499232288
0.169907316982754
0.131713408661241
0.0513246466892863
0.126282293719011
0.180534623914912
0.0786520334773187
0.252800793321379
0.25716621227832
0.121772379929656
0.105657486122414
0.0919462416021586
0.086536169659455
0.229160962105364
0.16892764268053
0.140724450522136
0.246476445892974
0.0868534873981127
0.343294793948095
0.243465300344441
0.146545213033203
0.204233410966466
0.0874128038002686
0.188565342648286
0.287022230926642
0.0598890458061671
0.257453807001752
0.183713212968994
0.043707726424951
0.162198681644603
0.123728209857514
0.243834622161681
0.16289294524527
0.300998611596714
0.262037997074453
0.157584516548508
0.387724422378584
0.307314991132515
0.091180936939654
0.167706539868495
0.123698103734348
0.243151166388078
0.26844278001409
0.231957841193298
0.322037142613975
0.322544838087327
0.232704176110148
0.270581034542541
0.302588016032122
0.270374333789588
0.150423339494617
0.164451978330498
0.248586468565866
0.195685287028893
0.324613918631285
0.271795326767116
0.342026040093304
0.263636755008434
0.266502329996362
0.250546421293062
0.334741112930859
0.293951439043758
0.318794136046353
0.273546698000146
0.313615295167638
0.291320162942444
0.243526694259172
0.313495494092551
0.319777638525445
0.261165423924334
0.214526306029131
0.273079234081601
0.344052509714488
0.379144167495088
0.429833878160713
0.267493597581605
0.262989287067934
0.297895786518284
0.385058330079518
0.313357926068315
0.148855864830794
0.344620836777105
0.183139215832867
0.281330334373951
0.272614900031541
0.253762328222309
0.383534553886965
0.373519925252135
0.447055477760049
0.230344542546136
0.340954756158187
0.272681089386064
0.306153004065469
0.266697098562817
0.271297796661355
0.235731865607657
0.388793849768837
0.413390097235473
0.205447650895897
0.339572394064918
0.224695733355068
0.258818595682268
0.19716161968937
0.268236060780374
0.414365564794325
0.378961786261063
0.361573396244399
0.317977913885352
0.265091168601135
0.491177611451194
0.433859943080841
0.570859694900507
0.512516186776978
0.311779776888107
0.40862387314174
0.478035625952408
0.366455122214375
0.409869890635665
0.531753631716941
0.291370676554575
0.341761696296344
0.431787473084702
0.3658652534372
0.352655494856388
0.508632467212876
0.3936908480356
0.286537271515092
0.228151191840548
0.444898983423596
0.294757377924157
0.279949226360674
0.378235813355985
0.326301919014393
0.446778677867358
0.435538987478986
0.350730969915048
0.410248537029362
0.260081102506138
0.41250440037847
0.341133817834514
0.53146331436637
0.436029993870488
0.487485519879877
0.400967454967728
0.392806831975274
0.255074039931396
0.420495907712605
0.545033852677588
0.390791304671885
0.376778581828838
0.46824260676311
0.470327757291384
0.451280567599581
0.369947257854761
0.470035743253578
0.507945496234958
0.471068291150155
0.305668414402695
0.442496462196765
0.415616823242419
0.582732464265633
0.522935085924595
0.401964643461022
0.415573336295122
0.470225025497337
0.444034557893798
0.470997143898273
0.37119014241395
0.447264566913314
0.487305731329669
0.601196432149427
0.526095644997605
0.577613104702635
0.418244846022249
0.545426955651407
0.519474229747406
0.542338123695133
0.482402323446739
0.622166645574317
0.570273334888629
0.508272393190676
0.369736579590517
0.382895118621249
0.474622577684332
0.397839992106315
0.551820144268142
0.445387235422751
0.593139738136157
0.533198598854089
0.493416788689594
0.69396012535539
0.636871760154083
0.63360415323046
0.463776364773918
0.528527401807515
0.429487336710033
0.566156181277312
0.543699939784233
0.51000173373737
0.624761382112043
0.580223274720112
0.548614409046314
0.506547907686469
0.659746363960533
0.611223854013397
0.51414893815628
0.503452926888301
0.634091099879367
0.587110045047986
0.632614729836654
0.388163117847063
0.503503501507401
0.706849217331867
0.520138287123893
0.648313254482047
0.57386385419313
0.620306496166618
0.614070225460149
0.692849870231253
0.592143166671368
0.63406122208143
0.706807535960811
0.546408566307051
0.534709316781317
0.564615781884242
0.506162031796523
0.516695889806675
0.529834035350605
0.618427869705582
0.637341844528146
0.484929784994655
0.6070488601554
0.500969790972172
0.678076792406601
0.646801478542529
0.538368234012819
0.589326609719764
0.484888997884526
0.521269701883259
0.641636289654955
0.64599742321152
0.587558305935846
0.652976761321053
0.546155545722883
0.702935683216089
0.770251287297043
0.439784458390648
0.50248510725524
0.545094288259276
0.629059574173968
0.645725823316454
0.57250426909837
0.606854006241372
0.611374909288015
0.663270262491123
0.674389143955835
0.765456386157684
0.601229210797775
0.746501419306835
0.490800352429997
0.607847591090018
0.713434544194446
0.709515241211582
0.636886480660677
0.568779691490576
0.738027242918617
0.813771763353645
0.594200694204418
0.840780339040462
0.796141268405362
0.640691823258599
0.697257188873006
0.851683159449564
0.765876787142069
0.61059383120175
0.644177919743744
0.645693546228896
0.658633146502174
0.646330074784233
0.576564217574107
0.722084733637804
0.531192227781378
0.78095789557124
0.832928046174686
0.679398714939373
0.598625015763678
0.653557767842048
0.701416046562082
0.644933621039418
0.648406223971491
0.631442670784814
0.666045166312255
0.597080108981499
0.786902745365863
0.716807706301342
0.685045057970231
0.706784173539321
0.612879418244057
0.564148409062102
0.745927297668362
0.835337390544214
0.797808643530893
0.777463888928982
0.624259949882288
0.789156783747791
0.527755225274417
0.868963370839864
0.735167161520268
0.791390577193605
0.659808852580351
0.634471602846514
0.609573071966052
0.862292508624193
0.657413036248907
0.865858352346088
0.779700732620432
0.756650192029456
0.787514401914468
0.641265100693995
0.774001019821804
0.78750769764409
0.713433528735746
0.712434666718014
0.794076321093951
0.755023571300463
0.749858943510193
0.789464157595624
0.822361869604018
0.814772333489686
0.89852867214356
0.827340573294204
0.872417272590099
0.840434454612579
0.837650624000599
0.807068193979601
0.734177292753751
0.614318741536002
0.909176989593267
0.872627406365286
0.899997463743216
1.05745035896693
0.899460389280524
0.847698327427471
0.784825879007114
0.811136061035706
0.914365027290281
0.77432360111799
0.783155344123788
0.865128059223454
0.983068049584108
0.856180728460419
0.83269376502305
0.72969601647817
0.851532668262894
0.874080284189736
0.857306407383056
0.892531941153834
0.728211568359553
0.735864065003769
0.855470796655342
0.899355892382609
0.953027812757258
0.821756778546984
0.934720977696972
0.865825325796424
0.893606152610739
0.783247550505666
1.00406210540543
0.847168449587832
1.05735429670553
0.772475892831642
0.807984196415091
1.04121262510245
0.835823166230929
0.994098313164937
0.913927133087946
0.834433326269956
0.783827907691751
0.948106042361172
1.05672484732685
0.773231037916569
0.938519460782197
0.87579885376125
0.832241576648885
0.973281299249321
0.984698668265499
0.922893417845619
0.878115206741303
0.901191383527056
0.994196183216634
0.845970379137613
0.840197647685123
0.924404745719956
0.917364322570841
0.840415328844134
0.944184112185652
1.01592386274028
0.962681774073337
1.02431959901538
0.88798049447004
0.829402243079227
0.842079093414421
1.0103104078026
0.976944493639564
0.839832456005792
0.937470302090071
0.92970621609757
0.905652168438878
0.891638128088372
0.912395254792767
0.909717265375671
1.07672010999522
1.04948722541637
0.921787667871952
0.997098566727923
1.02187330949171
0.905329920850854
1.09000688896697
1.00250403762643
1.07751282573819
0.981254676450391
1.07228496313751
1.04035493562622
0.918488234376404
0.944581441853074
1.04408563491657
1.00978135760466
0.961670679862045
1.06046385767858
0.955535394250414
0.912317196463182
