-1.10380951103197
-1.04343456528976
-1.03850507324544
-1.01057704370436
-0.919549652342228
-1.00285698330433
-0.909479677153751
-0.958143642579171
-1.09290810977347
-1.07379827891112
-1.01275480427903
-0.951116807884659
-0.912193629168269
-1.06548207255547
-0.897387318202547
-0.986312331596065
-0.888835092899226
-1.00331062101068
-1.01394681911956
-0.913488511315591
-1.11596381764651
-0.998669601603483
-0.902415151088385
-0.86412391747793
-1.03190694441151
-0.903162009224788
-0.899663890914528
-1.01511112809782
-0.975527748269313
-0.933785837522805
-1.05190431702931
-0.873886087372923
-0.903353486084012
-0.812733752475415
-0.838478803335003
-0.883361681260757
-0.784801119406328
-0.923591003459822
-0.879510337797722
-0.953369954973338
-0.899905617927929
-1.06155818974608
-1.04888292063542
-0.962069849728513
-0.821919268474805
-0.922168552025607
-1.00628906700894
-0.856000333731675
-0.796625691336334
-0.906635795926344
-0.883897544349691
-0.884648613678245
-0.840768315658901
-0.847892593968112
-0.854799323319189
-0.821706786259676
-0.911345118247696
-0.830000987053872
-0.979184062750001
-0.957820220042435
-0.828495320674623
-0.874373024653359
-0.904531993277511
-0.834720822215611
-0.878378047994707
-0.937022623093894
-0.925939582323907
-0.836631053803901
-0.90407574689153
-1.03798045252814
-0.932744072900796
-0.879833806679359
-0.968933297612156
-0.822423965520268
-0.841081259350815
-0.872023521189304
-0.88374867353549
-0.904079376349808
-0.888775281586316
-0.666231843475406
-0.873068043091103
-0.84617449458921
-0.800348012665643
-0.865060026225045
-0.903040452136587
-0.823047312745345
-0.776799398601692
-0.867761616658314
-0.80797369520268
-0.93095594742083
-0.792451250306077
-0.739148678615531
-0.867856413319766
-0.849790505219034
-0.778593242035776
-0.857834153260341
-0.840683447507128
-0.739265224627094
-0.779460138155596
-0.699409995503985
-0.841242415155528
-0.742594235609791
-0.733459303109846
-0.686281637052539
-0.740730793128354
-0.896194624518217
-0.640246199932416
-0.71417955818973
-0.743713642621194
-0.797532453498843
-0.835482577106763
-0.876475327134706
-0.778010069922687
-0.831843450499426
-0.876148337531106
-0.818012362163553
-0.885580561633496
-0.585696035659937
-0.771673141335595
-0.757811831614796
-0.758195645637168
-0.893313732783657
-0.827708995228602
-0.608213294925788
-0.480080511930499
-0.674917257033268
-0.715915056953534
-0.759856279324004
-0.74918800560796
-0.804020605376435
-0.75722975103501
-0.725961804785767
-0.737777272883967
-0.712126457855413
-0.648010016048381
-0.779265771701117
-0.789447218932307
-0.841618210560544
-0.57053180120603
-0.678818204748382
-0.668230332401667
-0.755654897889806
-0.686079034619782
-0.687506701838198
-0.648325526789108
-0.744568515178364
-0.809815403194126
-0.756594571810892
-0.640345202521589
-0.587136790176307
-0.540984637847355
-0.644009505612157
-0.679118775829968
-0.591699436637189
-0.735132731503485
-0.687656144757204
-0.850752313106112
-0.763224255786879
-0.574470183039465
-0.662712433979624
-0.682329315777107
-0.699654594316515
-0.803531924474473
-0.792638612632532
-0.687296274796807
-0.799105179196504
-0.615094446282169
-0.541749876758515
-0.679962526910574
-0.531935457388852
-0.642044893581281
-0.626492754803139
-0.646935811774015
-0.590531674549399
-0.637202055755776
-0.660091847796949
-0.499096344864507
-0.588059506536105
-0.549360674281242
-0.736034020502388
-0.680361246484717
-0.694815608536139
-0.645891854078712
-0.614541034517336
-0.563854948950485
-0.604884739019247
-0.654598851494707
-0.672178655236948
-0.575546867967562
-0.707872516492676
-0.613650994129958
-0.584650902852393
-0.623804554203262
-0.47759759264857
-0.593648150554206
-0.630782113759762
-0.622858660362544
-0.638892895679316
-0.668624539146336
-0.535955232610618
-0.576627190175545
-0.580940306170663
-0.6502532632196
-0.623633909906018
-0.491707276343111
-0.648096427586165
-0.555667988988885
-0.560787207921514
-0.438419103872518
-0.547868124077174
-0.602563729396146
-0.533035627447095
-0.434385283723443
-0.506479434811605
-0.560471119906304
-0.521119812090538
-0.357813153537036
-0.547614224421248
-0.564094246883175
-0.500948664719873
-0.578584582323644
-0.543377613273036
-0.691168288536517
-0.548764470910366
-0.582209860021888
-0.42266307964484
-0.463458977749902
-0.68514238588413
-0.446670920777962
-0.521943724930164
-0.539178499220005
-0.596752877517881
-0.453446479467616
-0.560592258792332
-0.53963642113866
-0.521652974066457
-0.363896771755183
-0.432334029533185
-0.531603134491409
-0.521301720638174
-0.497153129113249
-0.527975736027931
-0.683053580905349
-0.552822351859508
-0.446358888771933
-0.684352933533024
-0.308902565378547
-0.579481429623925
-0.501317267903025
-0.546872081902259
-0.410830445498426
-0.634827275309551
-0.336699450868186
-0.70118618655307
-0.607067906819147
-0.482106498660455
-0.464741062786768
-0.526427481764676
-0.472480853510313
-0.499050443501859
-0.431334971940554
-0.502475651428764
-0.477063381534311
-0.283994087789049
-0.532860888993592
-0.599241470196581
-0.458378565695877
-0.416605436026051
-0.480570703606508
-0.482322710204586
-0.309491241191507
-0.377023431473162
-0.532031080485262
-0.559479150762693
-0.341758332521759
-0.355074512743368
-0.357992940972845
-0.429600018004103
-0.587664480045981
-0.489703872191782
-0.568408340578307
-0.301130282778106
-0.558544310016655
-0.388335819238276
-0.377174507469915
-0.329692008897884
-0.319786346127415
-0.650859045268072
-0.356567222414714
-0.521383429030613
-0.642063898859744
-0.339264601914804
-0.552069921224294
-0.463567228619248
-0.436613160631301
-0.393591017328501
-0.398217878615177
-0.44116607461005
-0.432567371554682
-0.316527643304901
-0.329432042104311
-0.528650137115566
-0.435023023856824
-0.481386241279398
-0.508447931983345
-0.374672675402993
-0.356504900279016
-0.301883346450007
-0.438799284109396
-0.305782059668918
-0.460939794324938
-0.393539512713763
-0.364672841370997
-0.425139629786203
-0.298749382110282
-0.460558359079095
-0.207671081327891
-0.231739983585134
-0.325853547816908
-0.473838799731115
-0.332591130102909
-0.438601702370183
-0.42093330914655
-0.354842834714795
-0.478921962028207
-0.28723975535261
-0.244368355610587
-0.31136343369541
-0.405668817794483
-0.320438370728573
-0.334008298100441
-0.339571778387478
-0.29174345831926
-0.12611491854639
-0.40347787196855
-0.303891724602342
-0.325054492764351
-0.408778580868522
-0.525667913480265
-0.335403156641806
-0.422604418970759
-0.176644643118869
-0.322756995380524
-0.351450903110004
-0.217622902122603
-0.122909618608837
-0.337395615758636
-0.154864763019452
-0.391965212573652
-0.294934715085037
-0.281648656156803
-0.403294298153301
-0.127214874781816
-0.198630990729614
-0.342347098349057
-0.316192465560961
-0.328627174842985
-0.350260963806105
-0.331623341348362
-0.327793961619109
-0.260059719425718
-0.399154433496809
0.0167431863939276
-0.419384145645436
-0.170840937847484
-0.331282742548125
-0.311669864798904
-0.112427734908544
-0.347464775113401
-0.310621633255487
-0.279414157428985
-0.12170905083638
-0.208767575246076
-0.139025843268843
-0.180325403846985
-0.190343239071518
-0.206003062966174
-0.249117482729977
-0.252403187596813
-0.447359594449827
-0.21825081181013
-0.306198972257006
-0.194729135256134
-0.0609217123227099
-0.326100858887774
-0.193748773189786
-0.327564347351081
-0.2520498359134
-0.289600416678433
-0.300818579367308
-0.262088417761559
-0.0939458531233182
-0.0838398126447284
-0.19582546708298
-0.250492950023846
-0.169485231188356
-0.275211410737074
-0.331304626229449
-0.200880271922012
-0.276947544461783
-0.182429368874196
-0.304169671984233
-0.123977167626962
-0.355061120579842
-0.194772461781695
-0.215949162626364
-0.272444738090729
-0.150751719578796
-0.198591033235316
-0.130766451250889
-0.173257706858448
-0.099597651946196
-0.0173151881978183
-0.168597070768047
-0.127934955587477
-0.0180797993226551
-0.218958866319553
-0.227111539036654
-0.170298529858592
-0.173618738505593
-0.0846858920266647
-0.23085553924978
-0.145481958008039
-0.0973697535752022
-0.263128321589517
-0.195502925558435
-0.0895170892224767
-0.05078394256749
-0.136183779765189
-0.121999299717494
-0.130258273567932
-0.162714927470986
-0.280018549846815
-0.108606525740103
-0.072848674779321
-0.17279296501467
-0.228434525025282
0.0203106912119152
-0.17051434383108
-0.167657649307334
-0.097306497927468
-0.071538772752289
-0.017566105125682
0.00722780431936127
-0.160355130331658
-0.168453660190664
0.174710965209963
0.00848922642611925
-0.0619628236945921
-0.271934246638517
-0.214368924165463
-0.229583087043584
-0.124093012072433
-0.175352892544585
-0.084006384571015
-0.159598844777307
-0.0327319116537397
-0.11840839402198
-0.130557932770602
-0.121584473936922
-0.0510440795527216
-0.00808520324979223
-0.140037668655388
-0.161389355546552
-0.134650763709332
-0.0229280178946262
-0.00812220901441856
-0.106401120025859
0.00062294630861
-0.0958905161572393
-0.0358403975068887
-0.0616761843239591
-0.163955818392817
0.0687519485472692
-0.0757255586683485
-0.10362669220105
-0.0371387697420407
-0.0240744110255356
0.0422324004845107
-0.129434624168154
0.0753562936468135
0.144905488631292
-0.0991323157679956
0.0990722332256032
-0.0559096555909737
-0.0344926781961068
-0.0716637587281515
-0.00139802693022355
-0.047899013117185
-0.142086421221058
0.00676884231437222
-0.0573806671683306
-0.0391731156824226
0.00469283328664988
0.110821705186272
0.110518679856176
0.0149203521205165
-0.0757376507433333
-0.0391599634986024
-0.0776524518196688
-0.000732648899287261
0.126988813606832
-0.0019820032265573
-0.00205177851484017
-0.135800350616534
0.197728925722222
-0.102329303173158
-0.182618071811856
0.105908309323482
-0.00229319308117574
0.0465168081582642
0.0899062074381268
0.0360896879850946
-0.00455152764172258
0.0158519652914949
0.0450456151658105
0.0997695368426
0.130980074354715
0.105808369001518
0.0407923969321658
0.0682545097343936
0.088892160556949
-0.121725157348299
0.181217178110201
0.052763046396085
0.00376119835606291
0.132726384173155
0.0895229557509999
0.064250591332046
0.000746051025271867
0.120714973633267
0.113602126772167
0.123733054016148
0.0887958229557977
0.197637482627796
0.028449113486454
0.0554798993261127
0.0140270194356121
0.128637747927718
0.142745601404694
0.113954435812598
0.22865679360214
0.113508267421063
0.0323755422178356
0.0624955600170438
0.138195551486424
0.100489740318266
0.0361094266831489
0.0284174146529789
0.0445709380437544
0.120226526011581
-0.00560428232972733
0.0906451143708459
-0.00711243410118792
0.171086855448318
-0.0437981733856764
0.162873102110117
0.160385081012675
0.10299261244962
0.270239449613533
0.280008773448459
0.226000546627794
0.145001500405117
0.147847419939393
0.0632369534237356
0.197549176610679
0.0605020360332535
0.0546011535161936
0.191839962547519
0.0175392497485974
0.183088562534087
0.122650537060085
0.0550464371824456
0.148016047105898
0.185533336987347
0.0678487198176418
0.265363818164521
0.270146557766005
0.125793258260708
0.0989591701374069
0.107434612517256
0.0934478616735227
0.216564069883937
0.172219119979909
0.178711394212672
0.228035778359281
0.0734307570051428
0.363281541995026
0.2307069812281
0.143766386801532
0.213031873522548
0.0897133530649958
0.208671045316792
0.284944639346905
0.0501738030835346
0.252333342153548
0.185151075805429
0.0197033809540138
0.163336523373619
0.1232585644941
0.252060051289931
0.154999164989097
0.280751242972313
0.264337008988601
0.126200553221849
0.412790553498838
0.282003450022197
0.0872789777865667
0.169602206924179
0.11586282970259
0.241144680661805
0.282519733473659
0.23607885963486
0.319826734486285
0.323005134144846
0.246808674486325
0.281799748433902
0.300246842144209
0.281646127098836
0.147283942718469
0.162498024092711
0.247425646559356
0.189578342508227
0.307879613202454
0.311786525103648
0.315959430526489
0.264443760683691
0.284090843222829
0.260994776675141
0.323009639102729
0.292010521259634
0.304668710746697
0.291337809423663
0.315474978515443
0.298529082213444
0.240176991721754
0.322877278837016
0.34544725309865
0.260033330064804
0.199010723110983
0.269285108293052
0.335190922544902
0.371086218063978
0.433185471427364
0.276525847574791
0.257678180469659
0.292579215132066
0.373566909041482
0.311597463527809
0.140600375133231
0.344371191522102
0.173176793049803
0.277447964352868
0.286785572959643
0.245044540059157
0.379664744072934
0.363766867234684
0.473274116666232
0.216909692051766
0.327860789697482
0.299920246478655
0.306737283468187
0.257582273418961
0.268603131772786
0.239395719753732
0.397790800834764
0.418800804572931
0.2207394948818
0.325084654683151
0.231196220874408
0.228659266666741
0.197221739767898
0.257376369517182
0.418223530195953
0.376777881407731
0.352269151305139
0.29772612301504
0.238678649255748
0.478239504176398
0.424743753435584
0.578157770094726
0.52038547423796
0.300843029469405
0.391707773543201
0.46146677823654
0.357022724043868
0.402061581945511
0.522027223663994
0.292515722400802
0.345492967661396
0.445560112044662
0.355795676404701
0.341375461110533
0.512098082217914
0.39580509705594
0.293316445996116
0.258646151403601
0.453346423074671
0.297560218900183
0.308019793319742
0.373070192721016
0.318213059913352
0.437732758081377
0.432787199827809
0.325660321858137
0.394353444270915
0.259335720094315
0.397805229774444
0.351713747853946
0.537352364092588
0.457855461758261
0.505594650338827
0.421192074225248
0.385325203403137
0.285635774349138
0.438567496858933
0.54357339320142
0.371764306304977
0.342811627561089
0.470753907562913
0.466884370084286
0.461969795160175
0.365113146303162
0.476395683176771
0.499839989546437
0.484675987451152
0.289387849119441
0.433382579402225
0.418453293109976
0.586387057174009
0.533007982983465
0.395892354408518
0.409987413932763
0.471218321885788
0.449855100878713
0.484828620252735
0.38828828466336
0.453385119283051
0.474331479889721
0.601189008787506
0.538161973702676
0.573761126512775
0.433696856173816
0.565810069999605
0.534509640784003
0.544171022135955
0.48593641487474
0.628274025027973
0.550403957293897
0.507198858790512
0.384630728139278
0.355320970262332
0.472747978689162
0.405777810617613
0.570976224535938
0.437104456391849
0.586769765814069
0.517611129026184
0.473039954515381
0.68448442173138
0.627322584013185
0.650529282173171
0.459926469494405
0.51866238121358
0.424955386443415
0.560238449437618
0.523212111523894
0.504348043275911
0.642925232033201
0.604690278533968
0.532461852232103
0.511394405041897
0.666219594861419
0.612990137379414
0.527346788381975
0.500933873877105
0.639794737559343
0.610072997290846
0.634587187733592
0.387767776184817
0.507515648862396
0.702855496696197
0.53250170733881
0.670618930674709
0.582047277001179
0.62517386016484
0.606115559793328
0.712129559046803
0.599501554339819
0.631710374378469
0.714253833937817
0.532457406191406
0.529879732021289
0.554767598862751
0.498776616099438
0.541647269347528
0.537282765710526
0.632184838209123
0.656730724204895
0.499157140293699
0.623321299835312
0.512327796156091
0.68122138227494
0.655257849508516
0.540577050850427
0.56957456565285
0.469505684060489
0.536835524412617
0.653220082918832
0.639347831231401
0.550301742664116
0.627555610506033
0.543910178230249
0.705179033812049
0.763459677849286
0.416006466893797
0.515539811153718
0.544940783091282
0.6542207333367
0.636177126096997
0.57204006590751
0.591602468191257
0.616363228802847
0.647671063601492
0.66221140756323
0.744819870673399
0.603824507625871
0.749030639784424
0.508211045197082
0.596823635908869
0.712437115711847
0.700835268320373
0.600835537711892
0.57300018334078
0.744537844035958
0.82987929261899
0.610369335397447
0.839181263314893
0.780433136506147
0.624293763726915
0.698387746275091
0.834200183036006
0.777087954465979
0.621213234792382
0.650870759239688
0.680305827622631
0.648251462917272
0.65233370499966
0.559349885280908
0.704444255783444
0.538541937630806
0.795701884749922
0.832847240079464
0.659753387962312
0.594204689390528
0.656046773782033
0.716569612769062
0.672807689289907
0.638147393155783
0.604156283659999
0.691852148004251
0.611820739185939
0.797552907184078
0.742372114217959
0.666108028357713
0.713114039973743
0.601568900011067
0.544465771185355
0.709116734015363
0.827344508299193
0.768005119417983
0.771018489695009
0.620623480966767
0.774885505212921
0.531446472255205
0.873334628398001
0.749110101040072
0.78333801195848
0.622724219501142
0.633265622522108
0.598037190882501
0.863180098249677
0.644023991480956
0.887697459226942
0.780211338339605
0.715407497720816
0.767457495478427
0.653135803818849
0.754005422963195
0.799414491595271
0.717553586565591
0.690845912417443
0.793486668014268
0.745182236623128
0.714986762776566
0.791025698109138
0.828480275026115
0.816131908702263
0.912545974589385
0.811036589820495
0.862086770016213
0.860306722526135
0.838220450990504
0.798560666322147
0.748452131969054
0.620883988266202
0.924176295643566
0.857735489773325
0.878803250805789
1.06437336714421
0.892247797966781
0.84366971545891
0.770310057892015
0.8203028953798
0.913375267638131
0.754936878523893
0.783090157785691
0.862123864066217
0.971863071644259
0.844666726682937
0.84115564182702
0.740099324762578
0.854677975526162
0.880017799477255
0.859145696293128
0.896685721219975
0.727898422765226
0.748790992601319
0.862842893854907
0.86658099472802
0.970749510868536
0.812480278505797
0.939652029976589
0.874761746728628
0.91810709254056
0.808452609787809
0.989037908762005
0.861396147672387
1.06216944015581
0.755108521200265
0.840465433505534
1.02719497476336
0.827204312082657
0.995249421268123
0.894690852102558
0.853762996496401
0.79245019370197
0.951546886788897
1.04292514066576
0.784445241648219
0.950468810866808
0.880521316908077
0.828099295851122
0.966555561556096
0.986931604934368
0.931288379521662
0.874634074623613
0.868374875551769
1.0073345195073
0.861178768142881
0.834712685623398
0.925714828460334
0.921462721960229
0.838064143265198
0.911976088044512
1.02356855007945
0.935321202721327
1.0291766245192
0.879891115453918
0.866040222680769
0.837324119376878
1.00800187466842
0.99246381934966
0.836007824064676
0.940525905545716
0.954226629258119
0.90376635913599
0.926565107290611
0.931690240531109
0.925012704043298
1.08118692367472
1.07504658753274
0.889123968828306
1.0018820751421
1.02383154361852
0.907981166065533
1.10383946660123
1.01615554560659
1.07727411555098
0.987023897194744
1.05091231115692
1.04044783501502
0.90296976479668
0.943487085102555
1.03133600095908
1.02057077761605
0.93867543229235
1.04952176226809
0.943327413517215
0.904129645546428
