-1.01953446334099
-0.905517085695851
-0.969848053897522
-0.93878856903248
-1.02981949894848
-1.08411258669918
-0.957312633160791
-0.814473282361067
-0.910037523994007
-0.9633207441699
-0.999225437466529
-1.02858615543709
-0.963615176034495
-1.06555008509104
-1.06479861414121
-0.978969181943624
-1.01257632720051
-1.17630775156969
-0.996491512654916
-0.983049253803554
-0.974089413238095
-0.946215826875832
-0.862128813986271
-0.944540046575768
-0.828339642940896
-0.958386392763835
-0.915390689255997
-1.05447797062509
-0.954536112428325
-0.768321654736976
-0.905673178273205
-0.857172757597318
-1.1778313268893
-0.857034935918531
-1.09355090078983
-1.04511456402155
-0.825689377841132
-1.07659720891423
-0.942583628527194
-0.810687719591544
-0.967069122797762
-0.890169090931707
-0.686611598604765
-0.741563679425284
-1.02599416610277
-0.846043992386725
-0.960844898266679
-0.995804938512614
-1.07510458340371
-0.803162040465779
-1.12494265625598
-0.964820625427619
-0.971030855432787
-0.730077609751422
-0.934153529870156
-0.782309595781056
-1.02983602187309
-1.0046980114277
-0.749036494963359
-0.924602650221161
-0.77715859364737
-0.98481096871398
-0.842555255952056
-0.840347088427418
-0.844290173817192
-0.803618750202582
-0.816127095673858
-0.957856380857261
-0.822202539530081
-0.815645493559488
-0.917210263047296
-0.819408113163835
-0.938453718895483
-0.689277540959735
-0.749100722452976
-0.719716001738667
-0.830434302543805
-0.762990722768877
-0.833779383478707
-0.814008345748957
-0.845231902681413
-0.756620680643811
-0.882291470302463
-0.753265295999998
-0.76586445784898
-0.685536818347598
-0.75871345485553
-0.982197959735331
-0.869750881306936
-1.00732694862996
-0.842900409390247
-0.799231903149362
-0.9157566706945
-0.802991803551166
-0.792627238523037
-0.674424030614528
-0.768163653324419
-0.904283591703182
-0.734171062993553
-0.828059327861126
-0.769274229295191
-0.852394890381988
-0.865822200180697
-0.815133520980802
-0.806666528748076
-0.835992820044179
-0.78889916466162
-0.973778681039928
-0.753201935043599
-0.777007488904883
-0.774240471648176
-0.820805003370732
-0.714291099968555
-0.822126992173947
-0.756121450779436
-0.658093520418075
-0.779980497821169
-0.640386377475271
-0.752883526481728
-0.684596869670574
-0.773990462901859
-0.827117186152397
-0.708306513916559
-0.885677747012146
-0.659400510778075
-0.643771322281199
-0.797635007951497
-0.750430607172108
-0.852890738388663
-0.681937713002238
-0.566161973445889
-0.749780487789577
-0.674021593458356
-0.874315890168099
-0.49570541057435
-0.727938729410503
-0.744055643337062
-0.78851295023345
-0.67199861685027
-0.642391265744305
-0.568107888937914
-0.587979267483813
-0.657727711588482
-0.652979781887204
-0.800615416562306
-0.787045268037067
-0.747545069933095
-0.70793487524137
-0.660436593351235
-0.834061261635796
-0.692397170038801
-0.747254354446048
-0.704711891717731
-0.796903622271515
-0.649407333310363
-0.612633229185236
-0.777303424931966
-0.601881712621418
-0.669221955461247
-0.686398248091239
-0.636838722154698
-0.663376004279568
-0.766466276252473
-0.702407544994308
-0.590420685703036
-0.592334266356598
-0.861372684787977
-0.521029260263452
-0.698826643469179
-0.646004047054095
-0.675561638335994
-0.672284653721105
-0.583183596286657
-0.641611824118479
-0.580329280179938
-0.674170981344966
-0.657371995134701
-0.472871612881875
-0.794903553397889
-0.628963038249622
-0.692338104509688
-0.584579268270013
-0.624707083460048
-0.52362442059434
-0.588366861969999
-0.578312821742601
-0.646008369942682
-0.517882868641423
-0.642937652445779
-0.582814219161114
-0.511382275794885
-0.705603071660436
-0.665893169962361
-0.621484455967442
-0.602636822371227
-0.746223829219625
-0.552325438173135
-0.611450935383199
-0.668813459654455
-0.713083090096348
-0.489606262014799
-0.542218178569369
-0.713973845880672
-0.615711287008162
-0.699266932773665
-0.647413865344473
-0.766556868308154
-0.651864510420726
-0.578694678420349
-0.522974955257447
-0.629663894214037
-0.534901385109665
-0.564293808955443
-0.530972237770083
-0.591383070043631
-0.565836962126728
-0.58258129501896
-0.617426811104789
-0.598311345703411
-0.678441405840339
-0.537340876280723
-0.562659290787558
-0.586794417536801
-0.60396827268097
-0.461238378455829
-0.471560926314585
-0.634921690017772
-0.5690631551932
-0.601567510897828
-0.531334477041316
-0.333462452947444
-0.518658652935119
-0.387411426044215
-0.607898078879748
-0.45120660852937
-0.640824692307704
-0.50722640248982
-0.52271912121648
-0.520630355377885
-0.598111427012726
-0.480847292716845
-0.539859385198855
-0.641938894630928
-0.624889067624886
-0.439025578290978
-0.444101040803691
-0.435054624781351
-0.560388082371349
-0.412313763048147
-0.456429096295873
-0.511816288712257
-0.496278797819252
-0.425917625610126
-0.57899188359569
-0.627427613428013
-0.525802497544234
-0.452109598939048
-0.441909052856856
-0.469288699139488
-0.359116068067264
-0.443845123222215
-0.595073802299511
-0.366539810228701
-0.578532886199904
-0.572315860527912
-0.47942246634611
-0.430011719822393
-0.262581151987336
-0.353850426452189
-0.283899911728686
-0.36755050162403
-0.42639516214551
-0.498185184512363
-0.539667094266457
-0.372043042455982
-0.470089911281388
-0.521022906066457
-0.437182520322719
-0.415906045438516
-0.457084580801356
-0.473536220698787
-0.38106150970875
-0.509213899732554
-0.25105896931659
-0.385612688026727
-0.375865766481001
-0.447634391695482
-0.463797780194775
-0.492833184448006
-0.327123964351166
-0.395937257424204
-0.476497444261949
-0.456507649901029
-0.399570550774812
-0.501785421664653
-0.298337758531202
-0.447206159998111
-0.446211922266404
-0.615830877058308
-0.394364590769892
-0.44230442159908
-0.397335990749006
-0.259767354877201
-0.312426082714652
-0.381618014793005
-0.354895866566803
-0.302969153101862
-0.258528551348994
-0.346215687099138
-0.339162466586851
-0.509405208418383
-0.445598950490103
-0.141567889529099
-0.511706277489594
-0.325933037713335
-0.351481176621475
-0.392078067450421
-0.432383254413119
-0.44522524217436
-0.371246454279601
-0.358536513873563
-0.324592472683444
-0.265157322112143
-0.353315755047307
-0.342582269670986
-0.281871524767366
-0.105114855488472
-0.298246854826601
-0.347992473252658
-0.166117877687258
-0.511375314786829
-0.398497968443871
-0.299171759260961
-0.27822224239344
-0.29007025398255
-0.2133130197578
-0.440071382814211
-0.304960891045982
-0.349897845483913
-0.360892481331431
-0.290671814222354
-0.240676631411529
-0.25949357784224
-0.428221460702241
-0.224175001989559
-0.169911929092573
-0.224407060553212
-0.201745505941195
-0.340988079858656
-0.305562657172081
-0.200013814022545
-0.368922059168257
-0.223116917770093
-0.334474504478935
-0.312459817701725
-0.264606649740324
-0.238255511311434
-0.306871848074853
-0.223609552227696
-0.321278021123877
-0.391256741773681
-0.330795912627405
-0.324549913521118
-0.197408124667182
-0.182388185532767
-0.198762067464168
-0.330088566748707
-0.267065857292307
-0.230366718773288
-0.153599699737808
-0.31480243596627
-0.230991689734112
-0.451706567407328
-0.200384709893309
-0.324417944714145
-0.294873379863821
-0.201639072191783
-0.294872672577921
-0.232931798237386
-0.262173057386778
-0.353369385669731
-0.251933563025235
-0.234318443742584
-0.36200585425887
-0.254330602545005
-0.261251280697146
-0.364841411783789
-0.190753220959737
-0.099134788753566
-0.232875025915278
-0.172532181369786
-0.314682537180152
-0.0879854827129702
-0.149911680182984
-0.276319739504817
-0.315333171638173
-0.107822638127853
-0.233106648354862
-0.390652496335497
-0.142327210774607
-0.209715445575397
-0.220918152972613
-0.213422685385972
-0.246017047967714
-0.304823621622331
-0.118692572547485
-0.0815536192353986
-0.324753739034146
-0.103871431535731
-0.143671589119303
-0.146429305029094
-0.217487778744057
-0.174083388952746
-0.245696752292317
-0.245368001991554
-0.0747902024923894
-0.250018875982441
-0.332736676570034
-0.212895258047829
-0.161921696874729
-0.0302403889155821
-0.226115021521506
-0.173956781050171
-0.214300766467081
-0.253386982098784
-0.196110223349794
-0.209980344923299
-0.167234579153345
-0.125042550648209
-0.0637320464450537
-0.13952994949663
-0.132964146715345
-0.21748901289966
-0.113871384277022
-0.0512623262999865
-0.142044704974531
-0.128929612494128
-0.365152265631903
-0.104149937057472
-0.2012347485086
-0.07205379466503
-0.179862815677
0.0128563180525491
-0.0951927749810812
-0.0552157421039303
-0.144649560463038
-0.115432020789957
-0.163360979142506
-0.0754482438242416
-0.0344732328111017
-0.257621032476894
-0.139835840841728
0.0694513609057085
-0.058883187664776
-0.039266415045807
-0.11519591995895
-0.0786071252365743
-0.0527707694704495
0.0282421797942226
0.00466479252689214
-0.0810260461501903
-0.111664993185244
-0.0422873673883771
-0.00469471242779344
-0.0931143433815684
-0.113377275805992
0.0777636138311483
-0.179957290430229
-0.0117087715462995
0.00714700868361987
-0.0772389897163162
-0.138374969965708
0.0196432229578801
0.0494488654190638
-0.0638263833313851
-0.146417901759624
-0.27892684296834
-0.0637434367809278
0.0631891277530821
0.00537892611139754
-0.0109138308440633
0.0196096450418488
-0.122838609873936
-0.0751025105504364
0.0463282534668535
-0.143817740016804
-0.122016596473566
0.0940939197671589
-0.241512830449253
0.0548731558590992
0.0290771984526387
0.118367189258112
-0.102852311815318
-0.071947334414173
-0.0581510573682132
0.0924892222489547
0.0217284485384811
0.0437961251407404
-0.17925209071437
-0.120596496239373
-0.0393344562233397
-0.104544735400897
0.0281485685538122
0.0182590975669018
0.0701392173586365
0.0605705426124812
0.0143295886627614
0.0728083040404237
-0.165033138136178
0.029363415492313
-0.148062127435406
0.0642836154069067
-0.0463749043496898
0.0918042091549794
0.0436749963190682
-0.0335596102140875
-0.0817206577238358
0.103343572693443
0.0412209155417815
-0.0286765017976955
0.0182529240571941
0.143390127017464
-0.0642903270787706
0.0775474255198682
-0.01306537630334
0.0743054870969527
-0.0691011881111342
-0.108148583122978
0.0566534132760071
0.0992013957556826
-0.0327531836218812
-0.0773013734750664
0.164959608842988
-0.0173457168254913
0.0732090287716509
0.0357610640306097
0.254840328500242
0.0872600185108397
0.03281062682656
0.0420873424639096
0.169512454293276
0.0492663394347563
0.0614158386483673
-0.0385510043424495
0.0102111428208885
0.0619489951875163
0.0837242736808867
0.0625176156383436
0.0967638811042896
0.195048017725932
0.070699390491613
-0.00496432388433863
-0.0857943956367863
0.0348938665332033
0.129372328774896
0.0602595903410789
-0.0335679141268872
0.156689398953911
0.171923989815447
0.0517233947003815
0.107528973251022
0.0666993673622335
0.182432483610212
0.261627108457731
-0.0438306960555103
0.221821944431784
0.169588632203257
-0.103453507350017
0.171191049307091
0.154326702051348
0.0909121610280622
0.142944637502255
0.204570975854909
0.0783615809934752
0.0308947813244097
0.0878113498175565
0.302985873751247
0.260485702121119
0.155499677390934
0.176671052761394
-0.0350155099652675
0.257591498438782
0.214127408765297
0.0645470381370644
0.106416290742521
0.0746804937754778
0.174053350666476
0.194475005432115
0.235767402337928
0.0691150609893604
0.122958509415733
0.29480260034102
0.147668248317633
0.234873476335614
0.0708400020819546
0.195825493933742
0.297623414136754
0.243840545856855
0.170475485191491
0.287319092092599
0.133439128965229
0.319901190514043
0.163180359094795
0.325457976190593
0.208324945153669
0.0316886638900426
0.163979033964441
0.273550893791817
0.285224365189533
0.347541749957919
0.189333761360267
0.201042909920443
0.384278889480626
0.313967918389487
0.301225551470875
0.152731879127284
0.105657970034476
0.275842835101903
0.264338651749923
0.0294449146342926
0.260778450615425
0.252110569657656
0.187789111384601
0.278909727581365
0.199628405402182
0.28739184498997
0.139411761299135
0.269249738817783
0.215137905283125
0.383780702201952
0.403878793525444
0.233403563983612
0.108414787303043
0.263116514267701
0.239646749166899
0.339541778621941
0.131306999639445
0.423419170672954
0.270412522813817
0.236247743134732
0.151420802752489
0.29844563231999
0.253190146401369
0.285019740468212
0.155907363507639
0.250802720349435
0.263921619802532
0.372356250877024
0.227805221040506
0.30654560902752
0.397914632794601
0.270762079154447
0.412257050451863
0.442317645512024
0.324567265075503
0.358898979531743
0.292766420366764
0.342792334298981
0.416031434616549
0.240632528604965
0.31900667913501
0.287669345652228
0.35307420566383
0.392065354294909
0.539014887555345
0.407811281140482
0.33862948738052
0.336979943552639
0.283763457262561
0.476226975814046
0.32636311333865
0.40039609061287
0.346894049831822
0.455884248492726
0.229229398308547
0.396852526112804
0.218907529941433
0.237249659231403
0.255192669006846
0.287324014305946
0.435404260210128
0.233284359510986
0.348623349773222
0.304225360564134
0.356569392360934
0.471142888311532
0.425902036376834
0.332813973419568
0.382531905105493
0.428297659377279
0.293307972458292
0.38591021181555
0.329271259636416
0.320055222069342
0.397751580194463
0.422366220625484
0.36226585372592
0.47100124250669
0.468341184191875
0.252881201478199
0.432139101081313
0.506336587390187
0.475235131184035
0.409989590627429
0.340325132925557
0.384823188329712
0.368743290242632
0.400714460079096
0.237085213715002
0.431662213449085
0.568635511052156
0.353266823878737
0.449919960847061
0.580251391846393
0.490596409107841
0.452817245607103
0.352460660440758
0.530656880211882
0.356796415715916
0.409534816921664
0.489852118222322
0.310851625433327
0.467941861493527
0.353987433650734
0.468063130469842
0.385009166890025
0.548025996429328
0.53009285688269
0.357569918170669
0.429649449683773
0.489424459101574
0.479111513060295
0.488090341524259
0.52096343004941
0.36269137461135
0.467653679690105
0.472240035467799
0.589209586397791
0.287395712248652
0.503504003840604
0.415943009211973
0.625336322666048
0.612514252248293
0.411000166505635
0.701591886048616
0.477736023313748
0.533569461122696
0.570707592417062
0.407022053553295
0.464495185106235
0.460518318090026
0.467981862010571
0.492558931717043
0.473120546716806
0.518490291841066
0.417078804858279
0.52174813458147
0.537581963316003
0.381382277669199
0.521660274883052
0.557798065819407
0.512222032884579
0.542545900706813
0.490961637344131
0.483491013751386
0.492085138709102
0.61110680130895
0.540856741787107
0.61800863269041
0.459236557579235
0.433167271917208
0.535286331542313
0.539691986293282
0.538526736038879
0.516645520026921
0.539272311523654
0.50874303167229
0.547224493736728
0.582340506304951
0.58563038529725
0.538575066461981
0.4958220376595
0.569188098593888
0.456941540801928
0.546476916738525
0.501632446776891
0.555796560742436
0.688962164435901
0.516304639317513
0.628642987864559
0.539667352915579
0.529531727184612
0.590283431602481
0.69230849334055
0.512310382962886
0.505841011214248
0.588090872473667
0.618553834297739
0.488933122703037
0.587174061565045
0.515216084399814
0.669218890380594
0.576780621142534
0.605506324900197
0.576555947996673
0.718621281426676
0.590085186908073
0.547551879334266
0.45101498089909
0.690191747677637
0.650386772748031
0.56439191982702
0.675287707815087
0.78976506627467
0.669686072729262
0.624151797874849
0.661517483083875
0.685000893122463
0.513042920730018
0.564488003763459
0.62818835399018
0.697218535435988
0.591571574850819
0.692203223763435
0.628394733667852
0.528151503873168
0.767940014435621
0.698313975378979
0.736287734870958
0.708679904643728
0.553884932257759
0.580842385563536
0.645968384831043
0.783346472486729
0.569173354082117
0.648516147643903
0.674402085284951
0.866555963198387
0.644738941228069
0.704466899380103
0.717055783386407
0.768319542816404
0.62664579930164
0.771779917592921
0.665407432990827
0.83894653821498
0.671777447756361
0.82363608771148
0.696937873635133
0.602054353825481
0.710321970128374
0.669764139913945
0.820080845475492
0.665522560452903
0.752036123051384
0.954884931788442
0.817547516669974
0.589279413943282
0.675318026874328
0.784971664477751
0.660892213988164
0.621740926082572
0.646528525549326
0.900609395064796
0.752316246687211
0.720361841673683
0.639054263588964
0.817353204921263
0.735079862933833
0.699472845861248
0.707971204345104
0.777578552240289
0.721454604203749
0.712772157120216
0.783654089072587
0.633660664166115
0.826049284261334
0.756368682012591
0.974285582661564
0.713381562809763
0.60965005184799
0.814101678767066
0.757244963944312
0.690969250849057
0.842555430467291
0.865757559594518
0.754834564000952
0.602199876019662
0.866960978834646
0.728703280718027
0.760493442019134
0.722995614708058
0.881607242127036
0.718739989080432
0.829879760198261
0.830435874364326
0.718813576748198
0.82029396842975
0.627019740821361
0.913165842450324
0.883793575419757
0.733932063336343
0.736491518800124
0.792965672314608
0.741820058441353
0.644420860577627
0.799931949907389
0.869976806310093
0.782093098095714
0.842061650526878
0.876806725460205
0.857810766457345
0.857018281933132
0.859624822212591
0.817315808114393
0.678307038324453
0.813070311744031
0.888053579215625
0.885887392078924
0.815865994956727
0.893578533403157
0.962578343504007
0.80693968761573
0.822942719364485
0.866456294967337
1.00141041785627
0.774845869838759
0.83892434925347
0.790451258178718
0.817310508182156
0.84792822209946
0.740253638458752
0.816420438990042
0.862896587385751
0.798393812163044
0.703526610317414
0.760280474982402
0.809974179984464
0.825965714661789
0.776044218477234
1.00926963749531
1.01844197057162
0.924082908033205
0.844105145668236
0.769980575262092
1.03093702975576
0.794601781605481
1.00664609859937
0.922982281877503
0.769839497530982
0.967272569388812
0.88069746425182
0.812944664623301
1.13661017070415
0.727023579294351
0.853005065700597
0.888107562994891
0.936110062540486
0.912293801688358
0.881188383424717
0.980839179951765
1.00634256033406
0.896661568327288
0.783377985643088
0.933244899475776
0.823442765140011
0.76023228034467
0.974218104326653
0.876527983455352
1.07263206510316
1.03488666741155
1.05370221987543
0.974434092085645
0.827411296094901
0.906054739623776
0.930897997226474
1.06699252721151
0.796093755323432
0.896774185456408
0.927778725775692
0.920719724454597
0.867807695843233
0.897546933280105
1.05229489486063
0.979589034804004
0.93315187329348
1.03250571227245
0.980537048389415
0.862123214503039
0.973282599601102
1.03547800246045
0.898311702752926
0.941885142322532
0.925779412623535
1.05042802833375
1.07927963983428
1.02910447652047
0.975980831452693
0.930834110238809
1.23302907933577
