-1.03067551670466
-0.896837622978151
-0.95020799006283
-0.934456423952142
-1.00627922891653
-1.08770344501849
-0.955345264552757
-0.821436191512226
-0.914244723909815
-0.952743370694167
-0.996157206627209
-1.04168986521591
-0.96380665789726
-1.06587465000232
-1.06865248776618
-0.966342749867715
-0.99827600636824
-1.18280066739998
-0.998401729794573
-0.996387594431969
-0.991429854283329
-0.963193191569614
-0.842508066129695
-0.936561934989672
-0.837750446756751
-0.964575033397932
-0.894248176155083
-1.07268871245609
-0.93934315162952
-0.7733338457871
-0.889714530275666
-0.866939906698253
-1.14538924599961
-0.85602174835035
-1.09523191145575
-1.04585446352127
-0.826512320881477
-1.07724545853103
-0.934640145240727
-0.792221551979001
-0.949045299171187
-0.89847367396754
-0.708956874416671
-0.740942725283278
-1.02972319151434
-0.846404149305574
-0.98217604783085
-0.999870029590944
-1.08348351227008
-0.776238711844741
-1.13336122041211
-0.976599630109877
-0.947653121488122
-0.720829335046487
-0.922784818701249
-0.796262746212745
-1.01735602050054
-1.00257618918138
-0.761302905030452
-0.938258431138854
-0.792278508063674
-0.963824404139783
-0.859398931308847
-0.835745557695093
-0.861046880834963
-0.806598688059719
-0.813240106714734
-0.961220807587944
-0.832702191898904
-0.80694795716902
-0.90286588647954
-0.810219314855401
-0.932722059975769
-0.692721244889695
-0.757078789075772
-0.72332642003428
-0.835087637183221
-0.755280394002499
-0.843178228808685
-0.807077904988276
-0.846557013413701
-0.75699391205836
-0.871049420554148
-0.781489433003066
-0.783174387050943
-0.677337198651243
-0.755297307923466
-0.991981077713881
-0.853662497680495
-0.996487807006554
-0.850641715547752
-0.80017127065229
-0.926493927374887
-0.791951441848564
-0.815797965730684
-0.676805372798753
-0.788811045900345
-0.911327562534372
-0.726263151697831
-0.831575088703416
-0.784738302432932
-0.826465026680286
-0.843890254980739
-0.823574566213122
-0.802474737311739
-0.852590119678312
-0.801841845802542
-0.977508871650847
-0.764425579682785
-0.768716300046257
-0.768210734940815
-0.815235388187796
-0.717268483691684
-0.815806743360267
-0.767511414951935
-0.662267143870174
-0.792331073402246
-0.64145445986246
-0.750680686453077
-0.694574222202999
-0.771516392618791
-0.818197212546926
-0.738343044168838
-0.860729630362
-0.657809469790677
-0.644226519995682
-0.820092120964117
-0.781301073392074
-0.842457491861769
-0.676128952088149
-0.555417310380476
-0.761507805318986
-0.667176714405942
-0.882274132531066
-0.5035005987877
-0.749977662121623
-0.737274709005274
-0.785685362740207
-0.655576558537456
-0.648976071781975
-0.556574184608552
-0.579172464944904
-0.683113025876849
-0.641211103318475
-0.80852296486719
-0.791985433976006
-0.751011929916911
-0.703850013655729
-0.659626093374204
-0.827172712116635
-0.705400259865376
-0.736298395679003
-0.700919225097142
-0.799851308140872
-0.659981255847773
-0.626992424876909
-0.767383095303446
-0.613540032995156
-0.660707951981901
-0.696714141536325
-0.638339716467747
-0.664247124242761
-0.749773924599055
-0.707031419644925
-0.578814901988399
-0.60023787837901
-0.85557302659522
-0.511321292957323
-0.705091805795507
-0.625322951148313
-0.675914202434435
-0.69193368645346
-0.605763198020238
-0.657077952317631
-0.577828560520095
-0.671276819882656
-0.655433459995415
-0.493414360511644
-0.771721005301209
-0.644193213553739
-0.687928280070491
-0.592232175765272
-0.659060610629305
-0.543069117923887
-0.597057024698757
-0.56825927245538
-0.650006034009704
-0.524652980910092
-0.657110656338494
-0.579773204935731
-0.487888287170538
-0.717398727809583
-0.657492887882762
-0.623154998164785
-0.597627231563537
-0.73350806699679
-0.566546705326427
-0.638125361633257
-0.658635295811265
-0.700307975018602
-0.469068165618891
-0.556926749486202
-0.707707106159005
-0.6123751402286
-0.692371241688802
-0.635757983083721
-0.750660612713479
-0.65937337376788
-0.568878047071599
-0.508126254759247
-0.628709640427369
-0.533297668626993
-0.55767721840929
-0.52410825516737
-0.580447454449666
-0.534069662683885
-0.56504664806743
-0.63024219625409
-0.609794746345418
-0.689551751681288
-0.550088075601605
-0.56262177892466
-0.591076381833707
-0.606278762226536
-0.463128161446671
-0.47086549247407
-0.648988278063978
-0.545196295970256
-0.585914587819488
-0.511108153329237
-0.338684994540856
-0.502269820070522
-0.383242526338887
-0.581303961600042
-0.435242839596409
-0.663305636829646
-0.50705193411279
-0.51691612107378
-0.520994284866523
-0.608387011821761
-0.488703794815596
-0.545392762193983
-0.633148275654774
-0.620730853894671
-0.426585090758055
-0.459590282294207
-0.45561951876966
-0.564544387568494
-0.420202697763775
-0.47292780368067
-0.514174363069666
-0.505363381804262
-0.423228188851975
-0.574946565179074
-0.605366505928283
-0.532356122258261
-0.447811871817499
-0.42481811868318
-0.479770865902853
-0.360549022165221
-0.440596272018492
-0.582455072581747
-0.350589896338434
-0.591314233543122
-0.586384184631482
-0.47916038937687
-0.419286778245367
-0.282596450306676
-0.342163274907549
-0.295058234752108
-0.368865712747749
-0.409816911893773
-0.501863359913983
-0.531333525360757
-0.385499082082282
-0.502341352071955
-0.527051891944651
-0.440373579292946
-0.433157875635196
-0.447614857959996
-0.486134699935201
-0.382578346475258
-0.52213144711064
-0.267475821553557
-0.371107910957409
-0.398616922164615
-0.459755884929986
-0.454011507057093
-0.490667337914923
-0.32474916082638
-0.403996336342035
-0.469343106971061
-0.462592847632634
-0.394905550950184
-0.505764533688211
-0.309776857839823
-0.436816822368952
-0.461435951097434
-0.608284957453826
-0.419010363200033
-0.444049094685081
-0.397211980789523
-0.253815776756144
-0.304229605624704
-0.364250852848481
-0.354782870537348
-0.335311485291786
-0.27723977536535
-0.348587137466029
-0.329882245281562
-0.498879326681543
-0.434349127682043
-0.145323197556626
-0.499266973507464
-0.3177131576354
-0.360311671989385
-0.402198773852616
-0.425041947453812
-0.448787563200137
-0.370220077371455
-0.366320422726632
-0.333801571699916
-0.285943782619975
-0.351366171537179
-0.365710915906828
-0.300997769999852
-0.117535564000022
-0.287684699412727
-0.365497046032244
-0.156462673602505
-0.492912634890075
-0.394074306533074
-0.329994002686751
-0.279217413401984
-0.291423089044061
-0.232940144608131
-0.41847055368847
-0.312468068338269
-0.329373710763075
-0.345413014080756
-0.302973679358512
-0.234903176928378
-0.278923861331133
-0.444978020656225
-0.230753622516789
-0.180394850788442
-0.218370278212144
-0.203062664286325
-0.353995080848428
-0.290910571185563
-0.190691200840579
-0.388049272511446
-0.247711453368998
-0.351063962951261
-0.304302415862812
-0.293118283892711
-0.241805026748032
-0.301758694802538
-0.247403937624077
-0.333309171207034
-0.375820313976434
-0.33696239259976
-0.335132348198538
-0.20720830173363
-0.184976563014182
-0.178929443474465
-0.308652328982029
-0.272439730994035
-0.220552984913314
-0.159984529516852
-0.316977798734579
-0.220822797094068
-0.470855902661452
-0.193109976340195
-0.314526921076228
-0.303712482826356
-0.190695406527773
-0.27057627788017
-0.235306410199888
-0.236009313248586
-0.359118931686529
-0.279014890572764
-0.240533586157806
-0.367848251213127
-0.276090310077233
-0.268024522470855
-0.357964143452303
-0.214889820811634
-0.0657142116142114
-0.21938502590711
-0.198312116900399
-0.282117272474421
-0.0769427872765638
-0.126683687202776
-0.286292917884195
-0.327412355684066
-0.123584664158362
-0.209481233130681
-0.363819913562802
-0.164460382174382
-0.186299532402431
-0.2042933609265
-0.215735031733988
-0.234041711924031
-0.309486813904388
-0.120323315403727
-0.057656890157141
-0.319303816268556
-0.112421731815241
-0.158788412371453
-0.152419221402288
-0.226017547818189
-0.162240914426255
-0.221648736544176
-0.237936532992397
-0.0678043139112248
-0.229860352593843
-0.309894883442333
-0.195904533903678
-0.14833139776778
-0.0455237293453484
-0.215123894442735
-0.207746310484492
-0.220288429365332
-0.261425660337638
-0.182472532251565
-0.204789292958162
-0.173825397511311
-0.122806397527845
-0.0525947105279155
-0.123659405925302
-0.128340493875122
-0.228232280937417
-0.0967346005135295
-0.0757306224679748
-0.151098582003453
-0.129380273561518
-0.34840609522359
-0.101931476743797
-0.173499425055782
-0.0289584109053078
-0.168869626857578
0.0324974559578516
-0.113997545434457
-0.0642684215071257
-0.162654709241482
-0.0975528910448857
-0.166092317771572
-0.0974904309464538
-0.0441767040528885
-0.26066244960487
-0.147998331333158
0.0776483385514956
-0.0705277696356992
-0.0238537054074789
-0.104958802632263
-0.0997679829543486
-0.0431565585320506
0.0276660143619636
0.00366185840404532
-0.0545348136742004
-0.135127122102034
-0.0545717897725961
0.003214800642587
-0.0893996434010811
-0.103792402295562
0.0817342917693616
-0.163970719838776
-0.0278477207652265
-0.0401541478097405
-0.0918831390120617
-0.1490821225723
0.0467899945642613
0.0442027748189939
-0.0540366610638351
-0.157451589703471
-0.296093275109989
-0.0564495852027865
0.0612273161746979
0.012518580935253
0.00457714878709509
0.0269620330932004
-0.111786839171718
-0.0869555068443778
0.0641092324332864
-0.152568494285383
-0.125698207875889
0.096184384443727
-0.238394205888863
0.0611536118884158
0.00882680709548099
0.120451300236587
-0.109826413356284
-0.0505662790641344
-0.0739403160203957
0.0862180537874287
0.017296836593317
0.0384172068554783
-0.201315298723893
-0.128680520460725
-0.0748868858133575
-0.0901032186557711
0.0365849122656475
0.0140768708660982
0.0713547517306089
0.0738950152527345
-0.0022878298426332
0.0792734424291598
-0.198228096659982
0.0174229290561306
-0.12143176191594
0.0732522080834523
-0.0591938949770077
0.080336003165298
0.0542575790932663
-0.0373584593213785
-0.0687195795028772
0.109398374649906
0.041795195815259
-0.0426154874557091
0.0208139927355979
0.147409709659711
-0.0784692823744812
0.0811667122188916
-0.0191704832252891
0.0718676219512496
-0.0484496381878402
-0.100345300127072
0.0833114728461684
0.0892612441873161
-0.0252030052421774
-0.072854790479597
0.167652405973341
-0.0191643270278895
0.0744622185316502
0.0317420171700797
0.248947714372702
0.0745301680826958
0.0324915094948717
0.0370706250001787
0.157063976893244
0.0145186302043366
0.0618746628549308
-0.029550134347662
0.00653026987059989
0.0595013006963763
0.0897486469703747
0.0751569449376691
0.0996539610061634
0.201909767550196
0.0706521756123221
-0.000712317384151237
-0.0859339290699299
0.03604225073842
0.148327269224319
0.0809226016226861
-0.0590521457585791
0.173225559048165
0.192723017001306
0.0545999446476511
0.101449422284923
0.104790808346855
0.187009799164782
0.279982968012856
-0.0286055441044006
0.22222245694031
0.179179535647736
-0.0953124968175115
0.164244445320606
0.133515146486898
0.0784158065624636
0.151076393800031
0.221318957446123
0.0796216099077517
0.0358983813964829
0.0673283080008891
0.314668297790509
0.253882079418626
0.163785866348672
0.183820625378416
-0.0366770250055856
0.264737010791017
0.226318970416462
0.0502959366926191
0.103211846515504
0.0902642816174715
0.180397105529281
0.200325563500718
0.214258679631924
0.0655027661666598
0.106292664825138
0.278468519481937
0.12642999666737
0.239867411077726
0.06211043659529
0.188266899850831
0.298299672953536
0.2642930563636
0.165868987718916
0.288664377320795
0.130255334635003
0.358959477829832
0.184030016357025
0.316847735176131
0.219818406759166
0.0163824015772637
0.167772760894868
0.297247525428807
0.276810555581832
0.342961710077291
0.183530746058659
0.184087733862877
0.365268696387146
0.329748775602687
0.289892263966456
0.163255050884379
0.0955742893181377
0.277894511789598
0.269945150265738
0.0432535614039163
0.235486199573839
0.268253089203624
0.189636275948297
0.290223438926915
0.193440751961368
0.290108896067981
0.112387567118818
0.265567887695821
0.206079702216911
0.386836486167141
0.421202976175435
0.240302277035377
0.110860822758644
0.256026914429304
0.264185744359765
0.34173124152077
0.135824846084144
0.41726859148625
0.271134573005014
0.237779132807545
0.156541493070761
0.327344660922555
0.250851011902169
0.268354354659598
0.155451507075447
0.223723973868308
0.313914971015624
0.368896579188358
0.242284212921332
0.313229521668524
0.404125085713206
0.26418513182807
0.427348434408879
0.450329993028389
0.319047773025849
0.362976425629309
0.298776849715517
0.369478319867594
0.416503573071573
0.263908082158396
0.304351779710265
0.311489832145727
0.347849381506112
0.398684444591024
0.53270275184125
0.436432816278461
0.342182581055397
0.345035432791082
0.28704410113364
0.482279319113661
0.306228639180277
0.412037620037664
0.322382731546399
0.427057667558422
0.258479261420621
0.393970935891888
0.224268386787093
0.257473931516567
0.259974096570606
0.279635109678475
0.43760138688321
0.204113793574458
0.374508510771364
0.291310651093691
0.339546906176689
0.478068288027051
0.459329380362517
0.332186761083111
0.414018251677779
0.434735711505273
0.283828385868177
0.399324084598053
0.340122995665799
0.314358416609762
0.410827394730201
0.436287292398908
0.369863643210653
0.491240039377876
0.472019317192784
0.259157122401024
0.435266235080076
0.523970454225199
0.455102457308595
0.414207022937788
0.346871389477844
0.384091054471311
0.384661883672911
0.391941561186984
0.264697103894784
0.435549582362398
0.559657197887585
0.366436596473643
0.452069082674605
0.577417104032708
0.494163546951159
0.464739721306222
0.371065223570248
0.551279530345274
0.351183361585164
0.402769771141682
0.473195237886912
0.33501989675476
0.495801399684833
0.34327959865127
0.458528175669728
0.360279248298906
0.540715445133481
0.520987555004707
0.362379973990655
0.443432060174471
0.482783241315558
0.470818775103886
0.503412620114693
0.544184501402254
0.374099062228779
0.444461381842088
0.478385543835586
0.587090570656719
0.288883932390359
0.457856545778792
0.419364338870307
0.625082632116789
0.612968064771645
0.400083726338102
0.682076426459342
0.487641714814278
0.530521722892701
0.559791797201583
0.402495000365627
0.456453674669233
0.471147362137043
0.484325511021347
0.483367780044305
0.469266838933019
0.512401303956567
0.411542182334255
0.51947512798699
0.545968657014469
0.391687976104837
0.531965461051235
0.5447570366448
0.499744309019172
0.543231638779155
0.505892672134067
0.498838556550452
0.497360179086149
0.619739907363128
0.535655346363075
0.617249965327035
0.465899947175227
0.426015311994746
0.532009298758783
0.513841950500627
0.535073934709225
0.525472731312305
0.545376352555069
0.495278577263814
0.531868868631762
0.583399638552572
0.566099752712103
0.543078648671164
0.492836849974388
0.57496745170185
0.460283696002739
0.560119132521588
0.486150298624899
0.557311130110288
0.687166766423592
0.526755035443447
0.625120018350831
0.518142482499729
0.515710434531408
0.596279238748319
0.688107881049208
0.511101443593743
0.510983577896067
0.577992221662348
0.616600624072312
0.499654181786202
0.600331061828174
0.509909041956393
0.651270685905022
0.568602040177529
0.607261679341214
0.589919378615576
0.701699492056997
0.601046136546848
0.550498702341619
0.480974126072864
0.684139044589209
0.674003892937234
0.571632312047435
0.662057544791024
0.799954700179921
0.670634788128945
0.623098227570762
0.644938749751197
0.669108587897373
0.518195371736315
0.58660286845344
0.633531080061016
0.704681651147037
0.593275712373171
0.709905330567453
0.641402364673096
0.512399478581345
0.772890087670643
0.688903315471032
0.75389376438482
0.711799860003064
0.565293311033675
0.592927381589677
0.646653943586164
0.797593116729668
0.595703582908595
0.629972997756235
0.693624140893462
0.867074803256989
0.632621538193315
0.697201761672894
0.712534176827408
0.7701806797424
0.612008703620753
0.782235055073987
0.647614580557478
0.830074783175041
0.661081286942956
0.833516487136623
0.694280509411605
0.59595747519175
0.713927767614936
0.660486247641169
0.81129104077776
0.693550236982978
0.769185012918896
0.970040494888265
0.802284097371788
0.580953482013247
0.694779900279857
0.789292492893242
0.661178937586219
0.642144240553675
0.65448888731192
0.919697513448939
0.735060705930001
0.704201934661799
0.630751264591125
0.823481220479508
0.734991033604398
0.696415025033081
0.695392090911249
0.787733167538631
0.722618924994299
0.713936018673192
0.792696098866394
0.630348572894528
0.816117504818721
0.779720293742741
0.951299263683656
0.689436373277721
0.625454567557934
0.81315911538317
0.774436393322135
0.71918443541926
0.842041685555735
0.892164129153346
0.774855316471625
0.582148138565527
0.869946453172786
0.719006963325949
0.77983650879764
0.73792594263171
0.90212340062911
0.697729343270855
0.837168301791965
0.824996068672338
0.73200131624528
0.83279919855985
0.636551806565876
0.89537958463778
0.88070139773956
0.741999260067441
0.735004590064535
0.807932004576639
0.75569038839723
0.681034825870366
0.794337140286594
0.864684825773567
0.817058675377468
0.836910367861275
0.859212734175845
0.847708589892871
0.862137035247517
0.849430932482907
0.818869485493469
0.686489073036937
0.817186220552883
0.882050906767483
0.894493603344852
0.826491539614242
0.898872672451518
0.938073838356127
0.80503199239498
0.838093402817917
0.875086926723064
1.01145963296316
0.797571672432034
0.835223773199484
0.794838851611026
0.817249872747573
0.863806048127845
0.744927811010306
0.825906367677278
0.847514607123155
0.809019310476415
0.69535552561541
0.768217364220077
0.822183530072558
0.819008884969702
0.772481787361638
1.01092071182845
1.03802811126104
0.916667165910238
0.847095576305681
0.75521269912334
1.02202309985236
0.7961821367779
1.00348203619298
0.937381952906192
0.773225267673928
0.965243336805999
0.874069283894797
0.811192100447052
1.11699911300608
0.746167200248889
0.863222250694458
0.862117653878532
0.931556488604248
0.928574069777806
0.910532228809095
0.970278353121348
1.00176638708957
0.926661874780609
0.791462804060139
0.951302929768814
0.836476084315063
0.77723106572316
0.992540017176822
0.855455359169502
1.05350595709921
1.0262310473529
1.06689829476594
0.963390312457832
0.834238710041643
0.921453791119107
0.925925977598689
1.08341643260444
0.77244923344374
0.899282059168046
0.939084990001995
0.898337014031301
0.865514418358585
0.882982904626139
1.07139426095026
0.973956658408195
0.925456183934474
1.03735192048384
0.988014920276037
0.858089794897539
0.913336317750719
1.02542834886643
0.89920441003
0.947502854949428
0.931422881956722
1.03849304775182
1.07438726501925
1.03512923741376
0.96449021034052
0.952680822224271
1.23286502844589
