-1.00616040832606
-0.870522754470424
-0.958722488953522
-0.926013375671136
-1.00003084946665
-1.10180187528071
-0.984955635872087
-0.828916331714759
-0.921584009976117
-0.958980865601347
-0.99495212976083
-1.03267433477868
-0.96010834911303
-1.06627862456031
-1.0705203501971
-0.95522205788391
-0.997263168066555
-1.18329821257385
-0.992581730428959
-0.989820916597809
-0.983566679970239
-0.951803503862857
-0.845316595903369
-0.934617632869424
-0.84027862954058
-0.938650615424681
-0.881209222490236
-1.04910875253456
-0.93996583735037
-0.776884841432991
-0.894572791461886
-0.865384705885639
-1.17552266974393
-0.867292258352791
-1.07175529886321
-1.05524925396832
-0.831179945512828
-1.08325290490403
-0.929625719920704
-0.802814427566993
-0.964299558550374
-0.878002657227139
-0.693616727514945
-0.716396587845995
-1.02284220808561
-0.849819253099262
-0.96741254236107
-0.990921508776022
-1.05680740017043
-0.797586523572993
-1.1238777223094
-0.97614872726446
-0.941496873211681
-0.72613080767599
-0.957611699841447
-0.785758606889011
-1.02347722170643
-1.01682588065242
-0.759258400967109
-0.918417354451636
-0.797057964162944
-0.968743241394374
-0.840837078203516
-0.859538478004931
-0.849926551941317
-0.812558180192438
-0.804097713957672
-0.936460200203369
-0.818276281140526
-0.822718949232077
-0.911197814694427
-0.826234589032304
-0.947533350478894
-0.684207936064249
-0.7536226994002
-0.727155595846619
-0.841899543815624
-0.757074889113244
-0.860335382457646
-0.822424887871368
-0.862732535981115
-0.754996535692765
-0.888834556641692
-0.76253556227956
-0.77965718749573
-0.68499826200151
-0.72953087101093
-1.00025037163596
-0.867347688445332
-1.01102986142604
-0.824047181772141
-0.809208407662826
-0.934177328762958
-0.770744908999476
-0.800280421044254
-0.680627269681401
-0.778181408333018
-0.905693207548897
-0.721423106287645
-0.807072310858512
-0.784026737110497
-0.831627166473244
-0.86079574700918
-0.820060822155839
-0.815092082637613
-0.8435690148354
-0.794026677031544
-0.969675875456978
-0.760535658514103
-0.764085364861516
-0.781567613425529
-0.815146381999391
-0.718879434778298
-0.824538257202004
-0.745527923139406
-0.656206138407941
-0.793477731871072
-0.605886608467534
-0.754531112662843
-0.696417311087899
-0.768991645020514
-0.844248410785218
-0.722139148531664
-0.861167377908697
-0.670628799704338
-0.657028624782251
-0.804589014227731
-0.755998111319357
-0.850229286855551
-0.660504734586942
-0.563700621907778
-0.758066691522933
-0.669352937920262
-0.86855243959144
-0.497658870480929
-0.751443246743838
-0.753501112889468
-0.790430756470098
-0.674795260832597
-0.667363642811864
-0.564742256573749
-0.586256562254204
-0.676525485320501
-0.63760588311535
-0.809948051542905
-0.807053648744295
-0.752395223545334
-0.704751440572856
-0.653833104303473
-0.830732436043207
-0.714147889885837
-0.734023298376135
-0.708818087157661
-0.791793051485795
-0.646480174514529
-0.632471585069247
-0.763360779842031
-0.619632970328742
-0.666273884378312
-0.675309210138967
-0.630188429122785
-0.664508169771811
-0.761529976304216
-0.7033425923718
-0.582297897058485
-0.607217048268009
-0.858403929755853
-0.534376248776164
-0.732154078190885
-0.641543897793039
-0.677763368564943
-0.67047923988822
-0.618017882549547
-0.638751901934916
-0.592507664806434
-0.680876213750759
-0.643926089194417
-0.484280862019533
-0.78774911764959
-0.62772661132751
-0.688407942547058
-0.56781346913154
-0.651600844178718
-0.552786631215198
-0.599261312107106
-0.568598082359525
-0.654142607951844
-0.517304831492516
-0.650933571425044
-0.596729303630197
-0.492972382837563
-0.686022730702636
-0.674298405158582
-0.61541203201139
-0.606923324274716
-0.739133715951535
-0.567783518554972
-0.617051740201391
-0.670170541272093
-0.723286246676826
-0.456210405761241
-0.560419215105485
-0.70884736277006
-0.602926060262947
-0.691758028384823
-0.633108941625436
-0.746286196576746
-0.643333504491631
-0.559288290032512
-0.50180578471949
-0.636198534745126
-0.552134899780013
-0.576361729295466
-0.527681621608997
-0.583089091317678
-0.547207266309846
-0.565113539260798
-0.642788763395588
-0.601998373962233
-0.663247272803507
-0.527430433301303
-0.572881341291575
-0.57259574405708
-0.61070087440689
-0.467591327924705
-0.476240554198682
-0.648211052582184
-0.540030827024773
-0.596934501998694
-0.507838802189586
-0.341130711184276
-0.522346022932187
-0.366820231448642
-0.611175252128792
-0.442548765417641
-0.651297970647258
-0.528345232669293
-0.492679859475474
-0.520326272821892
-0.603227246091845
-0.491442154755028
-0.543467006510507
-0.621406248605107
-0.613722752031984
-0.420770479446708
-0.437688970434124
-0.432606996587926
-0.57688308133392
-0.414886004916
-0.472240663640131
-0.526720463294909
-0.518040732919762
-0.4160818270589
-0.576759698627725
-0.607278419977179
-0.54650705967727
-0.445799292374999
-0.435722353658293
-0.446737467130675
-0.368526725317051
-0.442819821669725
-0.606724060011602
-0.368252527292017
-0.569813937101082
-0.567121061217551
-0.477189546921552
-0.399460959991028
-0.277431505082379
-0.36319486988412
-0.300967549579513
-0.39898039266043
-0.404801829359541
-0.516965205162489
-0.534096380412158
-0.390150861831563
-0.493123332678192
-0.522077481972749
-0.449828999454342
-0.42811211889009
-0.462063527886828
-0.503742161720661
-0.374071452904142
-0.522276021428831
-0.253592755648035
-0.384787436497378
-0.385374180633742
-0.468565997228229
-0.476748574034514
-0.506147394410012
-0.326512691634618
-0.382426312686663
-0.470199325210587
-0.488002445568496
-0.417723490373833
-0.520347232167874
-0.28035045759919
-0.453394895634557
-0.446859062079591
-0.596997262774367
-0.438663238183645
-0.44707164589268
-0.382453415715477
-0.266984544353619
-0.336185711831485
-0.382356991722958
-0.373484895991593
-0.311443384204377
-0.28097495756487
-0.354484321762663
-0.331613830246868
-0.50937063423749
-0.438306040809831
-0.152391101377895
-0.492876177496247
-0.321602278105051
-0.344786476500966
-0.404137231931508
-0.433017121088798
-0.451859559921189
-0.363110709818405
-0.359414496430132
-0.307140384084675
-0.246956957059056
-0.354017709662024
-0.344173710634381
-0.319340286697205
-0.112274855361117
-0.273861293476385
-0.359979718846919
-0.168989555269285
-0.523615974746408
-0.38083690207932
-0.307901886110261
-0.282854662752988
-0.279949387223236
-0.226801281254795
-0.403875181188133
-0.298482009778035
-0.36787964824489
-0.355880242441971
-0.300840110721402
-0.213934585760975
-0.264332732955619
-0.45088953836679
-0.227815178608134
-0.188140244590724
-0.235461443591164
-0.225794780487671
-0.33346664659377
-0.278044895278457
-0.188051451750378
-0.373479932471497
-0.220204926651244
-0.336888341763708
-0.275421440505399
-0.278620455781704
-0.239116033876411
-0.307636889437252
-0.223348385857006
-0.33311433422507
-0.383692064751529
-0.310712092302482
-0.351204310945895
-0.200882044133498
-0.18570846448088
-0.190266823510102
-0.343687768609775
-0.259517792300343
-0.246502141250019
-0.18416151045914
-0.315862071725377
-0.227728754660257
-0.447676551586785
-0.216406038303382
-0.30948736815541
-0.296863741226289
-0.189402504524353
-0.268239544757783
-0.224103774702859
-0.264353127983436
-0.363403152568742
-0.268011438522157
-0.250708088608986
-0.352883127247994
-0.264379783433045
-0.255637135868438
-0.372430079466963
-0.201478422637655
-0.0815971255180971
-0.225440352111675
-0.176386154985904
-0.299491188840227
-0.0812794370077575
-0.147722861897885
-0.278659621909864
-0.300522054134843
-0.11355454078372
-0.192929618398222
-0.358540405088906
-0.119864957140155
-0.219900909715524
-0.214823246212902
-0.223580055739987
-0.251228107013994
-0.293207623905655
-0.12956424635263
-0.0822239415669525
-0.316352012978701
-0.110273413615961
-0.151872772689556
-0.13157757330564
-0.234829120775182
-0.15376457757991
-0.238523941798763
-0.239736319903728
-0.0641313156016396
-0.227257770737217
-0.313687541733785
-0.213018666204037
-0.15668198133407
-0.0297886265805816
-0.221036479154359
-0.210091779629483
-0.183002423664852
-0.274410944197128
-0.177846461431888
-0.194840599908359
-0.168675676388154
-0.124017046619612
-0.0748426486366006
-0.133644220418009
-0.134982937524874
-0.230954885916787
-0.119523311478324
-0.06128853930877
-0.135914317505591
-0.129638047807939
-0.386022011278385
-0.0881914368351574
-0.200124661791159
-0.044537639581894
-0.175454387277531
0.0013942811588225
-0.111823996295038
-0.0645007513288166
-0.139280197035509
-0.115200009209163
-0.162730682440267
-0.0813935696948358
-0.0508071050813893
-0.268961141445942
-0.13430727193454
0.068168387291389
-0.0527597239699989
-0.0465500475155717
-0.0970420323947248
-0.0886845910127582
-0.0619484667097024
0.0211969334974337
-0.002413838197503
-0.0483525208840008
-0.112555091699139
-0.0484694332369269
-0.00182732934264356
-0.0884850970245763
-0.115368125456652
0.0830145603287518
-0.175032683531908
-0.0221043757653848
-0.0258834131684448
-0.100160503697348
-0.106045498336911
0.0360576871653374
0.0354809475124797
-0.0474451098271262
-0.155634674059858
-0.297882559241697
-0.0723248373115137
0.0552771129531412
0.0100308726070378
-0.0154094785594423
0.0242035732131753
-0.119029973001458
-0.0810993745670626
0.0507348295961239
-0.135915905241289
-0.116389329855044
0.0848467680604711
-0.250536230423896
0.069332091071597
0.0241912780777025
0.111122363784623
-0.100323453784422
-0.0657350690273449
-0.0789573691989565
0.0837724367732187
0.0196367870236983
0.0417378219500576
-0.198073815878767
-0.136225440954241
-0.0385140824957872
-0.0904132746443381
0.023594209097316
0.00205260930971448
0.0571718006971541
0.0705176967346831
0.00723771600635338
0.0879504980106895
-0.189055011651226
0.0219148328602859
-0.12677808798406
0.0715472400359871
-0.0701245001753267
0.0866027649610726
0.0570306205188165
-0.0277346158228479
-0.0805791140094129
0.110230489821418
0.0444063169311075
-0.0474846366186954
0.0562634710586083
0.171065651449228
-0.0718242919075459
0.0799963350696551
0.0152421505221321
0.055341650954194
-0.0703366419509696
-0.0902604352850818
0.0570169370950326
0.0984911071594765
-0.0255527153847359
-0.0799999118756133
0.154735304119631
-0.0133226586939577
0.0758918983011926
0.024307086836242
0.253111491407361
0.0709217659701088
0.0327346181558704
0.0201485153335751
0.166581846365242
0.0344834123045031
0.0527493313937818
-0.0460099857309975
0.0132321711121884
0.0806388336872342
0.085469521436707
0.0672598366411934
0.103039417466226
0.199035707197443
0.0897974681341916
-0.00566369154070898
-0.0758592125526582
0.0202296520233523
0.138212997275102
0.0836240453740532
-0.0395191748880504
0.166669233927059
0.179772645592079
0.0567561265375711
0.105004546121995
0.0688607558634595
0.198817084178089
0.265411669683613
-0.0189759581150506
0.224203801255797
0.187569431067386
-0.0829486530101208
0.160259819374483
0.137476699480158
0.0874830040115773
0.158598893536098
0.21946559971305
0.0815891980434785
0.028222161907307
0.0687316253888596
0.311268699363597
0.261853396991787
0.190412224257102
0.174897628376556
-0.0340232783566519
0.248041707882672
0.235786007682369
0.0538546394503925
0.089533771833372
0.0710188864978496
0.170607791323548
0.203118784043918
0.21671653652981
0.0524220956090837
0.100194537799586
0.282250867631393
0.123426057251108
0.221912263119909
0.0725286042286211
0.176805211348759
0.284455622303205
0.253117807107309
0.160601742411086
0.285914597519555
0.132929486900866
0.3468854084763
0.160780858538022
0.30492972562879
0.214097841207574
0.0159216900100793
0.151776588853178
0.288911498515117
0.288197476697795
0.337875942747259
0.168110187620383
0.191177248752307
0.3671835893543
0.297793398337392
0.277889349205325
0.163923252485552
0.094944110392605
0.266087010075492
0.25262761570512
0.0330033630724939
0.239291608287549
0.264257655731262
0.19868815381043
0.268549446399269
0.189760242111742
0.290185817470765
0.121913784789435
0.274202803851547
0.212492282770337
0.39901885978936
0.415592815949248
0.250015606295153
0.114364825466981
0.258574692662023
0.255811967156889
0.329894349382736
0.131132602044024
0.43117596303145
0.279557116503795
0.216304036019852
0.144411936127413
0.294448961000637
0.259669519995959
0.283718486897552
0.146640991313664
0.239642812096448
0.285669507658001
0.348795579610134
0.231608888115302
0.300972685970677
0.390658888275295
0.270640159095988
0.443021608564311
0.436887142612562
0.323290075721744
0.346619607996823
0.305999220864631
0.34505544943746
0.414794875484148
0.251673959341558
0.313932847898579
0.307088760357974
0.353377971129159
0.398967888562632
0.556966203840505
0.423263868458669
0.343620718730096
0.327496096663815
0.279469695063517
0.463945847223798
0.315684769588788
0.406828516483299
0.348728059593461
0.456621645105967
0.247842176716896
0.401000733200747
0.217811175033379
0.223131727845169
0.261668974164647
0.292776491709057
0.433749402640711
0.214788474625351
0.338443501157576
0.295806064401275
0.357557973374039
0.477154328345218
0.435158797015029
0.345622494564691
0.414171885112145
0.42612514992633
0.294995188274971
0.392158532137717
0.337850449086624
0.30813432698321
0.399026789199782
0.433559611408085
0.350733260315411
0.501257645053465
0.471684965134222
0.263775185386255
0.425796883929558
0.523380563283029
0.466115551796394
0.425570338665312
0.353452165038319
0.377430381258081
0.367533977729687
0.402130573321246
0.227029979287283
0.427521178778368
0.549538517146327
0.351498308549704
0.464904587116603
0.581442935753705
0.498237934623234
0.454559564666389
0.356683113563429
0.542196361183256
0.335872552893431
0.421672778348541
0.477813131976228
0.330127103354178
0.471837813183747
0.34488260615621
0.442638826040046
0.366138066468128
0.549837864334749
0.522098572141019
0.345644025359274
0.449125397356029
0.485676730269327
0.473336317831027
0.478623446996011
0.530668442208524
0.359446195005414
0.464181321892262
0.470475482067245
0.571584034116637
0.284631158710516
0.478793250964068
0.410306635231376
0.617606782228138
0.629883483707845
0.403216160453225
0.702190790402229
0.470741348984104
0.555313776759337
0.571117405901542
0.430303083596132
0.488772675106097
0.461561311354002
0.480838498145854
0.49872987027589
0.463712972892191
0.510490897552971
0.422393408039753
0.514987894289749
0.552945402554038
0.380698098321711
0.519342470677067
0.569944332494223
0.505273193916295
0.533630443166508
0.477351888710536
0.503224036005828
0.488157565964748
0.619415937904547
0.538823973818217
0.609178777689078
0.482087054748999
0.423964429511335
0.551297224053906
0.514901801765076
0.539808872829182
0.514630199926639
0.535602425573763
0.504332252675253
0.521021877192077
0.592560467545386
0.57589600800926
0.545792933645436
0.46862507083886
0.598191167098063
0.454029093450432
0.550749793127057
0.494055175411269
0.536964527470786
0.702515575240503
0.51306801360444
0.627776793462357
0.527337163911662
0.544000962358703
0.611274356621577
0.679603845608514
0.514097164326467
0.512969764088743
0.570571794316399
0.628370401253394
0.485243776090845
0.611580399201354
0.540576021196509
0.652067433998242
0.572532406923608
0.596044768817684
0.576722810143981
0.726450233124707
0.586733733107543
0.54261634555944
0.482120220044061
0.712603019788696
0.638907468959664
0.585019720652094
0.679714170339944
0.790724650648952
0.667940962319859
0.616865743198922
0.656097264558471
0.678350619819213
0.493181155394997
0.585726585938925
0.624816231843911
0.715290051796186
0.568194882507755
0.697051982766428
0.63377751483299
0.499819379858393
0.736231809774081
0.722002070251256
0.745674822754323
0.716737967800822
0.552929188211453
0.594990659956155
0.650797755711194
0.809232355674064
0.585450458039794
0.657521771869241
0.663620026217369
0.855100768050453
0.668579318940712
0.685077611385821
0.707647692885818
0.767878503832511
0.634340451795209
0.768986058939497
0.673726381655927
0.845463119001554
0.644029042318086
0.835164604306845
0.69086410875215
0.613612396540232
0.702500586647617
0.672260817241554
0.818670614915924
0.680764804388936
0.752560426776631
0.974838251452986
0.806622191985518
0.58329847942888
0.693203612591893
0.788391560733347
0.649502058420537
0.622790986066773
0.661479636574901
0.896623289045265
0.751023434786013
0.719514874363684
0.634096378577328
0.822210184870714
0.75154223070868
0.687836759422378
0.708145127433713
0.79023527032817
0.720535693649691
0.699263853468151
0.797820730657838
0.649862018775114
0.832060495963006
0.753116538230067
0.981064502922345
0.699117400863817
0.603868740836597
0.80666388395924
0.758091869043459
0.692256425892616
0.840972631864961
0.87379742357422
0.78357373384151
0.569319962987996
0.8549564863028
0.724948436666287
0.771283145515629
0.73165318953487
0.894665129970373
0.702990428535843
0.820010468288481
0.825893410671814
0.732020299796469
0.83645032540756
0.634176754312079
0.888265048574187
0.880880625244871
0.722642272130248
0.73350141774458
0.777291959198906
0.749627753163887
0.654335609538391
0.797102168705976
0.872238616962046
0.807783040198603
0.819147081463773
0.874892403047959
0.857822920120865
0.874124224217542
0.876339022072987
0.839577862374215
0.686856386361147
0.824356451093815
0.881478251629521
0.887587361417134
0.817053472924278
0.891098433887826
0.967889467854441
0.774761734401036
0.829544014554136
0.878392289347019
0.98950867693959
0.781476305681108
0.835104005061694
0.802317909148309
0.819537702172387
0.845981737601055
0.733187840888678
0.824194990750994
0.863277380091856
0.801501766143039
0.704808237261036
0.753011645728546
0.802300773166185
0.802833102134121
0.794875410426732
1.01711729604965
1.03611488389667
0.934255818909253
0.850811106257787
0.750741067358696
1.0269180852926
0.782217337749591
0.99694629002023
0.950742866716669
0.766635251897184
0.959902206475255
0.880447607268026
0.820968088360108
1.11048155730127
0.721499607323668
0.885969576616925
0.886551688319665
0.925208713877637
0.922932266750803
0.872219516235562
0.964149385591354
1.0130922748145
0.915392853344455
0.774043304045307
0.941794263289911
0.851213715422847
0.766522302733849
0.9803905138753
0.870016379343829
1.07477215317072
1.03025272472574
1.05444207863283
0.995431538400983
0.830730529653407
0.89845345705307
0.916950087750446
1.07324321130664
0.783706722139193
0.904155179971598
0.943199721278171
0.897011912771892
0.87512563470751
0.90911810337868
1.06906357658804
0.989829049633364
0.938832932536689
1.02450450046543
0.983566744279054
0.865315062381018
0.952058005094266
1.05464278957904
0.896939968039683
0.953144967113099
0.921590522284774
1.05058934025818
1.07718110042287
1.0275906271673
0.968683184530621
0.937808899780959
1.23447069575096
