-1.18938923949172
-1.07297543211081
-1.11620374181085
-0.898229265141699
-0.937300030117816
-0.937965808277386
-1.01521595808055
-0.923533676072727
-1.16168578618082
-0.999650348856293
-1.00493112493003
-0.994203502046395
-0.885271884413472
-0.857288511386835
-0.911845265573603
-0.976521482253192
-0.995065442170066
-0.983477911392977
-0.969150935394804
-0.905491345425321
-0.935206526225319
-0.965004229047617
-0.858375924335996
-0.889367976355201
-0.967410835614674
-0.830210391318261
-0.920194558465835
-0.876597984745924
-0.935324230794402
-0.956995360013614
-0.963621686982475
-1.01597858022378
-0.908333291127492
-0.91581482504582
-1.01227004310284
-0.936966772242552
-0.907223350996797
-0.916304142334957
-0.825332694151901
-0.829043813363155
-0.900137192880197
-0.791640438145783
-0.805845397165087
-0.802857241812611
-0.986287559909234
-0.905344614233686
-0.876494648697374
-0.92213743883019
-0.877959121735686
-0.884004867774477
-0.790416704123806
-0.983868502850825
-0.848912206265213
-0.868493198289566
-0.912723625223739
-1.02641596740491
-0.934014057587114
-0.907466587824439
-0.955226100720886
-0.905475691289324
-0.706766479153278
-0.937638980307274
-0.893330632409131
-0.759216918963046
-0.822795327819289
-0.701067043293048
-0.889787127680723
-0.840320180125215
-0.817814343348819
-0.824448278230101
-0.850254944880328
-0.827835011227933
-1.07756173834198
-0.96790520113988
-0.962521080798563
-0.941706510079866
-0.842215729583678
-0.729647549332911
-0.758890277162278
-0.819303377649478
-0.832405950473542
-0.824013235614382
-0.879250025954225
-0.817728094857512
-0.801117565928014
-0.747595940969226
-0.810355731568905
-0.874480189708902
-0.880354284385644
-0.78942919980295
-0.722422777690837
-0.720772475382687
-0.772054036644647
-0.631669716422476
-0.800708725409556
-0.913388510627238
-0.855863069866463
-0.721484873453464
-0.801515134302894
-0.720722009799651
-0.85427307711009
-0.808392409836533
-0.835989915021837
-0.890841780424
-0.837293969924249
-0.850200552738821
-0.789031538164574
-0.798922878868438
-0.809894885223419
-0.765155689481105
-0.811187005593801
-0.806427867591667
-0.770150412006938
-0.629126435445745
-0.8090560511065
-0.889634005302254
-0.647584568041945
-0.697111385353104
-0.655482732681165
-0.652716915842067
-0.668441085244642
-0.777742725881977
-0.720011903473483
-0.7951275187424
-0.709671946368359
-0.669743883543553
-0.714791255357665
-0.574368234328736
-0.681554966621042
-0.78807089499362
-0.670570177763324
-0.87522547554916
-0.604556669271754
-0.614721638905049
-0.74881344378284
-0.793314728273969
-0.756583043359696
-0.727312823424507
-0.653862514870001
-0.769192303288989
-0.677432172543883
-0.763670542097292
-0.788297612481884
-0.84809161098221
-0.614040072331868
-0.747766708870797
-0.656292360952833
-0.757611812750558
-0.749373653315203
-0.732943070879244
-0.547309904703264
-0.65514613212024
-0.765641329774497
-0.588955724798529
-0.748747500659595
-0.720639849818798
-0.597670906383778
-0.699203919702211
-0.752811978234896
-0.758185566415623
-0.677846191825808
-0.787358545943543
-0.600923990504056
-0.598914403272862
-0.69886032953306
-0.582573365122952
-0.571242309347415
-0.704818399805319
-0.550026097926316
-0.762547808732092
-0.734066243431043
-0.648186892249065
-0.742929528814596
-0.560854305346433
-0.701515564457271
-0.670714651276051
-0.671089623359381
-0.628406258019577
-0.684506780888233
-0.658041170667498
-0.698421580936227
-0.612258304835778
-0.579089135218666
-0.580466120498563
-0.680348952721818
-0.597915049167588
-0.610323216352895
-0.661227862700964
-0.641817729434141
-0.839901481896493
-0.53703484243778
-0.670742608987302
-0.636788184685311
-0.642606809590827
-0.632124650721845
-0.664221596805171
-0.544742864983998
-0.731534792623314
-0.55119922656467
-0.577229717462123
-0.610253766947952
-0.69397723741781
-0.639733794385716
-0.642842697555724
-0.620677519291678
-0.639773436210329
-0.434550001419631
-0.511029786907522
-0.758543282722781
-0.638383218826645
-0.583074219957143
-0.485647435446196
-0.524805545997571
-0.502467741050828
-0.700237460689939
-0.429430439160542
-0.413344025109323
-0.718087949498293
-0.607367862906082
-0.542362378715183
-0.527271834529935
-0.485504395732326
-0.654721730700278
-0.414417618153381
-0.494569354758327
-0.636078750471715
-0.689399464320469
-0.467181932561658
-0.402892226217406
-0.43892602709794
-0.616180571227803
-0.555640358113507
-0.363543508365603
-0.582240727499186
-0.522275168956715
-0.576298615923054
-0.593405266399023
-0.423453662229867
-0.573742108577764
-0.519119361490222
-0.569795994047203
-0.407856281995082
-0.5822174742959
-0.472394349186296
-0.377974433497204
-0.523716643822358
-0.571706520429359
-0.570805265698689
-0.428330156687241
-0.497029531462696
-0.557958258820543
-0.528756719535386
-0.544267823059852
-0.544882452521686
-0.667420183711114
-0.481482683114735
-0.408449471708314
-0.379623573485191
-0.461074770152787
-0.532667712010459
-0.476596289327231
-0.419366181767185
-0.530940331196858
-0.385235218246785
-0.490969585988355
-0.428825446963706
-0.471277494331101
-0.487269575471138
-0.36657380558461
-0.34952630713257
-0.469408601403388
-0.552785850177358
-0.47732352063481
-0.308650347245313
-0.445640673430188
-0.41912679454098
-0.393382790864878
-0.516654622732662
-0.555331180908862
-0.435474440857733
-0.319489581192714
-0.379010454373382
-0.532696379365362
-0.41878936772414
-0.400117365197619
-0.359575218135106
-0.45555389383441
-0.479911429606168
-0.316782255888965
-0.350642815803349
-0.398838266953793
-0.579275591649411
-0.394375599154945
-0.427205177209936
-0.445618224700798
-0.310931579921099
-0.553748072196007
-0.356368542364638
-0.481680053340374
-0.47533243894895
-0.346464278698917
-0.397431093004938
-0.349788855239829
-0.382532792673242
-0.219228135416084
-0.249292568253753
-0.377980742378314
-0.448753366983358
-0.297858781181996
-0.476547355589049
-0.30637249273656
-0.571698662015188
-0.474356338807147
-0.257085536219378
-0.401862137677054
-0.255487899179916
-0.383987667641326
-0.522476636205748
-0.273963470130129
-0.298009051105598
-0.295758230296734
-0.341066933269387
-0.215081975548504
-0.217414648794073
-0.325076175143747
-0.345040072468738
-0.360411573575873
-0.295892469037772
-0.477511328596476
-0.338664562172879
-0.328930334305722
-0.32309666512134
-0.139241536999162
-0.391392754404195
-0.464549715685611
-0.434917395739042
-0.341073821084338
-0.376536378866989
-0.304687565453301
-0.398402837324127
-0.29344575832271
-0.409046349482731
-0.332166079885342
-0.254869299667054
-0.329088334163125
-0.255028641778568
-0.419673207474171
-0.294542843050199
-0.248996452516712
-0.273937170520676
-0.463189237740861
-0.347395460938894
-0.267396952761487
-0.205220245009991
-0.31496879530895
-0.330508580509747
-0.306466798333185
-0.355094140051834
-0.173689469872097
-0.323169598405144
-0.242635964611785
-0.396545816927173
-0.345185688250757
-0.312380545365718
-0.269744858326667
-0.390746221742292
-0.296602024484738
-0.232799165961363
-0.128776364530148
-0.137569744815798
-0.135527518978884
-0.302149955579453
-0.30664863688204
-0.189651892248888
-0.297184241772307
-0.159377303066363
-0.261250768420042
-0.0730497596059456
-0.268879506849634
-0.438694558404503
-0.351646740638831
-0.226181800793148
-0.169086488748913
-0.397724291003762
-0.39081164035358
-0.246593919421606
-0.163176083196346
-0.131586951274204
-0.251844353367875
-0.168335375617017
-0.292330867632313
-0.140755338562207
-0.12930061507625
-0.38424624092973
-0.186157874376519
-0.28898024186327
-0.174660109081868
-0.140001590286212
-0.199857902171502
-0.21810218876995
-0.113892686028971
-0.185850756920567
-0.326170792179998
-0.230567387312273
-0.0561401286636986
-0.330212696335309
-0.169802885762424
-0.188159314172652
-0.0208871293711857
-0.170663026338932
-0.166567962281557
-0.0811248804627389
-0.219421578812141
-0.190791900525582
-0.15175234843597
-0.34048181781077
-0.108744251629765
-0.315034889718552
-0.142963202235628
-0.0888900189190368
-0.245764092866295
-0.147511633826277
-0.217238798351708
-0.244365880679749
-0.286317963593011
-0.0930639806414482
-0.12777437676778
-0.0320573993005841
-0.180654461973332
-0.045939226047415
-0.242323689743123
-0.294276550703457
-0.237946831297851
-0.175036606047221
-0.256111012470637
-0.066969004385633
-0.161332710902501
-0.0168219672491225
-0.0779232255847827
0.0477702284023277
-0.0170093273363699
-0.119323209823039
0.0152851958596901
-0.167792071594283
-0.187677119780322
-0.135413414399251
-0.122573820579639
-0.00624441109257656
-0.180966960533941
-0.0852135161643325
-0.13727405319676
-0.0300947546701801
-0.183057113741223
-0.180629508975579
-0.164004401387176
-0.0698218451994857
-0.0833164948208883
-0.0356165329881489
-0.175730568737539
-0.169664654926769
-0.128652946819415
-0.042067222377763
-0.190031018948177
-0.17387147410423
-0.171186347909764
0.0541475098178401
-0.09659395126914
-0.0510067727497988
-0.135259474128559
-0.151368513640675
-0.162667979499307
-0.152388550964771
-0.226108283603395
-0.1054133018744
-0.058049943372594
-0.112821201475135
0.07672486029665
0.0191464625496609
-0.143243742985275
-0.109032426436287
-0.137709006355087
-0.0224738400280386
-0.0924670011840332
-0.187139647966803
0.0871978247426059
0.112748824271892
0.0429977845419403
0.0514811741100229
-0.197003614074923
-0.0435312393507639
-0.0305132300838913
-0.0263538385598221
-0.0278554516433885
0.0300970516614872
0.0509140607533672
-0.136371107803756
-0.170293576705623
0.0948153609759238
-0.0863201677028444
-0.0169869997129947
0.0454732153428712
-0.10810516743794
0.0475354550734822
0.0502944829367973
0.0223032964290938
0.0507921305570966
-0.119469855824228
-0.164098464884092
0.115238593190123
-0.110479258472295
-0.0211837545598907
-0.006295872316852
0.0731923301078644
-0.0905016402891838
0.0534232565021424
0.20647174843586
-0.0445287182795085
0.0492171759056698
0.125282483616285
0.0768701732473093
0.00165641981347792
0.118343217089968
0.00260343429863692
0.0503059702036341
-0.0323955900489777
0.206268602687279
0.131782319234881
0.12829508500468
0.0387205290227896
0.0964864819346271
0.10844899844444
0.0488046104217529
0.0656802376448783
0.130435180227718
0.059083663164907
0.114707994752385
0.0277212288514996
0.0306952642473682
0.0828056612952951
-0.016951806481169
-0.0111854269851139
0.157889723267658
0.0768571132405308
0.0099882200694723
-0.06276718834882
-0.0093140367975029
0.181082624302167
-0.0144583656553767
0.135017909638921
0.033378400305879
0.0437731713283347
0.0794612198164043
0.0290033137811532
0.167105320545241
0.0752214459350433
0.256970104125648
0.0428979001346743
0.196325901910507
0.0342584139490294
0.148703299671231
0.0259307098297659
-0.107582756281137
0.117303887947893
0.0695606196951021
0.220891183702791
0.261405707469389
0.242983137062818
0.0204644913784326
0.132617907924597
0.23403042493945
0.138690472050659
0.108671769132722
0.130608464930949
0.110105678700256
0.13860446841534
0.141314046161336
0.0265164804455937
0.123349332121988
0.197251833338547
0.0575022710732369
0.341991853929628
0.064129610023353
0.216497453493557
0.193310846302017
0.166854444251408
0.107856407887935
0.223010420143195
0.119342412815618
0.144205809704819
0.324395795529436
0.323830901531597
0.267704849088792
0.105598793642588
0.0899035154983186
0.129079673990351
0.179368250628329
0.110627412851917
0.203740569076212
0.167523984671957
0.296069226989839
0.0967942302585814
0.066458702657432
0.195239749442855
0.191755875655493
0.359434224966654
0.314486810829121
0.204079615867373
0.342615348951975
0.225431897929953
0.202296549595517
0.26125519231122
0.244334983277418
0.194928244517708
0.148078659840089
0.249952566415174
0.317061761431388
0.283077145808022
0.244924947224933
0.354721483761964
0.251102855304172
0.353903896207785
0.2184277899819
0.148553470145973
0.226996717607902
0.275014435181114
0.288996649534244
0.177859396027656
0.341936496677014
0.237277101045536
0.281733624017745
0.277314712098696
0.129421925204622
0.0659382150190629
0.174247091671643
0.414931493088528
0.276623780115864
0.265881737344839
0.305914480626369
0.341569239638599
0.212073140343327
0.0906765153832787
0.356694233259364
0.310419094374475
0.226437885811673
0.357457408436487
0.0534431798375222
0.320826856500067
0.17915778034908
0.239465482611267
0.261811661916568
0.263581297894524
0.273543558309327
0.375832917424683
0.309754195300352
0.431445524669849
0.396753250661941
0.449384092240081
0.212747717345481
0.374559411608179
0.289660221170316
0.327193801149704
0.204063151954095
0.378315553310767
0.211445103855578
0.520284682437853
0.454057308167818
0.297302997654393
0.316746904204743
0.381152294237792
0.392401848470749
0.252766653468317
0.265930183526817
0.307100611880128
0.347252086991219
0.426620181288568
0.400999207917102
0.277903221074409
0.468270084953487
0.447529113848095
0.416684560353163
0.482915939773248
0.498211597976752
0.348176885253981
0.393992121684797
0.542729427817106
0.160870714601854
0.36574304097724
0.428667334397284
0.254495519147899
0.292050197368346
0.236394088328082
0.53609549790683
0.390032201774252
0.301921274028401
0.474438861094025
0.394830696091107
0.3764964647426
0.379366013087013
0.440695488605591
0.347761754168851
0.481727746998305
0.416529301865892
0.43651724889225
0.397623522874209
0.448534992288598
0.338436620806513
0.389986182248691
0.438064442843807
0.392931037900128
0.417400372653588
0.41983879160339
0.30482605041477
0.413063316396395
0.393618724532212
0.480458089120667
0.376283852707656
0.469845218653111
0.369126927099099
0.443019878412151
0.451604932531401
0.283246658982008
0.40994564743836
0.552486629074646
0.484180515206694
0.546162671964299
0.623539588977553
0.436418358769043
0.447563380450598
0.32956662658919
0.537476691123794
0.470466998178865
0.345278460048791
0.578788100980532
0.511943834872682
0.480214605290404
0.592106324706869
0.437011121160585
0.537702003633044
0.538684471226175
0.560303683798046
0.450897371235971
0.575412084469829
0.427601510572041
0.557537910146114
0.425110969379743
0.371350498064596
0.461519522764332
0.725417702442118
0.529044900754319
0.510953280076842
0.439166958109814
0.504602846366492
0.556818374622766
0.540434844487339
0.415820824301325
0.5728447431366
0.66665970842065
0.443516299707444
0.453317799407483
0.454401213609872
0.380883427964556
0.521762233659724
0.557656410307723
0.45180096525998
0.535310607205724
0.500976504492527
0.455786385993711
0.429539893017099
0.546154301484788
0.544307112416249
0.605244036206998
0.642647311100193
0.632860928555726
0.36486345839098
0.499145884333225
0.583767475846606
0.59904394770088
0.572766145762966
0.438849078540747
0.556208658753076
0.6165940607904
0.638629221870823
0.552426835087484
0.629327772109814
0.557791283331089
0.529362179249452
0.605714606038786
0.569325507289522
0.658948529238322
0.561659073139893
0.609399359833572
0.360429202608745
0.472168694366931
0.58056545187741
0.545398478579351
0.619305202370831
0.531686494505766
0.567816656144184
0.54010977384468
0.552182050312569
0.622174306429815
0.577121159913745
0.453858668380573
0.842192684256536
0.654885520481736
0.582962326140072
0.587038585815833
0.708285241669149
0.504324237412574
0.710619450674887
0.606049264468399
0.589608940906101
0.601751655042887
0.636033853015177
0.608432330100905
0.62467564664715
0.730223514106096
0.56515906081605
0.724635788918029
0.550322022632848
0.590625198914348
0.690144069175145
0.590796116200223
0.584206592389712
0.752272321848671
0.718361313048161
0.60541990351483
0.654107497829691
0.672825846469865
0.725157039324955
0.705445913013464
0.68211401061193
0.758761965866669
0.756462330668372
0.71822179329032
0.572532735507909
0.583326876364583
0.713933932102744
0.761021066667372
0.754774010949808
0.666383639864041
0.499824188973763
0.615369736227361
0.777867877682121
0.631559830027165
0.739228172594287
0.708335871960492
0.825455593248459
0.650693861937032
0.619262077217761
0.588081500403194
0.780201537812627
0.758879966430041
0.617124734355424
0.658672300978365
0.68179426838607
0.678548648379501
0.708408484570314
0.651827317040339
0.734684951752722
0.598418118155339
0.867564657593134
0.646566112480126
0.527122974992661
0.788063113355207
0.728480909768673
0.775700594706121
0.677643525724293
0.848974732778565
0.688724478173014
0.739348561201051
0.701022173037076
0.724285971986964
0.71766933258155
0.836025352287461
0.866234428452811
0.872856617534154
0.740343572659117
0.678101211714755
0.566715999476538
0.725775046807488
0.737333081432129
0.847349459033882
0.757316545222334
0.69664797683238
0.889469879700436
0.698683881857011
0.853669084331705
0.765251688027414
0.6527291431227
0.827581171729616
0.711376681049551
0.946972333621103
0.742437211487268
0.664021612899404
0.830268829291504
0.836736466240746
0.696436654229794
0.75906936221954
0.75355801479255
0.852081704104182
0.768169251494624
0.797777365603065
0.681249627320936
0.64672661924388
0.875071142256949
0.840218196714414
0.813477881051417
0.864528488122043
0.841273160311906
0.911046955489817
0.825556923230104
0.804804391882318
0.913784780326097
0.951378245592125
0.785928702338976
0.916129203656072
0.688969470663796
0.755128623541779
0.821832120826187
1.02402559186297
0.756111120883419
0.877735658306492
0.80894306054124
0.689430844699364
0.856079254415482
0.923862333275902
0.806721264395877
0.783243946510131
0.877136549392966
0.88509141035431
1.00877414872959
0.863781863205731
0.882973671433949
0.903632667599274
1.00170306325881
0.814584308046214
0.866261278114352
0.949870487736304
0.779175044710157
0.969391165176497
0.937305252846559
0.677436850166613
0.897702458777212
1.02188651514236
0.907963882154494
0.743471029182964
0.953949462704571
0.799250921640577
0.907082126151432
0.876873295487698
0.746418017953981
0.866574783535459
1.04597620304397
0.831192009304497
0.814324872623419
0.986472809495449
0.944661165537736
0.871954462274064
0.957275401761562
0.903909142465116
0.889961680110475
0.909219465193084
1.05309030446579
1.02156552828206
0.842609741535946
0.901967152049293
1.07804930607366
1.09065338498188
1.00991878807647
0.97210227178644
0.935323234456868
0.81912660532088
1.03241714628762
0.968913454437858
0.909964603160592
0.806677578781171
1.01869009737882
0.993920417493216
0.785412884183156
0.77219272957829
0.824706467137598
0.974725444226051
0.84963345545936
0.969076831615476
0.817858364129089
0.968939243049543
1.01065803861956
1.07973494706842
0.998353575816004
0.979450220661793
1.00837896001933
0.983432940514913
1.03003706317312
1.04135770953257
0.970143188895793
1.03968331458126
1.25913179526141
1.1560627049461
1.01634114265149
