-0.949019833721285
-1.02129471817521
-1.13826149925613
-1.10902339814285
-1.03164220277367
-1.01443516974867
-0.936137883000096
-0.919195943250244
-1.06400477473932
-0.95804787142346
-0.943270499916231
-1.09994592559596
-0.947289316621353
-0.849262029359295
-0.797614553523845
-1.02992199931527
-1.06840960444257
-0.911443044592462
-1.0008025622782
-0.806481271233524
-0.833320289801573
-0.902683067887995
-0.980052686649895
-0.967795355600531
-0.843521428583996
-1.0954570140803
-0.964264042862576
-1.11903932252827
-0.954323068760001
-1.03292223493818
-0.921975375181791
-0.892605935889499
-0.94334581555958
-0.99042819995303
-0.883655149822759
-1.00249718515133
-0.894474072054392
-1.06916126348517
-0.85254528871319
-0.923161934643795
-0.97200357357102
-1.04241221690832
-0.989585979031102
-0.966565108206564
-0.880720168809956
-0.958642301782715
-0.898718667757722
-0.664433831089444
-0.900155282629223
-0.949472586907718
-1.01335698488423
-0.911123433750924
-0.821712329226779
-0.840751544988175
-0.904532721299543
-0.912930240194843
-0.832822482829831
-0.871348045190487
-0.887110219253689
-0.793126220581087
-0.885967637136877
-1.0181974468767
-0.907366046034948
-0.838742211409012
-0.889396981865717
-0.875343440164303
-0.795423007352858
-0.873973406683784
-0.857132162061328
-0.974414490496741
-0.692538134506045
-0.732497589265771
-0.994613836596478
-0.902651568940385
-0.781772144509687
-0.854162340099675
-0.960036093962163
-0.734442180695153
-0.902458314388389
-0.771641980739884
-0.808337411528418
-0.760788238864581
-0.981262602582846
-0.761574309456388
-1.02320184391653
-0.822389649869074
-0.993555099584558
-0.82174531592417
-0.746837922771533
-0.730030130587319
-0.776487417426999
-0.82016090220989
-0.819249603934848
-0.808024144064992
-0.781808554290656
-0.788155751854351
-0.757927798728432
-0.687942627857835
-0.891473583162393
-0.733679544376262
-0.740580743512881
-0.820943788381055
-0.601012914008888
-0.675171910681293
-0.745780125415899
-0.797477661833547
-0.729325088601674
-0.694544671937958
-0.821243858152392
-0.732774775303916
-0.576673084820577
-0.837089598966124
-0.842040586209365
-0.777454605786209
-0.859407831483556
-0.841663516343992
-0.770552053745597
-0.770094583935762
-0.609479300813384
-0.75631752554375
-0.647209916070196
-0.891569923910236
-0.816986263450578
-0.862943072988649
-0.857961908377615
-0.683458775150403
-0.868605286149698
-0.766937148627592
-0.800973872330831
-0.681190188545404
-0.704136141684995
-0.728317819978206
-0.672153167548892
-0.841686515941409
-0.754280061781804
-0.761581261588209
-0.662271378730739
-0.803010674453884
-0.652059291875607
-0.65801758595625
-0.625926941798233
-0.558606124492716
-0.874034398885455
-0.568361736022577
-0.663090706904043
-0.757287361956636
-0.756737005069555
-0.697681270042484
-0.657892345332732
-0.631695744744753
-0.576335146181585
-0.586099977056234
-0.636256875599459
-0.77422689898317
-0.746623937770122
-0.647017805583549
-0.686480741928772
-0.606820879708621
-0.700689807019413
-0.666009445276521
-0.77196683643126
-0.607558445223298
-0.665621833895049
-0.56020249437197
-0.589968135579671
-0.734126269495322
-0.747375923647175
-0.619220315675731
-0.745906087692627
-0.728978338908551
-0.599388736773436
-0.627290004115717
-0.540791585089185
-0.680643336617006
-0.70517547988884
-0.626851205923401
-0.71594073678986
-0.638814867006178
-0.806935982477262
-0.661506903560881
-0.743321824438725
-0.62571607963956
-0.632466873606296
-0.690091078056788
-0.691468551927589
-0.613759809560428
-0.621087395381923
-0.577745291241037
-0.617742443466683
-0.732911255399346
-0.640019792379021
-0.747923072725221
-0.505721575831426
-0.637774528460688
-0.655073749182705
-0.599251132623445
-0.666624958777391
-0.581057457525308
-0.635969065636844
-0.682536123815884
-0.705508427625544
-0.503854903585041
-0.563972898962192
-0.541535219492503
-0.659705480117729
-0.64388338130127
-0.399186387506273
-0.612102511882111
-0.464064993793828
-0.306988282677822
-0.525880511975032
-0.51548862949941
-0.639169810128839
-0.529228606159882
-0.63863366603417
-0.535266135946941
-0.349756588188529
-0.519685137818206
-0.698585684022835
-0.709468388172439
-0.629286400882561
-0.608166469470584
-0.385270221765584
-0.79973637232985
-0.686521601135493
-0.613314523340398
-0.456940828512227
-0.514274620038403
-0.392413956826404
-0.591763400047862
-0.640469480451302
-0.659082855003585
-0.598691355642178
-0.591082227394686
-0.537394061896545
-0.467345742059213
-0.699819811617544
-0.453771402542199
-0.516269497835029
-0.4757128946481
-0.52905335043072
-0.573621060537398
-0.511423868655838
-0.570653828682364
-0.590106788377464
-0.348922356816485
-0.544609302892924
-0.430051867222826
-0.43674417994914
-0.657390362249066
-0.404942728086873
-0.47056730050686
-0.43047968957223
-0.408519511515935
-0.63988186848467
-0.471488882453622
-0.506320296685456
-0.48268428974343
-0.443826317066285
-0.384574609136732
-0.583193932455137
-0.510410080307326
-0.237576633542191
-0.531427276410112
-0.628585203334064
-0.56068853060682
-0.402065647328915
-0.521147950354651
-0.56692500223168
-0.488633802849087
-0.482469670756756
-0.35552400912037
-0.402958797734798
-0.405935814493957
-0.434434081136052
-0.659728072274561
-0.453654316846437
-0.490346403042924
-0.441760571708785
-0.448289079182295
-0.410917661177247
-0.457281591424021
-0.487504713320386
-0.422906953984702
-0.475732264272617
-0.488761408503186
-0.376609468217598
-0.419511608434093
-0.358488777093506
-0.620358667187772
-0.449506754671627
-0.387936930536993
-0.581627795870223
-0.440306816715279
-0.385734862987243
-0.44257341340164
-0.450203135795945
-0.459136699472698
-0.318544221123022
-0.54836392609718
-0.471912253716291
-0.458197883884513
-0.335620589565913
-0.410197168779385
-0.230724130826003
-0.389740928828666
-0.575505173757581
-0.181243670982039
-0.332104514931028
-0.321233584070418
-0.329736476459466
-0.342284092590897
-0.384893898523664
-0.219315965677913
-0.402860376231198
-0.359125740715076
-0.339975099987636
-0.18522388598941
-0.439719871773786
-0.402063767370821
-0.300500234493707
-0.346618295727857
-0.323412244030331
-0.420314287522511
-0.427131362867548
-0.417358696834078
-0.194355874076343
-0.287628427895435
-0.371469530967875
-0.460889927025107
-0.20674067513571
-0.215748151140948
-0.2953476048917
-0.305633858244942
-0.281901854630964
-0.3547101777155
-0.273002137245047
-0.269891213700818
-0.33320891764068
-0.255429814891886
-0.301407231677101
-0.260336680265216
-0.363838200371577
-0.215729957436454
-0.362371355837367
-0.356826871696738
-0.299445634950879
-0.39558598869951
-0.288324753245367
-0.412301014535616
-0.210058525529707
-0.295217090915896
-0.298759238042695
-0.141587287164625
-0.427041190781491
-0.302193420326791
-0.26879396210777
-0.326514695980618
-0.251995438471233
-0.267527349398863
-0.256375531550348
-0.365695994266212
-0.286577554961351
-0.111916228804699
-0.192958868328095
-0.291758496185014
-0.287029872678955
-0.221664154779709
-0.193995175323507
-0.288031638700481
-0.20745309224936
-0.28277457410614
-0.149773782091282
-0.13947269856135
-0.294982321737041
-0.280318895331465
-0.179002524249556
-0.33670971081294
-0.166425828341135
-0.242435662104265
-0.251636575872599
-0.309238942020084
-0.161716651141836
-0.205514348105027
-0.186350366409405
-0.253652646561882
-0.285881829865601
-0.253187013947686
-0.256631453763302
-0.178323647090097
-0.28264231392211
-0.140466130831735
-0.215857354452328
-0.269441386636179
-0.274167349662414
-0.21976250329045
-0.0432545147899022
-0.31920765725795
-0.243359637763933
-0.0230625792443152
-0.152081270099313
-0.333624568289262
-0.0559915711535217
-0.146378157667551
-0.273129490818992
-0.268999661483413
0.00658174701163658
-0.309885857471239
-0.202103322106722
-0.0948398558539208
-0.181866486222514
-0.107340553905675
-0.172560474754242
-0.195730435183473
-0.116310734487184
-0.125532105446997
0.112141769394013
-0.0122644291617038
-0.0773663160764642
-0.161257025037814
-0.139089186679226
-0.136793436405256
-0.149367704023463
-0.135932846522718
-0.143763213975356
-0.196468657007618
0.000922713062772245
-0.0426163854151279
-0.0625834519705026
-0.184127992609783
-0.221639963396548
-0.17419259888976
-0.0944024129623234
-0.0581913565775864
-0.121080600528595
-0.103336315408234
0.0266045949297386
-0.0619346596192472
-0.100929813195305
-0.132265037169451
-0.10627251674444
-0.201425780459865
-0.241684359812427
-0.200046403558232
-0.165512569118951
-0.20980070336738
-0.155424914428713
-0.271484786282319
-0.186678723496071
-0.125818724491306
0.047599700526362
-0.0591883375793695
-0.0192219897260389
-0.142450234138238
-0.0361156585476328
-0.141862920984301
-0.00105328052161649
-0.130267757677567
-0.119896666121382
-0.152283643913775
-0.0715443922682044
-0.0334009356208966
-0.0798822303041144
-0.0539209114115951
-0.184491784696751
-0.200112477716268
-0.14926235736859
0.00193128546525116
-0.0416278884860036
0.00837797226760075
-0.0828584919154776
-0.130398880097064
-0.0209081005228775
0.00014484066722369
-0.316423434623222
-0.129310921472023
-0.247925943070459
0.0428175280844798
-0.0512529101115912
-0.0397363713098282
-0.0232700242694287
-0.102250247067784
0.0514282455418305
0.0177885223220468
-0.0738456197170114
0.00236244575439171
-0.156852204969894
-0.043844140296912
-0.102624564624653
-0.187817297382151
-0.00105198002235348
0.107696756438824
-0.0142336964553368
-0.130369691622604
0.0530706000901361
-0.151876034605725
-0.165411624901785
0.0365698018619775
0.0083337891501027
0.03924559050723
-0.0316381020421202
-0.0220509908470695
0.0189136692044034
-0.0330175995787004
-0.0650383560151422
0.244242948958415
-0.145872598323472
-0.0465401306694414
-0.058345635137715
0.0483051134207621
0.0348721792965252
-0.0585356726376405
0.0222008610506536
-0.132428668856245
-0.0346463767666781
-0.00983382359372119
0.0603910027094553
-0.0308743075034101
-0.0198308902406383
0.182874727874638
-0.0806195293528253
-0.00583342675820308
0.0222858999681623
-0.0781226487867279
-0.0168968999470244
-0.0309282480535622
0.193341573085596
0.0761972647426016
0.0653087157094118
0.201985507081118
0.0494670913458815
0.0295653807960026
0.153491888169114
0.144956988884777
0.109640510412737
0.205035422173778
0.100284982415373
0.0572905235404081
0.174214114881468
0.106684528082553
-0.0639100583293529
0.135850596263888
0.102908365804914
0.0315632523763492
0.01413911520139
0.108539210381148
0.0769459764433492
0.134450786228011
-0.0189655865424373
0.0713382613760521
-0.00781037548734085
0.197396437943269
0.105606192761286
0.11811458182069
0.175823740272346
0.0507625550078767
0.151051168967276
0.152945045903144
0.112217126806059
0.198375575975439
0.00262483449332748
0.0264144634137428
0.0721085151949136
0.034512970571875
0.380075958650576
0.260771111864346
0.231409401649166
0.0290445436246379
0.180361648176864
0.0210933717321691
0.142734757253063
0.242722665464693
-0.00520876217987644
-0.00327853469356196
0.104573039710268
0.201955816108095
0.144881208295788
0.14561986459691
0.194518320210904
0.251989936578578
0.17389702412806
0.199324275681764
0.0706735605180904
0.183897325127012
0.0928223354258483
-0.00241376804046869
0.120295439257114
0.0808438591212239
0.18084208601463
0.2715622324155
0.195925974754381
0.200206818362434
0.266752201171953
0.172174492111813
0.162464843475854
0.200367558615859
0.238070977749536
0.193545971341286
0.153580049636488
0.100216911308137
0.224328183167971
0.230169241751631
0.204371585325997
0.35277406226603
0.229851844712547
0.0337738899642003
0.214401925867369
0.21922442005361
0.357505483589051
0.154012315030911
0.241627932102363
0.266529024067079
0.162926279687108
0.393414173699678
0.277839259202317
0.21817314832129
0.249939217922099
0.157872540838931
0.2935497327978
0.457746836869808
0.359801536627109
0.147005830855612
0.259233581759053
0.241029084905762
0.301775981735764
0.303624044521554
0.404243965874918
0.178233826301157
0.328614877021963
0.336722650295131
0.186043146201222
0.198768527425185
0.253446689231206
0.337866406800611
0.250237069094118
0.399732169010797
0.295662491420603
0.450311958072425
0.257455879603996
0.278287239857603
0.30186129901129
0.280687159436457
0.224387093429136
0.267163725524392
0.213932511478636
0.374925428746367
0.3957173140668
0.364486868607991
0.229544830306182
0.440415161786622
0.532643336482647
0.397702131892732
0.365952171497365
0.356076160238803
0.0690178985082238
0.360346002663278
0.395614097975038
0.164337825948967
0.435797097239692
0.330743794755971
0.345676241629577
0.385286700715788
0.32401297380719
0.425866283064482
0.287888289177031
0.345032076550166
0.26863551046675
0.301348643773019
0.373187130829025
0.314016277201253
0.384384145087417
0.364542163866813
0.251093880684882
0.432947859460596
0.355858281461951
0.276126597594519
0.323006759296101
0.36296943615353
0.38935828191096
0.46947202456164
0.3159432900233
0.363977742457184
0.384152455993929
0.499112377019695
0.428976464667564
0.377430155462145
0.367130274618339
0.440609775866888
0.34958691561448
0.377155161482634
0.46923446833425
0.283462515192186
0.479259821361585
0.397806603731166
0.398993644102712
0.360355720081024
0.367390747490069
0.476019250811147
0.433119565396563
0.486931423448843
0.335265734137953
0.271376839101108
0.386419233665714
0.624628818310977
0.361014354775951
0.564326257166018
0.358137869167847
0.303671585474519
0.336148096929351
0.431970188283639
0.416648868780271
0.401823510359277
0.350497907144841
0.454063799322768
0.454477392779043
0.665548325137846
0.471392212684114
0.487011300786246
0.484143992370461
0.395354867393894
0.493955762796102
0.440140221536772
0.348221640057725
0.55359889778831
0.63103168002583
0.261129612817692
0.523089717110442
0.455004340494644
0.609772641130541
0.312660608054507
0.422327523163451
0.547862961746187
0.437073946871236
0.515802691973419
0.499504394333032
0.38180618420714
0.561331817986494
0.530800330589977
0.544264520148828
0.262462611474844
0.453721673619807
0.436557171582218
0.333981704991205
0.574382315759598
0.407898426017136
0.478155006342808
0.561066563251072
0.416140716801658
0.358127834864327
0.581124093596356
0.468588230376357
0.412072358745027
0.537687302493345
0.474790660606439
0.476220559171449
0.355854873153843
0.483291440285404
0.584841541175608
0.471491767335379
0.549149405825537
0.525006668549788
0.455874530626322
0.456225712245106
0.570438548093592
0.432464509816874
0.532387515199381
0.54162785218216
0.570921653507585
0.505509612789325
0.476087563592464
0.497526426784795
0.400495153705365
0.543554788310617
0.559733750998876
0.657950280199252
0.653677252705969
0.611934992603004
0.370435409904918
0.576800453197184
0.51188709851098
0.588648539932933
0.477402855980454
0.500342747550431
0.611674337894778
0.570025566051703
0.414157079268042
0.565736216487429
0.51556094668823
0.632400191685225
0.534907832679346
0.481892573019971
0.747418925263008
0.602991628370177
0.602767263298868
0.583134233074134
0.634006396340649
0.519044233103636
0.596636716900782
0.43586995211279
0.667100446905127
0.558089901365677
0.544974312808825
0.657195162121943
0.784497734080117
0.632801074027488
0.725465760978066
0.562339534347962
0.575292985713683
0.680400549304623
0.643785268880803
0.780798478075971
0.734545186135687
0.584169737430648
0.645299416608448
0.713443002829576
0.518297386467124
0.635892129102245
0.532020965010512
0.597130203300094
0.548165758207814
0.528087227484939
0.625090660433164
0.509624890940546
0.643871733171427
0.78020916240069
0.562203694898876
0.721851261980741
0.758844001568581
0.677615441827812
0.668509791487178
0.614974732076383
0.599907988926751
0.671572158327598
0.821413590152009
0.666543727002925
0.554046654974067
0.700356041566405
0.596092465237777
0.514234406661461
0.648063356503204
0.599066450574915
0.777803876458026
0.697701220342267
0.620385340593559
0.565993743047684
0.613958474002231
0.715831331933847
0.665498594527524
0.756433064146356
0.689585159355791
0.735092170029048
0.860743750241833
0.839988926348218
0.562645821188877
0.785009925890648
0.727625157123769
0.776158420744573
0.64769129415855
0.710167694738408
0.784315225627876
0.728558345843558
0.77213436994138
0.728149641943903
0.68838937514894
0.730237250868056
0.775218186019095
0.704875725745039
0.709697265118456
0.732805685610316
0.664671630664422
0.714275313669451
0.75661211259956
0.708110197757682
0.700423833570531
0.655280181297469
0.846630200921913
0.687347676838152
0.650915983859259
0.751334485446904
0.624652322878242
0.673955848232176
0.748718071999013
0.718289469388658
0.754881857849608
0.612771725713469
0.64616994133825
0.623339393520384
0.776527466150211
0.739232049098512
0.876829577431828
0.786050007447666
0.755218326019413
0.88154368227994
0.691754405997506
0.754640080444062
0.778090066777712
0.795215941538025
0.793756973878288
0.868650982726017
0.774008989007117
0.831513306902598
0.756655477779301
0.804675621416294
0.984218290004904
0.907657935206461
0.858206289466202
0.840690298439268
0.941189366079014
0.761876595749173
0.810910928304123
0.798442432696883
0.830873201277655
0.921456659889064
0.779609010994413
0.805960801012863
0.832618920980523
1.03403075711717
0.632073785773804
0.847496288166458
0.777580223510985
0.874948543770962
0.813785227323476
0.819777059726979
0.781130625269066
0.92620672837922
0.624864550328246
0.930433326667341
0.868835668583044
0.660132903959271
0.910108970679105
0.913126591567473
0.958126834759761
0.858611638167106
0.95590145785542
0.771935912619612
0.801998308822042
0.887704038913911
0.978137417895302
0.897705943426758
0.859135032492631
1.00259093213145
0.818649392435477
0.786053752396654
0.960120589610913
0.927494821991986
0.820618225272195
0.852513508443798
0.900676401077126
0.964869651283089
0.943845489307141
0.999304026767254
1.011235324447
1.00446903495375
0.929549212580345
0.822784059599962
0.90405816554475
0.981202898865866
1.05178227898047
0.93987758410403
0.953956380271426
0.985352279176268
0.945402082627643
0.984466312901399
1.07334683515036
0.903218376543023
0.889564831192111
0.84938132982921
1.01070980559142
0.968611985637628
0.942259597252174
0.909162622842408
1.08116344986352
0.957382591752635
0.961850112353069
0.924321421252755
0.945906092719544
0.856254353871736
0.928617191891285
1.05206295641455
1.02787503387042
0.853633032593907
1.04519259505835
0.987930407746226
0.813881819632666
0.924748535752332
0.912794511496427
1.10736452772035
0.961176083555429
1.10048102859513
1.02587305464637
0.910777653585735
0.789366371790491
0.988336823277397
1.11901089813727
1.12743551512206
1.08528845379633
0.943736582648461
1.0613822007912
1.03938962172818
0.994257053212498
