-1.19388583526564
-1.09393813535878
-1.11610418222822
-0.885641102112775
-0.91976634771433
-0.938671876481987
-0.985167018721448
-0.915226687596786
-1.14415662552213
-1.01684987674299
-0.999777048566059
-0.976038900856085
-0.914990005636535
-0.851220957869917
-0.931716151817406
-0.976822481854623
-0.977013621578395
-0.988281002536861
-0.937958764602066
-0.89552589638767
-0.93078719243104
-0.981440347675099
-0.839339842388383
-0.907838890210242
-0.970186845302063
-0.823678116486283
-0.931394546712747
-0.871559019401774
-0.948902777650517
-0.955927085960383
-0.975504553298107
-1.03062453979293
-0.919225389090442
-0.909291085226043
-1.02960699801264
-0.941423383774132
-0.908617691304478
-0.925022800374269
-0.828290109441411
-0.802593449084569
-0.896875582435765
-0.785230931609754
-0.792756021721511
-0.804922817616867
-1.01615047744583
-0.89720092710347
-0.892586151261455
-0.950365343242322
-0.905682911992948
-0.855292651343335
-0.784363355419994
-0.984650839617686
-0.874956264882163
-0.860979325429044
-0.90514265272787
-1.04499712697136
-0.926593304420662
-0.935544251810045
-0.954821136557357
-0.929660453403082
-0.708586463100699
-0.923879915097642
-0.908060568511344
-0.751549742861376
-0.819393379219923
-0.705695574895275
-0.872739141404528
-0.847169620053434
-0.83033277777517
-0.813514962645927
-0.855647947557719
-0.846768872132427
-1.0469545634145
-0.966853360088279
-0.959341579522242
-0.937169244229112
-0.843447488237142
-0.716501950908207
-0.739477653231855
-0.831180223499332
-0.849035639620794
-0.824268997006267
-0.864019595358442
-0.825543173478727
-0.807291657743227
-0.73490590886973
-0.814368179494163
-0.892503369243665
-0.860020076237003
-0.766001076035318
-0.728121884817793
-0.732298344965636
-0.770201533377686
-0.627592568868367
-0.793990077962318
-0.922651675890727
-0.844031640805812
-0.718367362401898
-0.779345245993186
-0.720011671041794
-0.871181376129473
-0.801235293948386
-0.822885492753721
-0.881916060472705
-0.830439886654519
-0.870195986237078
-0.782076004328925
-0.7933967833875
-0.812858682923795
-0.791456528375188
-0.7946659306072
-0.813190523522224
-0.764546188615079
-0.620475577251848
-0.785390551421968
-0.897733626371572
-0.64863326661428
-0.70079662404781
-0.657696437488935
-0.670186620191695
-0.661615488655177
-0.783617050023919
-0.702537350822945
-0.796969371955266
-0.699890277442458
-0.684364249213112
-0.715599171945021
-0.578639087007668
-0.684728019040471
-0.78406224794595
-0.682169662897166
-0.871094558384204
-0.608646036306388
-0.610440130301311
-0.719422401369611
-0.802621213234178
-0.744581927709376
-0.73601131620699
-0.643020783583163
-0.747402046572411
-0.690556980595366
-0.77735541825704
-0.808768906682662
-0.848616842926842
-0.626123655257454
-0.770049630716586
-0.620399797922888
-0.764708201785876
-0.760090714658496
-0.729524205535523
-0.552133975516462
-0.673505280430785
-0.767056174102815
-0.602984192976557
-0.74723855621171
-0.726636091489225
-0.578996403042017
-0.708799379111954
-0.748989936285202
-0.762636832342284
-0.696883985747773
-0.783342320347666
-0.591257447905794
-0.598588474343261
-0.661656188156311
-0.578298281811631
-0.564441654492959
-0.717598483637415
-0.565389554815624
-0.743562881199802
-0.70844896656926
-0.6622784606405
-0.735220291402165
-0.563363743703675
-0.710097736821801
-0.655796188615588
-0.664252535897909
-0.616974193258785
-0.681049354246857
-0.659905175300347
-0.703621595813253
-0.616852399622654
-0.598294912355954
-0.574680942564739
-0.669956300027052
-0.622477491108411
-0.60400988090073
-0.660917097373643
-0.672980312276836
-0.852121055146271
-0.540013361549879
-0.659671404912772
-0.630845595599866
-0.64326359962028
-0.660765400767975
-0.671401700282032
-0.543164677544474
-0.726441703155551
-0.551762221917807
-0.585537283513015
-0.591518310921316
-0.701072381722421
-0.637953867457377
-0.644933586321964
-0.61421747090256
-0.67708645189497
-0.431207353326023
-0.507702078604613
-0.753217543864801
-0.657632796130438
-0.570103539685017
-0.481327383998568
-0.513018115783522
-0.516365432105001
-0.700514539379917
-0.420798318862622
-0.402235421987952
-0.704235792452988
-0.610572702152633
-0.572209166761729
-0.511132050960339
-0.483426994090564
-0.626851233849849
-0.384344547180478
-0.499316661267708
-0.622624923619402
-0.688358891963136
-0.469468935940673
-0.387248736230311
-0.445751157555034
-0.627722039005869
-0.558284887911728
-0.36667214330079
-0.574720353173588
-0.51435545016922
-0.556894136427904
-0.582743666630858
-0.419712457172512
-0.579096065963327
-0.53392112872252
-0.554587533377403
-0.38691851061423
-0.558862351602079
-0.466782470418438
-0.380873286596862
-0.527512077029264
-0.574762418913608
-0.556322516501382
-0.438375793737652
-0.470315776331951
-0.56585255887765
-0.537955228597829
-0.546647473866221
-0.54120618865762
-0.657605139242487
-0.465641988361448
-0.413807238422036
-0.387442282587831
-0.473921480765068
-0.533464993623775
-0.474519250988834
-0.402602755102936
-0.523414126270896
-0.391356406723742
-0.484221816265344
-0.442840913064009
-0.471515270977656
-0.47649012292284
-0.361862157453193
-0.328930742039728
-0.497466937489415
-0.550285351784462
-0.463509004037211
-0.303913529742938
-0.472220521404734
-0.412053974213391
-0.385336522251406
-0.512781798651007
-0.537644095685136
-0.462230488751236
-0.316844374490022
-0.376728224076387
-0.538417240487406
-0.408296718743866
-0.383113644213226
-0.366210073928715
-0.457948706194731
-0.46718763972215
-0.318153547790104
-0.350387063266979
-0.415470894170984
-0.554332793569828
-0.410561295024088
-0.415278301421837
-0.433851726409905
-0.327340601466773
-0.537604023118091
-0.357245141547968
-0.457424770458529
-0.494150465627048
-0.350677939314577
-0.405219703124767
-0.352411402312166
-0.382764091764929
-0.237132367100728
-0.244617893490497
-0.360011552404496
-0.432326847225429
-0.299655262846333
-0.465044917935136
-0.326001363430985
-0.578156880949428
-0.48226259425361
-0.266385356633389
-0.39719252766347
-0.294612594505091
-0.398679618308615
-0.547987704553978
-0.269212212217156
-0.287579624935178
-0.308172080151844
-0.358567761424398
-0.215143931140433
-0.214826861592754
-0.317369582812663
-0.304260098780506
-0.362892887632375
-0.313769670191085
-0.473409244129633
-0.338335020165832
-0.344491813281339
-0.312326975303165
-0.117010426087089
-0.402008957420714
-0.448569673963516
-0.433746913894907
-0.353915461482094
-0.390448679715319
-0.29476013839197
-0.404302339570413
-0.289438068912263
-0.404270183192707
-0.32232831278877
-0.266925954304427
-0.321626910314256
-0.295279268047879
-0.429083041168329
-0.296118960707549
-0.263437979286291
-0.290291855968631
-0.480841486445838
-0.346596387062828
-0.25213645986203
-0.212335488424504
-0.293577952323062
-0.332959024588898
-0.2966411285105
-0.349704006279278
-0.18513368871643
-0.324087526598601
-0.242919864674426
-0.40269780755625
-0.348036761904097
-0.337859647196433
-0.282259973439599
-0.368836751280332
-0.276638622539743
-0.227714122517119
-0.150291029821917
-0.151827291374666
-0.165236931734313
-0.298215302644771
-0.307096586486514
-0.215740052646822
-0.303192371630527
-0.158813886706905
-0.266655619198316
-0.0449534234177349
-0.27248271861577
-0.461379343993287
-0.324489219655282
-0.216462308042536
-0.179394373761353
-0.399248050489347
-0.380109508043784
-0.269991847641847
-0.16373412812618
-0.147155324182871
-0.251202304446384
-0.190611705286069
-0.287052782069343
-0.155970269477644
-0.143151058485607
-0.361408451988096
-0.189315058537061
-0.300879415744786
-0.202809732089658
-0.157852938088643
-0.182599098144577
-0.207876514302348
-0.112926288394717
-0.201685575557988
-0.341310417000485
-0.213768945594131
-0.049486313906812
-0.339236435246817
-0.185702479618153
-0.190475199326662
-0.0140470810936639
-0.194444657206899
-0.170312111330673
-0.095460981559882
-0.229868941530954
-0.212316489873004
-0.167294025274843
-0.358712267464149
-0.0977578137587377
-0.299102131886178
-0.144967323451681
-0.0884634727336202
-0.239724604716415
-0.136234571648976
-0.230477979273162
-0.246290784655339
-0.272765964012749
-0.106306721106396
-0.125377953318079
-0.0271578899523961
-0.161178115478024
-0.0543296919344497
-0.242478568378641
-0.291023283975186
-0.217544857009288
-0.175566828038003
-0.239006072210131
-0.0564259096909565
-0.171661478574398
-0.00541467598559859
-0.0809563170709732
0.0398016209570903
-0.0300202938916323
-0.114937865415804
0.0161514078046988
-0.187536815468297
-0.182692162369771
-0.118264060506193
-0.108666748604918
-0.0182126729088085
-0.185865106892722
-0.0922241024745633
-0.11473000049264
-0.00867806356946603
-0.19874528148233
-0.162512533830756
-0.153835756894949
-0.0646283439530809
-0.0800669866767627
-0.0205801159352129
-0.204422190970154
-0.191163592014941
-0.138467738128174
-0.0262407954037089
-0.189486715966955
-0.18156356329788
-0.15071918331348
0.0450116379404352
-0.0872326891193756
-0.0342384293303616
-0.131725194277539
-0.176130802736166
-0.14544429141651
-0.12792805625853
-0.208637942399247
-0.125949598189012
-0.0751238071162455
-0.132519300876761
0.0855206981996087
0.0231688153669386
-0.146133176544134
-0.115262717227932
-0.135864832999397
-0.001425511185548
-0.103048777001426
-0.174616720970017
0.0945428933805184
0.116432474088407
0.0693988253279622
0.0327436918572494
-0.174362307702747
-0.0523160308301713
-0.0262771362552186
-0.0286161171620131
-0.0285503523564972
0.0477785085357325
0.0318696580774481
-0.149946057729322
-0.185364566686038
0.124771770987494
-0.070941341391485
-0.0116790963514637
0.0585128613045207
-0.103027086911627
0.0679500269247086
0.043614432439966
0.0321369625558904
0.0184659441797849
-0.0931821547880858
-0.185265967459325
0.0913070873030296
-0.111934252398723
-0.020830404422594
-0.0256075461573626
0.0538652335834905
-0.0856911641531053
0.0199216789400679
0.199688623353459
-0.0386072267186218
0.0517542964098715
0.119620738840962
0.0746977641416527
-0.0225945752816455
0.108403118963124
-0.00421010178601118
0.0400226594136657
-0.00137220429043858
0.198425693781082
0.144887172576692
0.134162526632647
0.0602980321662549
0.0882838477989624
0.0844484743563837
0.0510848583702217
0.0490860935219707
0.124677521120697
0.0558849227396507
0.113402475169013
0.0424521580226093
0.00986780123735078
0.117502456927412
-0.00387778568475613
-0.0433128712326908
0.134299053875978
0.0851389611896197
0.00566959404888082
-0.0681169881058729
-0.00918121321959449
0.178503962272543
-0.0187985786881317
0.131384510500909
0.0311215350065489
0.0332722586541637
0.0810196972582763
0.0152419620009186
0.168755348436796
0.0942325506058915
0.234865902597677
0.0358650136527447
0.180798129250654
0.0288166749683145
0.164910874329564
0.029463098191817
-0.0944666168659701
0.111285033142702
0.0893840157953363
0.191434430912224
0.244593299167387
0.238547638359517
0.0330430581335316
0.111997955354914
0.230756968984567
0.134244592260239
0.114821434935079
0.12231321943348
0.104657073882579
0.152601984297652
0.126621573005912
0.0323304702394316
0.117185984878599
0.193305628750967
0.0697720991320687
0.343455048059018
0.0349633824930348
0.225501413542959
0.184268307195314
0.164462205634045
0.141794486686049
0.224514636545944
0.114305719607574
0.158261372177554
0.327180063350057
0.317712752465437
0.256405136150865
0.134997379746218
0.09596735355645
0.116477008411282
0.182148323144093
0.134645287190552
0.201420592238179
0.140568396115153
0.280868933437253
0.102227677666335
0.0860063849127579
0.196176778911753
0.179771854058369
0.396966067849605
0.327000274331192
0.186008971536501
0.343028465148117
0.225897214196496
0.222273983031407
0.259002775240277
0.235591491627792
0.220280393447102
0.141128944666824
0.275331285121817
0.313682321685031
0.27379152095305
0.248682501075824
0.355160002781528
0.240373288445445
0.345143532384389
0.205353969748585
0.143791220101996
0.226547591875024
0.273925983922012
0.275280022910662
0.178100647123356
0.351632801892048
0.220513573637231
0.290478868677284
0.305020399935427
0.136647886738688
0.0828531780805974
0.189264092808168
0.387820281418012
0.259626386687618
0.262914886790282
0.300478176686998
0.357413997118195
0.211109721055436
0.0916538233436698
0.38571594406793
0.319588829913595
0.231064320675665
0.368220761631573
0.0728518894568342
0.344932441249611
0.201048948983794
0.24357861001598
0.289352263794687
0.283054466219407
0.260378997564803
0.40401660118002
0.312896237233501
0.38711116483545
0.397347596889446
0.44425737427917
0.19992539148219
0.403736310228772
0.270242735605529
0.342728189996676
0.208273214854584
0.378220953017423
0.198582633819679
0.530882444132979
0.448881591185794
0.290442278205812
0.334707489970787
0.376460400197401
0.356668337235656
0.251415145410747
0.279764588191409
0.314566716067067
0.346645387078228
0.422211347229347
0.40006316514252
0.274258230789166
0.460425321964195
0.434714249969195
0.423513554670436
0.488262820553063
0.499134485503865
0.337798748899818
0.388790490421044
0.547537536529415
0.172333446817352
0.353261694217574
0.441551611253463
0.256769142114324
0.300149641677761
0.237465476395709
0.540041132144829
0.399223317573473
0.302653313724763
0.497396400146355
0.402737319675711
0.398071708900506
0.385579637338411
0.440392526291468
0.352656199861332
0.496288778430915
0.430505468648521
0.448875971142933
0.382915799951628
0.447574219803036
0.369380755710099
0.371862149169871
0.446986020645798
0.405110558587081
0.420383840490138
0.414864841061263
0.291883401056062
0.401088341412787
0.401549984584124
0.492756836141806
0.378877042553339
0.457165798769332
0.385996970308699
0.447207425506953
0.428517666431147
0.27880603846055
0.408394015666805
0.542546319287365
0.485040667469803
0.545281073081108
0.614352803707242
0.438414647618512
0.456948442882053
0.331918341874061
0.537989491457527
0.476110066972402
0.346525079846383
0.549752710068425
0.515807679717025
0.465704632751241
0.600972920320751
0.448122991622178
0.543580709793316
0.54113362122203
0.584470562137229
0.452851176359432
0.569507115718366
0.427029152155058
0.545671995981829
0.406914276934893
0.39690666670034
0.450770288889425
0.73110104554255
0.523692175573783
0.517419293105965
0.449615288923154
0.516693087790323
0.569035154792634
0.559406025349275
0.384863004742875
0.591531225139526
0.666883926787097
0.443161616460126
0.44009702049626
0.431726953513853
0.382639676670259
0.528573463952934
0.565678351487864
0.48346311324501
0.530018654084542
0.506523201432239
0.432626653672213
0.432056220269976
0.49968797008438
0.528600359589038
0.620765768512038
0.645903322052593
0.610653610023404
0.37385074584164
0.4996026315333
0.561062786691117
0.592588298849618
0.598389168992831
0.424303026518953
0.560702631589418
0.634733062990374
0.606103107485349
0.572922292837326
0.641924020869464
0.556528825458345
0.53581460096919
0.620103020176385
0.560217092828335
0.671820749064764
0.55832371970976
0.600780350179665
0.402714253142804
0.46842505384008
0.6027615994577
0.536216388224733
0.614474625560414
0.53470265562427
0.570902495118988
0.529470915407241
0.551854518681358
0.60511311159393
0.555880939840168
0.445795843505955
0.828545942311937
0.656720403061386
0.586665461644113
0.601917376576153
0.68681770798007
0.516586432054601
0.708192605235349
0.594340839912119
0.600234646816484
0.586854652631626
0.635053790961542
0.616135585432353
0.640713205484511
0.73108389153308
0.572149651712523
0.723126734598725
0.547382409418626
0.603634337400039
0.698754808205892
0.60121892294996
0.568659641792133
0.762986129524978
0.746662374722901
0.610292079025142
0.647396417312038
0.674637951969147
0.697529196550105
0.722191510356564
0.656369940407683
0.756387141989061
0.774700157490016
0.72656498338106
0.582637006765675
0.583582946352479
0.720039684507624
0.735786884734122
0.735666092627217
0.65995102478364
0.524955941953941
0.628571568150076
0.779481918571999
0.625735204598083
0.706928728551494
0.687837426557245
0.813993706950082
0.653173786247955
0.618256886057483
0.573291882019229
0.77282756120954
0.745209701067132
0.614143096085953
0.680040490167519
0.697679074355607
0.679205261000103
0.709008098195656
0.648031607773465
0.726097485105499
0.590603077869612
0.883465954159211
0.636423871320479
0.527835384450386
0.781848189623725
0.75061371335579
0.755615885162839
0.68488102111499
0.847275892125153
0.713016560037005
0.733771351166529
0.6936924204553
0.737762265176557
0.716359384241542
0.827605961545064
0.859659189045886
0.890852296153848
0.739699882149969
0.673283694132241
0.576842340747
0.739876520138195
0.727356485158429
0.825632700714947
0.747574360377923
0.71072071412255
0.886029262985107
0.687000338023133
0.865013898977803
0.777520946333273
0.658835704858917
0.846261366091564
0.733291510953484
0.947201632301613
0.753677323854722
0.654287035172663
0.830325478179827
0.834239082923187
0.704971170571806
0.756249947005737
0.743131555283224
0.85893023992873
0.749236776194913
0.799805671485643
0.675000555744138
0.644509155936721
0.876902694969752
0.842393838157488
0.815199355130987
0.850409351441483
0.852189489267357
0.928112884979608
0.827884930257297
0.779541553579522
0.907581133241205
0.961888236127747
0.753440329145956
0.907170984235521
0.671579623979706
0.755731527201349
0.840137586420953
1.02749954211557
0.75399987967186
0.875541257552279
0.820623422089651
0.675802298599152
0.831938095706159
0.914092943814001
0.79170565754617
0.773334253756476
0.867772914531019
0.86369240405424
1.01365449298744
0.891773577379034
0.917618202246656
0.882146900929856
1.00165796417896
0.81264005352722
0.83927571910383
0.964962513026936
0.765887906760832
0.961585410477366
0.940234830230841
0.698020694419383
0.874089441454426
1.02459576090642
0.891951806778655
0.737622196577307
0.957600032786876
0.789777524497262
0.902677286933722
0.86772135949698
0.770807129225876
0.860578650321848
1.04803321622726
0.834795207268381
0.808441579876957
0.983263786602538
0.945166792874585
0.898659712023576
0.966273942871386
0.902395138776318
0.882789671030364
0.916373830196595
1.04465665329676
1.01429956037312
0.854292108298146
0.917879814899989
1.07495932023877
1.07093501892941
1.02797049398655
0.970943507610983
0.94272574121484
0.839090846201089
1.03858394767069
0.99119687391727
0.888855953089474
0.795724641272855
1.04077992877631
0.995499210860985
0.781989595749416
0.77012881251638
0.821901374054807
0.956595705925312
0.844398340137679
0.973960220651907
0.83166209722464
0.983769491136987
1.01036860398667
1.07899025025911
0.981649844166995
0.994357669168223
0.998733837923848
0.989701961169375
1.02130239113934
1.04322831293752
0.975625725101917
1.05059837581701
1.28360776733251
1.15770049145908
1.0018878701442
