-1.1953106167315
-1.0995258893478
-1.10280643514075
-0.895285071053373
-0.936768427568585
-0.94634818680865
-0.996417420462078
-0.913061535618774
-1.14367781048331
-1.02419832309719
-1.00284187438581
-0.986022822293017
-0.920878457452861
-0.868334815909356
-0.946242040389946
-0.960337778068107
-0.990897805254723
-0.979198156919575
-0.952555835370398
-0.8954011700118
-0.922943297374617
-0.972008782543301
-0.84649984143746
-0.900235864216969
-0.980557154920919
-0.810284222008759
-0.933292458191309
-0.878999648467123
-0.941185442441109
-0.982188747625349
-0.95906960292192
-1.04062851210283
-0.915539556974887
-0.912837068702036
-1.0297364251631
-0.936953385137048
-0.913746219359056
-0.926555900457978
-0.822029424116633
-0.835946844395812
-0.905715400104922
-0.80454015357945
-0.778727489986838
-0.800717028776065
-0.993450931819846
-0.895636237878958
-0.887179550827367
-0.956317669097129
-0.89068507164894
-0.868034334978507
-0.782919485280438
-0.995437160424774
-0.872678680445254
-0.866090237428812
-0.914425479475538
-1.02272079019538
-0.908222897665825
-0.922714004114075
-0.96714538679334
-0.922202678668582
-0.71829734708421
-0.930509434898816
-0.904721528962161
-0.766160117118155
-0.787944644070888
-0.705763693782133
-0.897667112501484
-0.850219489864679
-0.830067721318344
-0.827058662334057
-0.853794625371562
-0.833464144387648
-1.07724527651448
-0.958167652405451
-0.950937634673995
-0.940000895636408
-0.856638218669788
-0.733030307462857
-0.759875857383178
-0.829698339026176
-0.836896224815136
-0.831001726803268
-0.880043399956663
-0.84196589234916
-0.773722665300293
-0.743500747142787
-0.821682563498854
-0.876114496025599
-0.870920082456721
-0.79241976763924
-0.719263923952512
-0.73783037179982
-0.734563457887844
-0.644671412813988
-0.821724467502595
-0.910802500333404
-0.841963377656045
-0.718745235075474
-0.798175163676334
-0.733403187766369
-0.880764592688196
-0.796500904585711
-0.808127195191004
-0.865620078717593
-0.811379175605624
-0.85869013253315
-0.771047188532278
-0.789981494500254
-0.819232399516155
-0.767568356588621
-0.797272087641802
-0.806268092508112
-0.779508665454961
-0.626229900634492
-0.790570162486406
-0.877180002444807
-0.654402364337406
-0.720660628076831
-0.633605724342262
-0.652816741072868
-0.662492540342291
-0.791561187290588
-0.71237490777626
-0.807191711969644
-0.69591192201314
-0.674988561024933
-0.718568397295837
-0.569273767344769
-0.679286501856843
-0.780934319381708
-0.667712032896726
-0.8865116947536
-0.621652626323337
-0.634182847854439
-0.726602140326747
-0.806022025757737
-0.754172388896749
-0.715775053151516
-0.676614589088027
-0.770917866640979
-0.688770031002961
-0.762234780979771
-0.78120654648203
-0.858904525964853
-0.624307570269728
-0.767539911187355
-0.624150586366897
-0.76858674989088
-0.761205478216929
-0.731660670574951
-0.54465153029093
-0.669984108343537
-0.767499056039509
-0.588703352450791
-0.766084528929491
-0.710887890683347
-0.600115491279311
-0.73317187128776
-0.762710057729596
-0.757849762360583
-0.692103827086753
-0.779759431567484
-0.59116933909372
-0.609713011984191
-0.700689541148795
-0.571755248149524
-0.559136250379749
-0.717470444104515
-0.564388042654787
-0.757692368233469
-0.717027660936393
-0.642133497721608
-0.740538541077913
-0.573399347673814
-0.71496056875678
-0.660088987345205
-0.688055778825785
-0.603278200881723
-0.692268848853173
-0.670446474407154
-0.695132310476065
-0.620731197663999
-0.587348630958554
-0.583950215150524
-0.672216759401954
-0.646053747784242
-0.611704738352979
-0.675422083545583
-0.659926706124627
-0.826861777677111
-0.530857710301071
-0.674200784021557
-0.64905498257957
-0.636623403536062
-0.639706305719041
-0.655846532798287
-0.566279969875622
-0.725487082912517
-0.554484190082943
-0.592728636777844
-0.597201115309905
-0.708808045364667
-0.621783151266638
-0.64073917387129
-0.619154560799697
-0.6501835190033
-0.432432805815349
-0.491663777361164
-0.742011200355533
-0.666552193236407
-0.563951129466694
-0.461570558814547
-0.517612358099606
-0.531785603847635
-0.693344919550018
-0.40536118097605
-0.432387288608541
-0.710127569839232
-0.615217182363889
-0.548271701901185
-0.529867202381511
-0.483177673643364
-0.642514114628385
-0.424087779985207
-0.489688885325612
-0.640843779587082
-0.680541943239384
-0.457345723536407
-0.385848713129753
-0.443990977860525
-0.629348586260078
-0.552528465975522
-0.38130757881572
-0.580486490145182
-0.524311752028084
-0.562272443824519
-0.587011850701337
-0.428663932509869
-0.578921629986649
-0.506426820907273
-0.571329193274511
-0.408253860037993
-0.588368011304387
-0.483895380370352
-0.373779358236426
-0.520150248544633
-0.569088294169349
-0.562942134187414
-0.423115079597539
-0.487937263185671
-0.563031075554551
-0.517561107711702
-0.53061532007618
-0.546145351477211
-0.669815182526397
-0.481822483339772
-0.419719856642077
-0.367834323363639
-0.467277283461657
-0.5481380741254
-0.47018113844873
-0.424385868784467
-0.534543744634102
-0.384783124420675
-0.492188560679806
-0.420663935712991
-0.47281640436992
-0.48144881452777
-0.375164076804608
-0.375582097464761
-0.481376020281895
-0.530316980490629
-0.487096557627722
-0.295824055022276
-0.460881459374833
-0.425486496256191
-0.386231361954801
-0.50468725133608
-0.561915761795428
-0.460793236948543
-0.331128803789675
-0.371176526454591
-0.535868460138216
-0.412604859100636
-0.380120020669058
-0.354200763910206
-0.455012580672938
-0.46551353396645
-0.284248280514202
-0.351918346885418
-0.404152493487879
-0.560019626885721
-0.393553590375148
-0.392401596105372
-0.439572215704493
-0.298232182727162
-0.52538749450882
-0.363064465251862
-0.492949051461617
-0.472959673276224
-0.33146847671265
-0.395075923230398
-0.347931592223878
-0.389450141994167
-0.21297198292348
-0.238158444818172
-0.354907085767072
-0.445383145842106
-0.300699896988875
-0.482308845352195
-0.346623206557028
-0.550593777242517
-0.462465510636858
-0.270464755468574
-0.414122140719416
-0.282249030360408
-0.384890117807131
-0.523747992149217
-0.274411728569667
-0.292258140221814
-0.30425698054273
-0.344973396049637
-0.247084185843859
-0.22439944114671
-0.347186809248961
-0.330545923083599
-0.36947493053709
-0.302853149271893
-0.472537479556889
-0.335721373997498
-0.334105551377335
-0.311395453177709
-0.139885815425243
-0.417284950238052
-0.455995047314222
-0.431198780352069
-0.337680996585797
-0.387745414947241
-0.28526951371363
-0.390728097035593
-0.273801378965831
-0.417499773720707
-0.329993136453393
-0.272363870987889
-0.3421235547478
-0.273769696061409
-0.40740690871476
-0.298020479255816
-0.257078218579987
-0.264525077002485
-0.488261367500996
-0.345664983758616
-0.255782668410642
-0.206681154791344
-0.299325030804005
-0.339303696135765
-0.28098605862105
-0.347295235490422
-0.196422236785287
-0.338649751426812
-0.240241565730997
-0.398719670592373
-0.337140713964816
-0.331782473078805
-0.280716088223187
-0.389896801392534
-0.292358153735747
-0.248360269390495
-0.141340201626119
-0.137033421658251
-0.164934357244666
-0.30989672577535
-0.319330344095255
-0.223676246280242
-0.315118620584506
-0.16283919033768
-0.259593119462282
-0.0488440436111005
-0.286862066512593
-0.438499258314965
-0.316732734703185
-0.222834356904689
-0.177737545381266
-0.382705676896219
-0.367636063760052
-0.265799868157808
-0.149384977329772
-0.144424551302752
-0.254038165959418
-0.16859065229411
-0.273039887704334
-0.144758730981529
-0.134971859041518
-0.376972059222848
-0.171465830247099
-0.302244492703367
-0.165853434505147
-0.168737890433013
-0.179165181505194
-0.219229767173399
-0.0970494722424032
-0.203731872410676
-0.324138016039573
-0.215486567917089
-0.0551835529908917
-0.340236998421133
-0.174056109681163
-0.19553565193839
-0.0174932974117164
-0.206394831063099
-0.178743462860024
-0.0736188945924481
-0.265163994565853
-0.196588355122125
-0.149752509689829
-0.36068583403133
-0.0982854917814329
-0.309841723634586
-0.138572027903289
-0.0952364950263773
-0.248524429258506
-0.132885705895387
-0.221330760933284
-0.253223922604703
-0.260686534657665
-0.0986228714050711
-0.129568691126318
-0.0134252485909246
-0.190653239052796
-0.0679258188289554
-0.22500454509373
-0.275182696451066
-0.232704076339897
-0.171384608631214
-0.249794934414139
-0.0677706113776894
-0.170685097350269
-0.00441303650646133
-0.0760809391776025
0.0250041823467113
-0.0223250537223067
-0.0948290979616296
0.00144873234499509
-0.181597223046871
-0.175028126563334
-0.126272669840463
-0.117351724702451
-0.0234741193922493
-0.19190181156373
-0.0776182242271526
-0.132553119094948
-0.0311706602434252
-0.172774861746138
-0.19403093935841
-0.16067902830543
-0.0794012647911757
-0.0832831917662393
-0.0283677425177076
-0.19023936022471
-0.187759221804032
-0.141544138801238
-0.0415674501147277
-0.16646860873355
-0.185960600599242
-0.158223137219429
0.0644564147492839
-0.0898606609048414
-0.0701770989570759
-0.138673533064392
-0.170729680458162
-0.154836857473111
-0.152769107068261
-0.206856091106433
-0.114914755827378
-0.0698551217982399
-0.108531485922978
0.0861369892250223
0.0255440919973268
-0.143405988265458
-0.0990171140838997
-0.137135222513926
-0.0289866010166265
-0.102992643375151
-0.19553061266719
0.0927885232835134
0.131930696599045
0.0598561536572907
0.0367225473957146
-0.170578567738117
-0.057040230934932
-0.0272417871015616
-0.0409555205796119
-0.0144690922961178
0.0378177189071585
0.0282010805789315
-0.117675647963177
-0.183034436281996
0.106768882367762
-0.072044971718676
0.011129961902222
0.0465915511157193
-0.0913078621203231
0.0436875719961342
0.0430664663825592
0.0168528144990062
0.0417647928012035
-0.107032340680589
-0.183202117832359
0.0893049483791721
-0.11314448077415
-0.0324981016520104
-0.0220535474178175
0.0686062828702187
-0.109611017345292
0.00911953132915421
0.182352438243843
-0.0433069969454947
0.0488952099537433
0.137854146719585
0.068684786699749
-0.0107726861801522
0.122289994123875
-0.00701645962191792
0.0504790448187682
-0.000102315076508877
0.20888715978016
0.126091190246075
0.128338754770553
0.0568629755682981
0.0827254001387971
0.108325465842822
0.0543250270073421
0.0401304108956744
0.126958623417736
0.0606805599523065
0.120370372742863
0.0413408380427255
0.0150765403009235
0.0924182264577372
0.0127309070871419
-0.0172813061202043
0.16624176340142
0.0976396689705358
0.026585340618654
-0.0601592454992215
-0.0073321573873619
0.171973792426104
-0.0200820058865055
0.145418071229763
0.00791509212140415
0.0252106769163117
0.0862857316185019
-0.00378253345704901
0.18916081563078
0.0641184272397051
0.233270902846282
0.0368449111505736
0.178539721449371
0.025809692237076
0.147444215705144
0.0412266432117709
-0.103096744418102
0.114706649175955
0.0885415536615767
0.227004269827675
0.237942599508976
0.244737968614809
0.026338669936842
0.130187163012269
0.258365807900775
0.140619683572605
0.0988328136126712
0.122596069043889
0.0971270793904153
0.144689311411171
0.144278879128499
0.0241635874415999
0.127777056474207
0.199191762519423
0.0862558581614817
0.321541174734663
0.0481220197282298
0.201738011616342
0.213724055932883
0.155806813371885
0.113685586673739
0.207013308350558
0.117742706905169
0.168852507503017
0.307694805453671
0.319754463680446
0.260864451059229
0.108133129203966
0.0908328346649437
0.128011499907437
0.182737698508729
0.12982540854108
0.202593927804685
0.145638008902204
0.299088625489018
0.116285696439978
0.0733825696722239
0.214925371335197
0.182243516346862
0.384702527875571
0.317076919493117
0.184049534742374
0.355189435807173
0.227068227570196
0.231627530210782
0.256375049478471
0.215699994582188
0.222686036341161
0.14517692867398
0.269952312865553
0.312214379471455
0.288553850959451
0.229690062143347
0.352877526350636
0.253466867741267
0.34804370476701
0.223518201696467
0.152780856099622
0.254069524679363
0.273030443516618
0.271229038109202
0.153944850437498
0.335605470019003
0.238695234129868
0.291182360848325
0.276836309626192
0.124743447583096
0.0903353068225966
0.176632684651519
0.399224661007892
0.264488549990727
0.256450672366946
0.291707208484469
0.345947893767237
0.231648846772172
0.0846766810710654
0.377143395080602
0.307909404092162
0.206852308071245
0.381604738157131
0.0721011908265635
0.327401402252214
0.182920058240565
0.245769739218545
0.276969166483939
0.277913402305059
0.26628111969832
0.397050454812546
0.32437975611758
0.403651016707339
0.398863014529175
0.443718545754282
0.224578976774029
0.400303931992924
0.28343028275441
0.322305818102097
0.203088421887363
0.382894424695594
0.211957346118423
0.507692882090896
0.455544842145829
0.280809794630638
0.331768519605657
0.360337360231427
0.368058218944301
0.244566266175993
0.258582946991739
0.297067675215024
0.349543389208707
0.402535563313843
0.391796600230091
0.271887371806368
0.461466861664874
0.456617074329159
0.419504742291065
0.494388957706183
0.499480049333136
0.334741432262541
0.401973714892904
0.538147801456468
0.170388178146943
0.371690536378267
0.432538826647018
0.25579355854135
0.313478889166132
0.236646028034488
0.537682126564712
0.396243185684631
0.309367547668791
0.493258739753066
0.404006947559115
0.395539232057251
0.360040274199064
0.450248907020634
0.343469256565467
0.504555549583421
0.419938457316143
0.441137647646691
0.402651594315281
0.450449457519926
0.355688124480863
0.379808135947983
0.450389073519397
0.388506014890165
0.399218010311425
0.414283631564006
0.295323431896096
0.39193802952023
0.396609309823002
0.47965378690352
0.401603653612436
0.438580809628754
0.368155550944833
0.43746053803495
0.433604174757911
0.277145155714898
0.398310858124897
0.535041940381601
0.459810992944155
0.546361224564977
0.623856413558251
0.438057789600559
0.461318586481924
0.328908507901807
0.544162498487561
0.470853305738924
0.33365574868654
0.56234828962908
0.50047406901601
0.468957659765661
0.57977466215982
0.464703946194971
0.517943276399583
0.543906832568856
0.575350812351478
0.432345781777075
0.5707698193406
0.415815629911681
0.557156286169618
0.417901142645933
0.380307156654902
0.444552789243026
0.737003144132076
0.504887050592755
0.512213639278164
0.441924551716774
0.527519241573105
0.556571426464593
0.564409670321197
0.388504922033136
0.572210525821343
0.677143062363587
0.43560610985836
0.469688760549802
0.444716592305171
0.367183335976376
0.543128803263792
0.554460797878039
0.471847785184581
0.517375200136165
0.513368332991925
0.441479026638701
0.415347861850046
0.522038241009679
0.551859663304862
0.5967877588417
0.66032250693721
0.606477659266722
0.385708308476059
0.503286200701109
0.572710764956372
0.60096623426565
0.583076252354101
0.440484518763185
0.565285248486163
0.613744198907618
0.611968349024618
0.55645780437467
0.643249999041638
0.55354968294344
0.539897831079185
0.606844520073608
0.567171285973652
0.663497451121243
0.552624164380572
0.621047441401876
0.37031612780944
0.451217750496815
0.580332582009412
0.542391000879214
0.615063835124944
0.532333373104169
0.569068241206533
0.538002913060306
0.559038919011575
0.619026821050788
0.5625088810576
0.452340235165989
0.845876805208436
0.663927102457288
0.582525463730995
0.577710268520035
0.693183605110296
0.519883389518357
0.699451975173373
0.600267133545291
0.586360488003467
0.597321350058634
0.63277700185148
0.618341271926604
0.652965949719765
0.732215809437756
0.561090829599011
0.729436658149358
0.561409694245691
0.597826614332711
0.695097757134047
0.600274587837967
0.596912693752194
0.776628874283443
0.741687971932896
0.616649143891099
0.667868325233774
0.661098278704213
0.716981799084935
0.70439084763993
0.670494502383958
0.75193190194594
0.779463072626582
0.724416994460458
0.565724660465905
0.598515093790104
0.68761654902464
0.74933973774983
0.73286543144842
0.655358373232324
0.525077850575565
0.643180453513985
0.779447540655777
0.624543099272499
0.699469282579946
0.72313492918303
0.804069226687236
0.651176178277312
0.628533545975264
0.585748780062357
0.778706852324511
0.762935657008901
0.597684575158308
0.653505345209727
0.680944648144988
0.698803805414229
0.713623565524457
0.663825124362266
0.714452044173518
0.581761021863649
0.88238115675917
0.648284054642988
0.549544817152765
0.792204959265988
0.733535000572015
0.771833894153743
0.697551988812666
0.875775193656683
0.719325895569732
0.735848053739819
0.694355085701688
0.738219038970973
0.709090080008757
0.81791415776194
0.88759942137823
0.89500328959526
0.751245426608623
0.680323969956623
0.564524627295404
0.717660570769694
0.721422280815175
0.81433768128342
0.757577205460005
0.705401243051875
0.884360768519069
0.695380859204692
0.856107650402466
0.77412095429464
0.667950080329673
0.845801028370179
0.721172793716842
0.946117263682353
0.764713829534324
0.668453571488837
0.837652200008612
0.837257425320603
0.70728688005478
0.758896031408845
0.749648367759599
0.861279107167175
0.779897385737371
0.818982512592832
0.684477381278701
0.658887041575611
0.865059699895821
0.841332160861374
0.816579355401495
0.852366991286013
0.84442005609978
0.913932829502181
0.826413017903436
0.782284738014976
0.895702703083443
0.95529531237577
0.759607753764544
0.905282312855431
0.671495025689389
0.743318595036941
0.833376627834378
1.02509991842602
0.755408869890413
0.883598482842539
0.830333316839554
0.677032407220307
0.848777342796271
0.914760774345566
0.769298063755141
0.769773674953627
0.902987556735456
0.872556537343571
1.02602971009679
0.889247748868613
0.89821907404598
0.899612955668052
1.01371591098907
0.816415348288499
0.865871375027576
0.944469767852855
0.767074633567218
0.976707273362454
0.95163922700422
0.683356652790159
0.884379987547522
1.03846324075917
0.922655746081917
0.750899702324818
0.932952547626056
0.800188204468429
0.909224519571635
0.869353347715402
0.771755836770314
0.847471758549774
1.06771089657303
0.814858888857929
0.81871625666776
0.972590515397306
0.931959420639252
0.876475728423246
0.960179140453159
0.894263723058696
0.908675795434943
0.919194729696614
1.03499266423171
1.04968401367625
0.831909022589483
0.924232064622708
1.06692451255033
1.05748244573294
1.01927393446328
0.973565417033813
0.947551466089884
0.815731355583812
0.998191212569215
0.985699951557403
0.908097460694267
0.79937748013294
1.01416453894146
1.01667059156501
0.792919010376427
0.769994935532553
0.819087810454783
0.957345609775558
0.833772663275795
0.977927921110789
0.828404064567404
0.999143604364481
1.0096909663433
1.07666384985317
0.984534018761429
0.979005848963446
1.00538412585583
0.954821906203321
1.01051241331599
1.04130851875332
0.968925391494726
1.06092302114587
1.27321096414712
1.12857300425928
1.00826806487185
