-1.00665393254267
-0.870730192543488
-0.950860152529271
-0.927791858523507
-1.03194882499938
-1.08378585909211
-0.956555811684129
-0.832492345546948
-0.916228802726822
-0.948051448211879
-0.982117277235814
-1.04661187761712
-0.967118631409199
-1.05656046449313
-1.06934490432606
-0.947686489779057
-0.986829363248881
-1.15647350193117
-0.978934081042822
-0.994111172978223
-0.976379028986836
-0.940737142137773
-0.829289458936464
-0.929136432076206
-0.859172788738565
-0.946648800262395
-0.892991479510309
-1.03019524282649
-0.947759704569519
-0.750142762033273
-0.89874149288594
-0.856655262573857
-1.1424214666921
-0.884158689380921
-1.07567383400269
-1.03092868638188
-0.842102754637446
-1.08265541442993
-0.947628330453451
-0.798682908222616
-0.942493989816454
-0.876479382059176
-0.701933495744583
-0.744001830715759
-1.03603366673518
-0.830027025506846
-0.987277696351121
-0.984714218949146
-1.08266172056923
-0.786492152561093
-1.1206377333893
-0.965658447389407
-0.954236725576182
-0.706091636409047
-0.935459101840183
-0.814066149930317
-1.03306986999814
-1.02498053336092
-0.768624944576465
-0.931605062354212
-0.79571278981222
-0.967437590545093
-0.840161954958567
-0.854099700039239
-0.827057174758088
-0.813847541684089
-0.817776542165058
-0.926545509099827
-0.814071219566937
-0.810801457018723
-0.901678490824087
-0.83897354477857
-0.939355148682832
-0.67175916716904
-0.761565679892147
-0.709593073980214
-0.848585109932602
-0.742163921396073
-0.847745309341385
-0.815938784132393
-0.843784712374552
-0.769679204332896
-0.891186775888789
-0.736372663078822
-0.759431242347228
-0.678670003691966
-0.730357776444371
-0.999472501666093
-0.854588083229053
-1.00718694848631
-0.842481910812674
-0.798358025557002
-0.90852782084878
-0.786922416633608
-0.799026809084912
-0.670787698925909
-0.781683719827009
-0.906989567831483
-0.705460737420277
-0.80293781502206
-0.778805450925986
-0.841290045921938
-0.857624813910351
-0.805102522439127
-0.823579719631242
-0.838719538269161
-0.795178076366096
-0.963858342621539
-0.746563640118311
-0.763634074698903
-0.79520207680423
-0.833946735430098
-0.689118720490307
-0.802439097320819
-0.748641070382186
-0.66037380891118
-0.788620502280516
-0.614316120371002
-0.754437512334325
-0.678704294713777
-0.745595666201222
-0.828786433098639
-0.729284677584981
-0.852706157491172
-0.672751716876937
-0.650370046846018
-0.779949651098821
-0.757687651000627
-0.853387202387766
-0.671952836949064
-0.562213563036485
-0.753097605560753
-0.651900238511951
-0.883877634003997
-0.500882331549576
-0.743520410057233
-0.741209693764827
-0.783863170398696
-0.657057449853483
-0.657630576349961
-0.567730857343815
-0.566840216357498
-0.685825059745328
-0.671901151905863
-0.802548441267852
-0.803498174802387
-0.743801940933042
-0.723880125819279
-0.676104714738956
-0.860591169098389
-0.709661884320145
-0.740194881908234
-0.699015540941041
-0.799084233113873
-0.649371936907543
-0.619644065111173
-0.766772296549171
-0.599346662176938
-0.635760545155347
-0.70080439017342
-0.632892435022917
-0.672987873581508
-0.744260922337856
-0.67526341471052
-0.580177832901811
-0.596362173900383
-0.856595996973575
-0.545683323477009
-0.703456771799187
-0.633247007850166
-0.679778097417067
-0.671227579295995
-0.58514993621833
-0.62710649661647
-0.571356608912006
-0.670037907111372
-0.671655314242764
-0.489623932860083
-0.77685662060784
-0.66239594618186
-0.690600416655287
-0.585712387178231
-0.638388493648849
-0.539850462233
-0.597266774366433
-0.571479290795736
-0.652670169428043
-0.52648300441836
-0.649657197515454
-0.582849049603351
-0.510488991241297
-0.683970536718325
-0.652173096608536
-0.630413671891391
-0.597085931408805
-0.733014948215184
-0.568729543175899
-0.616194665975205
-0.657280772626897
-0.703550893383323
-0.450412017223026
-0.547130099910119
-0.712184693883275
-0.609909041118504
-0.694333071041707
-0.627285573699159
-0.753283000710845
-0.650333760403019
-0.579988502618317
-0.494488770146821
-0.6257156128291
-0.558737843114102
-0.56830801925435
-0.546122442530959
-0.57152289851445
-0.541543979013597
-0.578518892219454
-0.622534050398498
-0.605714719594012
-0.691484125695607
-0.534483752694086
-0.567532668814349
-0.597270794361133
-0.584305175827352
-0.486260195198728
-0.466437192502623
-0.648392290735825
-0.545520864749906
-0.596478361630972
-0.522131311968579
-0.339726409202234
-0.518056464324348
-0.386587178225543
-0.605213669065384
-0.435772605867249
-0.649217870487357
-0.510750441498835
-0.507161506264257
-0.5355433035071
-0.595342411071949
-0.481956642145807
-0.544591206700111
-0.647991778822204
-0.615570015123245
-0.434502341078575
-0.436009037400449
-0.441479263374965
-0.556766420568129
-0.409776755912173
-0.467066701108481
-0.521674917542353
-0.500798143718204
-0.420826551295431
-0.591775705211156
-0.588246429964709
-0.54375800016072
-0.454830250895175
-0.439003241739765
-0.456714484371892
-0.379197300977878
-0.445164890407443
-0.599147214494475
-0.3630378258256
-0.59477772589294
-0.577595675669551
-0.475407743177943
-0.415815595077948
-0.281395068609351
-0.336966623270324
-0.289740123254049
-0.392128294295274
-0.436013730339139
-0.519295705620862
-0.524321092135489
-0.391600328460618
-0.480779106126102
-0.529745580702327
-0.44016377218194
-0.442709154490625
-0.450314778632877
-0.495441935169715
-0.382186113151775
-0.517743973264447
-0.257882379964462
-0.370884043715593
-0.387495051918145
-0.445734214498596
-0.451499348274664
-0.501121592806988
-0.336563339426068
-0.402171929317287
-0.465029559761243
-0.461237871790448
-0.415549567415687
-0.500453245072529
-0.293347747873404
-0.427876573417544
-0.456761827902305
-0.614717188398909
-0.417444659688978
-0.43108813030929
-0.390115511512536
-0.278083332079532
-0.310917023707626
-0.382123504371826
-0.365455126590909
-0.297210046030234
-0.272906683716949
-0.336393285708849
-0.329064361098132
-0.506975209788944
-0.454181243982287
-0.145987277216224
-0.494246368950039
-0.344448158420576
-0.362008733542521
-0.402565846063416
-0.433900232874995
-0.430951509272957
-0.370903213993057
-0.361565638393913
-0.322902520472069
-0.247919448330446
-0.351881194588708
-0.337005196880021
-0.290894101930904
-0.102457285602396
-0.300078956574906
-0.356972595346235
-0.167379483629481
-0.501475097630049
-0.397159140715342
-0.305076408527468
-0.26361088718994
-0.292001843819527
-0.2113067005607
-0.430393138568114
-0.296256495915982
-0.318382111264978
-0.375163644635222
-0.30071014004167
-0.21014046820415
-0.264508570147501
-0.453188230819515
-0.22895754287398
-0.200732729377147
-0.23171969093803
-0.205921370730027
-0.338123081898522
-0.305579636274427
-0.185478896144912
-0.386570627005909
-0.22213843753907
-0.350191278079575
-0.311615258227605
-0.292124106792409
-0.228414992081968
-0.307653016783705
-0.241309134353915
-0.319207620615257
-0.380544068406463
-0.351152213103769
-0.31532032131519
-0.20894960282865
-0.194130067413652
-0.157248255433867
-0.339495056156044
-0.274133309491302
-0.224130619103797
-0.151753531979631
-0.320699755244732
-0.230736329049245
-0.438520192147494
-0.20298743545706
-0.313502466804555
-0.311291719131561
-0.199160906822281
-0.272432890087497
-0.212865352576835
-0.24412173816308
-0.370354241509375
-0.26406658086828
-0.252969234999137
-0.357163282724979
-0.273237305809062
-0.248604076150293
-0.368093166645432
-0.200748296781436
-0.0858020800363196
-0.235335700411685
-0.182913367963375
-0.311212482331651
-0.0707395262804675
-0.153295824729598
-0.299717964905443
-0.310161659994598
-0.126575659292514
-0.216676313111267
-0.372924052084394
-0.147515657412718
-0.201205634808686
-0.225120134639137
-0.214099743675924
-0.25407767998468
-0.304086673174704
-0.12427728508539
-0.0959680400616
-0.31695169837937
-0.115632102490405
-0.157533764961116
-0.127037186343392
-0.234738338379458
-0.162559893331393
-0.248456272645551
-0.233235272698444
-0.0720816920179294
-0.236620493992812
-0.312304942872344
-0.205662475231411
-0.154594914626719
-0.0454860118365397
-0.222586577165025
-0.187079885854036
-0.202730594262394
-0.239357146966925
-0.174807648223073
-0.199418043651641
-0.178914030512834
-0.120190092408999
-0.0777700110838848
-0.147005490158365
-0.118510437196135
-0.230615823626211
-0.0957268865737124
-0.0517337769132911
-0.143944235281348
-0.126208870615494
-0.349222894435304
-0.0868601592073419
-0.202393231199885
-0.061048558509202
-0.158674350365317
0.0261181286940317
-0.0934092573648732
-0.0648551333970757
-0.163341937856482
-0.0968594556696893
-0.153949124749464
-0.0910939347156699
-0.0587975179210195
-0.270219965232426
-0.127382006456356
0.0790460211687643
-0.0679667894538256
-0.0292765973149261
-0.104536953291649
-0.0730090282561629
-0.0534042319793605
0.0364126841677827
-0.0155042160438368
-0.0703942338620696
-0.123618528279941
-0.0472210963813842
-0.00672677965415281
-0.0969693646640209
-0.109788239954144
0.0763079890350716
-0.1652342907057
-0.0262865262423755
-0.0128860830232076
-0.092368139705523
-0.138213969471101
0.0202026610159566
0.0445896795652945
-0.0413082294293859
-0.152435360405364
-0.293113718575486
-0.0730556472579179
0.0544828973438637
0.0152519752424232
-0.00881283072151466
0.0215020371981506
-0.133275729258737
-0.0751743872554108
0.0539217469046707
-0.155722117788959
-0.126698517149978
0.0830795197766256
-0.254959909401566
0.0682318356072762
0.0246510138696632
0.12405344080728
-0.105825592625776
-0.0622585933654961
-0.0717775978234468
0.0728852861363523
0.0177659852553862
0.0454178763135063
-0.20779664062854
-0.128242854083426
-0.0660843194216425
-0.103148618770138
0.0204223839916668
0.0159669926713237
0.0647649610806732
0.0641671783489262
0.00705515844035559
0.1035498019327
-0.199267715429104
0.010152188340927
-0.136891768299769
0.086950821435762
-0.0555906208635275
0.0763947994286933
0.0434625901589745
-0.0325235216344257
-0.0540251487762052
0.0974279922445351
0.023223326021884
-0.0203469914805473
0.0304954834330583
0.16141328999684
-0.0736593956017284
0.0820883667112361
-0.0130549563616395
0.08169231877583
-0.0728551244582818
-0.11799229059133
0.0605362168634564
0.091599494278787
-0.0107995439761383
-0.0725877961516024
0.150675060136334
-0.0139036967584395
0.0742475383311864
0.0351352104264008
0.26357748993419
0.0883559317094864
0.039107642323115
0.0344839423070339
0.166139659200968
0.0304712435171392
0.0398164909346622
-0.0372451038331086
0.015551346657983
0.0507119227939843
0.112790521258082
0.0730233663506054
0.0913181294024584
0.204114154409558
0.069207503895755
-0.0121498572940641
-0.0813419317799107
0.0267915903376752
0.142795793359205
0.105774676567665
-0.0337489640531153
0.174345517715144
0.176286522425468
0.0544658796413092
0.0979265968980666
0.0840633921965201
0.184333877577618
0.266023508154811
-0.0467243467058817
0.237290764942446
0.167112651772361
-0.0906974718641521
0.160301765925603
0.136001878734005
0.0730851451425013
0.168750531990488
0.230228097650733
0.0843993310038009
0.0389910038800179
0.0709688818010197
0.322208840606657
0.259621389153962
0.161159509874903
0.186508674544418
-0.0287349210496537
0.252253920125123
0.234246770691725
0.064948489974817
0.0867587532778779
0.0614848171597029
0.176697591034195
0.206928707170751
0.225484920577674
0.0714931468289097
0.114717189473694
0.298188940211832
0.125797336803481
0.228909238450272
0.0596090854198948
0.189320762855406
0.268795285531635
0.247142270368839
0.165882618146713
0.297602066188012
0.127679763367134
0.324500944609031
0.164801519003987
0.298497954184698
0.193902876196036
0.0129231434522819
0.177241962462274
0.280737701858684
0.292817072776799
0.34879305044553
0.173166640025881
0.205084147999292
0.36701279234908
0.317097165031552
0.284496953945551
0.161932517167857
0.0951034545978719
0.274539815114228
0.280863276583631
0.0217127843937371
0.263324997223407
0.27058894356934
0.18029850366138
0.297832232969965
0.196479951768186
0.290899043535756
0.1194486782865
0.26273406779866
0.214373660460658
0.387772026593048
0.412023697668547
0.237904478414935
0.10247162635766
0.254199026692424
0.264846326964286
0.324958205539701
0.12501620422817
0.412181188319464
0.280722391589883
0.246859110244748
0.153794124238356
0.29119225232183
0.257489194824342
0.280097933395908
0.148939364210331
0.254466758625457
0.282314480047862
0.373551408639737
0.237474039198891
0.325238149335336
0.388086223759028
0.281742428097515
0.410047927493641
0.439210887777857
0.33852065086869
0.35640098248485
0.316748005577248
0.354590426084038
0.402791976218852
0.249131887268701
0.311235862666471
0.29591052706912
0.351172593178594
0.403786857634904
0.536986670433678
0.422590201189264
0.32445460781517
0.330377519515978
0.287503426147817
0.500883171486113
0.302384383885552
0.401163579359053
0.336923876166372
0.447117557490443
0.245624396433538
0.38868224750991
0.21681887093546
0.251029265324915
0.256363115968895
0.279799984867189
0.435783841727229
0.247553441252722
0.341788188338178
0.317767012738192
0.355652963036628
0.469469085816678
0.440099309865901
0.332482505331296
0.391605712721065
0.421647803077472
0.292328322056984
0.383545378644227
0.334592801514719
0.3289419547187
0.432377675071441
0.434195285463478
0.373533189089819
0.488302862140595
0.499253056995371
0.260208728528049
0.422321130240256
0.507081642464283
0.466148538036135
0.419868744758497
0.339068440792174
0.380361060423336
0.375971535479109
0.40527346124377
0.244716418919743
0.447834536909376
0.544964943349318
0.355155100683929
0.447265170061478
0.583321303523053
0.500590236921762
0.46419013708428
0.372019869424289
0.538730292236886
0.35935589458304
0.408462144932706
0.48826893163025
0.318290621414226
0.484130578783735
0.374236393339516
0.456276225716521
0.357954995360012
0.555080577457369
0.53231545195688
0.365437197424398
0.446155159881251
0.492136878012424
0.463120110995401
0.478949335335988
0.548533715585373
0.382665981023417
0.449817472317068
0.484118930243701
0.604035402470705
0.284722340714248
0.487354389359356
0.426980008339852
0.631078610560654
0.637081560655088
0.40499907882795
0.701432774436572
0.492003919924641
0.520561343369125
0.551336006228583
0.398719665827368
0.470203029722664
0.446250361592894
0.468929186374605
0.480151270292052
0.469544022855329
0.514910157788713
0.412673065295091
0.527931468638206
0.561163434491036
0.393596119033548
0.544120535295609
0.558637972217597
0.498712713192468
0.541534549860251
0.482361731641825
0.49183854262413
0.495401250025997
0.623918556871541
0.550518411216183
0.628836895343906
0.465145333157196
0.426720475474028
0.539124686572397
0.516526359152735
0.534396197561783
0.527403951642082
0.549131084446287
0.505360452478323
0.529761590767885
0.58562017243659
0.56868688017964
0.546662143450428
0.498316184908001
0.573679628637392
0.438444024175102
0.550914865061813
0.507635481675981
0.560526423097247
0.681717878214723
0.522314339899438
0.613489008208191
0.522114685972367
0.530911871709141
0.580937866815972
0.693104725684544
0.511827138217216
0.498146245961587
0.568065890902958
0.627102920469492
0.494488148698969
0.590472093627045
0.518186456520295
0.670609574049268
0.583343986088842
0.59982194431301
0.589022667969881
0.730931062305534
0.581118079365292
0.539457952677296
0.462827771625659
0.71000967392934
0.641827919979625
0.572788488426571
0.698721974772271
0.779571666209034
0.673515778049358
0.618860184856602
0.64102782989255
0.673252994126887
0.490240307844719
0.56603368765704
0.638006909781313
0.730005868214174
0.578948556413808
0.713927880490275
0.629433637881577
0.531794106359021
0.763829012304668
0.708187799459666
0.730210854384101
0.712836053226193
0.554227069938155
0.57992068072304
0.632111718807092
0.762318471785566
0.587002474434586
0.666773435864643
0.675100793868028
0.862301811449572
0.650788474767621
0.704765885098233
0.718181793404719
0.758189910257545
0.631248164046692
0.792719201164933
0.681622490792378
0.829941835965759
0.655158587741227
0.849840259308087
0.69466574246001
0.621659795000436
0.707133643749078
0.682230674345223
0.821520295557944
0.661641397328208
0.741329410450378
0.987859274855825
0.818747489621419
0.585083486392865
0.685793373017977
0.792667066827472
0.643099453260082
0.629705229959112
0.665333639221778
0.892299508260859
0.764859310844807
0.703183952963444
0.619216314687512
0.828570467181916
0.726417551095133
0.711113209115936
0.692341038014686
0.785344796220242
0.712415768204665
0.705525140358295
0.765380719806574
0.63315344520579
0.84566151724607
0.758762126458576
0.971819998772635
0.69958383865076
0.616795205732927
0.792613559125362
0.75857370540081
0.71782908128705
0.842928458339045
0.892854311275142
0.755908197477167
0.564387609202392
0.882783057882306
0.721703434787072
0.785969860198786
0.730234290676639
0.894225338291426
0.711404448935656
0.842336876690741
0.806039878351658
0.707885110304012
0.838515276907938
0.63424977543226
0.891364117193622
0.86169971053961
0.727808851243859
0.714860586212492
0.811205989482205
0.753404968738751
0.66764640367797
0.815541946985308
0.859433516281232
0.817362452446946
0.84277330428551
0.857136149844123
0.868825588101469
0.847356520702942
0.862000210321419
0.833176938232131
0.681459915340241
0.818865668879146
0.873744028221836
0.894703027243681
0.838005999164287
0.892843624846838
0.955913485317958
0.797746056421908
0.838956589767216
0.87362698330692
1.00437024457339
0.797392733533403
0.834484537151083
0.805392318819722
0.824900992975665
0.852589820905343
0.761710863003268
0.82205401836057
0.871868501409584
0.803306599205757
0.69536599482055
0.757276770943071
0.812506788299659
0.803243802526568
0.783775932200644
1.0172659837198
1.01877894928171
0.93368971091588
0.846983991505031
0.766350290017866
1.01718590927344
0.798322966233957
1.00344978421814
0.930935543417305
0.769788308219299
0.953137863936196
0.870603604231509
0.807048374165287
1.11991075157798
0.702864468454642
0.879738718322135
0.899873306683607
0.92777672668863
0.892441047133223
0.86466946267052
0.968774418118273
1.01346435497468
0.927758795719203
0.776065718016074
0.924031830290055
0.838786438633589
0.76905110343023
0.974436721892264
0.892749044615775
1.07890263278493
1.03256002799593
1.07187709253394
0.975738284630025
0.840175986972829
0.935150937466816
0.935241696779168
1.07935456748063
0.793102308870828
0.899771495404406
0.926240386066617
0.915497655483202
0.877456438715727
0.90698981516299
1.08375359753487
0.979176565030168
0.926823949988739
1.0304134873448
1.0092236081203
0.854649571306303
0.947432250442566
1.02365171418059
0.88247791457835
0.949526373647754
0.935152900523314
1.04161093080756
1.04212871087105
1.01718385447419
0.95196129182464
0.946545360147512
1.2466625602468
