-0.964838973323422
-1.01331550358884
-1.14278502845072
-1.11336985694766
-1.04817699595928
-1.0091266700878
-0.938480558969835
-0.902549742300079
-1.03999445599192
-0.937538829155596
-0.93433057444065
-1.09256432108635
-0.945675526890883
-0.855844877876948
-0.789132325734258
-1.04581106915944
-1.06638107979567
-0.921310835304878
-0.999922706485432
-0.824384123173524
-0.824229478771699
-0.883394046941545
-0.96246576175875
-0.973866586818073
-0.828058122645973
-1.10711436996068
-0.967159124578469
-1.11654808701864
-0.95195852424102
-1.02637980199722
-0.926773606586956
-0.842102939166421
-0.964549076125789
-0.987304853011598
-0.868681777834702
-1.01086781754395
-0.901738784427345
-1.09375329951961
-0.8510296587345
-0.931757828640677
-0.968902071783668
-1.05785684914217
-0.965377365453171
-0.948470852466971
-0.896875607401288
-0.936112885519957
-0.903352683627629
-0.679832729461551
-0.890675943407879
-0.954856699983273
-0.994929122917948
-0.904560049257917
-0.823392980543688
-0.825602565777628
-0.917099339102468
-0.923287473549057
-0.831182280260797
-0.869247803871607
-0.887288823418118
-0.799137696141357
-0.873932909380446
-1.00960301564393
-0.892285131533591
-0.836857640123854
-0.893421436564741
-0.846074628011049
-0.78388072979014
-0.867598995585288
-0.833595286522577
-0.967666092869984
-0.696095000968987
-0.739749406414856
-1.00807955635754
-0.894395421450422
-0.782487897727576
-0.845269524231648
-0.944631955778933
-0.731923441282204
-0.89706168046304
-0.792157973771821
-0.829612949541377
-0.763351201270731
-0.970348329682475
-0.735746271995571
-1.03206467048367
-0.815118955042709
-1.00356961693621
-0.833992206380748
-0.74646844832233
-0.736838647700612
-0.782004609379136
-0.819859227361094
-0.825868478131578
-0.822098228785593
-0.793207372651465
-0.786806159234192
-0.764197125598699
-0.684844085061923
-0.910134905838994
-0.7447213705615
-0.752658005820511
-0.802087048227646
-0.606578521661288
-0.693083584598217
-0.781397303478713
-0.805897314476802
-0.718274283452563
-0.697019563036363
-0.830284275996487
-0.739615510656372
-0.599401272321186
-0.835599554881623
-0.834740248011979
-0.773908620337774
-0.861743548258195
-0.83120752136087
-0.751192292375362
-0.765997040348123
-0.589534917881867
-0.773463227628784
-0.656360480339341
-0.912453853490475
-0.805534412799438
-0.852446709456492
-0.845735597059375
-0.690058996975793
-0.872191500835392
-0.748368812661381
-0.802583494965517
-0.678626763259927
-0.687599950086384
-0.726581098556223
-0.668038295014349
-0.836821108463266
-0.740488686389258
-0.742538232570298
-0.671653606135794
-0.782745265544633
-0.659977004601493
-0.637435001702122
-0.635772036249648
-0.563795728188617
-0.882426761077784
-0.564313808230083
-0.669590400815273
-0.755279813898087
-0.777634926687128
-0.690220128015365
-0.673296044064431
-0.630562571879092
-0.564462706271821
-0.569196150369226
-0.654072888083067
-0.765693855780434
-0.720966804255892
-0.644541654188484
-0.702670040358307
-0.599767930348364
-0.681430604359853
-0.642605685935329
-0.764271141942111
-0.612512865816607
-0.684303659529872
-0.567875169521179
-0.57581169202434
-0.747905641855509
-0.744885539621683
-0.629105319412225
-0.768240556298252
-0.732842733738159
-0.604358714394044
-0.643600626157673
-0.547799726524922
-0.684912140465792
-0.695415162211311
-0.633176257536401
-0.726621452142905
-0.626494235008253
-0.80595838952618
-0.641901738486231
-0.737511123545802
-0.610645952651635
-0.622408455938841
-0.664213327211594
-0.702336115282384
-0.603167489465186
-0.604837633194615
-0.57878513150504
-0.622533619648438
-0.741051749673325
-0.645125730609895
-0.742443464113702
-0.489422891555408
-0.633572119303414
-0.668796406029291
-0.614964445118516
-0.684978791403475
-0.58720748520672
-0.632927215566745
-0.685094581125413
-0.698494097084038
-0.527543234991473
-0.560125253112355
-0.52392553314528
-0.661711084253598
-0.639948854182473
-0.382766669106763
-0.621598876127236
-0.461439409673741
-0.339762650979608
-0.502705543901606
-0.531354601686279
-0.631275639785977
-0.526946876920274
-0.634197253953057
-0.540544372541098
-0.357688567609788
-0.506480798593336
-0.707212300432729
-0.739001338357626
-0.624422976278272
-0.603577394882486
-0.401621846652515
-0.814021740890678
-0.686360998742111
-0.619953563639852
-0.437699646236306
-0.484942232325344
-0.37594283019415
-0.571488939599306
-0.6551577332265
-0.658985323000822
-0.606939712452081
-0.584445452363502
-0.536198834504406
-0.455782987879724
-0.717608797995944
-0.463755032689956
-0.521736799808245
-0.478243235275848
-0.523247914910708
-0.571801356280758
-0.493875757660121
-0.578844954137599
-0.614266692845638
-0.343962915350694
-0.534379367973746
-0.417079144471514
-0.433508445688219
-0.644649302922785
-0.411077206751168
-0.477076522202353
-0.415476007449794
-0.392665024938659
-0.631320890401001
-0.484751241149095
-0.474778088426873
-0.48290609434413
-0.463249402905124
-0.397330436810959
-0.602886395693195
-0.53437635388062
-0.248853544493258
-0.53033467860786
-0.63044581419425
-0.570494277597813
-0.406974665760565
-0.513833428693684
-0.562782440355251
-0.46917097331968
-0.467084595714249
-0.367854868007469
-0.422129465375731
-0.38952032063238
-0.427653130799805
-0.656301639897012
-0.462515163472639
-0.494921833624299
-0.441206919426039
-0.449593330814751
-0.428424043275177
-0.461599673290017
-0.487885705084731
-0.427264362976295
-0.479529245791823
-0.507876164934238
-0.370400784224696
-0.418286243554521
-0.355812185491223
-0.61738384148748
-0.471514946076933
-0.390479280856961
-0.589649038506325
-0.433200415181248
-0.401059127484953
-0.459841268011022
-0.446925813538657
-0.458076975834447
-0.30175314495214
-0.526748015086333
-0.455631350025619
-0.443446769694482
-0.324678233370659
-0.419228310953275
-0.237012139174179
-0.381075202012044
-0.555081081154297
-0.18854535138094
-0.348909124319559
-0.310384822982252
-0.330633298143087
-0.335656826154564
-0.380345298166244
-0.226149852235642
-0.410371999634133
-0.36335634743112
-0.334288141733583
-0.167378373538979
-0.48462255930681
-0.411858556565395
-0.309044262803001
-0.374945449654421
-0.320564730342547
-0.421881635650274
-0.413116359879318
-0.42055538382902
-0.206074118827788
-0.278466394955362
-0.378658613875715
-0.465780023905536
-0.187563978358008
-0.226017438984836
-0.289470470501509
-0.283548898651388
-0.298977742535691
-0.369472897422533
-0.262147498270145
-0.28194103555357
-0.34145867251915
-0.233579717535559
-0.289936610761726
-0.264788075708507
-0.366029410013509
-0.21311507402411
-0.350638883141988
-0.369096304958896
-0.299592222555168
-0.392099633993229
-0.275269634057911
-0.405789746974741
-0.197254630196377
-0.325264371472222
-0.305896709500003
-0.178444226516706
-0.405357879326875
-0.300993812690777
-0.251896107730353
-0.31176936147093
-0.249081376753265
-0.273451020576963
-0.264501697802139
-0.360450864131329
-0.276747575505962
-0.121185752230792
-0.209589120579426
-0.265803962885812
-0.3127388849589
-0.220958930048381
-0.207458567140242
-0.273706576227305
-0.218962854814026
-0.275373150057916
-0.149754983434698
-0.16694156441526
-0.287472911462798
-0.295341619273028
-0.157934846360785
-0.32518863750675
-0.180863847444372
-0.220220837423967
-0.22402330545614
-0.29244719248845
-0.161482280652653
-0.188761917420712
-0.173112577866678
-0.263463928307202
-0.294131185501648
-0.250518486185384
-0.261149227267124
-0.176871902760878
-0.274402691021213
-0.137073206147124
-0.23163552650504
-0.264777369962763
-0.265309412450765
-0.236693581864556
-0.0495176605435277
-0.300878036872325
-0.251185401492527
-0.01585668958455
-0.156066128742569
-0.318995100270098
-0.0727992098681486
-0.156504238598305
-0.28284265988478
-0.270388732969497
0.00722825508980492
-0.327795894625611
-0.23518344961494
-0.0837288246377336
-0.1841315210958
-0.101332582504498
-0.188415240177418
-0.182356043181952
-0.136300321608042
-0.118524304499702
0.101834027638952
-0.0391668112821619
-0.100717415847387
-0.166082103771575
-0.141606007253298
-0.141979245420695
-0.155918292821117
-0.143601690765206
-0.147381009224251
-0.206866929185834
-0.00313824653027541
-0.0560434446785311
-0.0472040636725991
-0.19445645119242
-0.238405868641171
-0.180384448021061
-0.0959916085430271
-0.0943750496274879
-0.132674808374158
-0.113400358694228
0.0375041339601066
-0.0647559644208423
-0.114074301616416
-0.106611095276098
-0.105790948430946
-0.217539527936707
-0.250733436656723
-0.196126165503195
-0.16137883494087
-0.204868977542176
-0.154867722152304
-0.289904835446137
-0.212053557304816
-0.130357895400589
0.0651599033061422
-0.0583147744048138
-0.0247361812337905
-0.132150361704197
-0.0346647940492734
-0.111998984633096
-0.000606455615770983
-0.105877919051131
-0.152370895736878
-0.147142260029731
-0.0917788858356589
-0.0177413745791377
-0.107403040905423
-0.0813629072464479
-0.164641840168974
-0.181419574193471
-0.124431431011623
-0.00447039245461506
-0.0526219257110875
0.00691969123923903
-0.0834588811252502
-0.107721040234807
-0.020814718523826
0.0147904681794002
-0.312366025160719
-0.122463336510446
-0.25008103775519
0.0209299392831692
-0.0706644751785594
-0.0143590513086498
-0.006679727829593
-0.102612440821124
0.0321897995920992
0.00203589908702376
-0.0571828555714503
-0.0131063618313967
-0.183552527374674
-0.0273255660784051
-0.0928877629542301
-0.208781748417492
0.00018880244664413
0.135303603102085
-0.0026119686618567
-0.140782825425609
0.0721380749301123
-0.147963275303198
-0.166190436287873
0.0227276923460482
0.0238423408962601
0.0176694820313787
-0.038720357127849
-0.0179686441841974
0.0147021034492469
-0.0416412856396221
-0.0894121654467298
0.239484079107143
-0.169214137386976
-0.022631131406493
-0.0370426071598455
0.0449702327506674
0.0365309357207174
-0.0793243623372944
0.00786588454386242
-0.112759122841449
-0.0283508536732488
-0.0170615313051387
0.0588547976480814
-0.0264577698084245
0.00296479466747728
0.174521546682442
-0.0941526166578316
-0.0520509857749282
0.0177345030175084
-0.0665070000728738
-0.00223515913765106
-0.0410697147971569
0.212591349349386
0.090088722864527
0.081456036761281
0.20805754733323
0.059579862109717
0.0297561671442826
0.142065631482042
0.135414944068468
0.104429868498615
0.198777912095994
0.095800766277045
0.0624529501402702
0.175418536813655
0.102312571712267
-0.0679126021521557
0.124190881848749
0.0888906453356893
0.0443148662532129
0.00637322445758431
0.0964920736932094
0.0965438738984599
0.129656467598198
-0.0349873397314318
0.0756495743273403
-0.0237173906889965
0.207725406617276
0.0950952165049867
0.124935859413067
0.186973775543501
0.0434335376744461
0.145452044827583
0.160934108830977
0.124538377163013
0.210129407547955
-0.00147635813778438
0.0187998227780382
0.0736077173771737
0.0513851111175905
0.362167069732874
0.247806210055203
0.240210737034996
0.0554459160116028
0.181600615755442
0.0153917018135665
0.160036202877247
0.25637888053039
0.00703422463783304
-0.00662059217538636
0.0875709618395864
0.207439056416474
0.148095462766913
0.147016288514159
0.181050700886328
0.2393882809908
0.176679690744653
0.216217115075451
0.0969325372972547
0.191985746429277
0.093587069955258
-0.00904062404268968
0.128326459892409
0.100304814617533
0.181909201876757
0.272733869610864
0.220671822263391
0.169341995886651
0.261017295788776
0.174747896471201
0.157212817556333
0.2088036388909
0.220380773951432
0.212057439566122
0.169324483618046
0.105330601095222
0.222427725393245
0.233937880335078
0.202125583240557
0.34712785889624
0.248341056586267
0.0190179149348026
0.231559738849999
0.219454960256145
0.37700331751151
0.143776392764778
0.237706593424961
0.239341199854102
0.131770930894984
0.360138889510911
0.280431836560191
0.239101269542021
0.263516235440404
0.153696228429128
0.285141986737597
0.438313155158043
0.342931670071977
0.162241135507813
0.280137685414676
0.225863801860456
0.319854764377206
0.269969613995763
0.374057490129064
0.171225916764345
0.316735895651687
0.339881236879381
0.191558126784688
0.199566176766742
0.24928278096489
0.346256774547821
0.240939471651956
0.404951069234466
0.285094366714136
0.442685467084537
0.258656716096603
0.286121624705119
0.296246493439653
0.274168799423759
0.21476265564393
0.241138116016566
0.22881056542101
0.379951581067143
0.39585428811432
0.361310516353594
0.242480870113628
0.44539683707313
0.514041163910269
0.393062402235559
0.354649830614337
0.378066461896468
0.0743310037617116
0.354786524128604
0.385566819326248
0.164693724414969
0.450373548679205
0.31899427301299
0.349248549647557
0.365163074091775
0.318085708654654
0.427479681832685
0.285762091079041
0.36170534869652
0.289774284879031
0.29860856504387
0.39044249962189
0.328417694159875
0.372082426329456
0.363678618356673
0.26127843031152
0.421339480298545
0.340277011041333
0.264317544647646
0.336158893091687
0.363267586670898
0.40073831751692
0.478432864782039
0.313855746115254
0.360492813261209
0.390491907909648
0.488235832194927
0.427121468790745
0.399300442746184
0.367582163407778
0.413801479817568
0.352398932067908
0.391454650218582
0.47018243059787
0.291978441306122
0.501359520742858
0.371361197399655
0.378047548616714
0.360534382526134
0.395960194230971
0.460232438020189
0.430831085607599
0.493228660020909
0.346782541403582
0.266958207307383
0.369643588477049
0.61467734907629
0.373030659433737
0.563005783121592
0.350084037247161
0.29900088320078
0.335184224015736
0.444764509271804
0.408411141204131
0.384666586337376
0.352859213069973
0.454987047831256
0.434837912265723
0.655891172998415
0.463537622374807
0.504445484734213
0.459471976626714
0.368814300174146
0.500959767808691
0.425205318262619
0.357090413188502
0.54563442240633
0.624206375351157
0.255638424444022
0.516961350805937
0.434961492487156
0.610815270497881
0.316437550684833
0.431215845189522
0.553681006251132
0.445748335323686
0.508166092342932
0.514790868953393
0.390331948202523
0.550729479621967
0.534320543541424
0.539017031057617
0.242502790245249
0.41452343450679
0.433341633429754
0.311642550920493
0.55383444868677
0.408229359005326
0.469126568486704
0.555196574875415
0.435619462269908
0.362318372728075
0.600069035168972
0.447927688762604
0.37883753663081
0.553918266406451
0.475382354823085
0.490823552175234
0.342947897106998
0.455514839534321
0.573017238673851
0.46778346945599
0.565112820121545
0.515823701258529
0.442725345264774
0.465142100267845
0.584859506417492
0.42035842629104
0.543402860701408
0.537809165050407
0.567188326278944
0.485797409617414
0.484101759720238
0.495839325358704
0.409228939322923
0.545108081990135
0.531880276076153
0.6683987587157
0.648922897824068
0.59304209332545
0.381127885860701
0.551732027067528
0.507885120824201
0.607403299075229
0.48056064972489
0.492463236497088
0.616077568449889
0.587352717764876
0.444845108940872
0.567708564776167
0.520634817058321
0.629409397415309
0.548419598181376
0.460552100423434
0.725598950395865
0.614191993562001
0.607540413006431
0.564278775214679
0.613222106660931
0.504367262276384
0.600294142122306
0.444116380932704
0.691218276359476
0.545572447642946
0.566972228643023
0.646886593335381
0.763394986025181
0.621192351958655
0.722527483255835
0.572966049307138
0.559367608481402
0.67175273817654
0.655735088332828
0.766192051523413
0.732264763187784
0.595522703643944
0.635802694858557
0.709998922201765
0.504715433976984
0.64773012810608
0.554025521328725
0.599305823293029
0.554052953866682
0.545304278461019
0.62913205078832
0.523668721817452
0.643927302779672
0.786494432172955
0.578864059130211
0.722945218227202
0.768783317321617
0.684507321760229
0.668715147614917
0.622542879104637
0.602722526509452
0.671821128440555
0.816865526398625
0.665195422440526
0.552228724184938
0.702006856507508
0.585279332091763
0.507666388861643
0.630160608966019
0.609603321878031
0.75779762443
0.688409574224192
0.60761427437861
0.558002445693841
0.594836728778556
0.716750618644121
0.680765144490735
0.772602700285189
0.68475524290131
0.748888503361123
0.850267640366682
0.850847126572275
0.579236684186012
0.796795824896234
0.725724405157649
0.80091105555067
0.667099769856661
0.707829617863861
0.77265800025232
0.721026782491981
0.746886578227898
0.73444861839882
0.699008583639186
0.71110441364101
0.786872924739757
0.699687455764233
0.687501107786021
0.726258793363657
0.649011852463326
0.724100238638115
0.736987772058058
0.680161585895372
0.678730197776151
0.653207518315254
0.847996611446836
0.689021210189777
0.66385415942187
0.746098439387684
0.618182335509889
0.678518146014263
0.750878966566482
0.73211705532492
0.779259997407232
0.631483896593101
0.641623743883948
0.626077002733704
0.785668785167876
0.741607237775301
0.877528691813312
0.776003332727092
0.757300993795386
0.881076990276958
0.699477841709354
0.747104525823178
0.796334390432678
0.788506941899409
0.786757105726409
0.87513160800929
0.760808214525415
0.82740890721885
0.761254987237094
0.820846201820211
0.986326833271933
0.923883804241359
0.832557423558096
0.838760031093171
0.945973546939235
0.788346794363052
0.81492956097406
0.797418121766771
0.823118504107859
0.951283555579087
0.776328612232766
0.776001939685586
0.830431834922807
0.999042442034617
0.623041888377173
0.820598958311606
0.774405262789742
0.873845422313119
0.823430286278046
0.844750853707583
0.78544645847223
0.932687958403947
0.618259965790623
0.929349714509038
0.868251439740617
0.649593880858591
0.902458669617744
0.93692039718313
0.95702832584997
0.855492725807165
0.965064884681388
0.767446583019601
0.789609128217886
0.863892771674277
1.00401678898334
0.900751237333631
0.860456638421586
0.989161417829115
0.824980601585693
0.785049109464411
0.967254184894045
0.939542658465843
0.826503658144593
0.814388976441496
0.891873665408789
0.939103326243777
0.937666770824285
1.01001662787421
0.988373462348714
1.00984353643792
0.931174230095166
0.83709393311187
0.898991069159295
0.959550047771924
1.05021524051734
0.939517733817906
0.925226877079508
0.951601739175689
0.955069333836631
1.02499181837257
1.07602153301391
0.923514343443107
0.899640757322036
0.829798565779632
1.01196861608849
0.958667317023749
0.915986489584891
0.90737865332229
1.07633072233393
0.958784616855679
0.960648976104072
0.919245987400371
0.928109158408926
0.874404030553969
0.930431534153995
1.03721007833533
1.04724369512549
0.822973427114876
1.07373964155261
0.997024932235979
0.840394934193573
0.937064623242528
0.920367818430279
1.08150418127569
0.95963380242127
1.09109455299913
1.01735174233623
0.894056114867425
0.785323525271914
0.989893846665191
1.11749089835709
1.10838843387072
1.09575596112008
0.909868729385533
1.09672628081998
1.03549531456758
0.996244379604209
