-1.0211750607185
-0.901380740209581
-0.961596031638286
-0.935112075442254
-1.03042742372335
-1.08906863724867
-0.974437705178322
-0.790309155655142
-0.911220265324042
-0.966838727687289
-0.984882851171323
-1.02744823928004
-0.993783763930322
-1.04797888998294
-1.06496037657992
-0.981775232909136
-1.00913144893354
-1.1780541208462
-0.988131030183705
-0.993722762949495
-0.978920573900768
-0.942991461550428
-0.85558182495946
-0.947443066260176
-0.833950983320629
-0.96215079885009
-0.903560205064564
-1.04210459935202
-0.942512916155869
-0.769131275428259
-0.906144497756398
-0.873151443709704
-1.16315207132032
-0.86510173517727
-1.06940827268269
-1.04075727769441
-0.833815423274299
-1.08077597990424
-0.940196185082476
-0.79157813960887
-0.960949750169928
-0.873593987041291
-0.688897010240348
-0.743260078219378
-1.01654504216157
-0.857846238721333
-0.968884705446068
-0.996777201855063
-1.07643440473005
-0.763976330729548
-1.11753303107467
-0.978194612469303
-0.963623933265892
-0.717100818436477
-0.939046311085102
-0.793561976215388
-1.0197655591171
-1.01037366972794
-0.74422538139747
-0.912503290236471
-0.794050494380822
-0.968678503460283
-0.836668111880236
-0.865487951973914
-0.825598747078656
-0.807869391804587
-0.821055951134625
-0.936910131665497
-0.842006902126432
-0.812640934441848
-0.907759439848547
-0.839350317150033
-0.956859170815316
-0.666794448659572
-0.753506419603299
-0.722301296253436
-0.856760826248348
-0.751125726156124
-0.829118896036605
-0.803223369360149
-0.834386903913869
-0.747190994572285
-0.879511511770596
-0.73887619119723
-0.770632938995983
-0.686189860724309
-0.753694210035044
-1.00572398927549
-0.871986480758952
-1.02318744957219
-0.83875596752847
-0.789623023793523
-0.937414507638146
-0.780243396424421
-0.814327629740707
-0.676634616065995
-0.768927678082837
-0.901785956407867
-0.715834589857504
-0.812982169410781
-0.78836064938826
-0.846604844749905
-0.844842639223992
-0.825214240194069
-0.819265464210388
-0.841579668511417
-0.816773543518465
-0.964739905190617
-0.736917051367385
-0.753889730208218
-0.784774675829585
-0.82746531251919
-0.702997139507561
-0.811814220056257
-0.769141714180711
-0.67287344890838
-0.793257509897573
-0.623498858455857
-0.736561062648321
-0.684406466703938
-0.762313772348488
-0.832828533270258
-0.722307345537054
-0.862353946585219
-0.667366523393549
-0.670699688053608
-0.797943336282321
-0.756203744585983
-0.872885908537544
-0.688159244801289
-0.549268818673595
-0.765331608760292
-0.680396013858693
-0.882720413999238
-0.498527373353946
-0.749122775229526
-0.745937288724553
-0.800695799915152
-0.667820176658027
-0.650677675940986
-0.561563760226047
-0.586891657269217
-0.663365920197666
-0.64308366762044
-0.814093925419048
-0.806725398114961
-0.747066151124023
-0.720055430335934
-0.657674132252144
-0.835314479091217
-0.689835537052935
-0.732359214496207
-0.705274897790237
-0.79380068354739
-0.664730051598643
-0.616502889056506
-0.770353735040457
-0.589513814990498
-0.664800387320422
-0.699888642869736
-0.640375132703457
-0.664138105783191
-0.745284773797965
-0.711834067151882
-0.569479775007166
-0.599653771418678
-0.84105389681505
-0.523781057353374
-0.705697077884387
-0.648427172188144
-0.679621100278316
-0.68575807961916
-0.597240796179605
-0.646163225146514
-0.594034629387088
-0.661149375560708
-0.651236602509473
-0.492357096119217
-0.794002243492366
-0.657035026141315
-0.689312021193816
-0.559238880730471
-0.643558477555645
-0.549140970291449
-0.60285868946391
-0.570398446634714
-0.663428418157346
-0.518558798091629
-0.649852509706584
-0.588644270723155
-0.502879125118318
-0.702893228491864
-0.658774190010423
-0.622992580765543
-0.609375429131748
-0.735870924876898
-0.577986108269483
-0.608162724771309
-0.665080783883979
-0.706211103903796
-0.468034559153025
-0.535657329361733
-0.712066355366048
-0.596561368352186
-0.707665038926482
-0.641436848596644
-0.757458187472903
-0.645035686151618
-0.580029162986989
-0.511196313320229
-0.638114276659685
-0.552823916153306
-0.588706329762513
-0.536375873323576
-0.593133021019501
-0.53262868106125
-0.582050862249796
-0.633568937080094
-0.61219831291154
-0.673744171198685
-0.531842235035111
-0.573037500421675
-0.587440702527993
-0.610925574311464
-0.477037291738489
-0.465320672396737
-0.647903063638925
-0.559860502967038
-0.600379048556715
-0.504071344283226
-0.336352139102902
-0.516305325927418
-0.371811311785288
-0.588881711329511
-0.456354733762017
-0.664583181771783
-0.505635441760017
-0.500420530452434
-0.528455851504938
-0.574547202820809
-0.495181536915724
-0.525065782547469
-0.637900654579278
-0.631702978798536
-0.418974965791205
-0.451629507448239
-0.45041209552853
-0.573761364949079
-0.426268625988154
-0.460359047061459
-0.510047312810764
-0.500612276943462
-0.413975357052079
-0.584595691362701
-0.611100309532641
-0.528390498169435
-0.448289160536444
-0.435415429963304
-0.462764258639642
-0.371049519613959
-0.439650739187931
-0.607434400412278
-0.365493513298492
-0.568021042358362
-0.572370962161337
-0.496884580455416
-0.43532794962783
-0.27839505122294
-0.349534091442149
-0.300879210425516
-0.401956268687818
-0.439110824327407
-0.475724734867682
-0.541768084502463
-0.388661518365975
-0.506530758052144
-0.527369479408398
-0.432712426093443
-0.443856896978618
-0.436841753490618
-0.495357321518188
-0.363854843666616
-0.521629119692638
-0.266846444187612
-0.385596813532746
-0.392277095286835
-0.444485463138473
-0.454126735736582
-0.491361154703847
-0.324531003364889
-0.407650606996989
-0.449234483410676
-0.454868427614592
-0.407953980246778
-0.513852738945695
-0.298484705691461
-0.437785596330212
-0.449298244648852
-0.606142186305679
-0.412740734195221
-0.426723969095949
-0.398232373982413
-0.266494686919888
-0.315069755407798
-0.368944707346904
-0.368483191183364
-0.334118162566472
-0.293071308955403
-0.330895755940692
-0.349999846433327
-0.512033709231221
-0.458185872879539
-0.151011343350927
-0.518109735412504
-0.335175964091153
-0.369675807675394
-0.402493660167438
-0.436143945170579
-0.439633016040837
-0.34648592581845
-0.345680985786579
-0.323621586848904
-0.25809333663708
-0.361498303659938
-0.347991059040052
-0.287350998893683
-0.101802702935693
-0.294105357752266
-0.338582136068609
-0.173434165870544
-0.493471133120561
-0.392197043720981
-0.31988103444566
-0.267004539057492
-0.302974267069849
-0.223350785861727
-0.414102059063811
-0.320158452622715
-0.357853764388809
-0.368129617682258
-0.306872170567801
-0.225334461336969
-0.274297364827896
-0.464236149585961
-0.217579934773169
-0.187002006192483
-0.214634711267765
-0.197167190432713
-0.340044552594775
-0.293305862477113
-0.188632532056196
-0.393963873923892
-0.217667224374348
-0.33588711591389
-0.310228194023419
-0.276435945048204
-0.226007471601094
-0.311567113399461
-0.237738324145598
-0.325065556743432
-0.394854402006356
-0.331276297396284
-0.321730475335014
-0.213293297990893
-0.188748764724026
-0.173934703613802
-0.327612472340128
-0.2796618412745
-0.207790173016615
-0.160359033648415
-0.32028823811879
-0.217745048483491
-0.44588103914066
-0.191253958623521
-0.319887212721863
-0.303421879408536
-0.194274545699178
-0.285106247979078
-0.21164945835342
-0.265147968555635
-0.352762349915091
-0.266294242001426
-0.232248946110609
-0.344892295187972
-0.2776894798174
-0.245394771127996
-0.398842285964058
-0.217109589539051
-0.0618487995586269
-0.232767864036052
-0.186500168507668
-0.308068328274012
-0.0851590080858013
-0.143088552435809
-0.277736084949626
-0.295114081823823
-0.130404238622102
-0.22119233037257
-0.374717181613389
-0.158751542102828
-0.188847500644697
-0.225836296416072
-0.23375595604006
-0.249716607087577
-0.269845718231329
-0.117463519143033
-0.0814140737466583
-0.304890963589151
-0.115831449357813
-0.146346377970683
-0.140644366110112
-0.243588424360322
-0.171932548117111
-0.242461333004076
-0.235432378511896
-0.0655459110113034
-0.228335656897306
-0.295882699069173
-0.22278400944526
-0.141029752990215
-0.0363146792977914
-0.231289452065307
-0.189649511447664
-0.198632529312307
-0.249742074383354
-0.167297417384055
-0.206906217301641
-0.168870044604507
-0.120556516103854
-0.0591239123985671
-0.13303821495793
-0.14313280948827
-0.223987313260083
-0.111719961451698
-0.0614367772106209
-0.140635443974457
-0.109018100378847
-0.360126028522913
-0.108869474231822
-0.188610737822487
-0.0518710104174777
-0.153680479254804
0.0318517253806607
-0.109924136061456
-0.065747843027971
-0.145340367377007
-0.114343549280088
-0.162418217653108
-0.0804165113663205
-0.0476821149363827
-0.285044912520503
-0.146631807273071
0.0781753650099258
-0.0459415280634533
-0.0444760833901315
-0.0954822333729989
-0.0734186228805708
-0.0527853909952779
0.0378835097576571
-0.00812301774936825
-0.0636477701033928
-0.126987285797116
-0.0530100886575508
0.00976608659835324
-0.0865978323152644
-0.105665078386215
0.0814666915832635
-0.160124967492537
-0.0353158402843118
-0.0305216070207319
-0.0770089469363763
-0.144970255488085
0.0168947506456048
0.0491138264988384
-0.0692462465054528
-0.134503449912572
-0.296529408471355
-0.0499980847696536
0.0620745990679182
0.00295732300308654
-0.00826340885407336
0.0474270763745185
-0.148136054829137
-0.0604620473376159
0.0410259196512633
-0.148492378990355
-0.110204971359676
0.0789955678757425
-0.246296702075412
0.0711822639594045
0.0342029876732968
0.123235785657023
-0.113139597718666
-0.0639431571355279
-0.0650281972415298
0.0918987701547488
-0.00431602665283989
0.0185519631851768
-0.183239327835828
-0.100208457786576
-0.0398896565074532
-0.101432099791102
0.0355353370068667
0.0209684745187373
0.0642016493221036
0.0695464866631219
0.00315640703436861
0.120695426769456
-0.186058629607755
0.0317651631903723
-0.132595923854059
0.095926869713677
-0.0580893161909676
0.0802670402229877
0.0512719530924282
-0.035274889269705
-0.0788858121713121
0.0861353924197975
0.0507610311594881
-0.0252737014370045
0.0558089531089195
0.150323991167628
-0.0810466002544181
0.0891158419638393
-0.00086892309135084
0.0748478929786066
-0.0599219850673124
-0.123090338248955
0.0613895690564058
0.117736077607258
-0.0135130954207927
-0.075830172079642
0.16114742048149
-0.0121610444318861
0.0582489116809601
0.0279231812376034
0.247974068450151
0.076581666480117
0.04269646965024
0.05318998523665
0.169535741793361
0.0255808584376515
0.068884781070851
-0.0233740529153553
0.00985324849582957
0.0744759794815158
0.103337268506055
0.0600532938130504
0.0963359308727692
0.195859966290907
0.099344850760746
-0.0112245583654323
-0.0814008999836707
0.0310946619299902
0.147267826977736
0.0849882634778105
-0.0324591998881971
0.17025077241337
0.200907607518396
0.0591877967535292
0.102506249239995
0.0660542660381843
0.177335103509868
0.283015243043091
-0.0311009475672491
0.227637904872963
0.180152644700818
-0.0975457614672605
0.155258419082767
0.137326743707009
0.0836504461648007
0.161289730192068
0.203256505477726
0.0869780224761846
0.0335740569100075
0.0818002255292864
0.320909066021002
0.26450192829442
0.171459577447819
0.191500568998933
-0.0370690497093107
0.229283424220587
0.20635381717662
0.064098120899966
0.0787779961514257
0.0856310869416459
0.174764534687957
0.206545443141968
0.209944381992863
0.0652056607352508
0.129908957100692
0.275732290542612
0.133254967598756
0.244776218443647
0.0644878544101079
0.198598997583514
0.278499942453044
0.253807213526131
0.167914633078492
0.296313324831178
0.109536190984017
0.326287014170712
0.15486880409294
0.322998491224528
0.217047716622499
0.0250097707468553
0.158513761293417
0.290226188122097
0.287289352705615
0.357339942426766
0.184684633796228
0.205912147198268
0.354111545892012
0.297000560267821
0.290698078132527
0.160112019912203
0.0992010057244575
0.258769692231999
0.26034897477191
0.0268560783131394
0.249507152263112
0.257203575297791
0.169536025722749
0.286526825274378
0.190674953865612
0.288115760238098
0.122412621421843
0.273877733563329
0.208640540024697
0.389510292438145
0.39815429493189
0.258383537356904
0.116477270757857
0.259491265357338
0.230166441428768
0.328886290787413
0.123020836743122
0.403152558484571
0.27814650729004
0.217817430674984
0.146068795377925
0.302303396407444
0.259492924936237
0.282934181654422
0.159190540138047
0.230922292184067
0.291413413373993
0.343634855861589
0.253433632694199
0.324140129287118
0.412540427684146
0.281347485133885
0.423802023258413
0.436311705085016
0.357700254088214
0.368571816286571
0.311283081788161
0.352874025229124
0.412423745576439
0.257583399325333
0.316013601932029
0.287700840094007
0.366964393591238
0.376511101815865
0.559994889977752
0.406736680254214
0.35086374322748
0.310064903107241
0.291150458149811
0.461780627635953
0.311595046177413
0.407977089865856
0.334783821162866
0.471717292468396
0.247169634684736
0.401659030509804
0.236868823801997
0.247987646876738
0.248603628510791
0.297926839828955
0.449574257507195
0.246647926867528
0.344370942117393
0.303004595135824
0.341719594771429
0.467138190940256
0.438380782064669
0.341373410206192
0.387858873710833
0.430852482932456
0.28539832712271
0.372378910888954
0.324261271518806
0.314756438541811
0.412826745535722
0.434408856703952
0.367170416096362
0.501289515692822
0.493800913451628
0.249468082534645
0.408562259992613
0.526426497297746
0.471300909071175
0.409123935462733
0.34457258890156
0.390574342873969
0.385214508931671
0.403816779610697
0.234029753942688
0.432025516124532
0.559100535261237
0.355156534848263
0.458212787867844
0.580566303550743
0.502223134930853
0.453635818861822
0.369363212148527
0.534003774251199
0.34990528534367
0.417120340494524
0.459368395001244
0.327519285048832
0.480960409133802
0.342784659205367
0.457218154399784
0.347241404846482
0.570867495325216
0.527195675476793
0.351655447719833
0.44060923732196
0.503426793387074
0.48901766236615
0.495664282079028
0.543743841161879
0.389970846715955
0.464050523782164
0.483697145307225
0.571640767280873
0.297383607223228
0.472205809489662
0.410095349971524
0.634693254679698
0.638274905215936
0.39917534577858
0.695690259468857
0.486726145151886
0.538368259350128
0.562803772327577
0.407003809587309
0.486544455582021
0.444596354164507
0.452229507790997
0.492000418629238
0.48312330263069
0.518478361176069
0.437256401020737
0.512147874668409
0.541915458720364
0.382125085884044
0.527507735152468
0.545052109091821
0.511867435158657
0.529904084029572
0.49137369439238
0.500769406398562
0.48811603764147
0.628552234650002
0.54711383258547
0.618469077784715
0.473575769665184
0.421770701224972
0.533104469669118
0.517872391765963
0.523611204572958
0.531604545883248
0.558900332187934
0.506023388163384
0.536617773574558
0.579135805019582
0.555990076186552
0.533534397178453
0.490050037561602
0.549685179713992
0.452664141687145
0.545947321842114
0.500904586641692
0.558443036338233
0.699173100464077
0.527142422494602
0.607827419410511
0.546171965175198
0.531700324605358
0.598967115473608
0.666449892960156
0.501481877601658
0.49771516375456
0.578348494672054
0.6235924113377
0.495820185875001
0.582762176831533
0.523233352944167
0.661501243376821
0.564080990722558
0.605863674600049
0.571378121799197
0.725569720379111
0.578245334810812
0.54148541659112
0.481532472155574
0.677826118777962
0.661167048755228
0.581150258529292
0.653776722983576
0.785720294347427
0.653329394627405
0.63292319907221
0.64960561489919
0.66556605085471
0.496892727804291
0.577464882565515
0.619954342110056
0.727079208719067
0.597432299858313
0.707954637231251
0.628437138724928
0.515647970096883
0.751839623398964
0.700810437661407
0.719860898223379
0.70960703439556
0.554798173628862
0.593428900979119
0.640698914303639
0.782694372468528
0.600331396915572
0.639433793332855
0.673695673237898
0.852234729367506
0.665747128791442
0.705461003285686
0.738896957351556
0.74894459867242
0.625818685390921
0.782696276148101
0.67263087977857
0.83171097402697
0.658305094659432
0.820426749814008
0.686919889914601
0.610608228731918
0.727245096158386
0.664903426664023
0.815818489034812
0.687790243383011
0.76285067397528
0.962490556965242
0.801259266213458
0.587349467534782
0.689945583894224
0.771336906766653
0.645114563160315
0.642371494059539
0.66365227560992
0.909202443571285
0.74565363567454
0.715077687522304
0.607672263476479
0.826194280824864
0.74682294817785
0.702639019245691
0.705437974412673
0.795748734850562
0.707010232987497
0.705671188126551
0.788480805336263
0.63931381226242
0.843080173321217
0.786043232855153
0.971909662461158
0.715656942475939
0.619135318173777
0.797673708424964
0.750736866609813
0.691189203923681
0.841831790211207
0.887666589072244
0.782392768223445
0.587532920014169
0.852931135032724
0.727982481021636
0.77639950987964
0.743567460941739
0.867172891600911
0.707426984531642
0.807711331147992
0.839626339572762
0.741001309149601
0.813021437372395
0.64651909911221
0.902607125172201
0.874529088905561
0.744795179168898
0.715092185849978
0.791088895311608
0.745479040422604
0.652325371368144
0.801160215111653
0.869967626571528
0.802576031909784
0.82517975223614
0.853669151917255
0.873921904254495
0.852700563245031
0.861939922476988
0.844676076045264
0.680611526301056
0.827812400033762
0.875877287334971
0.919122024074205
0.839170715984576
0.89398024866728
0.968217322505279
0.778793757267561
0.830127048239137
0.857640367826923
1.00663166684875
0.778065217683114
0.839570965292196
0.80465876585747
0.818758172196837
0.851643418734894
0.739440374968542
0.828522176354324
0.857190519981818
0.798851740097279
0.70086864674876
0.750636343063834
0.793540162553136
0.793535157776365
0.781311130463294
1.01805496367116
1.03959324733477
0.914750892110231
0.868211164667971
0.770987139208892
1.02330956829446
0.792182589795681
1.00392145345002
0.923179177194184
0.755158140729837
0.977369279150476
0.89429556129376
0.820588916525196
1.12553806963982
0.726794754143586
0.866620013757413
0.874923635686143
0.923241713370896
0.921281525882465
0.87955588071496
0.988254411897811
0.994563784945787
0.938685055470718
0.789165554994694
0.937920497354003
0.824800797299301
0.770639471308139
0.970206581466367
0.860991614459695
1.07888747082403
1.03384276107654
1.04566307933547
0.959049072797702
0.821230622243709
0.922237125868258
0.92348971374668
1.06443291130566
0.781267290689769
0.8883698799574
0.908031365283373
0.908011177256299
0.8718586261805
0.907721889699244
1.05457353727914
0.990205603761014
0.921525640389317
1.03022843571002
0.986618730954812
0.850994871164767
0.960495293307074
1.04039624658668
0.936537908704879
0.967273483437739
0.916121558175402
1.04291333104649
1.07809986265072
1.03529562779764
0.986050515681442
0.956594020755069
1.22824561130792
