-1.19801899521923
-1.08178644002574
-1.10584948986971
-0.893914101705145
-0.927276779773747
-0.948160798987305
-0.999515749036577
-0.900463243652648
-1.14630608063743
-1.01750682126312
-1.00219110892334
-1.00383486277587
-0.894341220762191
-0.85686503079496
-0.933349748903649
-0.97697199061011
-1.00060991718229
-0.973589806515327
-0.965643400279246
-0.902246332824595
-0.928999078936237
-0.972212236076346
-0.832725019619634
-0.905255590124999
-0.992704678136877
-0.824150801556182
-0.901763402826747
-0.879097988937745
-0.940556393385413
-0.96589647586621
-0.960671870342426
-1.02525367069254
-0.913851873456656
-0.904353216760475
-1.01814410010974
-0.940667037005667
-0.904916734441047
-0.932342465351395
-0.820415550301207
-0.841795292788213
-0.895356032921945
-0.802533056729059
-0.791390743457017
-0.808268538244058
-0.995618592032099
-0.899185312091294
-0.888050695532677
-0.969624851652554
-0.884094793616704
-0.877465398514599
-0.796660115766512
-0.993394297838686
-0.864237599057255
-0.864325876541111
-0.90881522281341
-1.04198666238391
-0.937962547297378
-0.91234627488237
-0.966406721159101
-0.920842103543963
-0.696830538390092
-0.935454216759093
-0.901261839580059
-0.769905410992923
-0.834731461699409
-0.698720137088873
-0.889043117586858
-0.833257500820808
-0.797955221757302
-0.802115025435804
-0.864144864870467
-0.836754344063289
-1.06322791145604
-0.969514681581665
-0.950949526249318
-0.921953352770422
-0.872084297956212
-0.713831854166204
-0.750356276576742
-0.838961170707379
-0.827574403323438
-0.84379807291865
-0.869079494614309
-0.836839232513834
-0.806277513681361
-0.736510783152329
-0.81882826554643
-0.876735729816138
-0.885393861668849
-0.786056054733802
-0.718216889776318
-0.726692907029145
-0.748197596371547
-0.637805369021682
-0.820890541743317
-0.883812515050736
-0.857794445784792
-0.712257762441029
-0.780914456619926
-0.737245382706839
-0.872448933028821
-0.798560218368651
-0.842686919932374
-0.865010293702853
-0.833058717797704
-0.883585351006281
-0.780975299292099
-0.808929581802889
-0.808116876865519
-0.783313510443499
-0.790130726305986
-0.777070424220259
-0.781936230605671
-0.615834209443744
-0.809485734565572
-0.893506775955723
-0.658698405693744
-0.702649142968456
-0.633326821887645
-0.657917822702252
-0.666734039224177
-0.796704156212794
-0.719588771700635
-0.785706860497721
-0.71453881375384
-0.693913255977112
-0.717029407297219
-0.55316227770276
-0.683298934640057
-0.782727217641359
-0.669834503925147
-0.86966167053001
-0.622513848502102
-0.628126601355677
-0.712959155165743
-0.794299433052767
-0.73674618782284
-0.730390807827654
-0.66289955031942
-0.758812619378468
-0.681334312258051
-0.762962773882723
-0.79273309494201
-0.849385345228894
-0.618078180658548
-0.774681674177807
-0.637238461296896
-0.763236171988859
-0.772447221020359
-0.726434225994539
-0.547071256468573
-0.64285803807194
-0.761204289086047
-0.593859228005428
-0.754242835089005
-0.721632419620991
-0.608576734748834
-0.727287157357147
-0.764755872782395
-0.74038552363374
-0.689316737508211
-0.770792879745059
-0.59007639039103
-0.594907271485689
-0.675765513312822
-0.590478619018868
-0.567396007109551
-0.712369981489766
-0.561637244245461
-0.753898658314608
-0.733939538323981
-0.645245679207534
-0.718845833996702
-0.571373022306644
-0.737834627721572
-0.646091030188221
-0.697996696201351
-0.6017341200401
-0.680141403523557
-0.666619700442479
-0.695640726058671
-0.615990338864971
-0.619048305251018
-0.562503499565707
-0.674523483917362
-0.640043526159522
-0.622282454406801
-0.671701968891454
-0.668622678622315
-0.827635050348851
-0.532123605954572
-0.683656607718983
-0.650411785111911
-0.614121721697018
-0.637965948312865
-0.660903712522817
-0.543585848416306
-0.735958688397553
-0.561288050441021
-0.584517946868475
-0.600617203531667
-0.703758880853861
-0.635332623488828
-0.62565221735497
-0.620303349067509
-0.640577140785053
-0.418679653294458
-0.505161696319186
-0.743276633016506
-0.666184617595821
-0.556977455176768
-0.482708255145902
-0.533673486796563
-0.524162331473361
-0.699631756137916
-0.426563482938627
-0.433749519000252
-0.709667868869289
-0.609535208832067
-0.56056712333514
-0.508198450404717
-0.519652920196497
-0.627030083314497
-0.422716528025909
-0.472698916701976
-0.637787404988575
-0.69275447955028
-0.480645532224201
-0.411374937767985
-0.446913241705158
-0.617921483103757
-0.566190428128682
-0.365782520370243
-0.558886414687685
-0.498093055518199
-0.560202701930213
-0.580711692434942
-0.428964909979955
-0.586322167243024
-0.521925453208662
-0.584236089801225
-0.400553687038915
-0.582708164037189
-0.47007635579512
-0.380518345557422
-0.535469529932867
-0.601464357004993
-0.556746489920214
-0.444798731172144
-0.491177569604856
-0.562524191139552
-0.529061103148458
-0.517360898030402
-0.524299059611936
-0.673744248169669
-0.462191253498526
-0.425389853205683
-0.373762580146306
-0.477901096557273
-0.536788294150982
-0.467200415613118
-0.427664275480823
-0.539109599942862
-0.405265969018393
-0.485934891993208
-0.447495288859449
-0.477371464650432
-0.477750256725441
-0.36576563324427
-0.359193495235719
-0.471919649139904
-0.550670259188898
-0.47787168309509
-0.289297797277674
-0.473066937160529
-0.422363145025761
-0.381577363591593
-0.499344914053081
-0.554864261037018
-0.459827127325508
-0.331186759603199
-0.380329720968499
-0.539710425405998
-0.428538673464676
-0.383999099499622
-0.353613377982945
-0.455116098292186
-0.465626153558874
-0.290308483449375
-0.350550006532487
-0.396526019984352
-0.568743187226636
-0.390037353470844
-0.412695129073074
-0.413253880334661
-0.297759916887633
-0.540670957400409
-0.356659552453497
-0.476078005477272
-0.468794728601088
-0.321527774474233
-0.406603554078244
-0.362534106056438
-0.388144284380449
-0.225037857679093
-0.230146112466081
-0.377337949944496
-0.423964596097907
-0.31642053170006
-0.47125858758273
-0.307819335021798
-0.564812554200174
-0.476554261967934
-0.272943172626273
-0.382487782813904
-0.285013091270782
-0.399222756531358
-0.541898855049879
-0.285178973572223
-0.303079062490652
-0.287037361655943
-0.338230471593875
-0.220391234563132
-0.20288667902787
-0.331554331846817
-0.329089951388264
-0.350165650569063
-0.30651708974553
-0.460099071847027
-0.333877614962474
-0.340212818594483
-0.317633552395988
-0.132311465013237
-0.394448327183156
-0.455858070918367
-0.450130374628404
-0.330149528306875
-0.382124273250835
-0.294738385915298
-0.400297630561062
-0.28145654129292
-0.384132043950041
-0.328217611612058
-0.246141631804013
-0.329317509333323
-0.258362790060857
-0.429833737338661
-0.280924372491122
-0.249468103904235
-0.292140345833301
-0.478256090561155
-0.356020770559076
-0.274333582709394
-0.2469974548237
-0.288316306690212
-0.350035599804762
-0.284757927155876
-0.362507924909686
-0.203301542172439
-0.292933372216071
-0.255050242318203
-0.398198785076997
-0.347292560013838
-0.357328290557265
-0.254929728603449
-0.380511577268257
-0.280428277698748
-0.252936943110918
-0.134587893905837
-0.154946012030429
-0.157808693693741
-0.299913960620805
-0.304370578230274
-0.212778545395061
-0.317649792553986
-0.162027463245734
-0.268994226839735
-0.0542019978275574
-0.278190919325664
-0.438471554594602
-0.353393040456128
-0.21996451098586
-0.159507583328476
-0.38591413534017
-0.389025919158564
-0.264397271077002
-0.165261254364655
-0.139279776402439
-0.243566295022919
-0.17024024350338
-0.284439585591232
-0.14994330065225
-0.147980421361565
-0.374010206314129
-0.166176269326705
-0.29318876021573
-0.205616112006273
-0.168520029104904
-0.180004726594219
-0.20182028984675
-0.115209854244732
-0.200501698416119
-0.32526493922191
-0.209662265459013
-0.0647280115715579
-0.354263913639974
-0.168409676188515
-0.205404055744456
-0.0178216199229271
-0.186465431911053
-0.142043104497882
-0.0883829933902917
-0.24150784811953
-0.202774236445392
-0.154023028192449
-0.341756830558541
-0.0928581862703207
-0.303335373830823
-0.154148805927789
-0.0967510046154282
-0.238469045253802
-0.152879040390284
-0.205404179697983
-0.266050057472643
-0.261263160366081
-0.117836018436337
-0.130126009399309
-0.015158447430593
-0.176869076245699
-0.0657577543542635
-0.231813760183281
-0.286871865063554
-0.257781755985845
-0.177724758045974
-0.253601433995229
-0.0612385150008324
-0.184016414454539
-0.022074199778662
-0.0682336162491856
0.0416655186069931
0.0200257565151586
-0.108319857353276
0.0168353005943413
-0.180319670696583
-0.17648055955042
-0.121685049396183
-0.105072180329172
-0.0177885305316276
-0.178777159737902
-0.0675068997416684
-0.125554869481249
-0.0236352089150339
-0.179945386743961
-0.173572413541511
-0.167950671423444
-0.0753786449613646
-0.081047527068276
-0.029738032498324
-0.193594189608909
-0.193602429315711
-0.128344133525759
-0.0369452843053914
-0.172269279786886
-0.16760189476742
-0.152483578207763
0.0407644584574759
-0.095769391889168
-0.054413180436764
-0.130988920205203
-0.173462651317798
-0.142513261060225
-0.139406774555202
-0.222933743745134
-0.124441526924092
-0.0841375525880257
-0.112521056021297
0.105143661286206
0.00822667169557486
-0.138610988629148
-0.0950070555713166
-0.123352409177438
-0.016958176533446
-0.108344349260266
-0.171077896939444
0.099508564898886
0.118474799854901
0.0695798692141847
0.0539903877222315
-0.159273546469941
-0.0510802628573454
-0.0529711240278016
-0.0204395361077609
-0.0388876788588798
0.0463557195851529
0.0420255244438503
-0.138026443631807
-0.176383413356962
0.106891105754018
-0.0836888734366789
0.00633112914296688
0.0434097979343084
-0.101129436251026
0.053329347261638
0.036105387711071
0.0242399185122423
0.0397338774229437
-0.110161960912879
-0.202603324815894
0.0787141544992958
-0.116784036289196
-0.0321697282615788
-0.00501057978682749
0.0767749768783745
-0.0978165057381137
0.0236468517061576
0.190336898164398
-0.0351179150031044
0.0460450484281983
0.116736700660641
0.0618070123472168
-0.0207033702846865
0.126669242511394
0.00559909076301583
0.0412537098196635
0.00225897348549996
0.190160378117925
0.134536655254912
0.126764323778932
0.0563116641485116
0.0887916658652994
0.0904134167211713
0.0421321115220975
0.0408336978302027
0.11629102958694
0.0579520656365285
0.125473469484436
0.0306852205282562
0.0310715358221494
0.113290640562679
-0.00585374419147364
-0.0275015827026087
0.147681107680439
0.0919053526519819
0.0292279451138024
-0.0697076815817746
-0.00146931225762654
0.188932336494749
-0.0109505479344231
0.148439356035415
-0.012812542529947
0.0419257812432947
0.0990458464973448
0.0334405087878039
0.18341329587582
0.0924309703837919
0.251970528557285
0.0442427910793286
0.185881162719919
0.0458391249337782
0.162673518567227
0.0563462596116915
-0.108756577249864
0.13021516832346
0.102413090320093
0.208262349989023
0.232867233468164
0.231095433763521
0.0312954111013006
0.112291018351346
0.249664448222822
0.136676072896695
0.113318090590125
0.135415519572648
0.0891240088271441
0.165304731221404
0.146790129312881
0.0429249912309844
0.116095135219276
0.197122801968569
0.0644441244336011
0.348265762985043
0.0231124873354362
0.215172672435031
0.205752154051118
0.146894441348932
0.11964515087216
0.218717550435968
0.120109070892477
0.158958323965182
0.319651128843831
0.326250104413576
0.26166458529457
0.135124453728483
0.0918279379834856
0.131629839653295
0.199527565735904
0.127079628915897
0.235231911195122
0.157655363485075
0.287943050311587
0.0935853461594285
0.0599032505013571
0.188133915868918
0.182001961879406
0.354652915888704
0.325345666489118
0.195894284728467
0.352322644117744
0.218988963878607
0.230370037385639
0.259696259097476
0.246150150122234
0.205110512987005
0.137777956683867
0.283579496534746
0.306273780022914
0.29866009777189
0.244593712191141
0.354813591678588
0.250962305619705
0.362925389151132
0.212452427862999
0.132249296472943
0.239024031501376
0.278969328744284
0.286517951973236
0.156993041694207
0.341232387831719
0.233655064104883
0.284280737780924
0.285871055479105
0.128480325354551
0.0923677066256067
0.183926726416503
0.403925150332587
0.277393641362235
0.256872588088941
0.314315723458069
0.340477715231318
0.228667119721004
0.0847768496095202
0.381348284432112
0.312547032504389
0.233491694208235
0.368103754409816
0.0824856483599389
0.351005293776802
0.20901038479949
0.231398718620169
0.282644079852815
0.249006145049827
0.251101953571167
0.389457924256848
0.325100448863386
0.408240785332002
0.376631332977821
0.447120238071244
0.20247096031561
0.398441482883918
0.275402595360063
0.332751519810708
0.201385901896323
0.385683106473468
0.2113076892991
0.529416405758846
0.462394788776829
0.288192930062822
0.337038313658895
0.390438215211692
0.368828600620982
0.245534388328671
0.25919358974699
0.322620274072975
0.323878131244355
0.387168866376431
0.402981029222868
0.255472090009386
0.465630326265525
0.457544909787223
0.4068342484548
0.484567048913208
0.489181426148383
0.342423920742329
0.394535350318493
0.530131030941632
0.174626620531116
0.376753772975705
0.415170536562271
0.277840540802564
0.302644364719573
0.238823442545805
0.534249621774682
0.399089883650214
0.309132093756917
0.48170974287139
0.411414114599423
0.397043623333473
0.388487977521107
0.431362424015713
0.345622582463707
0.486610078379307
0.417699728041099
0.452241137057915
0.402253458478468
0.441771616774641
0.360012637997827
0.395870988707165
0.458294513278606
0.383106708955705
0.43353152192579
0.404026786975747
0.274658428309662
0.386974485691566
0.410570560070851
0.49468552193123
0.387367496347721
0.47167338385214
0.374568636715606
0.432381755106824
0.444879987905893
0.27072978713677
0.386292036931937
0.567659953483815
0.472637167392067
0.565508100808392
0.626840016090106
0.461225340101441
0.462909704686567
0.33316921512013
0.550092189822866
0.469764089921124
0.366097970226162
0.561450551145435
0.509359412918196
0.485557328928883
0.605820362036746
0.447278822663711
0.527641926827085
0.509623848477013
0.580982138790834
0.444790595222483
0.562048041107563
0.439188139581214
0.551444033442665
0.417188561009246
0.377284327723432
0.452953123222646
0.733868261889974
0.502707998270042
0.505352049198713
0.424937341088443
0.504064659141341
0.575792647518517
0.549429140616249
0.396323366360795
0.569734141866915
0.671698318419868
0.462530929524925
0.441524532434428
0.437364943770981
0.358029962159655
0.524640583962496
0.546642654313544
0.460520658710148
0.531741458682474
0.507814293214667
0.452024853272612
0.440494295620472
0.529087814769561
0.536438642281931
0.596502481588649
0.640439906708104
0.624824082041153
0.389177782823129
0.513541286569206
0.558414423784872
0.591453218669026
0.590981297589395
0.418770199763657
0.556764206885829
0.621114064462273
0.611138722807396
0.560294767759154
0.644019826117885
0.559462228922522
0.527710587959277
0.611824343075656
0.568670930119817
0.649608517871657
0.567983114316483
0.598995062678176
0.360684111773602
0.44157574165324
0.586140989683974
0.553274717680895
0.632020749018045
0.519459396628116
0.574508135722596
0.536681936725998
0.550863955092327
0.633754431379778
0.573281236093164
0.447970223706836
0.853004276992406
0.649081533233037
0.584844001399946
0.610628362794455
0.691469542339302
0.520125237593367
0.705740987016467
0.602306090119749
0.600635931694579
0.573405341252162
0.618383837095023
0.613527548727843
0.627087660901185
0.746135766381155
0.559238770777874
0.737931873127613
0.543289593186233
0.587193399681651
0.685879904138478
0.592034013335519
0.585554004538725
0.763021386601981
0.754877021999412
0.618329937721367
0.658697633254102
0.680928208368775
0.704014186018227
0.72232087759335
0.661394899007642
0.744475706837404
0.749446606968032
0.744964276549633
0.583326303676753
0.61421339945987
0.720394888546147
0.756228348327179
0.735860825843611
0.663867766895301
0.525899240138401
0.615563636031183
0.775919675952416
0.618315437596121
0.732167338557265
0.716947900485297
0.804182300741362
0.644978586291022
0.614512842162801
0.58233524775245
0.764747458989673
0.750189690113453
0.612913020161463
0.66494398760827
0.675700122712774
0.693537284132984
0.699866060635311
0.657202702104687
0.727327913543782
0.588842393105859
0.863712561557696
0.628946723706554
0.543092402336052
0.775034805108337
0.740930148947289
0.761960535177043
0.683361201449254
0.840233844286839
0.703775821412524
0.717634518226124
0.70894720209569
0.731407257378159
0.704069523494445
0.829147868449944
0.86865625420685
0.881217094456323
0.746264066720249
0.676366224020232
0.562297390384295
0.721879641232062
0.700054383760168
0.838330829949534
0.757024985071718
0.691488775762026
0.878742627121549
0.708248184168359
0.877322544799258
0.759165220075372
0.650523374375066
0.843944090939112
0.707280605883703
0.954787906952215
0.760451550881201
0.648106238238635
0.807158464934455
0.834143981268027
0.709815040235894
0.75863031395094
0.72255500857644
0.865083090015514
0.77083842579949
0.826958127966858
0.672350447018334
0.65624632130684
0.857108219589113
0.859380005953707
0.819028231043372
0.856425079302255
0.855125904607029
0.929023444273699
0.839243097211719
0.784589448956609
0.901361742077306
0.934347136602676
0.768833450997912
0.898882030824032
0.682393648015681
0.741063157748784
0.826918760543848
1.02588081654237
0.758464723741025
0.907423287062899
0.826066979661811
0.679932031168168
0.842857052185346
0.908417935621704
0.774507736833857
0.776774236777781
0.88524076545057
0.885892954230064
1.0202725092067
0.889054766120159
0.905270444887978
0.898226562308385
1.00280855129413
0.821553802757544
0.866460937284463
0.940903287210075
0.755306708653381
0.95905412511395
0.933558618724983
0.686967781531296
0.882978045642307
1.02575998807233
0.91334850314051
0.747034653756666
0.940319330546257
0.788394853050532
0.921984159353787
0.899362985600993
0.746487683820089
0.853796750594125
1.06323057100821
0.831685807191035
0.806347553461624
0.995621989673603
0.942913577589442
0.878295603254875
0.943831974508256
0.880124793967665
0.883073631387102
0.922371610243317
1.0410379434144
1.03741375555367
0.8202116393396
0.923077339785172
1.08386785069112
1.06992135058426
1.01555424924343
0.982639351110253
0.94115086951411
0.805449291727978
1.02152919046523
0.978011511696609
0.90507914420244
0.817759647752708
1.03508649345343
0.985170871952527
0.788644004621454
0.767654695100022
0.825907970516699
0.983375183202582
0.85049361495816
0.981698141765112
0.836513358933218
0.989945945832125
1.00493980150965
1.08396315967283
0.999376145351343
0.997161508085707
1.01325962367022
0.989091643953242
1.01641142496512
1.0434988338855
0.971576235216454
1.06013218935536
1.2831557217694
1.14276179467759
0.99735259339831
