-1.20388316928657
-1.0998753129723
-1.09211307070891
-0.879648095738333
-0.924471737652669
-0.94979710328359
-1.01299783065008
-0.933690961324632
-1.16186377656382
-1.02519018713398
-1.00717276491342
-0.985680098999307
-0.904053365612803
-0.849994421730033
-0.931472998064281
-0.972592162561417
-1.004192989624
-0.9828341867286
-0.944345482886179
-0.882396534583771
-0.927608574361291
-0.965373121593307
-0.845053630163505
-0.911687543720539
-0.965587309720128
-0.826371031618703
-0.936708044941625
-0.879926415133102
-0.921444743610743
-0.955637977333824
-0.969780925570812
-1.04268684389472
-0.906602956298866
-0.914700591387407
-1.04296725667302
-0.943723976537965
-0.910629940737894
-0.932835573588112
-0.812672953846396
-0.830331339459723
-0.911985234633983
-0.784565066640128
-0.814917418024377
-0.803874556994227
-0.990777492485649
-0.893365689111054
-0.888998330618616
-0.942882971281085
-0.889286287549603
-0.865964664542553
-0.795729941831271
-0.98628492516615
-0.864439384822655
-0.865941167684985
-0.906478561611272
-1.03329497512439
-0.898284859288307
-0.923197367278259
-0.947223591386866
-0.898015882006284
-0.71267867050222
-0.93906857489883
-0.893872446135273
-0.77310485024569
-0.818402917337136
-0.695647708852812
-0.896282237914312
-0.838429150311188
-0.834445948347984
-0.821096027933955
-0.853796316224331
-0.843001875447913
-1.06638690500249
-0.961887628982191
-0.930709418279407
-0.925771833918639
-0.850062953996084
-0.74328411468102
-0.758768042202746
-0.830074831696779
-0.834537757818828
-0.833233812490932
-0.869336172135666
-0.833334062265321
-0.811742341148668
-0.737978990350158
-0.79194650298869
-0.881327197915378
-0.866253899622996
-0.796366086513535
-0.750435157318623
-0.714088241811045
-0.764843829720223
-0.614250743460183
-0.786688043600142
-0.889368833693193
-0.8415922663843
-0.695999254407404
-0.78110976028526
-0.71899693552596
-0.8685572196367
-0.790935281873672
-0.824520031237481
-0.87744918310925
-0.83555773929559
-0.876247906340394
-0.781094945319314
-0.786352157980096
-0.82009922620665
-0.780490453504098
-0.795099575042892
-0.822875915743167
-0.770831985273371
-0.637205110931959
-0.789576627484226
-0.880055876140255
-0.663905828327323
-0.695076218635517
-0.648877412781091
-0.656144101292825
-0.661811771516243
-0.787783220522776
-0.7086353544743
-0.819211775950793
-0.71226993073008
-0.665504602193262
-0.725167297192136
-0.575893680528613
-0.684863036667857
-0.79609728235425
-0.671170833591737
-0.871076669304539
-0.617054038038835
-0.627137985643901
-0.733718643425668
-0.803287265875715
-0.748795104510854
-0.726822851465656
-0.654425896563547
-0.752961859147394
-0.681098201893927
-0.766969339549824
-0.790539863129401
-0.852235588554644
-0.631773268538778
-0.769907039229164
-0.628268576582031
-0.757116433524809
-0.749915306800194
-0.749535565652634
-0.553274684885597
-0.676788441594862
-0.770687272751931
-0.599501290619379
-0.76558074903456
-0.726191246032859
-0.603863931667182
-0.707989252996289
-0.749492956542317
-0.729416874267462
-0.688874295708275
-0.77179803994541
-0.620930213479543
-0.59649540252824
-0.655345730228063
-0.567005789236655
-0.563038551335998
-0.704041130971986
-0.563964754429976
-0.770538073877974
-0.744337093374806
-0.648468171901828
-0.740750468761567
-0.554588232260804
-0.714252544119885
-0.653264694351725
-0.674893817674594
-0.617132455899242
-0.679117872601935
-0.661914926339301
-0.700751159337495
-0.602536403868018
-0.606290507711452
-0.577260659443816
-0.677529648407236
-0.618004127663768
-0.611438636032401
-0.648626165556128
-0.653360398645197
-0.856104070064704
-0.533034204234475
-0.677512282809444
-0.645363100569531
-0.630101321388099
-0.650380150895201
-0.668527018767005
-0.542602726325482
-0.753725755686584
-0.536539679256091
-0.561555754473629
-0.603653265204323
-0.706396011129569
-0.611852526226191
-0.617528068207153
-0.613670610866598
-0.65974795909148
-0.416577640823383
-0.516620392215036
-0.752006020452644
-0.657283330013995
-0.580286502445795
-0.48238880479587
-0.524811168833999
-0.511565088611003
-0.691472891855442
-0.429420783565801
-0.426348964854271
-0.719003365676263
-0.592144817609845
-0.553620178179812
-0.518635862860345
-0.503239311207691
-0.632152563844015
-0.410107477486873
-0.513065864856073
-0.638385497052167
-0.676629722742295
-0.461422074203701
-0.385070128759312
-0.459633576347257
-0.617110288381139
-0.556676710470295
-0.356084089237816
-0.582414786442226
-0.492592577228121
-0.545565392709586
-0.585279389395746
-0.431592896135
-0.589317621333816
-0.527686047891831
-0.582228198438408
-0.412818173525368
-0.579430695535526
-0.486650008143095
-0.398042962657489
-0.511045679123654
-0.593198461308513
-0.555331957152009
-0.436671123182564
-0.481036479365046
-0.573328674526287
-0.523285585065379
-0.521965592359863
-0.54559029832594
-0.679926928154908
-0.488032347187785
-0.428958583846567
-0.357664876576142
-0.458236865992624
-0.543207402613824
-0.463479245657987
-0.414517324172721
-0.532238886636543
-0.390155666105225
-0.473118809613654
-0.440421807983606
-0.476116458322216
-0.492652437139703
-0.371196911951824
-0.376851451323987
-0.493042311702739
-0.54083749864189
-0.496255726824026
-0.307165586504198
-0.444794932710532
-0.427075279268961
-0.379563272035337
-0.488574421484716
-0.55635118961541
-0.468652427747179
-0.325600962416087
-0.376143390352705
-0.534553159896328
-0.408946010712958
-0.386340031913625
-0.358158566911308
-0.471786398472473
-0.465811158238475
-0.318442966473295
-0.355448032323585
-0.409979391498461
-0.574186306549796
-0.385113331729392
-0.406752470256713
-0.419388428327599
-0.329008758112702
-0.540828901408164
-0.371126015529814
-0.487283586329204
-0.504957102424532
-0.358516998632396
-0.404876473813911
-0.328301372433176
-0.369893889878616
-0.229022934597306
-0.234495736446635
-0.381336668083781
-0.437234489568093
-0.300401517670905
-0.495009423871293
-0.3196164302228
-0.56767403969034
-0.483361518029593
-0.273143957921411
-0.409900526341349
-0.277713663790692
-0.400460649122572
-0.528554768233098
-0.266089289651965
-0.287402411373911
-0.276696054004943
-0.344838360290404
-0.221676288335879
-0.207434856700204
-0.352035174011738
-0.349564051856023
-0.354717286846672
-0.310687285930084
-0.488307521926145
-0.336041995801434
-0.340451000356618
-0.310057606805518
-0.138906089099773
-0.408446636164978
-0.441486216361141
-0.435259638596371
-0.3373925719923
-0.396123131835329
-0.302504493300652
-0.390526482206336
-0.285796447598953
-0.394455955417032
-0.330971022714344
-0.261117225131914
-0.330340560036465
-0.25762164478105
-0.421330099904008
-0.296008341555207
-0.263539335808234
-0.274413376640953
-0.4804272057946
-0.382350337279892
-0.259353570004731
-0.206835588451201
-0.278733627114413
-0.336617899625027
-0.295829902751917
-0.374296979758603
-0.191368397937078
-0.320741613340574
-0.244433145579283
-0.38078353512534
-0.339270736026878
-0.332902656824793
-0.285655907727925
-0.376688531749882
-0.283175598931319
-0.236768525447947
-0.147474443597993
-0.116806839217512
-0.152697800082158
-0.298837515890597
-0.309551834181454
-0.210553546087809
-0.298126209997833
-0.172623896455261
-0.272693735099911
-0.0333314901684594
-0.278182349727264
-0.459979405014542
-0.357474420030325
-0.22072575544399
-0.17541574523323
-0.405335361654593
-0.377239903780935
-0.243156769588706
-0.173462840692283
-0.140435300448314
-0.253987218315223
-0.165719436359591
-0.303422462164317
-0.131617050094035
-0.126921230890582
-0.362915562897529
-0.173802903595657
-0.29991574779911
-0.184172215317617
-0.176404543431023
-0.189654281053458
-0.238693535318085
-0.113491786522085
-0.196278711651043
-0.335672061160165
-0.219472597263468
-0.0780752584546015
-0.336460708345474
-0.183295206827902
-0.193054836673056
0.0041119331566268
-0.19135044123255
-0.167981135643136
-0.0951452321113806
-0.25387573980758
-0.20193862910605
-0.153159783024502
-0.360002030943015
-0.0987500093520836
-0.322956217052109
-0.13579107979939
-0.0927938322247513
-0.237473472472692
-0.122678935829311
-0.230609460275855
-0.263466963881998
-0.257147383480849
-0.119652277998338
-0.132357297013921
-0.0253654571516604
-0.179559265356705
-0.0509084966206898
-0.253784540019463
-0.268538026481832
-0.235753697883661
-0.16697420594533
-0.252188809563557
-0.0775385537994249
-0.17926182355486
-0.00670233501423398
-0.0670951228650841
0.0289107602804809
-0.0287652492141648
-0.1121162487942
0.009713297407751
-0.193071690395282
-0.210301509690563
-0.126855831029062
-0.115231916504921
-0.0135241913914425
-0.202224927810766
-0.0959884999807401
-0.114736937139149
-0.0276408930621481
-0.181437451893619
-0.184898805916553
-0.154207061481548
-0.0707437974283131
-0.0686850277916938
-0.0286438700967162
-0.171759871199002
-0.17455673585492
-0.121151159906876
-0.0186741627899396
-0.180844960622773
-0.169899995699006
-0.16736431169492
0.0477554513186615
-0.0900741509330025
-0.041254281428821
-0.139324932345658
-0.158440798540672
-0.170170606397354
-0.144560678109473
-0.220021595179861
-0.123833422267504
-0.0809193471793544
-0.115609377948501
0.0747693426961125
0.035164394166601
-0.136590292579254
-0.0957187952540766
-0.129733064500325
-0.0171065196328554
-0.116320792285936
-0.16214519996389
0.0947874236727847
0.117021082418252
0.0547846817766785
0.0243453491769635
-0.185625336622531
-0.05703731811571
-0.0416879803988366
-0.0318563258673147
-0.0139238201655614
0.0456562945734694
0.0391744000745876
-0.154817353629882
-0.176881701218522
0.128839115714032
-0.0855718106655877
-0.0135714913357724
0.0417105920606743
-0.0993471684088084
0.0508109712029073
0.0514436310858149
0.0485002934477864
0.0316205057850588
-0.105335698792405
-0.180139365745102
0.115397527601638
-0.107873960542078
-0.0278608931612389
-0.0196927020659242
0.0676366313689063
-0.101829200349014
0.0202210516617966
0.187162436512131
-0.0310591546629712
0.0387308991811486
0.141703800702049
0.0895874353169404
-0.00411642303166901
0.11718627899593
0.00326985824360285
0.047768269448781
-0.00927453831250286
0.209386241866879
0.146405451941142
0.121772606989631
0.047983751177995
0.0722365607794458
0.109086552310491
0.0446905451822312
0.0323603188794724
0.138317406534577
0.0398095762605099
0.131928478746846
0.0198675024095607
0.0254815631091689
0.102006111787375
-0.0069610032094395
-0.0314443822511396
0.143869389771884
0.0929186632115423
0.0282901844622718
-0.0562055403454483
-0.0249001948960117
0.199487427185502
-0.0348832101795276
0.135720778479166
0.0184378026877151
0.0352344708173606
0.0726133707883839
0.0195753950945599
0.168138935507393
0.0905691025309222
0.244175506650056
0.0525641623649989
0.181789609163585
0.0119503959455705
0.152744548796445
0.0511305363031021
-0.0994436603805943
0.134527459662682
0.095820684949027
0.212909821541716
0.226616479161151
0.231776816600444
0.0239523296483974
0.12387660584893
0.234609075938415
0.134040097927904
0.0989786292560226
0.121877660011042
0.0892703498510639
0.158620764045933
0.146858977013632
0.02761682904695
0.122409866316401
0.204861130208711
0.0722397888740696
0.348545404811822
0.0361922568292818
0.222658540730126
0.218417912099701
0.17161192669104
0.113950657970505
0.225617407368833
0.113315678700056
0.146871871781403
0.304851655568562
0.297362188921489
0.270487411320755
0.106571507595119
0.102154594257964
0.132469166472588
0.204432523914924
0.117608240764997
0.210312890167338
0.14421843109269
0.293745402775899
0.113973870183523
0.0675416924803195
0.20626660917386
0.191678644598772
0.373746339886339
0.329325925912221
0.193664412112944
0.344064713015363
0.216584611631661
0.23413324988492
0.275529594387831
0.207883003582125
0.200139562308625
0.144619456911441
0.249989404801524
0.319650086410014
0.287380290670202
0.228506027828919
0.358110446561688
0.249943926693452
0.344869845488096
0.212951546942412
0.159024217681249
0.235107636753815
0.271428714394174
0.275177727338738
0.161609409399362
0.343632115837033
0.235667705572741
0.296427929724568
0.292432731741632
0.129658683750169
0.0747427405372931
0.192664606271153
0.390106300004718
0.280485146756961
0.2451425792927
0.292876683425958
0.334940813274384
0.21008940454862
0.105337693723325
0.380126066114567
0.301556764622102
0.238994783742483
0.360863505332572
0.0516350609882711
0.330512281393617
0.212425591848212
0.227013016242626
0.241479707595416
0.265837754234919
0.266689498830441
0.370911123987271
0.329760633911691
0.412865472265077
0.388760323340004
0.455182939859788
0.224178002021844
0.386413089002352
0.267592034884509
0.343704934896258
0.205984602695742
0.391813554571287
0.216736550346505
0.522832246013685
0.460226621713922
0.280404143220356
0.316500219582857
0.370368826998837
0.351208869673853
0.245453142902699
0.262340303773737
0.298644515888821
0.323183281376716
0.415681778895138
0.391899102654042
0.277227903257505
0.468445331619735
0.454385977510019
0.413861260636
0.491962671996085
0.503416459818153
0.349550327350318
0.419331479265627
0.537384686765826
0.181889286197961
0.353995061200689
0.434663683397731
0.257440022399433
0.304218075780198
0.243940174775658
0.523791192011533
0.370926665471742
0.313505485403924
0.495741903783103
0.415814892997591
0.409111444389369
0.398596413262778
0.433309254964421
0.368592621356276
0.499349506861061
0.408866232778795
0.430382463321597
0.392080590525125
0.453639947406207
0.352913975191055
0.38131048923411
0.442332192359293
0.401193732756741
0.408974145086394
0.426672819476622
0.295593578881527
0.391879510269531
0.391031303995606
0.477323697038623
0.397994380134802
0.464479832354771
0.370727283638679
0.427489971588033
0.427493346337839
0.28600019335039
0.401947341285003
0.544429390681246
0.470478725350041
0.560313483130211
0.622573467254614
0.440991840044261
0.469020500888035
0.357800611960392
0.561049737364498
0.463819827951103
0.352948134762729
0.554258926099942
0.49058709497885
0.491572100107395
0.585439440597775
0.4376966962744
0.529102280794254
0.543709807907447
0.568403928859161
0.431728149741947
0.568995584484477
0.416837401898453
0.553776080707915
0.425993310692909
0.389957898293349
0.454871279170584
0.741332261076367
0.513504892274419
0.511776772146085
0.421404372404785
0.493015260522482
0.554395835335804
0.560968571514151
0.399573692186947
0.582016161938389
0.683706190832686
0.458850427765331
0.442064643753291
0.414662616706535
0.380745867493647
0.52890468619866
0.53632116842159
0.492497899848883
0.542460511341304
0.510995835415104
0.438852953422165
0.416535446246062
0.534327494393244
0.524595523043107
0.59774110562208
0.642253331487815
0.604314356462002
0.377020424653926
0.502220448218442
0.567880569002511
0.595298007995861
0.592855255655552
0.426743417680201
0.56982911702686
0.615514681208239
0.612849390492584
0.563731356713684
0.638691161405078
0.567688905160265
0.521806897847632
0.637068122118061
0.572146155030908
0.645652195820293
0.579210076469684
0.604683742750358
0.378708216692155
0.476823637270949
0.604358481478569
0.55410867033549
0.611903213750804
0.539351985096476
0.574229836580344
0.52632000694111
0.546286808129693
0.627435299152736
0.56600512747238
0.426675923305876
0.85277922752272
0.6602600573439
0.574762729881277
0.604977586563592
0.706304585965627
0.53352533231518
0.689849903893854
0.579580255014103
0.602038653508531
0.567973426643311
0.636483745557865
0.617402031843792
0.626737757166908
0.733964831515599
0.556692660440873
0.712142755946807
0.56572239294154
0.603965187140629
0.693834561610163
0.614623159341512
0.582048898275601
0.75811569292479
0.752271545279321
0.617914493476025
0.656794945294271
0.667690058029827
0.697491474806732
0.72172956784079
0.680908650971635
0.749700178694891
0.759533294841555
0.7347663579974
0.572827505061565
0.598906948750318
0.718360647183941
0.752899587362584
0.75980696994162
0.663176681854829
0.511013471696652
0.630336135802766
0.774778564395888
0.615267759890836
0.736491191439431
0.721570611057273
0.826089140808076
0.659386591626309
0.632551040772996
0.606192841805273
0.779010153529883
0.745166509825702
0.601022455649224
0.685705073060551
0.698200295484095
0.70100395258299
0.718699597538877
0.653322766233813
0.731254521640844
0.586159841237505
0.883763821688644
0.616971786424514
0.545601684154115
0.785600568605637
0.739230660067633
0.765143990246243
0.690292096986352
0.843308657067332
0.697850913966841
0.751086412862593
0.703898355974864
0.756658568115314
0.703497036401029
0.830230852625336
0.860438928160723
0.886569166544169
0.749108737351978
0.677211969550171
0.554404160291318
0.720625503699203
0.712609163450276
0.831479026640511
0.750568724325875
0.692291479480282
0.888602366937553
0.713689803717448
0.840790949987595
0.768351520276156
0.673949100992984
0.83066535664744
0.728300982669112
0.957484348263921
0.745978207467536
0.670109575984146
0.831776498125262
0.839948442556459
0.69254633095715
0.765111201051506
0.746664481494281
0.848178194796114
0.78186758233304
0.810296005066957
0.654078327334263
0.660375302434956
0.863351760159216
0.827767848410459
0.816156882574899
0.849431414136
0.846726550338897
0.919587505679755
0.824427736809137
0.796300068577019
0.896205992152196
0.96055378262855
0.770999925892236
0.913465747222773
0.678850008847215
0.745457324089269
0.826916794068887
1.02965374872911
0.763376375279928
0.868056330496976
0.811007401857586
0.679276508977939
0.845128723688423
0.908112973740291
0.814461871401748
0.782605547065476
0.878797083126996
0.863809459500256
1.01551437078013
0.875740055103731
0.896847167981429
0.877427136468062
1.02269741336362
0.811269638139207
0.851943319991822
0.945695821097149
0.766807743080395
0.98155225221913
0.949538024324303
0.699608242556281
0.896924997315988
1.03217769420137
0.908137046098303
0.746173859783707
0.959334775555726
0.766529188110955
0.893040447307191
0.875929041776462
0.749693899318238
0.865593656558975
1.05764632130842
0.829139003741716
0.835356895943911
0.966478697154096
0.928495866254328
0.890762778370121
0.960280455827193
0.894892102325804
0.886079179844643
0.915944033309982
1.05122347363442
1.03679462673452
0.840959572684085
0.912240546453044
1.06698138736552
1.0980757990699
1.0127751406583
0.991093891319462
0.935657292636803
0.814615372116284
1.03426887449478
0.998295173411424
0.90231300224865
0.826328259047826
1.04061772545597
0.978166351431172
0.777983544972434
0.761417105172665
0.829934465374092
0.962825868554214
0.835739125023301
0.959427386209192
0.848060500961631
0.967255711657618
1.02876685670618
1.0816200301105
0.996012541320625
0.982704757307574
0.992458052217739
0.971657821438991
1.04257147901
1.02865719292364
0.972961671244587
1.03151488278264
1.2755456629845
1.13011095835996
1.0023185764806
