-1.0233368268506
-0.897016051062937
-0.951161712298231
-0.917067082612745
-1.01903734455358
-1.0740071636829
-0.974291281776548
-0.823243117919872
-0.914943656055978
-0.949921597650334
-0.985416147364093
-1.04199182600752
-0.976925384468807
-1.08387705183088
-1.05704405416484
-0.963804682302686
-1.00298501674872
-1.18547798500936
-0.99206795290933
-0.985992137588201
-0.982195875529688
-0.959814582681323
-0.835849353698288
-0.938831627768227
-0.825769209218272
-0.944376418819751
-0.884042851438486
-1.06217218602447
-0.944326094528853
-0.765965904506982
-0.904677048367396
-0.847828053487981
-1.15887653248274
-0.866750624799918
-1.07268336668933
-1.05167413941721
-0.834006569326641
-1.09004295827624
-0.925238165413281
-0.811617525252751
-0.957770482573347
-0.887503880600216
-0.706347924733653
-0.742563340205109
-1.04346870557051
-0.869574351861077
-0.972618508867316
-0.989676681006895
-1.07373290321346
-0.796278353189983
-1.11175627164499
-0.984326821004483
-0.963652382088359
-0.720235636768383
-0.936151582868034
-0.788323782924605
-1.04294004145871
-0.988825370883252
-0.767088611924818
-0.906652482504837
-0.780158363098236
-0.974790451855302
-0.828600764686639
-0.847948163496505
-0.862141103995024
-0.80962035868063
-0.815767950185823
-0.947821059655748
-0.816742440464836
-0.794704913643897
-0.916156012683798
-0.807920805094295
-0.928130493509708
-0.66866603555111
-0.750754038099214
-0.713047372294484
-0.843356809690322
-0.753865862304692
-0.85900704527153
-0.820941097462835
-0.847631276546862
-0.758471054100703
-0.898660713517476
-0.756136881346602
-0.766338062518784
-0.692985910009222
-0.749824467326574
-0.984290182267325
-0.850867649607474
-1.00795406947324
-0.831396489711135
-0.792729164298158
-0.931790724467628
-0.787279112501688
-0.797200700131449
-0.658815148707541
-0.77510423103367
-0.900177303406195
-0.715347329910118
-0.820506895492862
-0.794449621448391
-0.836344962364035
-0.853551902734279
-0.815880086895625
-0.810336249690357
-0.848321882801536
-0.813684767438185
-0.990354203573425
-0.766362904604861
-0.763095810585472
-0.778792989247323
-0.820557637130687
-0.712871663705101
-0.835380577740203
-0.754502906089373
-0.664357884370946
-0.792224962699025
-0.620375673250435
-0.753213725634507
-0.689698585325837
-0.772193772189253
-0.833517231531483
-0.71854768161909
-0.875045854032174
-0.639097324245272
-0.639416637541006
-0.794306785674944
-0.765372234753989
-0.846306831961276
-0.677223128918342
-0.571650669071253
-0.761320370845335
-0.642444228782874
-0.855305626782829
-0.479175545630421
-0.725399741803993
-0.760300476516093
-0.778766198136088
-0.657797497069809
-0.660788135257191
-0.552326277316778
-0.581529296183141
-0.675931729017341
-0.669078422439709
-0.810815574732407
-0.807387766370565
-0.764843428572888
-0.708653183524131
-0.642982144553197
-0.84798117922422
-0.695299271219495
-0.743684862654634
-0.700454892120791
-0.780008094955774
-0.635445430979791
-0.61583305065759
-0.777926116776572
-0.609914107290835
-0.652356504812429
-0.684196744133381
-0.630311189191836
-0.654632607108776
-0.7621857720001
-0.704775598819314
-0.587909154509409
-0.604240976937884
-0.837350129067234
-0.534706082326745
-0.716668378777067
-0.629398159379462
-0.677249700760404
-0.687435796425633
-0.591236851136307
-0.630539179012036
-0.601561934510081
-0.683969612859505
-0.660717272005459
-0.492778595887498
-0.78416305955231
-0.637536579055681
-0.689440198295654
-0.568812615794221
-0.623549620862733
-0.539846314831134
-0.586067068339427
-0.574995413320711
-0.658491220003391
-0.525987729702953
-0.642948292550804
-0.576084365131444
-0.513495620617348
-0.694483119748242
-0.653381727676815
-0.622512210473289
-0.617037112249637
-0.733889246003248
-0.577315065879811
-0.612440566376783
-0.656786783870857
-0.720061228308545
-0.475788181817486
-0.553453150237968
-0.713605709161311
-0.598724792501769
-0.694965790249937
-0.645428714790312
-0.77306295075664
-0.663115186540912
-0.548786596339995
-0.512853886588061
-0.619538719634985
-0.544982148564957
-0.577078580927574
-0.530834345380975
-0.555332385069142
-0.518920005265416
-0.582926620899948
-0.625843874773996
-0.598549700227595
-0.69208227778375
-0.548735261084908
-0.582451082504566
-0.57877459650097
-0.600216372207242
-0.447479738001951
-0.468775479231504
-0.651814097138386
-0.549329254573875
-0.581164386627232
-0.53976768054493
-0.349586687290131
-0.521605211690997
-0.389894335007062
-0.616756624855919
-0.451678200329299
-0.656346019798823
-0.525424163930517
-0.522877547437235
-0.542713118092504
-0.603904421984433
-0.494646602225903
-0.557094850685616
-0.640882759333566
-0.621207895344363
-0.415675323039303
-0.46714644739768
-0.437303531446225
-0.55331291534045
-0.423956412020286
-0.461909361353124
-0.524862627832783
-0.506261661784617
-0.414606234375988
-0.576971606979903
-0.61751760720899
-0.55234232539869
-0.476283010421969
-0.441472517365669
-0.463525596883814
-0.38019796833897
-0.452825746945706
-0.600762771831136
-0.376622403656707
-0.575537594274663
-0.571512501723511
-0.469481799384793
-0.393155139161513
-0.280628650147412
-0.335924860145672
-0.316779509520487
-0.396151229424716
-0.410907523589228
-0.488745691181248
-0.537885320065963
-0.365711819884579
-0.485576360732567
-0.526051573408064
-0.445384608984253
-0.44782934781449
-0.447764858411217
-0.492532840883687
-0.371355392773912
-0.516524337785138
-0.268932718501361
-0.370599027261976
-0.392664823752403
-0.455804678526333
-0.470543999245352
-0.495139363812494
-0.33709379028016
-0.406074908586299
-0.47623524526204
-0.460459733393696
-0.407350518664263
-0.506000996618476
-0.313573086811506
-0.433481280008655
-0.439958110943822
-0.604309063932872
-0.427031102594491
-0.426856011992131
-0.391145733647576
-0.278127862991294
-0.325886074162445
-0.381774274616672
-0.371217496180076
-0.331094652949391
-0.284865171932845
-0.338884958529573
-0.337355187604194
-0.505256277367761
-0.455598855174487
-0.147652039310433
-0.507365637735149
-0.338357096962971
-0.353652912827908
-0.390111749542922
-0.450123174680648
-0.441499738618069
-0.364925142979485
-0.357935571757225
-0.322357897323837
-0.253913624486845
-0.342911470810059
-0.341793497140596
-0.292356550243493
-0.122098758789324
-0.284111595174281
-0.351495700586795
-0.19291434117278
-0.505188148238881
-0.375921301443629
-0.305444511645894
-0.275687907692755
-0.28343189364208
-0.220920807212036
-0.407380679717498
-0.302392615957835
-0.343970038593371
-0.370771470964625
-0.288506240174525
-0.217712199908347
-0.280235584725453
-0.443164063496321
-0.21118429642623
-0.199845992997927
-0.210783354523595
-0.214236265689092
-0.345816362391747
-0.323617920061512
-0.21185860340659
-0.380488082944354
-0.234169996624498
-0.339036181738838
-0.299370247930161
-0.270122204102863
-0.23386279237832
-0.294979731691542
-0.249416086061543
-0.319294911144672
-0.373070414260961
-0.328594039518169
-0.339479256799812
-0.187297430919945
-0.1970837297446
-0.191230927951099
-0.34772112486142
-0.26266512933722
-0.246330171534839
-0.147993958636275
-0.311209494712349
-0.234872140802792
-0.450078080561397
-0.189375431150182
-0.30416976243504
-0.299916257998273
-0.207763297263394
-0.288093669376699
-0.225287060068156
-0.250535755376002
-0.362120980261968
-0.280172674503117
-0.268311604149396
-0.378097547339309
-0.25365052826969
-0.263256746718419
-0.361726991813566
-0.192007959553644
-0.079470615831457
-0.229742966733597
-0.177656608405052
-0.295870290546708
-0.0854917971710859
-0.130021918294705
-0.296962918294026
-0.323226917255709
-0.117308902955196
-0.237583924514894
-0.370559498273531
-0.15068570986149
-0.188157967107088
-0.20874721867432
-0.21581316550431
-0.234541613117171
-0.319214715419196
-0.131053731454933
-0.103113938391048
-0.307003246346074
-0.104103038277278
-0.150580036480988
-0.143251627558204
-0.22735132050101
-0.149716970033679
-0.207265747125522
-0.260285212324482
-0.0563579328267533
-0.23704435320656
-0.313654832392643
-0.205585472794162
-0.156802461477406
-0.0172565794761496
-0.225218924643927
-0.193008425434945
-0.181615412515344
-0.26530415048252
-0.187519844233257
-0.188496310500878
-0.186795055503603
-0.132420110635933
-0.0549436051155138
-0.122606468576168
-0.134677883623332
-0.230104082114062
-0.112379905310103
-0.0677253076551989
-0.127412166867995
-0.106029346234901
-0.375507676791764
-0.10074680298122
-0.202906135597713
-0.0416279071915653
-0.168364771528343
0.0120940869870517
-0.112666802469093
-0.0765504743954871
-0.14437572468968
-0.111650514307973
-0.146105553546319
-0.0911480722182023
-0.0564729790813052
-0.258584145515724
-0.151255295233038
0.0700016652678113
-0.0675296408254032
-0.038301764882249
-0.0977777907854261
-0.087381770988985
-0.0608463123819631
0.0225812649496573
0.00475042314906779
-0.0691616215061333
-0.116238063148852
-0.045474649536579
0.0184896901249305
-0.0778086311841923
-0.100888414542668
0.0851750079892775
-0.157160787133539
-0.0162199814130627
-0.0104756188104177
-0.088095961755272
-0.152068481139291
0.0373737156755456
0.0561849431854197
-0.061443277827289
-0.166235924052063
-0.293033605126584
-0.050708624052697
0.0556944764026856
0.0136102143492153
-0.00474918064937943
0.0285942575188866
-0.113918889176744
-0.0683249872286042
0.0645017174732045
-0.142075069560668
-0.108817035224623
0.0829335925631648
-0.25526604906234
0.0916822104711321
0.0252222280099437
0.11556749086154
-0.109369544430767
-0.0603926955265442
-0.0632531851736919
0.0837027018899229
0.0151169580657818
0.0300793718407854
-0.182872820420626
-0.0997973955274289
-0.041089131316541
-0.099154439413455
0.0327246485078408
0.0103301188018034
0.0736192630419069
0.0707528215279703
0.00288489003807059
0.0890667685454935
-0.165544779084149
0.0250243824726048
-0.135891577274746
0.0657840093652725
-0.0718648126437007
0.0854937542068623
0.0420514374411486
-0.0158173162810049
-0.0850027283468438
0.0977034344357347
0.0467357148806681
-0.0266906343893801
0.0380230352958646
0.150342340193906
-0.0445769779569505
0.0592130059925268
-0.00212848328189348
0.069794760583437
-0.0685348522930085
-0.112264728873576
0.088643780337657
0.119700913291873
-0.023304634967604
-0.0713214018690078
0.151998990959763
-0.0271840867569795
0.0770937521777183
0.00565797650022088
0.26659811526396
0.0700653781895791
0.0334397832045176
0.0268840538604119
0.153669435170714
0.0271545347410965
0.056516747524859
-0.0267559606896387
0.0178039811521773
0.0649402930333086
0.108295208230135
0.0660595174633878
0.0845070404470004
0.197294091212663
0.0765463957170488
0.00456052345764615
-0.0953715151950135
0.0166883412498967
0.147937057635254
0.0746050625866053
-0.037431941076632
0.160265552331636
0.182383753347221
0.0627893277959313
0.101162775454897
0.0872734155159419
0.184528669884122
0.25941206136781
-0.0205743832573047
0.239767809890444
0.184709021574169
-0.0872581770287197
0.157574353505773
0.135281274377038
0.0929803234437933
0.166516255556289
0.228390277643924
0.0906755413248216
0.0327463393253867
0.0767022579640306
0.331999198079314
0.276265463309204
0.176477319496375
0.181210948807135
-0.030997467882855
0.240461479967096
0.226420820402082
0.0890977272033118
0.0820971135728154
0.0803798472729843
0.167289889160049
0.203795912613356
0.232752924051227
0.0693230892268185
0.106223760299775
0.262928349469135
0.122252590937671
0.224863128408209
0.0648896623066946
0.179788962879207
0.291142999743577
0.254565121084426
0.172135960374038
0.267822672276466
0.103587303724018
0.32345292138756
0.163631675217247
0.31131239404798
0.20540427589113
0.0222732818258274
0.170682099373132
0.293990257223056
0.286288216853272
0.336513996258108
0.162436553490275
0.179401522788264
0.381972140060971
0.315009833597342
0.292227662064605
0.14088267857587
0.113424972768874
0.266808158518944
0.274869736727451
0.0193638378574935
0.234788811951712
0.265109452092864
0.166420572843176
0.292415337734643
0.196886646819621
0.274738684611159
0.112450423745341
0.270637714445355
0.188577048018766
0.376734250396963
0.4121102953666
0.242583175033071
0.112582169624263
0.28046697666941
0.23058398801361
0.33115151492302
0.120195548397315
0.430107891987649
0.285147477423821
0.25099991095321
0.146969832969752
0.303018417356834
0.264851647401892
0.270593516269433
0.135839452157087
0.251046249573361
0.257025133905516
0.358504121527956
0.228327779001804
0.319980763721152
0.3888904371698
0.283405306142949
0.406266701853107
0.462810449505214
0.316200514207082
0.370239292020535
0.295170550284656
0.352527535795675
0.420687426531849
0.237581513013465
0.307952043264475
0.299820459198209
0.352623682253197
0.385550548354425
0.538736681306216
0.417157980127853
0.319698981548836
0.327656017686669
0.309359163728506
0.454348464662262
0.304160009423453
0.407679874624602
0.321865054509104
0.444105099764038
0.230807197453264
0.392760890350745
0.211034351539379
0.255976937419408
0.25389588399969
0.281508886780151
0.435751285983138
0.21701633479295
0.361047493106132
0.307764719026652
0.365126024972312
0.481860330152208
0.445221905773651
0.326332969734335
0.392461085333303
0.421034967050688
0.306336616164527
0.382906971889196
0.338465752120814
0.338408837249633
0.412725239358541
0.439958771895173
0.354470661456111
0.503973138721474
0.482608026546512
0.275827724471839
0.422737889075882
0.505010479565957
0.46365490091468
0.410299228877513
0.346612599266974
0.408806516164685
0.377616649775222
0.390580860829257
0.251449360812105
0.422538691413409
0.543885264953833
0.34322036223521
0.458659787065178
0.587071612632211
0.496144119864034
0.460865911737892
0.343167791605189
0.538797670492294
0.339720968281911
0.406225662588954
0.482767937564855
0.335862127405582
0.460136826161795
0.348282129518975
0.451958357317887
0.360930746058066
0.553651904642763
0.537287026259239
0.369187079519737
0.450644594096516
0.492951078275966
0.463723274919928
0.491017974636109
0.563949729832234
0.371958778631233
0.440469893890278
0.472544460508228
0.582819114431978
0.287818838200004
0.480723299514114
0.430327725578216
0.606060358929682
0.632181661463237
0.39785502835853
0.694987120905631
0.475850663746621
0.532902294908641
0.572781425653878
0.403718913455401
0.489866746940215
0.459994201362909
0.469958141484619
0.471711353749765
0.463665988080751
0.498418598884123
0.422007706235593
0.516559304889477
0.552305061572224
0.381057370864586
0.533873523921888
0.568162350087125
0.506937594361093
0.564874827909491
0.493216603031801
0.491081143435494
0.468896746426628
0.631015899625
0.549547476269166
0.643017643278845
0.458790176386131
0.430152312894953
0.536135776890734
0.520686711380362
0.525727750764275
0.515063694716583
0.529369118812647
0.5207033582609
0.528235844515896
0.60927460365082
0.570025579211886
0.562162479736286
0.464994529954624
0.560832571229696
0.457541644286334
0.5666660843244
0.481102475935259
0.544847868312365
0.697357943411893
0.515204444956575
0.638068124151261
0.538750003191737
0.518394433721104
0.581715784203534
0.670183294865452
0.517134662852997
0.509588365652221
0.574065746146854
0.613637998541284
0.50955984545399
0.590460164482023
0.521824135696738
0.67197811312237
0.577020268692866
0.59923227657406
0.570509241088754
0.720554326478548
0.594019256433321
0.557285047748068
0.492442719478289
0.689148917025788
0.635311347614668
0.581665154157861
0.677098920557378
0.773144191940062
0.669375398477206
0.625251536928688
0.664594053376315
0.663802332217954
0.505129565905514
0.580711506069969
0.62196374209491
0.728034836684071
0.577506270054899
0.670074019106789
0.643668792325292
0.506038483777903
0.752097967195545
0.705691600560668
0.726149275004573
0.704511592170856
0.550883055466871
0.575064190277619
0.641467600601795
0.786895594469
0.592826015619962
0.629373047843843
0.680302597739955
0.855109520176622
0.644671371555734
0.681611972807354
0.710476000037915
0.740486275092964
0.618055931844488
0.798616455599046
0.661507804071355
0.83299930171917
0.659559398920873
0.811959156063233
0.690257380671738
0.593365473961236
0.718405499569228
0.685877239358161
0.819331965738063
0.672038623929283
0.75000623200073
0.959551592262636
0.810831045374239
0.577385840184809
0.685383283167179
0.798615575152749
0.642101555566333
0.639059059400403
0.64428902305149
0.892214653089659
0.736313799045528
0.679505146411777
0.646145479299499
0.815903119901926
0.746038361856996
0.706223253187097
0.683235955617427
0.79317124942385
0.704303226305844
0.710452542539302
0.792892714421935
0.639869365717082
0.840120515835419
0.766708366416367
0.972343422642693
0.704785444444982
0.608661485981991
0.808443161250717
0.755230995382068
0.690971652069649
0.84143850669684
0.882255214098298
0.76958200411454
0.585086601954589
0.863701704848396
0.730815324973363
0.752093169478899
0.737564754904024
0.87919195344461
0.712818039089969
0.826141293108712
0.822241400608817
0.733406211644526
0.834905252326147
0.634953093827256
0.895944113846674
0.866548293166391
0.725508789308196
0.728555599436345
0.809330250132417
0.735726556287369
0.653197408031451
0.788822856760348
0.872300021117874
0.815325924457283
0.828394559575276
0.854683784694183
0.856403664232367
0.858289948452556
0.867075976414099
0.850213912476905
0.689213383085715
0.807734893967039
0.885662503761845
0.889639142544159
0.812035207790382
0.910824733678495
0.953923371104813
0.783131411575019
0.813968598682345
0.889777303942961
1.0045066322442
0.796960962263755
0.841433543170832
0.781643791762004
0.822739304777794
0.854582248800851
0.742697575985447
0.806608549964895
0.853161901089027
0.80194544177707
0.683877130111701
0.775725187517445
0.824433420031793
0.809099918102672
0.781999025366874
1.01610998388396
1.04008871692091
0.930101498057024
0.856892104944479
0.774737264201181
1.02208789640331
0.808758272617937
1.013587776296
0.932328063677493
0.759539416570233
0.971993289616348
0.86755314541929
0.814974729187369
1.12435731050135
0.737650615500237
0.854468637574765
0.88372088322694
0.937509058941696
0.907638546005223
0.882588397916184
0.975052480903257
0.999620408089946
0.903972143397653
0.778644282069649
0.941650701914002
0.841772541165961
0.775636928216842
0.994927171866133
0.876186781172889
1.06162605875049
1.04557316882924
1.06673955422478
0.979116082310488
0.836645646616876
0.908305945023307
0.946466064060461
1.07000908084937
0.760823323879617
0.914806438710095
0.934165166913684
0.919449553233584
0.882897529136231
0.887362995564958
1.0540154188325
0.979662462633774
0.943532835421243
1.02599017515493
0.974929004553344
0.863307745321453
0.955942069180478
1.0234568608207
0.888537153383841
0.945832445402234
0.92019298673057
1.05440800203621
1.06113519089895
1.04590873813035
0.967998264996136
0.948790263668974
1.21277663220567
