-1.09702332706592
-1.03310383695041
-1.03711353603461
-0.991925138714335
-0.928843329986721
-1.00022575288645
-0.89916275817981
-0.958961883904884
-1.09228571606456
-1.0847997180221
-1.02666076069997
-0.980480893452852
-0.900933185811366
-1.04707942721833
-0.893060077062838
-0.988136611787783
-0.904289294317266
-0.995542777917233
-1.01187728853868
-0.90891723318844
-1.08518191941246
-0.988393734203703
-0.905201115215249
-0.857828302732467
-1.0217790326839
-0.918732749732285
-0.908013428801491
-1.02116283201451
-0.974801950500517
-0.928802436834276
-1.05534084184287
-0.857955042681888
-0.875156162655135
-0.822574398619119
-0.849115152032003
-0.903797719028344
-0.797526030087492
-0.929772450945482
-0.87626716327337
-0.951904631016484
-0.888212992231994
-1.06122980687362
-1.06604866889008
-0.959027710619535
-0.841186467769064
-0.922883360736956
-0.997245664487891
-0.852633180279573
-0.79773652198737
-0.912537697995048
-0.856874615507015
-0.884855687139915
-0.845628867544662
-0.83996317573043
-0.857212182718526
-0.839799137364165
-0.907258647464545
-0.818979259200441
-0.981459248027341
-0.950714558146512
-0.844551579187191
-0.870683325898216
-0.895199674656754
-0.852920917892563
-0.885912974893479
-0.946680651667661
-0.925677475655729
-0.811651426282026
-0.900253249993722
-1.03911546508989
-0.942094210738214
-0.891560693644312
-0.964365569604495
-0.814321809327011
-0.857488260863976
-0.853636685538748
-0.888827224667995
-0.888306086007437
-0.889746849985491
-0.652660869941818
-0.886486493027781
-0.83074776336831
-0.825892679176866
-0.873162836926914
-0.918104124005617
-0.846379489985678
-0.786462557703869
-0.869197352157114
-0.782531859948029
-0.922621780573517
-0.790116859279909
-0.741607378658111
-0.852821930161598
-0.828284046616711
-0.787195363432467
-0.850789006659203
-0.836703017127387
-0.722648714764188
-0.77827556191921
-0.706643984655659
-0.844758470995812
-0.745693277763295
-0.734442123915068
-0.691040186151157
-0.717168582370102
-0.918119641016903
-0.638578316102541
-0.705084657081628
-0.739936436694595
-0.801834542643338
-0.840510827149774
-0.874708333612273
-0.801032155297534
-0.80657565638286
-0.875830366006447
-0.82407076057412
-0.882150904271791
-0.586762627571682
-0.795634437970553
-0.746577070261206
-0.755535915651118
-0.868607746107494
-0.823477817602764
-0.606740609476922
-0.492284497793442
-0.669233376616571
-0.717594912551568
-0.758516368777867
-0.753841223890593
-0.797563248135288
-0.74988181325251
-0.728722577951849
-0.753811944900784
-0.723650041543869
-0.645673416040063
-0.785503167122352
-0.804116834738955
-0.838626281743789
-0.568801198443434
-0.694156743071483
-0.653572186540382
-0.728814747265612
-0.67209298206551
-0.686916095365048
-0.625357802033222
-0.7382199969098
-0.779016343711606
-0.754363634077045
-0.647321838071012
-0.590025291325027
-0.574146089936219
-0.659992969419562
-0.681475279889635
-0.599383301190535
-0.726370880189965
-0.683275990944569
-0.837218497606171
-0.78492290174804
-0.574938423820925
-0.668766650757962
-0.681910489799636
-0.691177797830659
-0.798401256975528
-0.794770262309703
-0.709639125932839
-0.799290079582017
-0.615177217345752
-0.547707091692106
-0.681161264535439
-0.544450406328708
-0.651602025217465
-0.629395118788683
-0.651964373770281
-0.599556997804108
-0.61116390158059
-0.659583214731716
-0.524492051223238
-0.598131543482551
-0.549415542973786
-0.726801029224584
-0.682394263347024
-0.707464574373923
-0.64758275117581
-0.608999534089781
-0.581430962435047
-0.604853864123791
-0.630751117021952
-0.67487491046252
-0.555806797976169
-0.689566811277115
-0.627692576434737
-0.592182416514903
-0.619131409653063
-0.460850082127232
-0.588530359305403
-0.628901336473326
-0.613945275532599
-0.633487965910625
-0.673634985459713
-0.545013999654767
-0.570026233026653
-0.593440717816807
-0.664816633962278
-0.623594436203166
-0.500453661152522
-0.667382783618551
-0.551103259358263
-0.570032860363823
-0.439177573102635
-0.546455315062086
-0.614212548692877
-0.538624932302852
-0.438568852661591
-0.509813269596751
-0.56433763946746
-0.50147850278046
-0.370467202075269
-0.55379272340645
-0.549909491297745
-0.485773811718003
-0.587873529038342
-0.555104096407874
-0.713078933036068
-0.547623854286807
-0.568445039140305
-0.422553211065051
-0.47638771879219
-0.676212423837034
-0.435396234817319
-0.549435435024063
-0.55388407371684
-0.605035043304007
-0.448825619185817
-0.582123187178528
-0.552625891524074
-0.515239602085843
-0.374556610295594
-0.439770911522046
-0.528818677926758
-0.514291011838241
-0.495154314559141
-0.534339905559475
-0.682620638196351
-0.566212390211215
-0.439706107345707
-0.692259706313087
-0.319329624482903
-0.581777686332773
-0.508469731342197
-0.520317044543783
-0.376834219791747
-0.626917281892077
-0.337906973770975
-0.71105066355357
-0.600211441837069
-0.459461626249647
-0.501122335222415
-0.508830380971156
-0.493716466096021
-0.508659781886758
-0.418505427268508
-0.518388785731053
-0.485050523894186
-0.300909737026122
-0.522326676804276
-0.609755373357272
-0.466978700894103
-0.427879054855213
-0.502563226134589
-0.469820195507043
-0.320416098100113
-0.380898376151611
-0.559455907709047
-0.563231269851697
-0.346736150477657
-0.364850430939191
-0.371396600099378
-0.413904933740099
-0.597062072287128
-0.497306351319764
-0.55582986746366
-0.287375528023222
-0.549115826854288
-0.373259733769028
-0.360354391908243
-0.316376814787687
-0.308260158194623
-0.639088762338432
-0.38591887479397
-0.529796225939202
-0.659673005341053
-0.328078658716866
-0.568285053412565
-0.447315120288863
-0.42426978403504
-0.40453653993983
-0.419415703875044
-0.457234226788603
-0.405891657896929
-0.308383976253699
-0.336433794568977
-0.529643920621796
-0.39299288359711
-0.50438229410533
-0.491757937424953
-0.373128639260038
-0.375185528523947
-0.280594336615695
-0.453474445097164
-0.296265996771556
-0.449903127072114
-0.388730145030971
-0.374894612718945
-0.434443789208646
-0.319967493458932
-0.48692857257458
-0.227256831375986
-0.259334817198341
-0.322935672137255
-0.484430213738117
-0.339618221822312
-0.450319749807781
-0.408826506089922
-0.346950391436071
-0.48322977240928
-0.302279545849859
-0.243912949302779
-0.303132246556893
-0.393011091002006
-0.333777523158717
-0.343347665288635
-0.325893735930646
-0.293753792765529
-0.131939246927686
-0.40958378583925
-0.291293863696282
-0.341344899496378
-0.402255640089825
-0.526252091331331
-0.353282965071741
-0.415870072836261
-0.187086350764487
-0.335394371216651
-0.335423473611071
-0.224739720484014
-0.137573801293116
-0.341125147725178
-0.151778459077819
-0.394340497828698
-0.293005303795078
-0.294357770987406
-0.420885564148034
-0.0975152492468207
-0.190111285176033
-0.352864455062772
-0.329074266320336
-0.311020314942112
-0.345373358532414
-0.319967789770978
-0.317295576913336
-0.269343278978812
-0.4044025499497
0.0255251860585975
-0.414772331353283
-0.186053328851901
-0.318125457573867
-0.303219162849914
-0.0886113994751082
-0.345121494781846
-0.306160300241048
-0.274073276483046
-0.117157822232087
-0.203959985015757
-0.137153055915187
-0.195634042920082
-0.192578382519375
-0.206123656285891
-0.249629679648245
-0.250403443744303
-0.454465891410807
-0.232153455000814
-0.302533974537291
-0.213653518355574
-0.0646362517291373
-0.321886343433696
-0.198796961803315
-0.334810324374507
-0.254620048540844
-0.285887675069823
-0.319722387059106
-0.272211053711936
-0.0669247613158781
-0.0922926778171788
-0.183645428588963
-0.273625497932357
-0.169193276295075
-0.258573250069625
-0.330997578613768
-0.213810984178065
-0.282041183344084
-0.164541502662192
-0.286391855401566
-0.129746395098101
-0.352931198930712
-0.172862631616426
-0.215793946686533
-0.265509959632077
-0.159937830396205
-0.205713829453651
-0.131266957265901
-0.159420201843945
-0.0853001951851548
-0.0214412407278811
-0.180635081046432
-0.146052763070836
-0.0266579582400883
-0.230218716156576
-0.228351748287984
-0.171906117317965
-0.18500526504764
-0.064789597554633
-0.240814120545214
-0.151551678872917
-0.0786340639237558
-0.263371452254438
-0.199039780600664
-0.0704499172399865
-0.0639206669232173
-0.137651295609385
-0.140018571694331
-0.142784132932284
-0.161355505151034
-0.287676731124157
-0.0891968693265951
-0.0972761851888809
-0.18995040847218
-0.213126077226524
0.0203175634788993
-0.179792078440792
-0.174418462040275
-0.0960306196908676
-0.0979105804060311
-0.0417538915590459
-0.0103789858514343
-0.139285402872409
-0.169781841201769
0.179212033058223
0.0033453824829897
-0.0614296336619429
-0.285141737015206
-0.203034797758114
-0.231880499934276
-0.12748238713628
-0.174287750016425
-0.0938144218884152
-0.14874737200198
-0.0472721922733469
-0.0971098610111439
-0.137032873586467
-0.124524844966888
-0.0493835963796454
-0.0524333386818139
-0.133970877435696
-0.152016808406424
-0.116674537251308
-0.0159965610200687
-0.0137567195254634
-0.0820625384221796
-0.00222748251723483
-0.109844403018901
-0.00389120520872515
-0.075804442213161
-0.161203842693883
0.0547896181176182
-0.0684944143940209
-0.122958344848139
-0.0350708536074675
-0.0342062719178546
0.0468143358549245
-0.111764074075583
0.0760358221754466
0.144405491608987
-0.112940006403857
0.0934222856236581
-0.0885330792497737
-0.0163767733087207
-0.07460711204364
-0.0125183206872238
-0.0338667608892923
-0.138700935281391
-0.0160214926962714
-0.0785518984322652
-0.03559923188092
-0.0132115821521235
0.106862336237635
0.0674417805241272
-0.00922750920939957
-0.0853563374852322
-0.0495685760561188
-0.129063491959314
0.0202102387538139
0.120293363328032
-0.0157313705183085
0.00584176114725243
-0.132393091192841
0.202692540635753
-0.100660267157695
-0.184956945256695
0.0935989629210989
0.00982292506581502
0.0518901955830828
0.0940751281136946
0.04162990875169
-0.00178875589860791
0.0503515225358235
0.0512488246023953
0.0927191940085809
0.111164276517499
0.0871338257660571
0.0233621414977801
0.0691416105979511
0.0574437196915624
-0.139692003915562
0.185756604351923
0.0570788626652425
0.0156614366173871
0.145771992116516
0.119029745518891
0.0592814295226885
0.000754665216083078
0.116913102691091
0.105483486594785
0.109967512586377
0.0738393772293005
0.180524724112607
0.0246851805784668
0.0495604082198609
0.0113022925545196
0.125388078021267
0.158143344864141
0.0808668082912555
0.254938457013688
0.14262886117457
0.0235959246306882
0.0659329292832759
0.160417122616144
0.0835866303616391
0.0340198017007311
0.0145258769676867
0.0471106583441691
0.104687843360373
-0.018031332159425
0.075966175734766
-0.00533857058942375
0.19050028910646
-0.0371265127748701
0.158164467348259
0.152269677446806
0.112893174662225
0.276808796531496
0.296742512288149
0.224656611905667
0.135336721786944
0.141138274084975
0.0712325737178544
0.209044830906705
0.0708435876082955
0.0456226728921232
0.183767140715164
0.0147292466733821
0.150729352571901
0.126111975283164
0.0464125653616232
0.126789490140532
0.163864816205035
0.0782474316370062
0.262334591597696
0.271380918141606
0.128177868787648
0.0997828020965681
0.107032982576351
0.104613851650498
0.229372002423631
0.184085254331979
0.137552405906116
0.232390931980612
0.0703053987639289
0.337782595073907
0.235098336069819
0.141618922015481
0.18601361520811
0.114960109392689
0.202808697948484
0.27429514415139
0.0478084067421781
0.242980316472105
0.168459056867153
0.0293337943106818
0.158955544302349
0.130773382010705
0.247120501699117
0.1691427355686
0.287261062941321
0.260442242007247
0.13360753142178
0.404956625794117
0.287764961525176
0.0817486009856197
0.154722875377722
0.104640137906119
0.247603504293215
0.288687287510305
0.250765817204222
0.321516866275475
0.321471433921567
0.26643683173323
0.272057703117392
0.314309091199772
0.265273831413651
0.129379828865062
0.170062817633282
0.246581024345174
0.186564941424209
0.313163749336975
0.271086163349134
0.328387476040215
0.254944511959543
0.279597868763036
0.253139143661093
0.330513630586217
0.297640122752235
0.321046636650994
0.274981532385707
0.303950171533895
0.302920734194739
0.236894060534699
0.295889775217614
0.328064229621971
0.267204432621053
0.190514660742094
0.272350594174954
0.328737485358523
0.390262147768088
0.439182182411059
0.275353225508238
0.251058614323322
0.293000514031635
0.375641116589277
0.309577015427602
0.146525058115065
0.346723558846129
0.170775557113774
0.296287547381846
0.266631514433872
0.245133524427642
0.372407304094732
0.399990523438697
0.455065548245439
0.208598400457922
0.327566246319039
0.297701934687629
0.296440207183425
0.254261759963959
0.254839860706859
0.242458571796858
0.399198236653932
0.391384093191284
0.197831341860281
0.341903116941212
0.236037182449797
0.250803331329089
0.198666718897369
0.269040037127198
0.415922104684157
0.384525080717294
0.34261939153741
0.288537234188769
0.241235291151298
0.475112114652359
0.44750175949849
0.572031520866496
0.521177960686682
0.304416459080002
0.384667572940563
0.481079337786707
0.351746539388071
0.422190386354132
0.515498435656946
0.296331873524619
0.348990671809279
0.459774820952222
0.356849637274231
0.337013545749764
0.521888259816207
0.400159096283509
0.281586409192315
0.264764586906439
0.438562330601094
0.304514640579356
0.308268713028805
0.363069374154539
0.326337361020522
0.428130264646998
0.4274438609131
0.337832433891718
0.406645323631563
0.260011599192184
0.417778739824473
0.334800224603041
0.544498746040456
0.436349802531022
0.495624292753692
0.410995568180245
0.376979529162285
0.265031730936
0.411992131230877
0.556914498372458
0.394980790521467
0.379051434968612
0.436264978940526
0.481330364920234
0.468502682242262
0.363451408677845
0.490602667026368
0.524353889690598
0.476508012121628
0.282876711482167
0.43832959673155
0.420451716223544
0.584619147275301
0.525488449751851
0.385884763675886
0.410294357594467
0.459668458545936
0.441389765839497
0.505829535525801
0.381090008455158
0.456835231958554
0.481779076661535
0.605263746323474
0.51045560032913
0.600854256358364
0.426045342556409
0.55756375560836
0.521817498014996
0.537607409278335
0.472135653827525
0.638289097741458
0.563713607463606
0.521610805468066
0.36050653550393
0.329410767770674
0.488164756032078
0.403124632955484
0.568794105477724
0.43962975666872
0.592813496386771
0.527645320072936
0.486185188932363
0.683935285883246
0.630210745508955
0.634026576181883
0.471226124825472
0.541647368524889
0.435706558471859
0.567810996218183
0.525775345670767
0.525629915732469
0.650995862943214
0.58244238489545
0.550896479077375
0.490471151505223
0.667649631833791
0.592304488787539
0.524298509978417
0.505913651972274
0.63433572413255
0.60192512024167
0.63721723627862
0.375586329411648
0.506855730909594
0.70187872048794
0.530008095309998
0.665013743293454
0.578029002301896
0.633848687593614
0.609139310904585
0.699877307731024
0.604785473637357
0.62662090631616
0.693294643701184
0.535006569113065
0.548008165705879
0.566392713688174
0.520504458558803
0.540588300495188
0.552630199259655
0.633241288936175
0.641844943099551
0.499333487267297
0.602953044827891
0.501980701592632
0.68029494895699
0.634137497987073
0.526549348384057
0.571697952427378
0.459282292900018
0.522172810121477
0.623730728169624
0.639935116438719
0.560199629594026
0.647939074181045
0.533467347477044
0.705858636573898
0.783388597293145
0.409058059349802
0.510914404739436
0.565111698336774
0.639106482661899
0.614504600371502
0.54969066372192
0.580341849829805
0.616544624635228
0.623630136063702
0.690758436393068
0.748081639182862
0.623606911614282
0.748581877562649
0.488399409211529
0.614424823396741
0.703704112624627
0.694345759860038
0.616893462170603
0.560634508835579
0.739779532899553
0.826236583880251
0.609863148178542
0.828408608961119
0.778509497567608
0.622374922193376
0.673459139933262
0.821911492054733
0.755230145729988
0.617672504557794
0.655482033291039
0.650505691362755
0.65228787358124
0.662461100635003
0.575514213271482
0.718840002136593
0.524422180314403
0.789423903052558
0.846921812409918
0.662876066193852
0.582177213987503
0.659067656629767
0.707016777877111
0.655784623752336
0.658664352843573
0.638488950633362
0.668868744629855
0.602722406165353
0.785464738588223
0.698129107294791
0.668314769622853
0.700978044561555
0.597546285922112
0.548116179678697
0.709914872680314
0.821629547253253
0.786973411605894
0.765478827492272
0.646744350608492
0.777956503540527
0.524144913939832
0.870475994721911
0.748444076104536
0.77610924999067
0.644500129320885
0.640580604127978
0.604423422073395
0.887605054652662
0.666098526717583
0.862823117073119
0.777717117843301
0.699941933772692
0.764836684441348
0.644797285144661
0.738111701865412
0.778755696200321
0.710954438703143
0.69056095585765
0.781874708255547
0.747816682022367
0.729583894944183
0.795009105267304
0.814721201573281
0.815873765826179
0.896702932680534
0.822929949936064
0.860312340560173
0.859374577367
0.8289006387405
0.797175586139124
0.756607688009816
0.637200330397117
0.912817721731559
0.861222295102683
0.886374032228035
1.0635952538739
0.908161872950868
0.854249341404436
0.770561436225683
0.828876443784963
0.920301716152868
0.754042526351443
0.797473922819612
0.859025349787475
0.976305604408663
0.84074351027066
0.84506258960671
0.728382672381342
0.840857120641015
0.881163648596502
0.877702593772981
0.89708958831043
0.716788547447786
0.736717432675463
0.892608937872753
0.873798979110301
0.951945746785477
0.801362243658381
0.946686763896544
0.864649511115211
0.901462886605158
0.804626192009349
0.982177039089801
0.847822816586625
1.03714822227923
0.770843819551359
0.828289717762792
1.01616480547176
0.829784038913298
0.970363862032548
0.918131104211405
0.838722483438354
0.788828083964433
0.94772013801248
1.06913019414389
0.789167192495131
0.924237029223745
0.893650914266414
0.828605239984634
0.976945227796402
0.999159898800714
0.907750167868564
0.884747034693598
0.88978748179163
0.987195302535389
0.850601488458259
0.813827997447017
0.918337392987691
0.935430016957349
0.829940891900684
0.92554650889808
1.03624370421836
0.939511750870945
1.02181136920119
0.882217962459395
0.844785165111282
0.832439089912118
0.991345043954763
0.967945986454014
0.819316019116235
0.929740756806396
0.92584506808445
0.900508325954574
0.905673601294909
0.942578444017686
0.911775962918132
1.0771864164296
1.07665270932201
0.872550509157163
1.01106357537113
1.02436004912547
0.913469409011466
1.10659868992971
1.00207973713672
1.09296661141542
0.988727733661602
1.05546610462609
1.03791049035835
0.893252529293532
0.938290146217798
1.03174450397499
1.01288941825812
0.957756296150235
1.03702339294198
0.936282809562561
0.894554991584946
