-1.12091362648531
-1.01072048112934
-1.03687408430783
-1.0274520838391
-0.920509907385517
-1.01777157463709
-0.895799148132236
-0.962695730818007
-1.08057597902907
-1.09174555842837
-1.01911456466057
-0.957461841935073
-0.905494498006176
-1.03564474760093
-0.908344085071307
-0.972824379082884
-0.896269521048211
-0.996853750045553
-1.00456668344014
-0.906234761630071
-1.10121653776888
-0.989088107691061
-0.884265216535983
-0.853033998043419
-1.01943372492714
-0.899157638132318
-0.891666912705426
-1.02185321492474
-0.964340447382831
-0.941029044287051
-1.06328294656475
-0.867435900247608
-0.887027353896716
-0.809872355605931
-0.848465261319724
-0.890813958173049
-0.815709129514323
-0.906793469232945
-0.854311836899735
-0.942972011839649
-0.903815923624553
-1.06532449448002
-1.06933808322357
-0.963331962738868
-0.834031869354551
-0.914037604979569
-1.00252245461074
-0.842807908775043
-0.770849879938779
-0.916820132326934
-0.882425164084025
-0.899066187316982
-0.839994211477669
-0.850472146642555
-0.848996199653818
-0.850570649656865
-0.896372534939052
-0.834223875658134
-0.997643389917084
-0.955087378435785
-0.849079446012585
-0.877224561122731
-0.904094611443252
-0.853065067767941
-0.886643931606271
-0.935733497188492
-0.916885654057573
-0.808944279491976
-0.898619973661888
-1.03063219354506
-0.938188745006469
-0.878180526600871
-0.97867088758094
-0.806135596137928
-0.843374191817083
-0.860086303724208
-0.891892697268302
-0.914509133154467
-0.856897878940976
-0.661581571626654
-0.882450365694602
-0.836126227499217
-0.822778071374756
-0.851793737730103
-0.893050217627645
-0.840589044108786
-0.795592006186067
-0.866739358567327
-0.776488065870069
-0.914155334228216
-0.78981553538331
-0.74020872769932
-0.854034170563301
-0.820355430844402
-0.765115982224854
-0.869291706076215
-0.837431926483224
-0.719358533069665
-0.767259651560446
-0.705831552583956
-0.845487383996382
-0.754545965391457
-0.74296710560719
-0.6879390120222
-0.724541295286996
-0.896084891937661
-0.639220917583171
-0.708609267538379
-0.725017192475614
-0.782868673341838
-0.849596591900945
-0.851219105857267
-0.778094713377337
-0.821078260412184
-0.854486991000287
-0.829129191175138
-0.873400993547257
-0.591174988092557
-0.785756016906592
-0.767450841273855
-0.746788787706192
-0.890598479805497
-0.830197337385495
-0.612843367303866
-0.474161405053882
-0.684216240309333
-0.714825760704895
-0.740214905053604
-0.741379851907524
-0.812151935164643
-0.768923556596809
-0.735709369981602
-0.750356059198876
-0.7169196719614
-0.633949180248398
-0.795694589497405
-0.792773047983721
-0.826780668420216
-0.56120449502315
-0.666375061529861
-0.649339949218574
-0.707058530356447
-0.690871780321769
-0.692306203490496
-0.618098181544894
-0.746172459703399
-0.784900174356096
-0.770520847387135
-0.638559987790537
-0.578875491855569
-0.5607078068916
-0.635452241425233
-0.672324087847001
-0.599992042780983
-0.727744643432251
-0.666805179300792
-0.834827590027051
-0.788796504038869
-0.568962600196043
-0.671277752982587
-0.680497146802496
-0.68784276453958
-0.794860964595698
-0.804107056857973
-0.713855331340236
-0.816568712865758
-0.594674813546389
-0.560717626394869
-0.661374287821835
-0.531938142072447
-0.660613936669145
-0.635216321356054
-0.662932583251732
-0.592509882881207
-0.640104224169005
-0.672916294842561
-0.527217494683758
-0.599850067684243
-0.554079137991697
-0.755536268259536
-0.685865011774905
-0.707882423471257
-0.662186062215235
-0.602908617238885
-0.563726474535728
-0.582507021647221
-0.622265373759983
-0.684688997130232
-0.549552286928992
-0.715116002494037
-0.599336995318269
-0.586802912364346
-0.607662277175331
-0.472664364495541
-0.578931986793949
-0.623136635609735
-0.622157101840792
-0.625689049485347
-0.683449964374713
-0.524159597180324
-0.571597807450392
-0.579939646264145
-0.651539832927488
-0.631649323172058
-0.487186057369806
-0.656729232273311
-0.548801907227847
-0.578930466477701
-0.440680660422997
-0.551186915864954
-0.593777622983293
-0.509846638765016
-0.436393586611628
-0.491834537848784
-0.54271401166634
-0.509606446289914
-0.3559942799013
-0.52553175209413
-0.561621109568057
-0.476469663945017
-0.595202841897679
-0.54916571517142
-0.711178228195806
-0.561400314089886
-0.587511351482832
-0.417685234373272
-0.46576824283884
-0.686139992679966
-0.433954114893321
-0.550365139323507
-0.527330225780288
-0.595821795821452
-0.466231995173799
-0.573539768015756
-0.545282009841814
-0.530187874228732
-0.378196130507225
-0.440853775248744
-0.513999008426933
-0.52471990906768
-0.4960680042612
-0.518515856520395
-0.683960225505457
-0.559390257866917
-0.43339249788379
-0.715401013248832
-0.312964693209134
-0.609505966198192
-0.490259618453899
-0.533390352571164
-0.388509440517837
-0.654718575500929
-0.325220622388123
-0.706103548546898
-0.587020100523216
-0.46331597768959
-0.477881900512347
-0.531362934258872
-0.476712585479059
-0.512842401435243
-0.407009608610324
-0.512836008923911
-0.473854401920968
-0.286645750355235
-0.522733696338229
-0.6157358656593
-0.428373381897428
-0.415261579628746
-0.504825411552636
-0.478402429851921
-0.315096454409538
-0.376735754833433
-0.566524504406126
-0.581120221666659
-0.346965265246841
-0.371400681904792
-0.374986469630086
-0.409707774929529
-0.590025544017741
-0.487303732524445
-0.545037572630627
-0.294408350932243
-0.545196988895964
-0.397652591480144
-0.354390751590835
-0.304539715650728
-0.331415829125705
-0.61621480192837
-0.362975811783059
-0.535072900444861
-0.685581897376165
-0.314224971628042
-0.558277201899791
-0.450470191801768
-0.422794695215869
-0.420250184860357
-0.410237952893976
-0.447062105516551
-0.423436610017554
-0.304401806198378
-0.341927262717392
-0.520908489785173
-0.425813976364131
-0.503633225887864
-0.507005993289309
-0.37613278865549
-0.371867248415328
-0.298055301805753
-0.443983555900747
-0.30767806104981
-0.450362290213083
-0.391662734513031
-0.361341768086651
-0.42611684010076
-0.310031385909771
-0.475220445231688
-0.212764616271711
-0.236302004225646
-0.324796059431683
-0.457192333662061
-0.320457570603856
-0.447421476592062
-0.415432168525574
-0.365523898741575
-0.449805494972293
-0.304510496769812
-0.22506878006156
-0.309707240470349
-0.403659549572057
-0.313103133057903
-0.357732031963308
-0.355117394160077
-0.303440121279288
-0.137160931101629
-0.427201125885954
-0.289146566827538
-0.337989920892302
-0.397818439764821
-0.538716647903991
-0.324104611482419
-0.42361661063721
-0.181313640113865
-0.322925215873138
-0.339920108054206
-0.20142158342858
-0.13749758667162
-0.338449430741095
-0.1537599252024
-0.401887241474262
-0.295302413425137
-0.277864375071791
-0.410520473625477
-0.0870689721266091
-0.211503284979333
-0.338003065086975
-0.33375772211103
-0.328830374070273
-0.361247451551723
-0.31635098394269
-0.335741270414617
-0.25171774090459
-0.414176475692532
-0.00461180894266236
-0.423190121010948
-0.201734101866537
-0.319982748874459
-0.294548600904972
-0.087112255130473
-0.34802494198784
-0.314437142796503
-0.283414060193442
-0.115425974722003
-0.201603507804724
-0.123295003144981
-0.191696153396886
-0.179776193454575
-0.19536061916603
-0.240010255701392
-0.242261717855865
-0.451101726010782
-0.220916614421346
-0.291586641180941
-0.1827436325556
-0.0676595211598397
-0.323251978140432
-0.200203606288179
-0.34196968498908
-0.266496138750596
-0.287369394949179
-0.315843495654578
-0.258522849574498
-0.0764259315987964
-0.0898732429079545
-0.167116273256638
-0.269076979398191
-0.175938841442475
-0.269329508701717
-0.34299193133015
-0.189234532120651
-0.28387026202267
-0.165062227169997
-0.299166372897016
-0.121805175036034
-0.353292792371176
-0.195269023444746
-0.222972708125904
-0.267849122614014
-0.168797782182834
-0.212721315737374
-0.133725566636437
-0.187215762900046
-0.0901859011410382
-0.0328913672210926
-0.169800222394481
-0.121229779016406
-0.0310081043484857
-0.224380234278408
-0.221409119013362
-0.179208311512956
-0.194395693439647
-0.0781636080815921
-0.226271079556727
-0.153751950638471
-0.0863798479136983
-0.263648935585615
-0.191475837490554
-0.0653057927434046
-0.0547736315807177
-0.147692053740465
-0.146557974237949
-0.129069275807362
-0.159787284955975
-0.249060659838426
-0.109655471523181
-0.0936090101217106
-0.163275486959983
-0.198895850561871
0.0128282570710373
-0.183973344056999
-0.159570322773351
-0.0985112755690523
-0.0912256394150562
-0.0142405408855875
-0.0155432716602037
-0.141669306671521
-0.164224788649979
0.178134120922567
0.0239336996445765
-0.0755375321414657
-0.286800155931794
-0.218874360568206
-0.223916027104817
-0.127464214569665
-0.171844315617522
-0.0694542385211562
-0.144913260675358
-0.0221556915745258
-0.109070372364832
-0.134381528381322
-0.116319827082898
-0.0523970205710874
-0.0190389866882976
-0.138872849474861
-0.152042630350966
-0.136619203920998
-0.0300276535636854
-0.0269406197760653
-0.0974583858267152
-0.00957952436162745
-0.112466747806225
-0.0228762754146432
-0.0410335559455719
-0.155254148792784
0.0587305158276139
-0.0675280935098964
-0.118379175058025
-0.0596489076443109
-0.0424094790255261
0.0421049083891881
-0.126745315796779
0.0637551537662088
0.152521551649751
-0.10368886244001
0.105765663825763
-0.0516216607082878
-0.00380545647164844
-0.0735420623055985
0.00432583622307676
-0.0398479157867073
-0.13175952388106
0.00315111428317238
-0.0629027674510038
-0.0411945333426581
-0.0216967237111176
0.106722224928168
0.103889630902976
0.00966535084545954
-0.0790797287842246
-0.0515399123718631
-0.105173777912818
0.0242841067004378
0.114564335037551
-0.0104453813111853
-0.0146153222864628
-0.113562813468278
0.197994013990946
-0.105352043455719
-0.206881425076649
0.0913606124349554
0.00274524374344457
0.0486799102342961
0.0849901169150251
0.0413644930825992
-0.0107192916670917
0.0330312805439041
0.0436794407671891
0.0835609512747959
0.117512223654003
0.0930968814516966
0.0345625877020791
0.08052038896391
0.0846914727650541
-0.12162481278488
0.17512493433363
0.0716456620055553
0.0239646039152105
0.14834015107834
0.104916593093903
0.0375233317590658
0.00985512749025893
0.118997835779281
0.114374913638111
0.111815124718583
0.0904296100394814
0.18941767466669
0.0341234048365347
0.0441354326633158
0.0209705759349772
0.12879386894047
0.150181478154346
0.108314048755084
0.225265129935269
0.128753262765472
0.024524337216815
0.0632300635262672
0.14016092592389
0.0999368396576751
0.0589967799272291
0.00942419273334124
0.0478780985647688
0.12429390918082
-0.00412240119913557
0.110602271821189
0.0017708316228302
0.185971348775732
-0.0557902969265906
0.168578000812745
0.155261998082348
0.107856886259033
0.267922318067683
0.306583750568205
0.219879076453559
0.146544469849868
0.140781741503099
0.0416725054947335
0.173093503279028
0.0686570642174412
0.0479284351569873
0.170808010666895
0.013981214730207
0.181301391727111
0.136601433728777
0.0576702009649422
0.127587116791749
0.193810927939876
0.0652785744125138
0.282057128887905
0.280458338335101
0.122694179894504
0.121799476525568
0.0993784490262118
0.0991169614365445
0.218522770885983
0.196349804834096
0.142992048303178
0.26087426166285
0.0841200180457769
0.344207659893203
0.239996931091858
0.140310780112147
0.197776732579217
0.123641354570216
0.198025795739403
0.294596067293466
0.0521036878245559
0.237519525460086
0.168669764581649
0.0172175082496931
0.167103533227838
0.120715876288594
0.226146578610647
0.154988607313402
0.277777488391185
0.268471564701957
0.143304028673138
0.400322481340235
0.293275875837255
0.0637529560413581
0.155393218217821
0.121558311638579
0.246735554367524
0.247721829006187
0.245672901702052
0.322837182794009
0.32090452444927
0.262670198824494
0.278687200519942
0.317806720356511
0.266747120518283
0.145316321789527
0.171945272042585
0.250552712489811
0.178203931823692
0.308902674174676
0.289469447578316
0.327644936604574
0.267234713380368
0.263046310800264
0.254476675097568
0.329202316232653
0.28070455131037
0.326532414774622
0.276897569510904
0.286844033651872
0.297425200749079
0.228892213849553
0.32751013297529
0.330222535957306
0.256318373705466
0.212510790353438
0.285566487942567
0.33343749739289
0.367241248847058
0.432347148679492
0.28923743688859
0.257166138674256
0.285269023934725
0.370134662648447
0.313757661041637
0.159449955960452
0.331226085652127
0.197895617316625
0.268640298452762
0.288338385478703
0.260146353560628
0.377239742010859
0.386305278439743
0.442205541804928
0.212332974396979
0.365883945015416
0.284963121531505
0.286617813058358
0.243535397727557
0.258149459620173
0.23894216291565
0.39939310854651
0.422350448355443
0.220197817522998
0.346913256516882
0.218325573552371
0.237337027370049
0.210943186314928
0.266754301992809
0.426831948883163
0.38637176741518
0.356079414744825
0.312711707365957
0.253322650638379
0.455674945724801
0.428586587667336
0.547445680241175
0.498538305196766
0.305474413837888
0.385933934981832
0.461587628818964
0.350364160628504
0.430914794304391
0.526341468518844
0.312760133808649
0.341383342429098
0.445262172386281
0.363405258673806
0.320793841790297
0.520719428462672
0.373299128961604
0.291452676794823
0.232082590829177
0.461395496190784
0.317910433992627
0.292019815179519
0.355452748032903
0.319039197371743
0.436622443277315
0.426013976259758
0.332390138927603
0.398762519341423
0.255416823634917
0.416180230250986
0.344678984310792
0.547030019319455
0.449555907060456
0.52481003864768
0.397228948458522
0.378341585147756
0.284240268966664
0.418249907201106
0.542572459723115
0.394472954063582
0.358818126629994
0.449561536952827
0.479528552982062
0.458343955276712
0.348619355819119
0.459709835230664
0.515394058586027
0.484753235853201
0.281810934122404
0.436342453629141
0.423877918688412
0.586908180596293
0.544584622371641
0.381149167061609
0.392206551349822
0.473740862558561
0.425117235871633
0.479369265635514
0.378855316081943
0.453572726914784
0.476722551237714
0.593581713598172
0.523453018358467
0.595783885462899
0.428849021565813
0.53746818247029
0.515532323332864
0.549955967524251
0.480144119817442
0.619030398818425
0.567898660247739
0.503068651993769
0.387889323143758
0.349212186877245
0.471030493182477
0.423500721832062
0.574236588894433
0.460356485360735
0.592134211149358
0.538490646247859
0.487642807149017
0.695506580475158
0.631768682444291
0.634057913546906
0.470101457704517
0.542633104390483
0.418120535185682
0.565185843554984
0.529630285182472
0.51774211234416
0.634154604473374
0.59445569631347
0.531254711621309
0.493639188873133
0.648021806904839
0.605585685580755
0.52669103391123
0.512063949740199
0.647656222327522
0.593563530175387
0.626900044832156
0.370864098848319
0.507365293953885
0.709749955115642
0.544665260755902
0.665463666195562
0.592809153101547
0.622380337371758
0.593335652945625
0.698712236991251
0.596884206476087
0.650019420706685
0.710477613490319
0.534861500056998
0.550902056094934
0.5655887032448
0.498149909933355
0.528617136801876
0.537458160815192
0.616540400187296
0.643451708137695
0.506819020768122
0.618975884649878
0.49375275934652
0.684364648689415
0.649468856840344
0.531076919504722
0.585568344564616
0.49519421197548
0.527252218601803
0.631795782286765
0.639292635651316
0.585846113895735
0.643315103350772
0.545135500142002
0.695026968280556
0.76642200792356
0.426790187017392
0.500714349387488
0.540541351846034
0.644424708559092
0.618375861675595
0.567600027567227
0.594005773861208
0.620861976929399
0.660346517179245
0.673118616888371
0.747235123537524
0.600291006767554
0.748781861668493
0.487453608731211
0.629628344553096
0.717884235647855
0.692780986776458
0.628643609858377
0.561622066952949
0.725206265804522
0.848061076855179
0.610393321798901
0.832085750863273
0.772296488954153
0.614132761750397
0.694809847346503
0.846957379362741
0.775234492066151
0.625687691535047
0.640646144294808
0.673149199004023
0.643417344126469
0.655606956339402
0.579840815529576
0.718969746597929
0.523996889221359
0.783773976518751
0.833728031693715
0.653938391872517
0.603014165828751
0.653814028122301
0.702141568797484
0.672444677619446
0.655901121640102
0.624189374800389
0.674396742136794
0.612412458216908
0.810479572428552
0.704068279933138
0.675313995447337
0.715568437969604
0.607253743515253
0.568551364674512
0.70973375998419
0.833652639823315
0.793654459729315
0.75633033771007
0.631089100095006
0.787689449100732
0.536559250258664
0.872061016782447
0.75067862034466
0.78299302776665
0.63644803299169
0.628988346919549
0.624448586508568
0.866845840704678
0.666562488650888
0.871998355175456
0.756884751824918
0.731419511792004
0.77582551235285
0.679750816026245
0.746382899769671
0.785563921895643
0.712131307104955
0.696083819052248
0.777033442384791
0.735741028007705
0.739568711452104
0.790241553974874
0.826865322334968
0.812332851532008
0.911955115337444
0.789847159283333
0.864910938705961
0.848299520315079
0.822598533990448
0.79607014686482
0.737616207229648
0.633048011393145
0.915461861219741
0.855497417904765
0.888383758116453
1.0427112063433
0.898230389642136
0.845364101297442
0.779728268134848
0.811117481028367
0.93877253039617
0.767746609801377
0.78072820194455
0.88155926621637
0.971092009152877
0.847989482936583
0.83400662881507
0.740065496602594
0.861632072570778
0.885706295307794
0.880533060266625
0.888052040336438
0.720597702841466
0.721999098254969
0.8680991901998
0.86397350793445
0.956234905895019
0.824043282931729
0.956995638241034
0.879210347793844
0.919316700287197
0.809513093289789
0.997914788443892
0.857108119103373
1.03362663346246
0.753675443903437
0.816705965317775
1.03255797823721
0.814652350261809
0.97181140445889
0.925278247528386
0.841942331377969
0.777684950513354
0.954736708747141
1.06626133695527
0.778040802341565
0.914877735880603
0.89649418536497
0.853810370605161
0.973497052245509
0.985955502706325
0.928577601658354
0.873563409628307
0.874638526166708
1.02993992686378
0.849883112273179
0.847466854080356
0.947292774159993
0.931128284005968
0.834707321256515
0.916748959265922
0.9986938421235
0.940947811363489
1.03121420684776
0.868196401408146
0.849369988773248
0.833930722789281
1.00882173009495
0.986087278635978
0.822859967754123
0.925949794058547
0.937287659060422
0.902100865793357
0.91005293913024
0.923090582448294
0.913034863987393
1.06886903172967
1.06159843433055
0.892468748205249
0.988766007577425
1.01898155197556
0.905502204506297
1.09176708229003
1.01904470178588
1.06541915983787
0.983754878598492
1.07356957453419
1.04474511585242
0.912106498444308
0.958736017846345
1.03706378315215
1.00081323080803
0.943614954898337
1.05134248640067
0.975565322822691
0.889460115408006
