-1.00680108212526
-0.901068103208467
-0.962242774799238
-0.917830803012261
-1.02861777307202
-1.08122727301545
-0.971298385711681
-0.821941334701594
-0.902410299737131
-0.966566502409603
-0.992675156833897
-1.03721061850485
-0.96057200187379
-1.06261718448336
-1.06186382645557
-0.976665207470048
-0.998156678434929
-1.19152681546077
-1.00007939705029
-1.00295978246672
-0.997440399023552
-0.949532037054584
-0.846630196165092
-0.941050222458649
-0.843706045814437
-0.962062063576797
-0.880838512292471
-1.0527952069708
-0.956723280949043
-0.769531744031281
-0.884733021826008
-0.854740634616957
-1.14448016074314
-0.881950082208263
-1.0907770929228
-1.03415326318429
-0.835492830134732
-1.0611752048126
-0.946954461111065
-0.804577780060616
-0.952588519662053
-0.895376438204403
-0.70823064316151
-0.734691589795012
-1.04453531725658
-0.863589228632401
-0.972986503993951
-0.982758178013615
-1.06630172048998
-0.802626229248796
-1.11341299933813
-0.971409676223745
-0.948024954445426
-0.71235418110206
-0.932205462828594
-0.812432804466386
-1.03691942576652
-1.02105197732022
-0.747446800304604
-0.922163109503531
-0.788995897054307
-0.989284310403798
-0.849758157273753
-0.868972211604165
-0.84326729526155
-0.798313946040376
-0.815556203056172
-0.939014086306562
-0.827462735540129
-0.810437121206043
-0.916276019688017
-0.822664200677199
-0.915752023137975
-0.693990754355468
-0.746696774728877
-0.714421945856467
-0.835478226088315
-0.739333866096674
-0.837415560918885
-0.813311499996092
-0.846582870083193
-0.7835236184129
-0.888506340506051
-0.757992610922303
-0.765731401236445
-0.682386512924748
-0.726510150247173
-1.01292329101249
-0.850384970973342
-1.02458172860567
-0.842518732189448
-0.800549428617153
-0.919694655267457
-0.786402706093042
-0.82706568946737
-0.660637931975267
-0.780116633941384
-0.903280055071933
-0.724614181544205
-0.813662715100438
-0.774494446661781
-0.835743444034915
-0.8681669040827
-0.824483513981756
-0.826757424448917
-0.834916140650833
-0.791900636963317
-0.970965870925108
-0.739315954057434
-0.767117596465909
-0.769877265833742
-0.813135013392091
-0.708500660330435
-0.839753777433645
-0.743748422810263
-0.648051349190487
-0.805812783684754
-0.621893355649361
-0.77708321407159
-0.690761622470006
-0.785101280855178
-0.829790182580137
-0.734551087787134
-0.858722583020138
-0.673626960164404
-0.653661257268668
-0.807269463404169
-0.759024878581174
-0.857881329416762
-0.663115755976039
-0.562278863833369
-0.750736357002726
-0.660670057940357
-0.859723809273979
-0.495064248586753
-0.755814021774508
-0.759097866115313
-0.786771516992148
-0.674786475949076
-0.657510098925349
-0.554627929541032
-0.573796484654189
-0.6784927460329
-0.651812160870388
-0.804121084359775
-0.803810748855456
-0.757129302687523
-0.699983807368451
-0.658746632666852
-0.845591321208498
-0.690028834486708
-0.744660927663156
-0.676469648417258
-0.812049504671822
-0.658459902773561
-0.621601819655135
-0.763538355906044
-0.602843478215643
-0.647110803785445
-0.699809030857112
-0.648101102320072
-0.665633955955834
-0.749206087249236
-0.697259046538784
-0.585147753924962
-0.599780483815313
-0.837409190845947
-0.525546172547361
-0.71825924678068
-0.62232357531865
-0.666630233521699
-0.692235778231842
-0.613188032885371
-0.632396881627667
-0.599138437849678
-0.659003254290569
-0.64302520185173
-0.482148914411
-0.75187115187591
-0.631680319926318
-0.690594204808219
-0.560820315162548
-0.655049065902044
-0.539030629981714
-0.584258316769575
-0.559165024001884
-0.661861234199661
-0.531295723442404
-0.640224476486972
-0.580633851980978
-0.496927004569977
-0.699411679027141
-0.654346451510779
-0.60680031050812
-0.589690228976398
-0.749628115070496
-0.547281406149987
-0.622186287191109
-0.653477909023031
-0.707228106744756
-0.459588876739244
-0.552891114155158
-0.702508293787809
-0.602237319121606
-0.689011032661076
-0.629852151836141
-0.763285242211801
-0.647065232916145
-0.572853183354804
-0.489807064069966
-0.636416518843461
-0.542873818484776
-0.565808864394397
-0.526615658640547
-0.570086180192199
-0.5506158548472
-0.57697924146818
-0.616414157941296
-0.598942731282657
-0.685191719429377
-0.528044096853036
-0.555080087505316
-0.576840942410815
-0.614959806320617
-0.459222544639099
-0.462940111559706
-0.654313737944424
-0.548168142565934
-0.609038170949784
-0.508008068188145
-0.34706043809178
-0.520722619957188
-0.379120591667563
-0.621624477604323
-0.445798279344046
-0.666599451629453
-0.505138399539999
-0.520962547841186
-0.532871791994829
-0.576344752831378
-0.479244812021088
-0.541579499804089
-0.61825390211493
-0.627378797699419
-0.415371677834235
-0.454413089002744
-0.430767894151632
-0.567975678243499
-0.423239665581072
-0.46478176988248
-0.501195197519315
-0.494948900845531
-0.407995308219904
-0.568549713164926
-0.607127538684814
-0.537307799706472
-0.451999841798134
-0.440301114056573
-0.454966559847869
-0.363860027179691
-0.445595355791644
-0.609867502588759
-0.363186782029714
-0.572993926185523
-0.576772375572931
-0.481409246674587
-0.410041553875216
-0.270518990189494
-0.362924056352455
-0.297837874410447
-0.381672885675472
-0.430346126522166
-0.506197694953682
-0.53255356365214
-0.389346506014222
-0.493914147251765
-0.516930416042136
-0.443747680978258
-0.450921430528392
-0.453470164560005
-0.4749719505322
-0.386254233833316
-0.529258436503359
-0.264344413060894
-0.376576108160976
-0.387640633554226
-0.439484509777807
-0.453295204519241
-0.463545510071737
-0.347392333521553
-0.421262116579813
-0.48305815143999
-0.462477509969975
-0.403135874766765
-0.503958062524217
-0.291730683888308
-0.433480974088529
-0.448632391467786
-0.610167906420786
-0.419001546621173
-0.435604700370503
-0.396496664687196
-0.275431324456095
-0.306365220871667
-0.377193128032642
-0.364868691263802
-0.328819676460426
-0.264316441352492
-0.347005462941721
-0.349955724868182
-0.486486865710529
-0.442154317607427
-0.133314200876292
-0.492511286439007
-0.337452397404674
-0.35959068431927
-0.39752005517135
-0.44761566938907
-0.447286217286317
-0.362139284232617
-0.368740150405056
-0.337798451716157
-0.268916236481674
-0.374336134468721
-0.340617070195501
-0.308712923836785
-0.125288895440656
-0.289956880231288
-0.356433743277657
-0.174589204733098
-0.495273920548939
-0.39068954308024
-0.301759270095727
-0.28210106482275
-0.284889178240242
-0.231215878328539
-0.433221850671695
-0.296224456272592
-0.352720773487472
-0.349086258426314
-0.313202896010551
-0.209494347382304
-0.269330303165319
-0.465732980683589
-0.227882878672987
-0.171133695213529
-0.220720165051971
-0.217709870115461
-0.33744752939166
-0.315335540936593
-0.212837712662385
-0.371949301384465
-0.218417208310562
-0.324074655531839
-0.293773433059631
-0.271398711410762
-0.23113821953958
-0.306524949478292
-0.244553858418441
-0.317460190113624
-0.377757378642476
-0.316280028267182
-0.330693486324583
-0.209880000923565
-0.187217800874973
-0.184872779014585
-0.353093419200778
-0.265602729494962
-0.211229155639993
-0.162892774262953
-0.3212890256604
-0.223328226212442
-0.450334210338761
-0.215217926278162
-0.31162568247791
-0.295716349989965
-0.20235173270868
-0.275878671950967
-0.212993804780142
-0.247886716770031
-0.3590732116912
-0.26172235624199
-0.253025166147166
-0.34819111967389
-0.277151630771951
-0.263946335653227
-0.367994429901376
-0.212845464777017
-0.0836653916595269
-0.244008021092876
-0.161611636440592
-0.299842648727505
-0.0784273612224673
-0.14530210186501
-0.282179627273454
-0.32280956752921
-0.11711489929606
-0.217179917431849
-0.365608069311669
-0.147577907646233
-0.210401967168838
-0.218123069771175
-0.218593325493318
-0.244204914034906
-0.300010992196604
-0.107939321316577
-0.0669609471835127
-0.317518343371995
-0.12277257620061
-0.146291142107736
-0.152404958866067
-0.216473413722145
-0.173828569785106
-0.241389778305515
-0.238398401727898
-0.0629369024381131
-0.221640113471679
-0.30215367134671
-0.21563462798528
-0.168719923844476
-0.0594336018476305
-0.233428624149885
-0.204024487023151
-0.195958594296486
-0.276765999616078
-0.171402547422473
-0.205762983304687
-0.179926226307114
-0.126433660979211
-0.0778515642326973
-0.125158923789083
-0.130367801503599
-0.249482971877388
-0.102937520604432
-0.0476914561670705
-0.134149268144299
-0.125268155851814
-0.36665081787878
-0.105669947951058
-0.201495091597218
-0.0485205453115971
-0.179702151176223
0.0244097038664825
-0.100607347461339
-0.0497932404067226
-0.146678938122757
-0.115335994423237
-0.167474763278412
-0.083866093635605
-0.0377757014001019
-0.268993382631896
-0.161915673333404
0.0916028667259836
-0.0532161877380899
-0.0438158900098787
-0.0970373426080115
-0.0789039289169262
-0.0491255270927675
0.0171576893386736
-0.0138363181180426
-0.0776025023535244
-0.124238750625572
-0.0535735659466244
0.00313170890148423
-0.0703772533614614
-0.0915825092878521
0.0770875599347755
-0.15613801964715
-0.0122381379480632
-0.0307740073002759
-0.0876193431826289
-0.151268582702841
0.028389374328996
0.0534314779197568
-0.0728967565807786
-0.143294575482207
-0.300596499298801
-0.0529403236658688
0.0418355310074333
0.0111369801701607
-0.00201509507707006
0.019810459609621
-0.119315347243484
-0.0827053368482273
0.0441310497746244
-0.146742148430131
-0.114955578395154
0.0821957309357848
-0.233555175788355
0.0661027952307482
-0.000699813403329276
0.130339510661211
-0.0990773910110203
-0.0434780405358775
-0.0705241893686116
0.0903224558476078
0.0278593564703803
0.0372011140115821
-0.181593727277656
-0.12704868516717
-0.0504204923907918
-0.103790770255935
0.0138301063510069
0.0333661578514184
0.061866789222252
0.0596374049261805
-0.0060950549836566
0.09582219519339
-0.171913508867931
0.00569616321680788
-0.110294211880301
0.0635743851007707
-0.0522087493065137
0.0790957178066428
0.0425226612079094
-0.0412313223116949
-0.0706985063392443
0.114147790036433
0.0339638646382939
-0.0330570439014933
0.0317095854520254
0.152133112977732
-0.0532415364013022
0.0601282487909278
-0.00182259689249344
0.0766690338275833
-0.070840854610932
-0.100709512558903
0.0828379784307624
0.114321622245225
-0.0158826732821712
-0.0795934861851526
0.166447016613456
-0.0126306351119225
0.0836685593484587
0.00617089953031693
0.264222183793226
0.0599523909797877
0.0270873285871895
0.0504473818608718
0.161141978579373
0.0331809868607736
0.0687579057849215
-0.0323562770675835
0.0304420328086349
0.0536077859610292
0.0958063130326641
0.0857179775122494
0.0880014531337027
0.192137497870832
0.0739983804474282
0.0152909956142905
-0.0839531490544886
0.0282220601523034
0.148051858005423
0.0987449216788482
-0.0237611532537038
0.175429837846784
0.183043190871199
0.0639867215060677
0.104293596934549
0.0743464784003854
0.188526947991229
0.273397714504696
-0.0227840911139688
0.220885030371095
0.184755648938074
-0.109277411082251
0.157679351871856
0.146898044891989
0.0895681257605281
0.14440660086962
0.205677348235253
0.080777208453805
0.0375289150822201
0.068036949925717
0.322467184101098
0.249415563242336
0.175015779185347
0.183018967030691
-0.0344349692533985
0.238839246059218
0.209752321160785
0.0709055927064227
0.0898296247404248
0.072904952042709
0.176192277516303
0.205586539142564
0.230324413439831
0.0761510746348693
0.115588781559937
0.279406742648353
0.115282179065899
0.219245429329502
0.0596974271309742
0.186683203272886
0.281322342076593
0.241687315215423
0.165086786874815
0.268193215806694
0.099869075168543
0.318149110056426
0.173917088871887
0.325115591325209
0.213088460838982
0.0126582963058655
0.159282459119156
0.271937558319421
0.279793922512546
0.346359444299074
0.174036564897241
0.195058193812919
0.356251199938336
0.328702899515999
0.295232822306432
0.142427254089112
0.11260402826171
0.274321746168
0.270841925461664
0.00960723339887596
0.240778739704552
0.251134803908297
0.188818450358937
0.29820711067618
0.189390992039856
0.289980037315979
0.12828564777819
0.279776276815896
0.216365426269661
0.378919233053075
0.420710237317522
0.238050212318876
0.102729427426761
0.269945809325595
0.255993674162293
0.344055953749416
0.120957853501431
0.422920956910487
0.30292059306062
0.23096093494311
0.13721972850423
0.303124037445553
0.263055303154814
0.286021505148839
0.141246154089139
0.258480307357308
0.281697389554027
0.355334427847148
0.232371651418348
0.309288935421829
0.390982575360112
0.280293814766326
0.400848750747663
0.447792640635621
0.318865874315613
0.337861491051064
0.313941235224641
0.351175546808297
0.422497243265312
0.254423162224809
0.31433168557743
0.31282716897297
0.364997289557711
0.388223782408988
0.540634540864613
0.411809024920821
0.340322460343086
0.307966061109507
0.291772975925589
0.476490915957546
0.317349012253125
0.400722320234874
0.328664154043474
0.462583293286467
0.23740617700691
0.396304790568024
0.229747205150104
0.23906120778779
0.260522558293864
0.276491432905042
0.429953023118587
0.209458863244865
0.354656383141968
0.30005574462396
0.364106397887453
0.468610377811694
0.431703461799772
0.350118466886719
0.390394228067567
0.408473840819431
0.27650241106099
0.382748833281429
0.321497499657055
0.321477097224647
0.443392869170003
0.429229967721747
0.357470448277149
0.496148662580653
0.471607862352077
0.270712062997623
0.431628526942452
0.518443778021702
0.459064412193755
0.415191063633791
0.344127591065646
0.392022655422992
0.36532943789245
0.384539740453644
0.239422239963217
0.435245583389173
0.561766331079
0.361854278887394
0.455471867443988
0.583482411126801
0.509855376165827
0.453761253098957
0.342505473738385
0.559027720315781
0.340460684316185
0.41387617718164
0.489641251147634
0.336376826960029
0.469262371920515
0.37380279514658
0.468871650171864
0.356299018382217
0.560543336582286
0.52050373429884
0.352292226231332
0.429492182315362
0.504347697079763
0.463229732509599
0.476290224811467
0.533837742695756
0.366811897021151
0.445838893895872
0.470829367414959
0.590787086731855
0.2829073823689
0.491803866408235
0.413005314784103
0.61203234467052
0.631058348529388
0.401588468520415
0.694151007584512
0.488035757233162
0.554250986960366
0.579023270870987
0.402405505054738
0.484725480988233
0.462797646167907
0.494261259113427
0.475822592203896
0.458503013534039
0.510536745020056
0.428403116423873
0.531787115409973
0.562090614803308
0.397706956217169
0.543322590904064
0.568353748510439
0.523007633742952
0.546618353162278
0.477055099042561
0.495114805447741
0.496275206660891
0.615174572778114
0.553047215063917
0.623259362792665
0.47096392867467
0.439595852248838
0.547762295641136
0.530015804106383
0.522989585905619
0.516850892360208
0.544323035967856
0.522769329804302
0.5276413952966
0.57640156714691
0.579603287476913
0.561591132798419
0.491338208966424
0.571857703083319
0.443274929135923
0.572055848773718
0.484267787806213
0.544362498578916
0.691996156613631
0.54556939505864
0.637664173287374
0.52948033328198
0.527937611450832
0.574914198823069
0.687768619666925
0.501580114337215
0.51131022625858
0.578472755965115
0.615934161715336
0.495031620417704
0.611947683696806
0.498450409231638
0.684750329754919
0.560359937464806
0.595695112546941
0.601841338927371
0.701253152160974
0.595160587833131
0.556598302019359
0.465872230140502
0.696462672192937
0.659546285830273
0.570605554886747
0.681628256856386
0.772943859109347
0.654018760194576
0.62892142583787
0.677261789007492
0.680682511526186
0.492889820998365
0.579238997586646
0.621745140866808
0.72769803456516
0.581253003165109
0.694454582162585
0.638043422332572
0.501787803658685
0.762254963096685
0.712215149105129
0.738892903397322
0.718133919844524
0.569655577480936
0.594297622681704
0.633979134274855
0.796928780547004
0.577012411654564
0.632336924970349
0.689404835885503
0.868171329144273
0.645150680948806
0.702472624555312
0.723011496911671
0.753467950975046
0.623006792651705
0.793286605964455
0.66951009893411
0.836208976413864
0.659144101016584
0.824224315238213
0.667320965611544
0.620496624746343
0.726023471441927
0.6518818539662
0.821042492366556
0.66385909119656
0.754289709963857
0.990246234899766
0.828167666501458
0.597544008594574
0.683600860671626
0.792520400846945
0.618937718928382
0.639792572853818
0.646682419043521
0.903318795917886
0.737898310369012
0.71609467482626
0.616395956147451
0.833337535993965
0.724632647206249
0.695798845489325
0.70410963515428
0.783816218550559
0.67881323383351
0.698818722242041
0.780154405814158
0.633424983434468
0.815104598707448
0.763215790481863
0.97983203961901
0.701476497046498
0.628812396542508
0.788381722689022
0.74111003080615
0.69849481951074
0.853691535567289
0.871155437188999
0.757798612168091
0.584714753419525
0.853144393823514
0.71947562154471
0.776176359363385
0.745991019850874
0.894067873836067
0.719438442501204
0.828857300916612
0.834927088150864
0.738839635478201
0.843055497418668
0.623500682515443
0.899751374446442
0.885123994576873
0.737029821030759
0.727214848395929
0.792548389436821
0.73749749625917
0.659986371587803
0.797350815276625
0.856890728196137
0.816517750285208
0.843885535996831
0.872650767903079
0.844149943104751
0.85818152361995
0.863739761855707
0.835799910398953
0.676715478935037
0.806288829168274
0.888934740773623
0.892570957048006
0.823187075301811
0.898729907591121
0.957053125698178
0.799503002083958
0.813399117738271
0.856258763737467
1.01566923003463
0.789829505699764
0.825390888326491
0.784359925025641
0.813319195871838
0.853258537129068
0.729808571372954
0.811607721228679
0.852313963871943
0.818382904426361
0.68478757129205
0.758898945087319
0.832398601148293
0.814118766847623
0.775676031477442
1.01814370723663
1.0321789656939
0.93638673107696
0.861886474228275
0.751282684746193
1.04056448894638
0.805218761563817
0.99258530726645
0.920705358470807
0.760751546011921
0.947385619981694
0.889756739723906
0.813008619712416
1.12682114307892
0.694049833475585
0.889184344973491
0.880972386391732
0.914652870964171
0.907721879995424
0.883588766936497
0.959491491219358
0.990085755287015
0.921630235767334
0.777824994145504
0.940911295006253
0.829709302563445
0.75838653838472
0.982293370355348
0.880845022423853
1.07730719845616
1.01676236375113
1.05167171562649
0.979407439496702
0.816260613596411
0.913022777914527
0.934547192351046
1.06536866536899
0.796754315193235
0.89947153551473
0.907384172463045
0.902001218317791
0.875543849502734
0.896174943097905
1.04150742070261
0.990370131977599
0.921142229014237
1.02150378443444
0.99047297690384
0.865368559341072
0.954350031603451
1.02756516089694
0.908330722064287
0.956728084288027
0.927763715111402
1.04307580235727
1.06731916260563
1.0180737428709
0.954671176760211
0.946636189677668
1.23612825382431
