-0.932059642646455
-1.0133179810251
-1.14862512388473
-1.09795857870138
-1.05745330101681
-1.02049751449091
-0.938371988726367
-0.898244106422795
-1.04620755159415
-0.961744758011323
-0.941514657505612
-1.08756259562031
-0.921887911522701
-0.842112057487795
-0.819888326116036
-1.0430895765267
-1.08429698135584
-0.910371667443378
-1.01468763455195
-0.809201020527128
-0.813376778254868
-0.882667157898939
-0.958689656937854
-0.94891356755668
-0.854802028373441
-1.10357673530931
-0.968667262828358
-1.11565754631485
-0.947160790088185
-1.03004983068181
-0.925941172233097
-0.879811170061298
-0.944209956542597
-0.983416109214659
-0.883829130417902
-0.990709540485639
-0.901676620425869
-1.06259047480668
-0.851883994203987
-0.922913447424481
-0.959748790923331
-1.04378196799289
-0.967940037280451
-0.960544290849386
-0.881846742647039
-0.948581141280943
-0.897592373146291
-0.669620849972168
-0.879054528997174
-0.949086793707041
-1.00387122000041
-0.879500411578854
-0.802672366325749
-0.821243834000475
-0.895893988420116
-0.917777765505197
-0.812253319217396
-0.904868323240738
-0.894624299395216
-0.788558762177283
-0.883101917885056
-1.0212383186669
-0.906159619862388
-0.82655754149186
-0.915944123412292
-0.852492116031309
-0.796155898849961
-0.866695379948116
-0.858752658860562
-0.952148886998551
-0.688556159937005
-0.745565724540929
-0.996597699459061
-0.904565572982235
-0.796834591164129
-0.87737701531421
-0.952051920165827
-0.730818201312222
-0.909017588145388
-0.792236574075474
-0.816670055499413
-0.739827914487125
-0.977435434683021
-0.760062346463122
-1.0281090741703
-0.813144434329168
-0.973068710594862
-0.838637354762291
-0.747409908635304
-0.731835254805876
-0.793143943959278
-0.824250293503607
-0.833574191088638
-0.822871300927688
-0.791054450196675
-0.783265077239443
-0.770578250410818
-0.674900403028518
-0.897800230627161
-0.711878185603759
-0.744712862516946
-0.827748190195943
-0.595710437283211
-0.690375989050581
-0.762424060264724
-0.786751582980325
-0.727206435295767
-0.680502650524139
-0.831105210417083
-0.741909833335816
-0.602844709481672
-0.833842215551016
-0.832820036436114
-0.741161912945941
-0.850387252201819
-0.849372855944882
-0.744663819500412
-0.782076610313481
-0.602351639323001
-0.772783632569585
-0.642958148916694
-0.891350616851869
-0.823637054240872
-0.843683550561975
-0.849076106563089
-0.68713002772266
-0.861907717848319
-0.754643231658413
-0.799765153009374
-0.668424083540356
-0.673849786885369
-0.735445011540634
-0.670610237776077
-0.849715138676973
-0.73008896147414
-0.778025052859892
-0.664533706349521
-0.793902144529451
-0.640679486855487
-0.650333557198342
-0.63478710617578
-0.579282890286026
-0.872143690957665
-0.551948927658922
-0.655017602436583
-0.788410294750817
-0.762904136140217
-0.702391387417681
-0.677822186681569
-0.637480467030043
-0.572987741054375
-0.579625566318853
-0.660995099594472
-0.769510223751814
-0.733679407827598
-0.669983287652943
-0.710138018305388
-0.624091495653498
-0.682839366958112
-0.653288492993305
-0.783080894207242
-0.639013847114756
-0.656773771967756
-0.545755354423002
-0.60625936370796
-0.734771298415689
-0.752476877998734
-0.604685564000235
-0.734122152754881
-0.719999330817571
-0.565043359513163
-0.631317806634045
-0.530487370444617
-0.681362000264399
-0.701397701863731
-0.638287759232253
-0.726991072127931
-0.620199442270292
-0.803863882267897
-0.64250777844359
-0.729564617113643
-0.623119276792509
-0.63836982417704
-0.692889242848825
-0.686560796024984
-0.623900868878115
-0.625199494023557
-0.574128295209215
-0.620669983266485
-0.738477529451334
-0.624390235516356
-0.742397435129192
-0.511751182498436
-0.633875214679847
-0.641580749857795
-0.617677947741863
-0.660196212705603
-0.575146878731593
-0.642323132801556
-0.699086031591742
-0.70838251951255
-0.518761914394128
-0.567739151371121
-0.527160830035793
-0.672856169113996
-0.642744468592867
-0.386241331546102
-0.614356973725705
-0.457247292802025
-0.327690532678846
-0.514211124153984
-0.520665160443869
-0.64568743291769
-0.526766380693308
-0.638910870400675
-0.522890745626506
-0.357766710809802
-0.507710105682606
-0.709723226583487
-0.714107551397165
-0.613311174107157
-0.579913657610073
-0.395900717892942
-0.808253875715504
-0.696378205070077
-0.619562963136014
-0.458912684991019
-0.505368483817494
-0.378352420859522
-0.568663495038514
-0.650034158669881
-0.652442333749559
-0.619155599504391
-0.57716194266197
-0.559432616268213
-0.463435811475686
-0.704396845656333
-0.473213225223856
-0.541148380448889
-0.477126948044757
-0.522232468892887
-0.577980135881285
-0.493280177251052
-0.589875350045755
-0.582595028546762
-0.364439784543415
-0.541385350181807
-0.429173407657628
-0.445484587765696
-0.653098506458894
-0.403325410004353
-0.476975699274436
-0.408999978247039
-0.393549061453032
-0.616641325838447
-0.491351613787427
-0.473181794727939
-0.480998707481025
-0.457756781871621
-0.408568503397386
-0.591075254179325
-0.532261790684964
-0.259737021603156
-0.550342888942339
-0.618009139109113
-0.569854444482122
-0.429504832656798
-0.550958527979482
-0.562306413648931
-0.468529295769321
-0.45491121251387
-0.345957406808198
-0.418941145067547
-0.418073613299514
-0.436165836180763
-0.652247782295552
-0.453942704184159
-0.49879924517901
-0.45115544392578
-0.467223234051965
-0.425585195014754
-0.425943767160058
-0.491070901005903
-0.425380255909983
-0.468770804051533
-0.489610785886884
-0.372797749967153
-0.422228439686203
-0.347893973224917
-0.628014841534617
-0.484164770948977
-0.393750971879814
-0.594902176871193
-0.437571389183501
-0.367237098292912
-0.451255791502399
-0.444347162059294
-0.468292206133755
-0.321807753343017
-0.553017117551117
-0.45954593982394
-0.419425467851095
-0.340894475768932
-0.401529336538048
-0.252980257106361
-0.377646907550264
-0.541023662848715
-0.188856057031642
-0.320809722721484
-0.318033330413198
-0.333634905345399
-0.335850883973503
-0.384824960235888
-0.217119525615117
-0.421855133584233
-0.375200351887976
-0.327748016468853
-0.181208781922653
-0.454067923333249
-0.40463720541132
-0.287869091369217
-0.37693894343733
-0.311452644664343
-0.438897068520665
-0.409176423784133
-0.420989605213697
-0.192726731770669
-0.293087063334408
-0.376102448924705
-0.470858832369944
-0.192020234861711
-0.231709855729445
-0.288005219961204
-0.291901037266668
-0.311684042958259
-0.361257970209486
-0.284625732845907
-0.263683020353246
-0.34462825225666
-0.224298941377562
-0.291285276464786
-0.254248751527946
-0.347625470866929
-0.211540311747277
-0.348572774823153
-0.340901575278146
-0.310506924499619
-0.367522866834558
-0.277902879009499
-0.419283899433374
-0.216540978150546
-0.283099859715974
-0.300514068268889
-0.16053564567845
-0.398453280692009
-0.310128411927982
-0.270446880696609
-0.317780498802367
-0.24253155467187
-0.273654155332601
-0.261793626915874
-0.368279753337736
-0.268532271572492
-0.125629700901117
-0.201382789676951
-0.282522706220369
-0.294298060009216
-0.220332663967757
-0.208296772750513
-0.281709129349629
-0.230619236281506
-0.26763000828934
-0.153794495014822
-0.1255913522413
-0.27489250944974
-0.287092070384446
-0.158092835099485
-0.32571048416482
-0.189122411424982
-0.250485864890219
-0.230345795092383
-0.308446442328998
-0.146049812918603
-0.189704330675959
-0.184652566056607
-0.265533210746175
-0.30266504004875
-0.236781182718308
-0.259717308547813
-0.193854296206897
-0.289610251013943
-0.15930800367661
-0.204280457587443
-0.261172098591327
-0.256222950461697
-0.228965092759434
-0.0454088356707827
-0.30736957796099
-0.217724080367935
-0.0274345696528116
-0.151165341343506
-0.319286997127617
-0.0933613872280286
-0.148478803680602
-0.291869380765142
-0.258796101471966
0.0198775439866266
-0.31805137469106
-0.231429105884018
-0.0931992292659806
-0.192304792536527
-0.110077092138379
-0.172691514483412
-0.190671673331015
-0.145882240607954
-0.131554672278131
0.12572845369643
-0.0560374147458057
-0.0863711982109052
-0.174052579561696
-0.139507803646784
-0.140653241093747
-0.15725335751085
-0.135915884781117
-0.129709610096705
-0.204948982638362
-0.00839268843746264
-0.0616610037588312
-0.0464127359136253
-0.18267804057474
-0.252165312758439
-0.187693383137651
-0.111233495447741
-0.0727575097994433
-0.119859642111761
-0.119680205762886
0.0467974998266906
-0.0614769430704476
-0.120741104236049
-0.115809616224265
-0.109688023027701
-0.197169766162623
-0.246858071692267
-0.207370339153384
-0.188182992724544
-0.213439366168216
-0.156856139123843
-0.278204742911033
-0.223624514194992
-0.139677863784875
0.0698005866559633
-0.0381761479175829
-0.0186597440955842
-0.137047306817827
-0.0435808528367936
-0.120406784177776
-0.0127324199470086
-0.106215683208383
-0.137926806305285
-0.166356986120791
-0.0732492445690928
-0.0203138170503176
-0.0934454572840306
-0.0520893093708368
-0.180695499549418
-0.176156390633912
-0.122192910043567
-0.00978334444663395
-0.0458742375280219
0.0147636018050199
-0.097616673299845
-0.117472901282697
-0.0241334245654297
-0.00954087936545153
-0.326306582768861
-0.123269320696767
-0.247114467582453
0.00488837982830408
-0.0672101959556059
-0.053950380805049
-0.00731343350136431
-0.0947691501750635
0.0602921870940324
0.0089907188872777
-0.0483793748225166
-0.0225922140399001
-0.178797961067215
-0.0499178399231233
-0.0841810447762116
-0.185117550320553
0.00664291347432618
0.109923011911595
-0.0153700366526275
-0.166362132286422
0.0613497105834345
-0.141849974041478
-0.186839171347997
0.0333169842238298
0.0204173020252288
0.0459675552505297
-0.0364664833101807
-0.0202500716903735
0.028189530450848
-0.0304243067983696
-0.0738497906032261
0.213322187402575
-0.168445942691951
-0.0326578207784094
-0.0439262360154938
0.0447841991018902
0.0324212184774086
-0.071307584889977
0.0302860264017827
-0.121296387341855
-0.0332879414946353
-0.024807776127654
0.0559564033255046
-0.0377306608775542
-0.0206193491154009
0.187885256222092
-0.0797839457918624
-0.0334791136709315
0.0167406288464365
-0.0894041282711614
-0.00199511720096385
-0.0502135028695622
0.194760438217565
0.0829746507049228
0.0571981689093539
0.189815342528989
0.0384136504379014
0.0116053051922659
0.153785304150765
0.149707292575759
0.111032433632599
0.192264030003834
0.10204682074151
0.0665761123369542
0.182873778598736
0.119688654202437
-0.0797432435371381
0.117094094107672
0.0840671744516458
0.0432038892989316
0.0160924868177074
0.108655896336863
0.0946821618692074
0.124670963029696
-0.00383312237196543
0.0671020708699306
-0.00397237435820629
0.189798391123706
0.100617228417486
0.123455202144813
0.201018936240904
0.0436574808898036
0.138477184740631
0.15438522172989
0.115009560998847
0.198429325905594
-0.0141662470308372
-0.00477892391201217
0.0673345582575668
0.0532754033051022
0.363621547593346
0.232453221429917
0.225418309436741
0.0275388973703809
0.180552559984536
0.0029506269407761
0.121615922926872
0.252693435145214
-0.0118012757689678
2.45468849430435e-05
0.118346560069135
0.198898221926484
0.149728877416961
0.135524785920302
0.204645994672329
0.249729180313331
0.157996826894347
0.219094603768161
0.0724444243948637
0.177504191640332
0.0985430513765556
-0.020227904891742
0.1078945027603
0.100307529343738
0.172356717131658
0.267164020805205
0.231400765996868
0.181185356998073
0.260582056889713
0.173646214936906
0.166971125348726
0.195925005728908
0.245658794585649
0.199349541512381
0.128944671786812
0.0881916882095893
0.204111331552216
0.212393637754332
0.1915268820212
0.369728591779935
0.251294376066361
0.00862228563858326
0.221495762953196
0.217894257983545
0.377821478289518
0.163485844888565
0.228011918897729
0.251622964739296
0.142818342298672
0.388494327655916
0.277313888352985
0.230996120432241
0.249194487237951
0.161214008504356
0.293804464887001
0.430077087261894
0.341362479250354
0.172062306123236
0.274907111336479
0.23320105466001
0.310672479046667
0.288224915390471
0.39063561814489
0.167949227770684
0.322809749840857
0.357262320933293
0.198362178965231
0.192912425400062
0.250783158773988
0.32859249298751
0.23972979048303
0.417063102461605
0.30287321761214
0.427560578662619
0.26172710958229
0.272939120214469
0.29187917373314
0.285144789056269
0.210282991779611
0.241455267042049
0.197078017864966
0.384674234470077
0.398532367217599
0.348556053730402
0.250177247962917
0.461243581091176
0.527501842359423
0.438804906360569
0.369934139717894
0.363073623691644
0.078066350318567
0.363188525552785
0.391497469633307
0.192055660730664
0.426057241507059
0.32804704790293
0.340005816828402
0.389996388034789
0.304751513741883
0.411889910393045
0.290253333996532
0.351727971946593
0.292388337590809
0.2945197509581
0.379490802023739
0.31615001920663
0.378029619935764
0.350685544021991
0.268773852019949
0.415441763323014
0.331049599444712
0.275183477064403
0.317972874501145
0.372518348175975
0.389079176483855
0.471043559984307
0.303504212038332
0.374149914988758
0.392492200122433
0.493200568325394
0.426897526772768
0.380677679275977
0.362321620145082
0.41754552785279
0.352870798957508
0.382427334285655
0.466061079185272
0.293188193774605
0.481944189267663
0.390135936087566
0.384819099832921
0.367648322326494
0.392548010865674
0.464187605880555
0.427712574361518
0.479684656318282
0.325871241357969
0.259006197550954
0.378228430330476
0.615335065437334
0.373185001725775
0.545341239438694
0.354769794568095
0.306950957211381
0.334131263533656
0.446100737020715
0.392939998103414
0.386246573535158
0.331970871658035
0.460939662034603
0.45347711908409
0.639741111208079
0.47685512368616
0.494667767961666
0.458752802593144
0.392123286708976
0.520585326845637
0.428161499820093
0.369338035208365
0.542699608695816
0.619252686728438
0.267905181082508
0.50700908664785
0.437904765243382
0.586671618100472
0.316553901397704
0.413727804200884
0.539223311496314
0.450706850564619
0.511434737564961
0.514350305349354
0.383855927171195
0.566265024343306
0.514873598921077
0.540874921670257
0.27091848111428
0.45555678806554
0.435177169032834
0.349841685042999
0.569855861475422
0.413660849987963
0.491436237960721
0.547863693925312
0.42299852557673
0.348614413554341
0.587075861292244
0.464269951724645
0.390980805096232
0.567030461612407
0.492459425890559
0.494735550594323
0.3405780096265
0.450539259302695
0.558610352114686
0.47865864423793
0.539928808507724
0.513214088958928
0.454653092214471
0.456383299480599
0.579944607302475
0.427369795217771
0.550809843048626
0.548408255143323
0.562148469317332
0.513144326311373
0.490877153953239
0.475239674098555
0.405601579376799
0.541493670577424
0.539825836197685
0.640364173212749
0.652223959140124
0.576215061578561
0.354746457791308
0.549790301848284
0.491240665208
0.596258296575678
0.487306847642545
0.475630773607854
0.583201146346174
0.586633238843058
0.440840038132198
0.570078248332499
0.521943156295581
0.635661013110043
0.523667321206696
0.46345289259413
0.706119966008889
0.621285388280839
0.608097850853164
0.573828870934031
0.61649377791347
0.517842555294436
0.580961834518014
0.451790394733746
0.648603864939074
0.545284615209848
0.556118947150176
0.64128457855582
0.797589199397403
0.619662410008989
0.725480026951862
0.557344303262053
0.55651941163441
0.661330215201438
0.651785108837709
0.753435568862594
0.734998346837885
0.595986024336958
0.646784064535249
0.725801532067843
0.515210571286477
0.651439093019855
0.55262389820074
0.600696745714027
0.526982556146318
0.552400438368079
0.638747453586495
0.514985840726789
0.633592814557016
0.780715805878704
0.575213538104954
0.742272995673785
0.770487938175564
0.700415398084432
0.67844958781482
0.624352320402297
0.598187234526677
0.65748236291616
0.82333730952012
0.651358707383049
0.541880677249612
0.696940787675859
0.595100578427103
0.526006375182256
0.621393759051557
0.60868676495804
0.776434384440157
0.689116627046983
0.611250731990765
0.55344473548954
0.602885043698173
0.702698878398744
0.683347483165901
0.748101249715325
0.68558309633154
0.713437040522236
0.858262606474798
0.835309965657833
0.577961912318317
0.797568262036011
0.695707997501067
0.800624204049592
0.643446226426121
0.708608621656713
0.781264964975884
0.721204442955826
0.766629602789769
0.739910277182673
0.693052643938884
0.722667128023426
0.779286721263289
0.702299798442494
0.700881190570314
0.723525295290879
0.662064771670751
0.728263944656525
0.759893120417574
0.703137920941059
0.691690307980055
0.658057301363105
0.83433619561665
0.6977514262221
0.647964004555323
0.73949034484232
0.625464746283752
0.682553130746706
0.743539883595924
0.71952238677168
0.763043753713183
0.644270430189092
0.646079230681921
0.641258564053642
0.784646657152494
0.720304298440973
0.861698410720194
0.775591030229613
0.746517055248056
0.8772368186841
0.666932588762999
0.729106986795341
0.782950655074367
0.796335163759964
0.779370101320134
0.879092270615162
0.767892611522563
0.809337687548219
0.758889350648764
0.818259932573145
0.989769780657971
0.917328887021799
0.839099038183188
0.843354275109865
0.945922500345862
0.78177301082408
0.811646275493204
0.813968263457397
0.803887647376168
0.960812756968047
0.776401911219074
0.787913026843862
0.835594759668452
1.01294212339649
0.625926233197692
0.831582056831748
0.793023104081037
0.859092809795331
0.837277994728291
0.822238760103668
0.784814383740156
0.943980752922854
0.60703636925894
0.925084411548985
0.86125401100696
0.670767680849167
0.910077106151385
0.913597877803664
0.937366498605611
0.865514488962803
0.957004100951909
0.768775926798116
0.797775847140742
0.858117857881247
0.967929258176036
0.902840569448792
0.858816856988714
0.99897351774672
0.843113371174327
0.79327955823687
0.964019964122202
0.943536190828833
0.80086311718947
0.833031864401084
0.886366637878254
0.958883371120064
0.941756360164944
0.986068557509724
1.00977462161264
1.01665833985933
0.910204316799464
0.839454851031094
0.900973977214096
0.962633890797043
1.04743903054117
0.935216734701674
0.922842504520249
0.968668712908299
0.955673457002209
1.01337114684682
1.08486516483174
0.91441322911451
0.906411019350411
0.838633917711311
1.00387367286543
0.94002225643348
0.930787405621859
0.883764601890285
1.06135908405883
0.971372770123662
0.964674269667264
0.914940762306437
0.942666122345158
0.874165255660953
0.915270206104618
1.04029554577254
1.03765644114319
0.832610020420517
1.07375187225466
0.990912945624088
0.818846490756075
0.928317427591422
0.910182083148711
1.11290386576238
0.964480571610597
1.09539328562618
1.02760347850603
0.905448811173043
0.788575675926376
1.00999645035865
1.13146850446387
1.12060279701754
1.08033710371373
0.954714271784235
1.08587015454716
1.04350752467135
0.99290854771699
