-1.01858584277379
-0.882806833967602
-0.992190067189628
-0.926481620821609
-1.01547974447749
-1.09307450355638
-0.961374914543277
-0.811963226087498
-0.913793674168844
-0.965444965085099
-1.00447505503475
-1.02892310962364
-0.994804622492252
-1.07462091847173
-1.05909451211802
-0.979278692779767
-0.990414001966708
-1.17482495700573
-1.00256556835562
-0.99363559874944
-0.990556669541959
-0.942079318675748
-0.831295891185959
-0.940154224191143
-0.835432624634913
-0.950167888196859
-0.873896219366744
-1.05875725707604
-0.946109135489252
-0.759214597621681
-0.88762752966061
-0.854480960216801
-1.15682818668009
-0.877160654631817
-1.07649022351971
-1.03426530819982
-0.829217044419537
-1.07540657088553
-0.921600446116562
-0.798690051532129
-0.976407934394059
-0.880658187135974
-0.700656604354428
-0.75429356254424
-1.02135939133987
-0.855272216379921
-0.974069229326067
-0.98216743413114
-1.06605990635433
-0.781677170825018
-1.11967216033237
-0.963546795661448
-0.942571816849319
-0.721767980459374
-0.945477379089666
-0.790550540029047
-1.02490475391799
-1.01007790191527
-0.75224603510067
-0.926682042972251
-0.79890622782012
-0.965193096888306
-0.842201439016706
-0.860334318931058
-0.847828544676342
-0.820453217785886
-0.804688232794285
-0.950541973719994
-0.821780366930278
-0.804593801720544
-0.905874224436156
-0.816738804386212
-0.931076777823743
-0.674834894215795
-0.737911807175931
-0.728111129555856
-0.825222871544341
-0.748860432664166
-0.851009315890204
-0.810575442017406
-0.842220702385876
-0.775913784492885
-0.908261282524938
-0.759140681241133
-0.773778533032198
-0.676730891105419
-0.744434615062891
-1.00927108299259
-0.857475852496959
-1.0173836270948
-0.826877019686889
-0.797990279298241
-0.924801294078865
-0.792186185263496
-0.82140389917357
-0.671879549632541
-0.781220507135595
-0.892628504544338
-0.73778798629299
-0.817168195528348
-0.792900411087361
-0.862202488660033
-0.847050969450683
-0.808429861619386
-0.820551942081959
-0.844497843131016
-0.795295678898017
-0.977369585312904
-0.740649377983243
-0.754611491107375
-0.791474389240247
-0.814625781047854
-0.71462625528151
-0.83259558229482
-0.759365736896321
-0.670287263082844
-0.802172301013781
-0.636095372814685
-0.768695545131333
-0.67027632939985
-0.755175396211335
-0.849477429310097
-0.730100342096492
-0.861502661110946
-0.679357646672106
-0.652974861111642
-0.789914041461
-0.763771511923385
-0.855341872475324
-0.677682029003318
-0.551435533600246
-0.769174205804118
-0.667889535304674
-0.868882563789636
-0.492449182886473
-0.746439228846969
-0.743580402745366
-0.781749155208697
-0.654739331736018
-0.66313377462143
-0.583297931599246
-0.583498693674442
-0.676564639366348
-0.673554088683548
-0.820524035114223
-0.791085855634836
-0.732366332364207
-0.744107888446155
-0.65770119498331
-0.823996563226083
-0.67997986981666
-0.760132630859952
-0.689335197456623
-0.777662587601844
-0.658049959868257
-0.614190609521034
-0.762950004046192
-0.613431220945351
-0.639820117398104
-0.699095929292856
-0.635175281181341
-0.665285978046244
-0.735981300421422
-0.71111736915936
-0.582027730695237
-0.579495814541067
-0.85488815144599
-0.528723079324927
-0.744884560157913
-0.649593047410681
-0.68594521586162
-0.683304482260128
-0.58830375565233
-0.644507724650733
-0.572751944409175
-0.679322843287226
-0.627639665300715
-0.496339163837072
-0.791853403691369
-0.640211363820524
-0.675581880939446
-0.587509550958634
-0.648769496598529
-0.551362708991575
-0.590432167335329
-0.56150781566606
-0.650760418459528
-0.526704700621498
-0.666830660931039
-0.58348085879647
-0.508029363220315
-0.705306168417282
-0.666666487586674
-0.631895861269979
-0.60842062704278
-0.751018108005923
-0.58509361010994
-0.612126125561322
-0.676038380302724
-0.703236343512025
-0.487674777143555
-0.558493298959043
-0.700527927504834
-0.597706943317676
-0.694277723573384
-0.63918325642445
-0.764422209221881
-0.652222658964344
-0.575141535881528
-0.485564475108112
-0.641802970284004
-0.540033424455367
-0.552247990005255
-0.515449481621086
-0.584897028478709
-0.547744353072819
-0.582819228445441
-0.621303541468702
-0.626528321424296
-0.700844685829611
-0.552698556272839
-0.5631583925276
-0.590221201521749
-0.577424316234732
-0.46218971728541
-0.44716036117472
-0.632214385576586
-0.542015747579468
-0.592465211118075
-0.512385392819012
-0.336373967381931
-0.519170071702735
-0.380740026082939
-0.61226472959139
-0.429831483730066
-0.657727094884303
-0.525552948758579
-0.502188121612568
-0.560928135442527
-0.592898905508769
-0.481778860603824
-0.537328814431117
-0.640697812095529
-0.627152905700645
-0.43827378809496
-0.452419473381015
-0.420343796620162
-0.561246146849257
-0.433295238937614
-0.453694308948904
-0.512471829914714
-0.514675307307677
-0.419432786890843
-0.579035218596159
-0.597966323101645
-0.541366042702637
-0.461126212293723
-0.425018374080603
-0.441783984003119
-0.383456907309547
-0.42591015086717
-0.615353686392691
-0.367605106013265
-0.610391560823128
-0.561755883726662
-0.483443671007901
-0.419294971603926
-0.286100385851852
-0.347919893980249
-0.293437838686221
-0.38200526383051
-0.437062033648274
-0.492825470543096
-0.542741830442677
-0.364713177503961
-0.474252465236951
-0.530822595633757
-0.436170910867578
-0.428999172984742
-0.454070719733387
-0.478972621337886
-0.393398977913116
-0.491918631883065
-0.248871528577434
-0.360501149903044
-0.370783649577856
-0.453141945898843
-0.463217239566168
-0.484011871792174
-0.335320790811608
-0.404329390713166
-0.482925197403291
-0.491215686590901
-0.406677912095508
-0.50626763474602
-0.30597395473937
-0.43939327397205
-0.452893817679701
-0.607843118737063
-0.411715830214665
-0.43390850923106
-0.397566256605261
-0.275794754078035
-0.338847294279167
-0.375108620078107
-0.374929531200465
-0.311475250268138
-0.278516306137594
-0.327372785463462
-0.349169654656748
-0.49203096013416
-0.430420316654694
-0.152483268556825
-0.515731655235068
-0.330181622844735
-0.367678976471363
-0.407531860680411
-0.427619082398093
-0.427632615825833
-0.381191242164171
-0.368091903661996
-0.317549815206129
-0.261926660482453
-0.356139452282785
-0.326499503422114
-0.300973772275964
-0.10173045425336
-0.291374628240213
-0.340795807235629
-0.178079060797179
-0.481608886543409
-0.392667232030001
-0.322932382714976
-0.265138456185507
-0.305357640005439
-0.232751009904384
-0.433725370750249
-0.300072974919862
-0.341180759714069
-0.363167748471129
-0.302658035109098
-0.210003369511906
-0.278958612422087
-0.445987113512283
-0.210989719353828
-0.183885555376325
-0.218392949093508
-0.209515924463927
-0.343856552257794
-0.313220114244323
-0.204207521388163
-0.383737216642428
-0.216931328658191
-0.337220130845861
-0.306377176344082
-0.284931795045703
-0.234523651318586
-0.308068598675813
-0.23780309136036
-0.343766466138718
-0.398939720435514
-0.341183847486604
-0.315425337395233
-0.196035470938791
-0.202598753870257
-0.179525227255234
-0.330530112765139
-0.251942490667889
-0.228628470356372
-0.162558265068156
-0.299185544734391
-0.214413225301202
-0.452833958774584
-0.189272019968848
-0.316060149933989
-0.305816044781344
-0.188562126887885
-0.27499663654196
-0.234185785525815
-0.268526574780569
-0.345574425487569
-0.263849966161615
-0.249431362611554
-0.362915575886928
-0.270246488157908
-0.267650296555062
-0.352645034224594
-0.217138915870167
-0.0782749466164127
-0.22740222501487
-0.15189761775804
-0.301357274024537
-0.0856584432055511
-0.14200776489325
-0.288411996535485
-0.303729033649693
-0.122896386449571
-0.238319746461369
-0.370193640260839
-0.163796981557246
-0.173944934076025
-0.225568924828149
-0.227812619033342
-0.270736167368339
-0.301337454658855
-0.123480288996408
-0.0555249754766436
-0.325432973934187
-0.106603145251485
-0.140900000546608
-0.131680569364657
-0.216798545830075
-0.15981149713461
-0.244672501235267
-0.254942475950606
-0.0486784407658049
-0.23673745107554
-0.298087720347166
-0.212021195854539
-0.159372016719241
-0.055915542678136
-0.223582523239349
-0.199238431949305
-0.199717861030397
-0.258686911211476
-0.180438272366178
-0.204574905555557
-0.152549709259286
-0.124916289231752
-0.0642946267053279
-0.131060459718691
-0.13448962803144
-0.224381531989575
-0.10330865062953
-0.0610368492847693
-0.147861566494836
-0.121755177907669
-0.379454763386732
-0.0989647886309175
-0.193437461463607
-0.0475083085381398
-0.163149194391237
0.0205636107355123
-0.10076063818718
-0.0591435726936848
-0.143411772841061
-0.0867353593602598
-0.164633738072573
-0.10746809136009
-0.0459527888599207
-0.284712137438793
-0.14183559309753
0.0619493388946096
-0.0431957295997226
-0.0516908972656264
-0.0889659530913472
-0.0696167482558672
-0.0560594532511716
0.0326566113535507
0.0168467699772057
-0.053213936946534
-0.103780089385392
-0.0363485548783777
0.00853029279849881
-0.0805331254815219
-0.120793149245908
0.0654605698239847
-0.178462267782071
-0.0294229564881679
-0.00956837455325445
-0.1008840450611
-0.126007252787266
0.0066293394033939
0.0459409165761149
-0.0643417233581287
-0.143582367820252
-0.280631211112567
-0.0608957136444645
0.0488095476439739
0.00790481549681281
-0.0105904726770654
0.0228810462546192
-0.13002168362594
-0.0833662584854726
0.0562119381594757
-0.144233145610277
-0.111502439845986
0.107134079681481
-0.241473426362683
0.0642248477829624
0.0256681633340941
0.121865173187536
-0.0981959178293401
-0.035629569518605
-0.0655375920938043
0.0824614600403503
0.00592763189628554
0.0198357604126921
-0.210487478418943
-0.124710317408864
-0.0572742447991546
-0.0900993298553204
0.0245596626661645
0.00599157028348424
0.0708927856274448
0.0699718631257368
-0.00865258001522622
0.0725073038409429
-0.18789944697653
0.0195425343023908
-0.128300023051004
0.0711270644251412
-0.0569884825857706
0.0765220517629498
0.0647271921427297
-0.0409238223909938
-0.074459415805444
0.105027330732299
0.0382483040680795
-0.0513222717346902
0.0473698808209306
0.159630540959827
-0.0600222920025369
0.0742165413065761
-0.0102018977046683
0.0755976645779377
-0.0634381694645439
-0.0908913657945981
0.0632049937732832
0.0929921040705134
-0.0310784328695004
-0.0769468344828177
0.165395244714251
-0.0244970092675179
0.0715238042401771
0.020562440330515
0.248102866866598
0.0747881288279074
0.0216656241329208
0.0470033648168906
0.171770133485046
0.0343760755537958
0.0716837126772122
-0.0249268645876219
0.00313274065116197
0.0730839338988896
0.0920205637752157
0.0782485203131165
0.0915857486458676
0.176269928886958
0.068164982210424
-0.0170188743607373
-0.105364207859523
0.0260525285780179
0.126488363647416
0.0855729057283604
-0.0463100760160526
0.186430611097372
0.186310909731234
0.0628739446022567
0.111336377562271
0.0641727106895128
0.189456501701349
0.273192499131639
-0.0427490808059649
0.237132063370824
0.188318968494257
-0.0878150017929282
0.144085781608127
0.148341055605631
0.0729523691503238
0.176032121998551
0.210335614211458
0.0838891075085457
0.0354688227201328
0.0742611063891634
0.313129345100867
0.26716047151037
0.149607692817993
0.187129251959936
-0.0265498887417179
0.251964842222997
0.219197592691637
0.0386610645671596
0.101957738266447
0.0829020531146075
0.175605240589465
0.186938233824249
0.212768504168315
0.0697271811629644
0.12512890510074
0.284581983432406
0.122739453733245
0.226346129191516
0.0661098918290568
0.195470633425757
0.278643522482885
0.242114976626352
0.163289195768477
0.281260049570255
0.113553705658059
0.331092481132824
0.15134325517088
0.323011752844176
0.211404136240581
0.0278888409473747
0.168567065530369
0.277857342223669
0.280227257690599
0.336694678129372
0.184059246201726
0.199141566798771
0.356921222917797
0.308995332152614
0.299822883258304
0.180318164813091
0.101403134269928
0.25799628851422
0.268206487749907
0.0179120469845359
0.235444389721068
0.259923720375952
0.187711698701034
0.28566356408252
0.182794899785651
0.292352009614368
0.144049784638167
0.270363289041973
0.217620076478305
0.382140730719781
0.416372214764996
0.237691601537364
0.119449162904124
0.253955873112635
0.251876252138251
0.329272058411744
0.129022887463919
0.40841803330263
0.289691536176208
0.252056390616943
0.153110405380743
0.306269596429341
0.285868703362992
0.271937228061235
0.165566594312731
0.258762507001277
0.279206063144448
0.345335248078477
0.231584997589619
0.305199335931287
0.399099604749745
0.292059759763116
0.40881117901049
0.440562468245203
0.330061129137776
0.337274556489487
0.297699978170522
0.34029680486684
0.405560935952803
0.257561529076807
0.303287974509239
0.307109365242184
0.365384785558279
0.399976818928783
0.546995547349117
0.418266842047384
0.335773527758792
0.32040617176749
0.299019961170853
0.475079263167218
0.323953234901812
0.397346364373503
0.343626989448986
0.455013891451547
0.236858955471602
0.398949780466936
0.219674298033663
0.244512496525968
0.244880646928569
0.262179156378779
0.441916368113185
0.228437107110445
0.345230290695274
0.311359335441049
0.35833449797067
0.459248441239093
0.442210394028017
0.34047463247514
0.404169958587806
0.41360384523347
0.297871606149861
0.378930338777777
0.331172987833987
0.322892662612931
0.424979002441265
0.428678210770149
0.349325278769701
0.503460892817529
0.474924537120332
0.255114105732716
0.421480677375435
0.511709205916928
0.452712068535016
0.410073659325433
0.351044190534311
0.406204715485062
0.380536495302072
0.393412750279533
0.240473509953517
0.423002787009864
0.565388647749115
0.355411431123515
0.457058467285174
0.596977752882538
0.506003746044756
0.466328922655077
0.359902521675492
0.523723519175071
0.347667300686345
0.429096242480996
0.461767551790459
0.338064992875712
0.475830042801974
0.354652994571232
0.462308613209194
0.352842791162853
0.562620884316199
0.523351904675589
0.37296643790025
0.429968284378507
0.48501536546439
0.466724711514
0.486857095249543
0.545628740473483
0.369631258534747
0.45871219076001
0.48323469197142
0.594405598926901
0.29786691823825
0.487150179437321
0.41001016192287
0.652853540941748
0.619004922747051
0.415042685774287
0.696543272841282
0.486738199267505
0.538372353251476
0.567142976549742
0.40973371703936
0.480872186610021
0.451432295920677
0.48657970130798
0.509825177259104
0.473756844886356
0.515937474138265
0.407520122347329
0.512730664405475
0.546490946493871
0.398323592193094
0.516936416792752
0.54599388314242
0.526149569382021
0.549308676770769
0.495431895385884
0.490925768544128
0.501735047675004
0.615938581132011
0.5455198785014
0.635838162799278
0.464373234979692
0.429564829255693
0.538376989859058
0.538052269872209
0.520748196021017
0.501032430096888
0.54716177958935
0.507065453286086
0.536230674340155
0.594542610917367
0.573678398912689
0.539742366009707
0.48204896364778
0.567087479123491
0.428221978444084
0.551718897441129
0.471218296494428
0.564054305796877
0.70225405918709
0.522568126060138
0.63630579481779
0.523936933468096
0.529237154540282
0.589913702918511
0.685767950682075
0.505014832692556
0.513905990742258
0.570926034594379
0.618935223337395
0.488585092361463
0.604287184178679
0.518669583721247
0.66423077452418
0.575353713775616
0.62940488964472
0.59965425623833
0.715025530683447
0.584326891637409
0.551120639450143
0.490299344397083
0.691227997006185
0.672055120891891
0.564094017450628
0.667472611432863
0.787873298121842
0.668277634796416
0.607815584757972
0.648446512281913
0.653748091798135
0.498190170661832
0.587070767772908
0.62340623624987
0.726939303981362
0.595483003115179
0.700124604797214
0.633654992039069
0.504996209546353
0.761650123283233
0.69956247910199
0.731725609492324
0.710336541139865
0.572343482441512
0.572268955290854
0.639845612607205
0.790371532389779
0.598217644699511
0.613638892646366
0.691793434890656
0.86881189006123
0.650699774292435
0.677384224231374
0.700408635683157
0.762581148708992
0.629764844693087
0.784756279031183
0.655421053125444
0.837161807129371
0.656298353301095
0.828193993386846
0.689811393736745
0.599670579873443
0.728394058032559
0.6637386116191
0.828713134752205
0.681801153678846
0.768140719120732
0.966733552533991
0.826368912963014
0.576507152718787
0.685931577852128
0.789776904001612
0.644288758551546
0.622927571743072
0.659991183704349
0.89758026912793
0.73391040543812
0.712136980113262
0.632159231843642
0.819426542348592
0.71577248313823
0.699695206508799
0.700771261498392
0.790057116120071
0.704650667364304
0.71550331114351
0.795721725174229
0.624668138819701
0.81889483866353
0.763003222634279
0.983397369857225
0.682467625838419
0.616875329609652
0.810630855648628
0.767655073015309
0.695296892658512
0.840166039010925
0.881162484018044
0.767083001385635
0.57205311694296
0.892774327032096
0.741074949035243
0.754702535404723
0.733480653667138
0.892123818369273
0.7109781734423
0.827333123312231
0.837751112628134
0.72035805773505
0.824349104733886
0.633305093306668
0.902905129461158
0.864269264663152
0.742732649470945
0.729816935577017
0.800753024250534
0.738029346577196
0.650400975592292
0.826234218365267
0.873092033084048
0.809528906837471
0.810096999806776
0.856316430413629
0.85833870959177
0.860054750574797
0.869775872379649
0.837964641730353
0.711716744358238
0.795357117263516
0.868434514634235
0.899313257879341
0.811810914270531
0.900405128649821
0.952715347883199
0.805378589258146
0.840246626452119
0.867640488034778
0.993178849739795
0.796824566231742
0.835323930348996
0.804376694360027
0.823482124319632
0.846847728121454
0.729944004713356
0.816792018291967
0.867421976693035
0.794249439971892
0.690970756887543
0.754096663980073
0.808352064557981
0.805334642936345
0.795248372875419
1.02957909350485
1.01797680341373
0.90838098246906
0.857629375459095
0.760565366070875
1.02259485498278
0.799442159565702
0.995272837451732
0.926481622300814
0.769786950557653
0.959401863967052
0.892395373126617
0.809622059496118
1.13082573473266
0.735234153803301
0.876960197715266
0.863438387645003
0.918882176112029
0.938420819816696
0.875206416780816
0.977027864708438
1.02136556958159
0.926337443389885
0.792102111822747
0.945416340554163
0.83692754016271
0.779244018905424
0.988076519993059
0.872140828692614
1.06820231948095
1.05136302305284
1.06151889783844
0.981941842562133
0.827697404539451
0.908394862565141
0.922555239560527
1.05996741948556
0.804152470871188
0.907482324053668
0.926949980478085
0.902003148991717
0.873344112207575
0.893626493389017
1.0515604098958
0.990976556009623
0.918933807368901
1.02124756108927
1.00384018121149
0.859558899859089
0.943995833335444
1.04875888584307
0.895455758899797
0.96097024575949
0.913265779362445
1.03518234145543
1.0628333589979
1.02474497868851
0.97773106090979
0.954227071190225
1.2073388032411
