-1.10863760897112
-1.02689423734973
-1.04841757139047
-1.02843974609229
-0.916963063770811
-1.0367743208261
-0.897091783041099
-0.971434191345707
-1.10953683377976
-1.07416748242538
-1.01334891165344
-1.00015973043233
-0.912711053386683
-1.06563691629965
-0.891475241287391
-0.980318398444484
-0.907660710415963
-1.00281345991994
-0.996523375905525
-0.907886792662925
-1.07333585851378
-0.99287741318385
-0.86288341392012
-0.862163483118972
-1.02614958341669
-0.91568894738588
-0.899951073180178
-1.0201201027054
-0.981703163017096
-0.939075432444025
-1.0581839696119
-0.862570504568504
-0.916875948275881
-0.807632113595152
-0.853541185648437
-0.897220495160223
-0.814231045735055
-0.922125620295977
-0.89740055086017
-0.960947666155247
-0.868949365045397
-1.05622577032431
-1.06706205647164
-0.970916360477304
-0.840539679537181
-0.916819664573923
-1.00705797174155
-0.849591659514286
-0.80000448417545
-0.889147636301355
-0.887191148793068
-0.869767463035912
-0.845549684965294
-0.843417318267057
-0.85994914909053
-0.839766224556938
-0.922781246591486
-0.817716817111638
-0.986991140662224
-0.95299627745285
-0.829542036030209
-0.876257541580007
-0.910057937264003
-0.842245755898819
-0.895845600459443
-0.928845664411299
-0.920486401280947
-0.814631658556817
-0.909052430877511
-1.03612483652552
-0.950604701048892
-0.892388865234959
-0.94495426265852
-0.795884630540869
-0.852720914445221
-0.870507504698531
-0.898390935760139
-0.877333480082722
-0.875626027582657
-0.641662884633043
-0.857996939092863
-0.831288922945785
-0.800336002952486
-0.845496900815561
-0.886556469135569
-0.842079650115889
-0.780516567486236
-0.868440707991771
-0.795966684056172
-0.902129434106499
-0.785556247800538
-0.722986714411413
-0.858220412200782
-0.832277873001609
-0.772299928534829
-0.868821524352813
-0.827365036558708
-0.721011023765839
-0.7927696383084
-0.695029508800261
-0.826069321746693
-0.740816220179179
-0.740946315196521
-0.697196280464686
-0.736909363405417
-0.897234123893237
-0.602125406000406
-0.719533724191263
-0.730539061698785
-0.801082946680013
-0.8394873163576
-0.878529933947702
-0.768566065396446
-0.801115362576
-0.869381135670179
-0.823096960729505
-0.890878352218229
-0.586309849774883
-0.777016963428044
-0.751171802215247
-0.752253739192397
-0.874906465078769
-0.816256139465396
-0.604226826132863
-0.49901040026047
-0.679030112180847
-0.688674808688362
-0.747436719600051
-0.755271876670877
-0.822664594429202
-0.755854014677029
-0.740437968165936
-0.746003097983063
-0.686987530020678
-0.62267151723345
-0.790198951972787
-0.800256058918013
-0.834269078358908
-0.560661242910966
-0.685606379293553
-0.676433979847358
-0.725839099948785
-0.685353575574091
-0.688060887495418
-0.624764402499608
-0.740584723563239
-0.790873647960557
-0.760726552469791
-0.666301640831956
-0.57689828102601
-0.574908359387574
-0.643650996914624
-0.668564918105621
-0.606164970288634
-0.72718902805942
-0.686687894293403
-0.828648448176831
-0.752237067033011
-0.577793759095549
-0.657095636057243
-0.688544763504132
-0.679037796296356
-0.790718386402777
-0.780275089253985
-0.692097460861213
-0.811234320912921
-0.600184123226482
-0.530766859869108
-0.687234974858789
-0.543155058665736
-0.63736060614163
-0.633619099751252
-0.638171221949924
-0.599441558038464
-0.618148161817051
-0.646727911529967
-0.528231180374673
-0.588173951353476
-0.539034774556489
-0.759507528312143
-0.6744308476062
-0.688250529058558
-0.63677240589423
-0.612983075884684
-0.58849666601276
-0.596598241939764
-0.637662290818023
-0.686768712685577
-0.542915435379479
-0.691977470110991
-0.620832205133395
-0.596383352943456
-0.622041077975915
-0.463288926100082
-0.577353765385973
-0.605491568970689
-0.601376782416469
-0.641587765640353
-0.664273863452259
-0.512913051094351
-0.558131071962521
-0.589832271026018
-0.668878166734
-0.613606705752795
-0.496040437691461
-0.663353686257738
-0.56101496566345
-0.55133352041889
-0.436302268191843
-0.539984637715193
-0.599892427744156
-0.534666281791971
-0.421022911715958
-0.499956227387924
-0.548253266636715
-0.509071502984806
-0.352211563171719
-0.540836697675558
-0.558642062342388
-0.482664743509344
-0.592067408892282
-0.531629922681482
-0.69479249434949
-0.560124434199737
-0.572639015510961
-0.434498727764528
-0.491116736189701
-0.675362777917783
-0.451235546671338
-0.54860470457291
-0.543572993216406
-0.599046999786253
-0.457763902887528
-0.575300912057573
-0.569991965511176
-0.532168339554005
-0.37963373988712
-0.432628376787999
-0.514885685140914
-0.525625296359538
-0.494735524319976
-0.54852894565581
-0.687904920070702
-0.568400974367305
-0.440630184034555
-0.682935055252341
-0.313948884366884
-0.59725117326582
-0.502247096344079
-0.530483279075138
-0.393964899059859
-0.638401137103135
-0.339145660050987
-0.705878498989843
-0.595639544083116
-0.455475054359179
-0.480930450139181
-0.524311471051068
-0.486500913815289
-0.50289575992459
-0.394078540910067
-0.517125608714486
-0.499863665394662
-0.289723736604731
-0.504220215312618
-0.631134851162978
-0.428763396669731
-0.413052098067883
-0.487616034158564
-0.483095594419542
-0.305535452712202
-0.367227484564675
-0.544908745257596
-0.577958169037687
-0.346319695991986
-0.368842011836303
-0.363553992497668
-0.421375027082404
-0.588700922982636
-0.502478069300616
-0.542429025995097
-0.299494457575188
-0.53693526057889
-0.37323662272319
-0.351954439302644
-0.33684473258689
-0.318567417392208
-0.623683419074494
-0.368124270265733
-0.5252828947841
-0.652961063661351
-0.335065229499619
-0.557402399377463
-0.468538774934461
-0.424689229179219
-0.407504156754583
-0.383583745882258
-0.441652786766904
-0.425410363776968
-0.303841712730954
-0.314080639858641
-0.525430499441679
-0.413071159828322
-0.495186016758054
-0.499629241798589
-0.387418916953724
-0.36374114182326
-0.291634940311807
-0.475454548307873
-0.319817086758159
-0.452634068762845
-0.415828518551966
-0.364415993556959
-0.414422329876496
-0.305759725816949
-0.462336336393719
-0.227668392320137
-0.228293574914904
-0.304051882742617
-0.48089042939777
-0.320909834406906
-0.432357967371833
-0.422640229567629
-0.345777735226879
-0.462021586830493
-0.305210810004006
-0.240677464047113
-0.304031008928744
-0.404492760229562
-0.318351998691096
-0.358997090304727
-0.342762102496294
-0.280186953788177
-0.125113229820301
-0.401244401723653
-0.308471501203492
-0.319833678899724
-0.407142910656079
-0.539997640642657
-0.36459599074918
-0.433690903269844
-0.16802852244486
-0.298355701179586
-0.347668809468792
-0.218604368271775
-0.139471031725266
-0.350382879019234
-0.182024003856644
-0.385185230546139
-0.287775792358752
-0.297611089710936
-0.389509801790909
-0.0902671951115831
-0.21185438389606
-0.352075506354623
-0.313284148525612
-0.332559729574573
-0.362136789175501
-0.304839243686071
-0.326840892716398
-0.277908468165646
-0.394620971090097
-0.00091555713513597
-0.438408727427188
-0.196301540255686
-0.34485208528647
-0.313911692375017
-0.0891494623794548
-0.350954108870342
-0.302441477336269
-0.269410369261809
-0.127587132826276
-0.191059882711432
-0.131421733749889
-0.192931062708727
-0.17976238791058
-0.21207351581428
-0.226822699338878
-0.237819107386188
-0.450403469392736
-0.220526041358554
-0.290548482677739
-0.200954053029861
-0.0572137588911753
-0.321564347856759
-0.199026220620216
-0.340140508374247
-0.270653111016383
-0.286879212030906
-0.309472796673017
-0.27486908073753
-0.0943040410459957
-0.0926587296508309
-0.181443258559273
-0.25719600218629
-0.170976656910291
-0.269474183360273
-0.33331921418871
-0.199393951218691
-0.271790638862878
-0.169875068127866
-0.278521079123665
-0.135614365629739
-0.373061463312612
-0.174268605736362
-0.211229163295909
-0.280389447123203
-0.147030129007923
-0.1992991154096
-0.12156129630346
-0.164044874151204
-0.0842401214012559
-0.0333534677358996
-0.167981320786841
-0.130697116340798
-0.021936155921719
-0.243575914701654
-0.239500761446146
-0.189840492044729
-0.186604497187014
-0.0571997417411649
-0.255718615355244
-0.155041065558135
-0.0797193951154826
-0.252934504290244
-0.213352845372103
-0.0655303194588897
-0.059093310138836
-0.140773485109419
-0.14507322789692
-0.148809516542749
-0.157353348806832
-0.276725879328203
-0.0811900287947997
-0.100262954151984
-0.174923447867719
-0.224384867111044
0.0153669825744885
-0.189371864830613
-0.179743565153547
-0.0893753152622766
-0.089433507071362
-0.0339049201849866
0.00845014013777016
-0.148507898427637
-0.180855092939204
0.177415467336297
-0.0116666601190935
-0.0492743854259938
-0.265017385782584
-0.213793663810449
-0.245190444238882
-0.140222449288458
-0.179879975494469
-0.0846519810049524
-0.156336968337344
-0.0432013352049822
-0.0956355255143579
-0.133352712819299
-0.117191514014604
-0.0605890636022011
-0.0258069534244089
-0.146824609042139
-0.152944506753591
-0.105627238689665
-0.0362918121917446
-0.00133211765567874
-0.0731438636225266
0.011065474105516
-0.102740242194605
-0.0283048517841729
-0.0676623670727304
-0.152022619254952
0.0510574946064779
-0.0708333117219855
-0.121343097914887
-0.0476885287134382
-0.0288442092337026
0.0401160148764246
-0.134257394672429
0.0875270458311565
0.141596203148374
-0.0917893818232177
0.101516190145315
-0.0627404420525522
-0.0262201916959926
-0.0710379591531763
0.013854444440565
-0.0489394245316893
-0.167204755425824
-0.00598965106342715
-0.0733071803987501
-0.0513775456040297
-0.0183389718082784
0.100995176738061
0.078486267574962
0.013146413014547
-0.0695564730690309
-0.026045882780756
-0.0882563407665501
0.00907881301656474
0.144113164200623
0.0115825783128516
0.0135193959745829
-0.132881872271015
0.207938001401922
-0.0955463091654684
-0.19366417831684
0.101780103912034
0.0013126450817407
0.042296476501944
0.0842789068500722
0.0488745365238895
0.00390045582823446
0.0285883682310608
0.0497914578962825
0.0935075624466582
0.117094218699806
0.0701609485593955
0.0411834775904587
0.0614475200923724
0.0898348809494817
-0.127447165503401
0.19001741083073
0.0603803930491922
0.0353741436807148
0.143305648381594
0.112391962395559
0.0472835629153701
-0.0102994099488118
0.100849532567795
0.0866486904282707
0.097633565354734
0.083813851665195
0.1831391545288
0.0158006656829566
0.0470806183906842
0.0201679383616262
0.136612785549577
0.125865890931828
0.106748923228694
0.244002843957087
0.132503585806949
0.0127537991355958
0.0722623070100975
0.164097585101211
0.0916329961794418
0.0568731525271153
0.0250517740707142
0.0412606919170016
0.119525168831608
-0.0203230676943738
0.0711496397918543
3.87198647547179e-05
0.18896628645725
-0.0447551483207453
0.150114208534984
0.159670893164476
0.107581365165286
0.274735950712978
0.29608040047754
0.213369852769578
0.175528291696298
0.131565927467953
0.0555548480889051
0.189310250115744
0.048894514333263
0.0441097047637795
0.202020300617243
0.0229674442104151
0.181297076309837
0.14083277973328
0.0584760733476678
0.133675554035271
0.176989535249656
0.0742535633904926
0.255572297160589
0.266275373244791
0.118997887993432
0.111904645403754
0.0963559564205764
0.105381560884487
0.187523651259053
0.182941738498499
0.177653873332403
0.245667730343505
0.0741174789659864
0.330837651744886
0.217556407333367
0.148006707974576
0.18091650145562
0.100236011560996
0.206012457781805
0.27178162117256
0.0762846368980522
0.245055501326995
0.176921606800383
0.0369081904401746
0.164654936873309
0.1155114163224
0.235908552358051
0.162520127471446
0.285212911124026
0.259240447728431
0.133359212526849
0.40754515040247
0.307089448724537
0.0921347809682104
0.166426768244514
0.109754141914308
0.24220221948171
0.270340794774782
0.236515115438116
0.314731047016384
0.319509092654569
0.253227505345301
0.275023498749169
0.305507219367663
0.267700485920466
0.161370840488528
0.160026717780377
0.253192967915708
0.176346569856893
0.306274237990741
0.281368576702249
0.322059670660898
0.244863054604971
0.260947231876488
0.259286678255309
0.323085049848797
0.296189394751654
0.332267738201544
0.297283530371571
0.306134468670452
0.300801926068276
0.224404197773964
0.320169666248685
0.341621656277806
0.271484277898561
0.179428387075922
0.272380870130772
0.331160554336795
0.376603598015517
0.436421538970669
0.268832656430397
0.261440441960887
0.296907932756045
0.394946749586415
0.293430198841929
0.146222378096339
0.346118864833359
0.177170664589799
0.262010272857333
0.284768696453936
0.226338460760749
0.37207437569608
0.376366098421598
0.434136154735311
0.206182896475024
0.332471370707828
0.290578436611912
0.306462939093122
0.253414208164657
0.255442030551778
0.232247659253207
0.421399144989122
0.409278009504943
0.207916776228653
0.341247906517661
0.225795109667475
0.25914056314034
0.202995369608125
0.253171511240444
0.397960125218591
0.359438685192033
0.354693028432978
0.31404120422869
0.24452962106291
0.468492387373105
0.415355060123756
0.572542036603364
0.526345890678238
0.317523211823075
0.395467897343475
0.463099798472223
0.344451806299363
0.419140985160039
0.509985859923225
0.286379736234978
0.353003553494788
0.463916697632254
0.359049514162896
0.346736120325354
0.50500040498495
0.39471282421533
0.282004382723269
0.255974966430026
0.448965298632463
0.284476661591213
0.299290427586712
0.36643457320808
0.332264304548108
0.442642478618619
0.421430762100966
0.349975946337542
0.412666977882799
0.255094864004395
0.388503700232774
0.325827338108387
0.534446165824695
0.451510143429344
0.500724125845745
0.394806511761297
0.36041535756436
0.29607927830573
0.441487596857292
0.542250885546138
0.394256212277531
0.36407588651945
0.448091007015529
0.484042488393697
0.460687918201222
0.361038919405931
0.481231586116068
0.523803191928579
0.485058598574927
0.284227298390088
0.435272685953766
0.404802886153871
0.565084120750015
0.547954726209109
0.39652447149195
0.406820752269657
0.480675261960492
0.441136024417037
0.469102100766133
0.378460647486163
0.454347718772186
0.476749980300652
0.599296569012984
0.535674935552591
0.610084176608643
0.406143655999333
0.558404873205653
0.523155268322468
0.533359257249787
0.49276631360412
0.607811638484064
0.563461234634432
0.493679733346598
0.38016944504634
0.357322149524347
0.485689963045845
0.404606378175946
0.571761025865518
0.448405935691994
0.610449208202949
0.536501969098983
0.475218456296848
0.696170412211258
0.621408439165963
0.638294283890615
0.470318797765882
0.525390362134349
0.400602529895757
0.56035955981091
0.534675503138656
0.515316128084435
0.607249251828359
0.574632818363807
0.533415593025767
0.502034152172183
0.664298242922798
0.592471273864298
0.523413753734479
0.481214251949677
0.639006923083494
0.592023320606982
0.643660423250645
0.371114221093504
0.518669049056213
0.693631256348888
0.518657159438156
0.670163757111168
0.572730397304977
0.634738064308848
0.61661957876372
0.70055363122421
0.594617183244466
0.629115441114619
0.722927770350707
0.531014566708401
0.559150037234682
0.558285057483318
0.484961524832145
0.507371473881441
0.545240883785144
0.6228927842391
0.647316966874884
0.49406127199724
0.608708871707149
0.488210489345771
0.688408176751791
0.637742705467813
0.522174758300351
0.577693361474275
0.492469920159026
0.541438070914989
0.640817686937543
0.642715348604825
0.578522349345861
0.65379098174898
0.550944879544318
0.685609015306601
0.777536818781628
0.413749114903767
0.506772393201303
0.535062895366555
0.642633363195897
0.636459242092673
0.575632172518187
0.588838988439825
0.631016059449674
0.660892101465411
0.675587277043388
0.747130242598864
0.604952237884034
0.751280437134986
0.50575464259504
0.626586683926303
0.703714497367022
0.701725356265581
0.62291217566978
0.553000437894404
0.752618960522876
0.813601698852964
0.604379313790769
0.825999672128055
0.779846186242006
0.612515172320122
0.690399085379351
0.858595424650696
0.779926295096171
0.610581964178475
0.66410274816277
0.67840638863345
0.660181936580108
0.640721401580182
0.584073790047921
0.718536031112221
0.531663709604096
0.777789292362464
0.840482701310787
0.674083124706222
0.592085946995558
0.65538125185038
0.715089251631937
0.650233819392582
0.632246173232128
0.644953865422017
0.672840393488978
0.615233109367108
0.77819625932837
0.706505355440861
0.665973110115815
0.704811106618656
0.592334538972899
0.566413571976327
0.720127654301093
0.848991301688785
0.793372578059123
0.743417373902582
0.619516659469476
0.792797051342194
0.523250051400818
0.868590376803761
0.746917340403859
0.783310946546117
0.631707401628453
0.6283373254499
0.616077845163701
0.847552950261841
0.671651929666057
0.879252979463529
0.764253638660869
0.720797778591455
0.798276372849085
0.668933347085945
0.759577601748456
0.793235643554142
0.721631074958001
0.713189572104299
0.798313626916825
0.75208741102452
0.744761550720663
0.801346399551159
0.827439539403671
0.814784433382525
0.917769590339215
0.803649438535146
0.845303036966442
0.858310394911985
0.838066246354695
0.794514878437307
0.747034808348016
0.62467245203842
0.921513411332314
0.869928165853559
0.893111651211787
1.05888629253304
0.897143234723641
0.854903034562097
0.783799153196091
0.806459993412517
0.932734115073671
0.753937588510343
0.79301064737111
0.862606555253149
0.972522566188664
0.854619349162109
0.847336657279719
0.756051816182095
0.855309034573042
0.889394216167956
0.868005964280028
0.887087343795253
0.724587336428501
0.751171262693818
0.872684959928908
0.866930162308147
0.959226001014945
0.816640527398353
0.947012481877606
0.849766093409947
0.914524642290041
0.789755973577025
0.980808459256131
0.852878281567185
1.04723476286252
0.778068691215347
0.829653714463031
1.03133630260985
0.843349512993357
0.992358055861347
0.90589832316606
0.830795690406614
0.799191735590066
0.970777053318617
1.02970250287627
0.777159637474804
0.937453496414915
0.892373916138027
0.838826729017597
0.976761724819727
0.982448263859028
0.917972704577762
0.862277068447956
0.880371679492969
1.0021724248556
0.846197892465994
0.842267678382596
0.926569141417126
0.935517309098669
0.821526679179993
0.927564262794265
1.03232039404005
0.945045984902667
1.02254825161194
0.874569687554271
0.834652029780942
0.845194356820539
1.03135631532864
0.974088571819495
0.839168412862743
0.944117005353049
0.928157814715896
0.929453100563276
0.91054129258542
0.923977356959785
0.900989196526291
1.06689292092886
1.0600042803783
0.904097254831553
0.997450003977725
1.02831587083267
0.907010224745516
1.09149432980331
1.00488546590112
1.08687198437261
0.971675447698173
1.07110424059431
1.04417058709841
0.889128473316253
0.931666071060301
1.03859391016429
1.01247397743044
0.945847242567658
1.05185666067404
0.948408675806629
0.907853649101269
