-1.01787138764383
-0.90255649995711
-0.951203666527997
-0.924686852241575
-1.01979033993717
-1.08006183465744
-0.956797662303042
-0.796126454457567
-0.910687324098843
-0.969812914891468
-1.00779969630845
-1.02971539416113
-0.983777924646389
-1.06804286792113
-1.0580114738588
-0.984330115428756
-1.00372494971429
-1.17632209995661
-1.00095350731506
-0.99336397521767
-0.981331715940783
-0.948136938431649
-0.831033144930073
-0.925212679092795
-0.82225500476279
-0.962563281385796
-0.882420110129817
-1.04477326953064
-0.955417683939049
-0.774354186939264
-0.89591724476044
-0.864413697247142
-1.1734257939304
-0.864391415398104
-1.08116469343118
-1.03109373320334
-0.842691344654484
-1.08602064736841
-0.946685399036962
-0.808303978843234
-0.958748629486214
-0.903596146149796
-0.714876738357601
-0.72738946748148
-1.04027010371764
-0.856627810471791
-0.975900192004807
-0.991249268616697
-1.08737505943797
-0.807767571680153
-1.12595488029973
-0.958055606827387
-0.95095462050482
-0.700158995103249
-0.927932669953088
-0.78637739140085
-1.03539349807582
-1.00159304433252
-0.755792730386174
-0.935340175498208
-0.791459489446636
-0.988633761478012
-0.844982186077977
-0.836077906252169
-0.860592349238557
-0.817572119968211
-0.819033933996405
-0.95252580989625
-0.827683464336689
-0.822777390857792
-0.924711001888521
-0.827873248270512
-0.941363543172657
-0.675175272325021
-0.760049470894327
-0.744461051905145
-0.839425082413173
-0.771122860955296
-0.832923021215903
-0.813376387694446
-0.848871237824616
-0.755087804603563
-0.902465766322011
-0.760313552093899
-0.770108972278499
-0.672704553826746
-0.746089149413805
-0.994674889041089
-0.84883244589771
-1.00436319403019
-0.846354235334426
-0.798748736300032
-0.919772011296841
-0.779174009928335
-0.808625087452054
-0.675044371825711
-0.793231365986386
-0.900595668416661
-0.741918352037956
-0.801323769359162
-0.763952036126993
-0.861253831505041
-0.848616825911914
-0.814651101911295
-0.813114964739304
-0.84631859241963
-0.791735969995699
-0.975530359484171
-0.751024490958424
-0.769219307088118
-0.771940354270958
-0.826485720767066
-0.692289498271338
-0.82390267847153
-0.75727718266967
-0.664987517924169
-0.79963973557297
-0.637338082194016
-0.771391140138461
-0.693890299037774
-0.77991206200025
-0.816589277739231
-0.716057514533045
-0.853224547273952
-0.651825033170017
-0.654181139144828
-0.790645434926223
-0.753133424275642
-0.85390824585854
-0.686430473239588
-0.550826649684772
-0.756712740834669
-0.662470136011917
-0.862593762017758
-0.488665565451118
-0.735560682813182
-0.757324483644831
-0.775737760048523
-0.666227649345959
-0.642749158024861
-0.577368668243566
-0.576790199012736
-0.667500652117997
-0.638406844323036
-0.795515124217174
-0.793848908120138
-0.74303132752077
-0.691038051359066
-0.647741549536431
-0.834683404264423
-0.691449185170303
-0.749984026497459
-0.71082222177032
-0.784010808714416
-0.681614785103308
-0.620043723727423
-0.783350721120483
-0.601350691169554
-0.661887285769361
-0.710045888631854
-0.643858856544642
-0.668974285430677
-0.749807485277553
-0.708515663186964
-0.578869281107972
-0.581558347957054
-0.869926045986721
-0.544487588243258
-0.715478355529722
-0.644893697585176
-0.687276735043661
-0.678208080919754
-0.574916295316718
-0.649700323319101
-0.597471217600136
-0.682007120998205
-0.659312398504222
-0.494990787424718
-0.785565302567799
-0.631517710180803
-0.694535786691208
-0.598391369396507
-0.638375550597526
-0.54335419089882
-0.599616175180348
-0.568476995265129
-0.648523586706805
-0.520303485570302
-0.659932819373849
-0.57085117227899
-0.487081695998998
-0.714775072121542
-0.675283157756923
-0.628183831730668
-0.609580789258121
-0.743246582428729
-0.589268792894141
-0.614126389280381
-0.661910706609097
-0.710794083104375
-0.483410552149769
-0.548574222279302
-0.729110607874827
-0.601758048324069
-0.687354295582611
-0.636258954592371
-0.760466047746991
-0.660687429125253
-0.577036055242796
-0.503845544423663
-0.651283236184867
-0.543154395603118
-0.573008466232594
-0.512315177852441
-0.576712772184329
-0.543657996806564
-0.58761916738225
-0.647407951829471
-0.605507249228973
-0.702089716964264
-0.544753240860344
-0.586177981882835
-0.578635162612359
-0.600136377771129
-0.444029580646384
-0.462669958653157
-0.64235483849003
-0.528265900869568
-0.587586649949031
-0.508177240225247
-0.351254124999617
-0.511583761110344
-0.387440134872995
-0.61238072231882
-0.44365930630492
-0.652209893184552
-0.497972905755781
-0.536956708550103
-0.551966394450223
-0.602123470397077
-0.473941694748012
-0.549122757551449
-0.63958591229997
-0.631936915127116
-0.429323801202547
-0.449183533070451
-0.437066174110782
-0.555726006444036
-0.427042517825672
-0.456107977276733
-0.506161607335933
-0.507429184363621
-0.42426894651771
-0.559360169177872
-0.619286132127251
-0.534236932925411
-0.465538435087789
-0.45626589162085
-0.432058115851296
-0.368559413194879
-0.422745627945175
-0.608138948176221
-0.352965117620438
-0.58026932471576
-0.588192083825689
-0.486885372237104
-0.42571246581076
-0.266046111146733
-0.354799799420843
-0.299461172255405
-0.390192350679172
-0.428585177608242
-0.486944373414732
-0.526719509637598
-0.379230266525996
-0.461454457213052
-0.52914349734053
-0.435180991857936
-0.435343365218532
-0.460285931294585
-0.496300268869007
-0.392546017359593
-0.516845027395377
-0.27088602329283
-0.387780407137703
-0.385036123451634
-0.45911095638926
-0.458408350729344
-0.484062449402551
-0.326932823331103
-0.414158956159498
-0.496176545682082
-0.471866879094312
-0.411499861632045
-0.522414114690125
-0.298217844350647
-0.444887635777332
-0.429935207363709
-0.614537470025965
-0.416020243072964
-0.422341553001961
-0.399210652805763
-0.275661804364409
-0.321217734401401
-0.377221694412699
-0.360814243922252
-0.335563118744783
-0.280646243740842
-0.342211710590128
-0.328545657894701
-0.498461304081794
-0.446640420075968
-0.143046593138506
-0.501985541033794
-0.32273364493832
-0.364770618532397
-0.380577782024447
-0.444534459667087
-0.439024942661449
-0.37283261770144
-0.371115649727414
-0.328801400241803
-0.271689743668616
-0.349753635819056
-0.340073477814462
-0.305353239850006
-0.121601188922643
-0.306259751764704
-0.370252713860029
-0.174807971288925
-0.505635304369883
-0.402730773960151
-0.300954317272518
-0.293344404062649
-0.324347219781432
-0.201050008496157
-0.422676034477197
-0.311662893249876
-0.326889142280527
-0.36519359457941
-0.295110116902766
-0.211734370554533
-0.277552617876534
-0.439360064427901
-0.228400715816808
-0.178258100254616
-0.227602776395694
-0.217714845237286
-0.349165200850641
-0.291236629416771
-0.216474969007899
-0.365620037169287
-0.228900015823017
-0.344003208808337
-0.310053457752627
-0.275806717115527
-0.229504221711131
-0.299468995801462
-0.237434156776181
-0.324228954917655
-0.394308967800545
-0.350973357073234
-0.326922173439676
-0.19335596531993
-0.195866645203175
-0.176515066155808
-0.33881335743761
-0.257778130041958
-0.228178743898328
-0.15791769190551
-0.323453958673202
-0.223309975538512
-0.462758662014133
-0.186827560901996
-0.318129055944821
-0.307167513383295
-0.196025672451794
-0.302873264799825
-0.224422605362697
-0.259289579218408
-0.350537381350213
-0.268634356070955
-0.24409026509858
-0.348792930906191
-0.255617239018846
-0.266100537480234
-0.381949591797879
-0.215849259542779
-0.0959207717012234
-0.221901758884548
-0.176258231675852
-0.292051235543861
-0.0966202904582398
-0.144410926777431
-0.291852698617035
-0.311417366717913
-0.132844704250012
-0.230081451034055
-0.380213743751426
-0.131655865480155
-0.195281423923026
-0.1956163873226
-0.238098125351675
-0.246864752633418
-0.301980512385067
-0.125882069357495
-0.0853214547231394
-0.317375459328237
-0.115941414763234
-0.14725685284315
-0.135374157780776
-0.250802868374526
-0.159579223575696
-0.237011934665613
-0.261984065802986
-0.056265925184445
-0.212657022346165
-0.32083133450419
-0.212477523609081
-0.152504087593938
-0.0440758706043237
-0.265007756730136
-0.208771759393183
-0.187950140161223
-0.253535096743946
-0.17895130168341
-0.193143255986653
-0.171967807985901
-0.138954440212176
-0.0607437849613648
-0.136253582191659
-0.119615705980592
-0.219954549487785
-0.111845859858217
-0.0366724853533506
-0.144579846395485
-0.122691038604835
-0.373463881314968
-0.0991177378685098
-0.192338310736768
-0.059076094844205
-0.149756063910743
0.00155073671630069
-0.102222473037256
-0.0558495102313726
-0.158156014658216
-0.110812358740382
-0.157970438012543
-0.0837999392772164
-0.056013186721165
-0.272854460515239
-0.142216766648756
0.0707972757816168
-0.0792281747159659
-0.043466772935972
-0.108976945448673
-0.0648897028702521
-0.061553014948531
0.0175133492520623
-0.011543787799853
-0.0514633449468534
-0.110556505694341
-0.068935626629688
-0.000137289649229601
-0.0907167220830424
-0.0946549618134071
0.10790438506301
-0.179177668132979
-0.0417188642303728
-0.00651225660244832
-0.0928816009187068
-0.133695031170686
0.0312327184046735
0.0390246849787797
-0.0585482745936345
-0.181615016880985
-0.289389394533747
-0.0678249078432822
0.0662920718676864
-0.0068953007143288
-0.0188527702705276
0.0257920088183463
-0.107451125645047
-0.0840555671469199
0.0536565195063984
-0.14465533829908
-0.103329539524341
0.0670695895821377
-0.24529609684062
0.0606624365391921
0.023411786739309
0.115265390385729
-0.102252590780797
-0.0593641898265964
-0.0626377173992923
0.0891269376451974
0.019473433848729
0.051068538995607
-0.183178963619661
-0.102108658026318
-0.0557213396830377
-0.0915423141776816
0.0323651560993177
0.0247241755887865
0.0761976420242562
0.0702562819801909
0.0137138313781827
0.0900284188689188
-0.177419809899828
0.0133347200876145
-0.117036733673663
0.0637389034934676
-0.0666627554091193
0.085990636133558
0.0320059647853507
-0.0404935770889365
-0.0731189141957237
0.0876212574555921
0.0452724495835067
-0.0299644010565601
0.0343292125355219
0.149104952569187
-0.0649844302703507
0.0713337044316382
0.000771471358214156
0.0759775616854221
-0.0781960215622589
-0.104151584520039
0.0857645184385667
0.0737997563050616
-0.0364800485547182
-0.0735809785458481
0.169178825639316
-0.0266886975983119
0.0629032530215936
0.00754972392275173
0.253482689129023
0.0976343953191785
0.0289705798295502
0.0253589938182915
0.156065514494837
0.0405957731096497
0.0767191296556638
-0.0495481512415655
0.0107942987021692
0.0570131487379112
0.100579035179905
0.0764834720899071
0.0927079823703142
0.203089281712831
0.0855481035997667
-0.0207272640675645
-0.0831439719052364
0.0425732770709798
0.125622219244105
0.0790850084394928
-0.0452884176443392
0.147750214839199
0.187066251507954
0.0557940238416573
0.1027230103053
0.076137075271535
0.184826853994199
0.281407519439971
-0.0400269397256584
0.250675718677081
0.177125902434246
-0.107640031556665
0.153289105077267
0.155601673881653
0.0809873590413132
0.161604496485556
0.217800737177231
0.0884735333234538
0.0284263348670383
0.084170629902995
0.344172372612885
0.249608359656932
0.155815297948292
0.174278150347699
-0.023736805383922
0.258013105317675
0.239951069862753
0.0523804422883805
0.100128728282815
0.0826506631206692
0.162806664433594
0.18728459496624
0.234112159924997
0.0545246784066132
0.107018996842201
0.28616015387843
0.129539836431836
0.22152150209285
0.0459789287942721
0.182493496014547
0.269008176763627
0.246975407406772
0.161905980872499
0.285395141448363
0.10105301202845
0.32660655338583
0.150421788591897
0.343786899898661
0.216645087291074
0.0194208327244095
0.166117737049796
0.284039999639426
0.272830637933569
0.334528720700794
0.16453061106657
0.1982934376828
0.379428846718222
0.304310612468077
0.280755310898591
0.153767169339174
0.111602488091951
0.270224368612453
0.270085456134532
0.0184119234588067
0.233786460496209
0.253889094622649
0.179953924300132
0.290442732679725
0.202003265802595
0.280449565720282
0.129089802081227
0.257243716340683
0.188122879064329
0.386823898253608
0.405176661105371
0.232658256121542
0.112393450945314
0.26566028900912
0.256716386162595
0.337877800163377
0.139072118909707
0.423746527977094
0.290752867720438
0.246049245646238
0.145694028632586
0.296681709652769
0.263520810834262
0.266658510938426
0.16166328745604
0.241693025168559
0.272729814084343
0.359231928843417
0.233612414093588
0.296300275911601
0.40987513918885
0.276426774328843
0.420838939761968
0.43347436440462
0.333914246133067
0.353074376820624
0.326604192550703
0.36330657831382
0.411273604324731
0.236685481319903
0.308476373903735
0.308875880711179
0.349754915355883
0.401268806966014
0.554514353566812
0.445799410079301
0.3305160615965
0.32747281579813
0.293555702741274
0.481900277495939
0.292690369948731
0.398137581299484
0.33651069350352
0.440076461262879
0.245557967840355
0.402198499628758
0.21849857485251
0.257951429030462
0.254835676341019
0.276809003898486
0.447354547537371
0.230167807580283
0.355581232108762
0.304866198119328
0.330899884992201
0.489859026563641
0.454150687033052
0.348201953175289
0.384186409115525
0.413283227625306
0.297483912237256
0.374576297490125
0.336978771776509
0.321940073754793
0.406077335188488
0.4386485812869
0.35318180554958
0.470266525446406
0.506447532204845
0.258440935596239
0.437693752753127
0.523621438459278
0.454070821251056
0.401354068617015
0.361549022209258
0.384798675678827
0.379732728810696
0.402527169337343
0.224853448669943
0.436145526582843
0.572329637732316
0.359191380471833
0.465532097644486
0.580933673694908
0.499841260706527
0.454216610158239
0.368756441545203
0.550056140429912
0.345629038566871
0.418360748595107
0.469021476539918
0.325487403933727
0.476220938397395
0.372959173616332
0.440377084339661
0.366378781206736
0.538012852220554
0.531659568676372
0.355782376739648
0.450599612704294
0.503124623584681
0.46679858858432
0.466659434858791
0.543178102676837
0.36965778863136
0.450375374111395
0.477387975888674
0.585385340495277
0.292203707278754
0.48963242039657
0.434993377839906
0.623736310443199
0.627266567930002
0.415795497961481
0.695283958662947
0.491192648133907
0.543880089092645
0.584487293160339
0.40904853406455
0.479147219028729
0.462968816043103
0.498828651610863
0.488630442365224
0.469807575774356
0.544192943761053
0.441455401008373
0.525882883366593
0.540557945989233
0.380572320232582
0.527773749733077
0.552738793787116
0.523089867327091
0.546271882639064
0.495857359997065
0.491951468481239
0.50015860903275
0.626704425683871
0.544735640205662
0.619580827625684
0.463630132625892
0.435528526410151
0.529358575766784
0.526622971066316
0.520456926091777
0.52482337708463
0.546574288656893
0.512943049992512
0.531053968348677
0.587902443731094
0.560804811822397
0.535326177234862
0.4937225893096
0.562661401445929
0.443745041274571
0.548621323691337
0.503298725142836
0.566920360690935
0.703356303913346
0.539975943627834
0.61676319502463
0.507458870057968
0.52800268959378
0.586434868695144
0.686499111937469
0.521980424689213
0.514291737125034
0.57859446442569
0.635211984253044
0.49653068201048
0.605617603434013
0.514672882386253
0.67897480100271
0.586951744135996
0.608579897884099
0.58703217879632
0.719764078503062
0.589188627942543
0.542210303482184
0.483775774996569
0.690226932624524
0.655639812697572
0.577796027376731
0.677308530096707
0.775809346818836
0.663804986284869
0.594309278878667
0.651090618088552
0.669590415334789
0.499919457567435
0.574128266110931
0.628406367370721
0.714888879265726
0.597100498078588
0.693422953449299
0.611396916970659
0.542730654380259
0.763296484346806
0.694948926052524
0.736937314503978
0.721079598782282
0.544750249518469
0.587917074862358
0.64169596835682
0.784291499843567
0.593027208807266
0.638011496001139
0.673255686210349
0.853812468941649
0.665588300615975
0.687488115048447
0.70151898979237
0.757816966814109
0.6313528844578
0.783345714065179
0.65715277227902
0.839273298361849
0.672647738457169
0.830137058910329
0.699646913453486
0.591394084778224
0.739491761194372
0.675137721839754
0.801518210577359
0.679841269599537
0.752984993628266
0.995716613403558
0.800381316825693
0.596270769976802
0.691803454458305
0.794047382045221
0.637683242646322
0.616676887749087
0.653014193584672
0.907232318440229
0.732359777008502
0.705735294535611
0.627497880811023
0.824114529669069
0.736932037483957
0.693681072671443
0.71605382955281
0.793247944332364
0.722750560149975
0.705542074873505
0.797328701368048
0.636130868113693
0.828760902694192
0.767788139259613
0.97615325491286
0.719598054948089
0.614488892344387
0.825685859010885
0.764463377997715
0.686823870147709
0.835080212259377
0.878092284413159
0.784991150511278
0.566451947621445
0.861467723548253
0.72167918380511
0.771808900803933
0.743674375309998
0.902710635162144
0.702590059671439
0.846459257031619
0.818324494767654
0.717802408229648
0.834957553539403
0.65235559618156
0.89497402264316
0.885869319032058
0.726954115699971
0.722826659079525
0.792387278937986
0.749959863230124
0.659989958693821
0.787358923967464
0.862019659818722
0.819131491313228
0.848974806303667
0.873567415942328
0.860472454074799
0.845376982800307
0.852477364270959
0.827999309212165
0.702012172926373
0.816031263897415
0.903743933641131
0.873778559852674
0.815639277338305
0.8995778412532
0.964032147103214
0.765535595004604
0.848973041356958
0.859126803949687
1.00008110071158
0.805209732911924
0.837683503102512
0.799527010992876
0.81411049026674
0.866860477631389
0.748517298243018
0.803742364783036
0.850712879115268
0.805550427436672
0.674475607660194
0.750173796838308
0.830646590358333
0.813326241091827
0.792752768125064
1.0253722170993
1.03477033719324
0.925538866679884
0.852083429932355
0.766682328772411
1.00453883213209
0.812280101906161
0.971984089945988
0.929432857997592
0.744453611641426
0.96672996408886
0.871484952819674
0.817980165141461
1.14083131319288
0.736650153736041
0.874441070836086
0.889799415896121
0.924460241564177
0.913114279204044
0.865636312472028
0.966584335909935
1.01061179532324
0.923595167789192
0.808813979169378
0.926835199515049
0.845394941011947
0.758683189870865
0.983093486123313
0.86213478541664
1.07629679663278
1.05128264311993
1.05323093347419
0.964792864024598
0.810342940127663
0.904882956991182
0.944388887140822
1.06197506833584
0.80878642198751
0.904154829230867
0.92662243685919
0.888075218862317
0.853335233537255
0.894525786144971
1.06239005096415
0.983516102762538
0.930533340707781
1.03652408851073
0.991157649575098
0.849966776936156
0.940538870867958
1.02714966314951
0.899129788951554
0.951247147208395
0.913824514765181
1.03925873795119
1.07105753254719
1.0350909589888
0.959617673748531
0.939097184958136
1.21777521070396
