-1.05015356816542
-1.1356954577602
-1.01952848470909
-0.948503799712354
-1.03896150925243
-0.99179170539997
-1.10093364507878
-0.965282774599694
-1.14793917967283
-1.02627693148936
-0.98644537858703
-1.00428169844565
-1.01476834795887
-1.16588505556062
-1.12644593378801
-0.982919098894255
-1.02866638335039
-1.11432745833328
-0.850503767458357
-1.02148113624961
-0.986391285315069
-0.9109664773689
-0.918516911478725
-0.976085832518168
-0.907414457956061
-0.84757975688461
-0.999240916184112
-0.874791418855381
-0.907406055461384
-0.883420256565106
-0.926167775653412
-0.927470768518384
-0.997756034428785
-0.828605454570477
-0.887500208539483
-1.05267298223145
-1.02315375738847
-0.938152877974857
-0.882715644534151
-0.96374601237869
-1.03396373313128
-0.795441131072788
-0.977122007037551
-0.979378121551114
-0.944462982456008
-0.928286125068971
-0.983869915974441
-0.943559029276566
-0.877665714633601
-0.969236472896267
-0.918442310838171
-0.936525007547339
-0.90091012302701
-1.07485694117233
-0.884043979143221
-1.01587896434478
-0.949868775505491
-0.740315272963992
-0.793198902002852
-0.892978535983112
-0.871264393727412
-0.888982017777907
-0.722720263703099
-0.881982271671722
-0.948646380414818
-0.849728117681579
-0.940227808778549
-0.991988851563649
-0.982557129784
-0.832856216081358
-0.773983366030202
-0.875946584665021
-0.816276275032304
-0.829178818185976
-0.961779775691198
-0.858098277354083
-0.88035267955809
-0.638629654019382
-0.851347693933145
-0.75101738697671
-0.709103649802342
-0.742133863528687
-0.863990267332752
-0.882573339306785
-1.00603467745254
-0.817858078681012
-0.776694028243216
-0.897473062631718
-0.789888935743553
-0.881949362216336
-0.764778326375639
-0.852229788882499
-0.927188242793281
-0.794684857974956
-0.786804078059567
-0.718079689121014
-0.721772644235649
-0.728544490198411
-0.706638431275896
-0.715873356712842
-0.855383275095028
-0.751587714438402
-0.604930843174597
-0.87703479879347
-0.828755440592444
-0.798124446701446
-0.867518032410325
-0.796005030799432
-0.762446706774266
-0.705860014650089
-0.729054474634927
-0.820663003589626
-0.725218208389618
-0.87711306504581
-0.700972023684474
-0.92014043491545
-0.734155837232517
-0.900833021862988
-0.656198622726408
-0.892024992441657
-0.728523923319611
-0.806735621920617
-0.81965730400184
-0.960625020771552
-0.753624665197069
-0.845115300484097
-0.737872734086471
-0.642017538894876
-0.723221954772437
-0.678678346590913
-0.689557466775142
-0.794761976632728
-0.799911891250314
-0.853429456809547
-0.903771709832579
-0.791957327144131
-0.643724157052893
-0.608413171283941
-0.751763323142938
-0.689691858757374
-0.798910978272091
-0.475009991450754
-0.6845564759435
-0.760976323805964
-0.641811984431236
-0.543461363222016
-0.867818872794444
-0.546177297400312
-0.686028453260437
-0.620483900550013
-0.789976383868068
-0.679975351108106
-0.794580761158456
-0.728985287769774
-0.585075442571281
-0.658195499486711
-0.592961600441702
-0.632437807381158
-0.598553897152988
-0.700113520200642
-0.629310779549244
-0.696790950769259
-0.624466314134877
-0.543068430194336
-0.63287145667273
-0.612405774850967
-0.710958696159948
-0.611143440084119
-0.568157801283098
-0.704933457728877
-0.766366568500567
-0.602291983073454
-0.65790636726757
-0.644338866852506
-0.576265649817014
-0.500440998755566
-0.594875995856419
-0.589321776988178
-0.654543964258984
-0.665863392225381
-0.723920884511998
-0.689018389202205
-0.440134687533426
-0.588741269872143
-0.617663860879622
-0.69327782590958
-0.590284203266982
-0.554546645598101
-0.746359883589215
-0.598337466921285
-0.704843048716638
-0.635885880702096
-0.737581851186077
-0.691701681932448
-0.500042271102509
-0.629294747391447
-0.63735158488536
-0.662717068393459
-0.730462739385834
-0.529500818552271
-0.646421099268238
-0.619079637464977
-0.640676937256491
-0.614646797064539
-0.590553430861804
-0.506674024182633
-0.627225452939416
-0.577983625253516
-0.63471811142405
-0.499174330738311
-0.503677667822318
-0.485551118956604
-0.573306856426665
-0.507272648523096
-0.512685836843652
-0.537607201932492
-0.477869925252245
-0.522773086923327
-0.598431942654738
-0.578953362019754
-0.531995065566027
-0.612335490720131
-0.62576637968024
-0.511904069491986
-0.422859040036021
-0.577286932073857
-0.479942681035944
-0.598604356858129
-0.520766651913813
-0.463198523792503
-0.430022026591787
-0.597547492834748
-0.486345367224717
-0.508142215292622
-0.552325993934393
-0.474310027196571
-0.54131896424
-0.517054726687352
-0.572238423479325
-0.511931727759175
-0.599175830224824
-0.574094286805589
-0.464861756577108
-0.610992184614194
-0.528983980393801
-0.534220857192199
-0.500567847926312
-0.552384719618085
-0.463559506154242
-0.554236630842111
-0.526439363884301
-0.611934478947805
-0.378493379835895
-0.629382814250918
-0.47562341489429
-0.587426486131834
-0.490570723832707
-0.522766561116409
-0.460690826310988
-0.510020191074252
-0.613817603272264
-0.63242370690066
-0.360083805982734
-0.541648770601644
-0.424736291130288
-0.487702822358087
-0.434920340151343
-0.522999113514919
-0.424471395917289
-0.400740979117778
-0.316817185420307
-0.435651482802516
-0.569454279745413
-0.441520932049879
-0.429092317980746
-0.356163901347436
-0.4600537859276
-0.490108496402409
-0.529490840196275
-0.417602732114187
-0.463192712383512
-0.518927245197116
-0.311117069736291
-0.419223299126493
-0.426942922523577
-0.37318348362573
-0.391960142341737
-0.328593577798742
-0.338011672842242
-0.337293722174006
-0.44696037335519
-0.266910908408775
-0.298019664393497
-0.521883730146166
-0.369582319564569
-0.392497335621113
-0.444007102847388
-0.235050512253836
-0.439460659535415
-0.422092868098507
-0.432437074337139
-0.359925416679493
-0.365264121570788
-0.488152710552843
-0.317019089165927
-0.399362412061666
-0.381283238726854
-0.468750768392359
-0.465531178139484
-0.350743836999196
-0.412502853181808
-0.310547572618278
-0.30808131312278
-0.41216539581754
-0.333790605398097
-0.317230533839359
-0.412393386255722
-0.170106700807289
-0.446249435818682
-0.256599017443483
-0.355753564273756
-0.414360248276862
-0.392380431139031
-0.398316770905272
-0.352474414230263
-0.455603647646127
-0.143689445778859
-0.343054323797851
-0.33898874278654
-0.150804602970461
-0.323813979348489
-0.258276171483876
-0.36855347615781
-0.309060436720044
-0.3463107303523
-0.451390422648121
-0.320063203342251
-0.411787426534221
-0.406114022197956
-0.229784008908413
-0.337728817322994
-0.343000085628886
-0.246656103897848
-0.419598873225621
-0.366040021615008
-0.251889962486769
-0.371801629029512
-0.473428072959714
-0.425057864112357
-0.197661840523971
-0.311248652905741
-0.318165474362883
-0.206389740071014
-0.288899982808781
-0.209274758721151
-0.245886055596243
-0.33387196914133
-0.265573572495867
-0.415900140417163
-0.219141744790033
-0.395824670775195
-0.379724922304859
-0.314396306925538
-0.277169664888525
-0.183695581422312
-0.405932438339001
-0.300432732487696
-0.312406521248948
-0.15292313751781
-0.178115223331317
-0.247082305186853
-0.308504034247021
-0.297452410761404
-0.390388075792672
-0.245883016630853
-0.230291459113605
-0.306949070926565
-0.276052588032274
-0.327127406125088
-0.365872699057479
-0.287127510026144
-0.237431659928372
-0.361124406076327
-0.23171840967338
-0.338192581247878
-0.309501208333591
-0.409832953578392
-0.1969741625301
-0.207196855468857
-0.220033715713259
-0.182308351389176
-0.134192230870476
-0.263232102672595
-0.0607897397027644
-0.350762542684146
-0.222606969550096
-0.218780045546742
-0.150696524697887
-0.278681751339061
-0.309728633816372
-0.238416440341342
-0.116216621441285
-0.204747396125107
-0.288592123503165
-0.351330090365097
-0.0383920270278558
-0.084727341877765
-0.356296596741856
-0.225702419441982
-0.231040746874272
-0.274335749929124
-0.042919892771487
-0.152183229012757
-0.251376086848775
-0.212156204932598
-0.156568862594487
-0.231693640748146
-0.170386951714469
-0.0910589276790623
-0.176336422348892
-0.118895793641646
-0.201026374280457
-0.141429387773483
-0.203101760486648
-0.189707964983567
-0.0813135686223819
-0.0884140112585934
-0.178804502165355
-0.0802352267702845
-0.0428199848347442
-0.0753040842430137
-0.09055668415237
-0.247488177939851
-0.146330747529815
-0.0743157327284799
-0.0602420706468806
-0.0941380327256705
-0.0698977031297215
0.06718107312293
0.00926489687873896
-0.225120182154394
-0.128218680388661
-0.0675706347141742
0.0852486863843545
-0.138961336074325
-0.0596809116957882
-0.166295449417064
-0.0588103871776876
-0.0522206081217396
-0.280963249657021
-0.111894777749285
-0.109764565384496
-0.141472439503814
-0.217554528957344
-0.0349660443656327
-0.10953048181717
-0.0416418970412936
-0.0330153370695713
-0.0316801146713311
-0.119448896524797
-0.0752916068463455
-0.0199125490989043
-0.0366881390451233
-0.0324435403649872
-0.173355898387701
-0.121905919129852
-0.028521392254682
-0.150894835891569
-0.139732820747163
-0.143740937515348
-0.0836651566858422
0.141625703216402
0.0782540836127937
-0.132556008132712
-0.00711782680539826
-0.0239009438858476
0.0338808405702545
0.10298096951935
-0.0201647337108901
-0.0633337218252549
0.0235763684457525
0.0896156693719284
-0.018718941541153
-0.00162346517632874
-0.0341277050813647
0.020231500884021
0.0298695434896678
-0.114181512565059
-0.0680738101033112
-0.00653770913376056
-0.0232872307015231
0.0484241715942399
-0.149186915038583
0.0978917399088026
-0.0461388409256357
0.0747442723908441
-0.0168705144141323
0.0358853539291276
-0.0839449052174287
-0.0207539170683961
0.0101848741682755
0.133109976269783
0.0541009962368657
-0.0353859064545328
-0.117943927584622
0.198884549305118
-0.0143453940625701
-0.0291105877272558
0.10062425033677
0.128542161479449
-0.019082777900028
-0.0166022248305805
-0.0914552888828377
-0.0333842342997484
0.128619442724839
0.0492435848187915
0.132670351073432
0.0607672407461445
-0.0277774833916592
0.22153559431426
0.129953617835942
-0.0392389409520467
-0.0845127123671444
-0.0525369164740935
-0.0922147033477526
0.0360949826815157
0.0905171263804442
0.204585131080301
0.140152630794215
0.0339247130267466
0.0590736207248239
0.0651995671653008
0.0286267918307011
0.119314215392956
0.347909248621319
0.132556353819528
0.0490577737090827
-0.0305706387164516
0.0724043193280083
0.0881599423572219
0.122790783004438
0.156689187915657
-0.0329573776735056
0.0741204232930918
0.209232333704587
0.0684173587547489
-0.0139943161034923
0.108082113582602
0.00877188215685422
0.109000382999841
0.104200860177413
0.112130887008218
0.159230917863301
0.0813682945415027
0.0541815407989476
0.103581998268902
0.0378876593909793
0.109047350312608
0.14151901465811
0.135491100957874
0.20250187881281
-0.050555639530358
0.0810832586820193
0.175122112420294
0.247230710696043
0.0343166874410899
0.0462775383808345
0.197475275957704
-0.0148111593029606
0.188677113905795
0.0237233107794092
0.260684610127983
0.177962416240687
0.131192702136984
0.128080573373918
0.101729823600081
0.26058678031372
0.0612649442627677
0.235002968350125
0.0245073047006191
0.25592275825607
0.217499035309367
0.109283253689892
0.080002882622752
0.352677076931428
0.242868146113714
0.22688714549639
0.181130074951123
0.0804606485691814
0.0662482753923138
0.10303050891088
0.0287187703915664
0.263426091729653
0.304019195793491
-0.0463285469321789
0.250480304443728
0.297162700793762
0.238141320722882
0.25403227229028
0.193719242674608
0.124562935603619
0.160552736837308
0.268678133190555
0.0829373261926447
0.334485841437757
0.296003259309589
0.168939473784173
0.240609412531506
0.238656618848329
0.27850645951366
0.306706214675879
0.103812917437937
0.222473441461383
0.27521465334343
0.268659386544414
0.392272150117536
0.262349500225598
0.222852217799435
0.275087889793796
0.236806105325502
0.147654148667059
0.252991355237986
0.316718535278647
0.0610532162754269
0.196345756751702
0.236740590025973
0.38282797148483
0.161887272727093
0.360535807591182
0.369462288126946
0.270243787765556
0.14172409211074
0.264250272252404
0.259446558805677
0.341394950703903
0.175127781058356
0.373807129883631
0.431492900135953
0.27701531103349
0.248579202682086
0.263037847418512
0.223518264728514
0.419015693849431
0.473160429123276
0.305934818162519
0.185316580139035
0.128074438186923
0.455116298957371
0.305054923389114
0.219271967106666
0.351128382961613
0.258328533016766
0.390977614602917
0.278598079230353
0.293883565308874
0.263832340134912
0.232822760125198
0.407859903069668
0.300528086780201
0.474759036872693
0.289786036903043
0.384511157461015
0.350808719583329
0.381467135416461
0.316170456751368
0.247363051842315
0.400724524906706
0.33228762087045
0.455005507517682
0.326263606865206
0.448344587703528
0.356127108068566
0.280382622212107
0.353323840763795
0.47023230661732
0.453751797484541
0.402578594817962
0.38750101146631
0.335359100837831
0.320845504466247
0.171681864895474
0.433577183276492
0.194418152611687
0.224227063856953
0.425889013106528
0.437756022959082
0.427201338840179
0.361329568062938
0.351155377779232
0.373834133753389
0.359528864324542
0.351827254899229
0.340023604506446
0.339203836577162
0.387001655495726
0.317914083523551
0.299846286539604
0.355234007919131
0.447426830581806
0.349725514342846
0.422483577348206
0.323350917100815
0.356729254077112
0.29752813015034
0.24497177635249
0.563522680927372
0.469695535789708
0.332334454161685
0.421384467024832
0.524169205316956
0.433476973198073
0.460152278971851
0.342581671778385
0.346542304576494
0.428194613726878
0.359598674643347
0.314623920165774
0.403241238611767
0.29856336374042
0.4156247733281
0.50319141573946
0.479273093341119
0.472909784776332
0.471770428279244
0.537102743812317
0.449260077812439
0.496957785326869
0.40948291719847
0.632619294230558
0.347333259171285
0.529052598420844
0.425562591633002
0.39858702164685
0.503261357062418
0.411390148878736
0.543041007871374
0.518965722246147
0.312075412692148
0.380213949682263
0.436685491727375
0.399214859498632
0.606151874780097
0.616852124330539
0.67858509057741
0.430924153658772
0.493330398662307
0.592330147909703
0.500449371557335
0.418817821739161
0.483687520170186
0.452562903950257
0.538942705424617
0.503092051676022
0.661872095358683
0.352672906198196
0.604354156057266
0.586151202420715
0.466819142243181
0.642297991334367
0.553222766030112
0.586442117258496
0.648237158100118
0.504767170871923
0.448030517689738
0.453235931604798
0.60881878248722
0.492384240757095
0.488258115159141
0.597511655654802
0.590221701026876
0.520707346545548
0.57430537154631
0.477149785640083
0.737295966953159
0.701850297664113
0.411306540576125
0.42729560961796
0.564877137039577
0.569837791424739
0.479723635471497
0.373602192377009
0.475270662843968
0.564636821720807
0.574894956298362
0.614129266283135
0.434170605984372
0.70279709665738
0.649178813551879
0.593924866391933
0.566110929396637
0.684975370116942
0.427949912323905
0.366964455015798
0.543686998469741
0.538729022117901
0.528252256423548
0.477111415898068
0.446640031081221
0.584994433848489
0.570269869905877
0.852588992393718
0.67841304924573
0.5769425135496
0.63099752034593
0.708189390895263
0.639583021024812
0.669527917350148
0.649654348637391
0.596649510549785
0.570229349051343
0.568516190752396
0.681985236388501
0.500675142101411
0.694186006577068
0.682128132077936
0.692416029166479
0.745170298579015
0.588842554356243
0.691133450016051
0.650897730160923
0.668861928777427
0.582552331806309
0.747373100694179
0.833659946597809
0.818254999559298
0.646651261498469
0.629653010571634
0.663079202086085
0.795074420827564
0.635463631542098
0.718581462377365
0.702822259285046
0.654235110307382
0.555005547746321
0.582604661813892
0.624566744354965
0.575037863224864
0.792881692694045
0.590039007797646
0.639638058595695
0.481453248502428
0.619729387105109
0.650539042474427
0.516527721100927
0.655582264418781
0.644799342570631
0.733242304398742
0.617038881957151
0.73852135910934
0.65411653618171
0.539137031428826
0.631647155377993
0.742299337538349
0.793140220362102
0.823977117020992
0.732681974637668
0.735173034302768
0.787561827826094
0.619465754223236
0.594873889120193
0.761959590106716
0.739579117468093
0.73268633714426
0.755466241850021
0.821937199217994
0.676147819579279
0.812626891163342
0.811383156149764
0.67391438650976
0.6551494326665
0.657569920899732
0.718309718612015
0.838096423338537
0.837916630280496
0.610242102110608
0.706586234719107
0.884256272264012
0.807972013942259
0.80098754946825
0.649258992899492
0.87607829332031
0.78817615328369
0.812996568125316
0.762387096068545
0.783861511824499
0.911061448947102
0.645649642631889
0.8342598002716
0.804730976296026
0.765637269961379
0.72857978254636
0.789127987526463
0.873345635811431
0.793845872022258
0.813175431517084
0.773577117214726
0.768638787856733
0.754992225176128
0.785931729642554
0.850144371314699
0.700823605202702
0.591859062798575
0.961809148992674
0.679543514794342
0.884269580099472
0.861752571787604
0.877167652402321
0.71950874729095
0.843088908880137
0.880913897369988
0.726191114971143
0.803093346344316
0.835804685062607
0.901754687294762
1.014728441037
0.855781737617266
0.650516039972074
0.764675099975101
0.800043108295448
0.897267896987596
0.773816463449538
0.834130563746532
0.856004552273679
0.831272701359723
0.702862941490921
0.902498284894539
0.82999997700103
0.952486260204696
0.90232706774784
0.733931029559656
0.961177487642533
0.840304425423594
0.823282233311641
0.740932803838712
0.825860246627057
0.788534255548573
0.857760976409463
0.952465947277459
0.859923306453209
1.05384139155786
0.870186202846613
0.867015071060975
0.697257695983808
0.955459365306323
0.95457455324814
0.950982881022697
0.850876801539249
0.928233144744894
0.854268744035526
0.829172686409369
0.813146887198015
1.03607108677467
0.95851589060887
0.856040270621095
0.906493261014247
0.860168848427318
0.897166564460325
0.93843653606767
0.93855967237296
1.02323817963791
1.0127096062721
0.890199663798554
0.809591290207423
0.812139697021017
0.903289345815278
1.02800494782755
0.910114899259158
1.02575785507709
1.04558566845626
1.00880291603038
0.877643472823428
0.844515910634776
0.886904346872617
1.01768280339749
0.867994985710486
0.929684352960538
0.969964582013036
0.906899423417165
0.842123571528962
1.07722442542407
0.919204684872963
0.769472690253991
0.872634098304575
0.883741534071023
1.00574858638374
1.02848172824748
1.05105034813867
0.948937506634774
1.07055936292974
1.08226367183125
0.960597497763573
1.03346858120822
0.982933156505033
1.08477367297985
0.97007913615496
1.03627783288053
0.992244481909086
0.939559287757939
0.963832211781415
1.14290586943407
