-0.941256524923752
-0.999694332823145
-1.14319993239354
-1.09643598528155
-1.04922790727101
-1.00287648236523
-0.925820573223594
-0.884022924775518
-1.0550093492591
-0.980719856547575
-0.953080125796786
-1.11270488647553
-0.927289081294785
-0.843338543663315
-0.81189965740514
-1.03115693761551
-1.08189314052811
-0.917403300235431
-1.02760500594208
-0.805525356801782
-0.829999684138035
-0.870643407927785
-0.967102692999434
-0.966345352082898
-0.826610810997622
-1.10251438277354
-0.958357748066648
-1.12919818898078
-0.952269912305723
-1.03828892365399
-0.923527770484005
-0.875208174580125
-0.946482642828882
-0.99561650619242
-0.866743069976428
-0.99912324039674
-0.891033351771104
-1.08586749881546
-0.840383606977719
-0.943098390774011
-0.968702753711919
-1.03980741743821
-0.943723211018974
-0.95442511545641
-0.903933655167684
-0.946490383856474
-0.900967123035818
-0.671131080791889
-0.90052544643668
-0.957051646615927
-1.00279723026768
-0.910461964787405
-0.832257955530405
-0.82478800423393
-0.915647607129773
-0.928012312385434
-0.818346066908755
-0.89170264008803
-0.885563362889987
-0.815494249257309
-0.870423721034174
-1.01977488079827
-0.884282814188727
-0.832042947901542
-0.901213912975082
-0.872867390623021
-0.789671525258957
-0.857761971720013
-0.840275154472718
-0.955543169885946
-0.702092139304501
-0.734081832355464
-1.00836259511417
-0.892599167925267
-0.786827940179572
-0.856404957654539
-0.954519689486739
-0.715824950687514
-0.889126814670218
-0.799983970647093
-0.827099689696598
-0.759904245536737
-0.980967272509077
-0.755134073795767
-1.04037581258862
-0.813753404081055
-1.0126871901486
-0.842931469974443
-0.757123461715698
-0.730519633445136
-0.773682352934266
-0.820234833535608
-0.819167434455357
-0.80603890869042
-0.789223613198899
-0.786221321533953
-0.755393076403193
-0.690737405525846
-0.890944436743091
-0.730037618716394
-0.7611725633874
-0.830299944065385
-0.613174117757417
-0.67840821641644
-0.755532331135854
-0.799390625645305
-0.737137771634087
-0.708986420911831
-0.83006592219275
-0.754063181503076
-0.584668468241456
-0.841725459738548
-0.839796983151717
-0.763123795026765
-0.850611565649476
-0.847230755130054
-0.753978704584655
-0.776080774673548
-0.610501118304281
-0.789895473118069
-0.62678768136289
-0.910382541385646
-0.822078573629759
-0.849242363704681
-0.858266518033668
-0.694192970077292
-0.872245798275923
-0.74566325398145
-0.806672642903342
-0.674427111046595
-0.687772137412718
-0.735538261708768
-0.648969534508219
-0.845712771168193
-0.718520833578897
-0.760616819521078
-0.672104966565675
-0.798351891393518
-0.673008538297633
-0.670896494612198
-0.639911025242352
-0.584502381606098
-0.873718587465524
-0.56547557792202
-0.659947980673677
-0.770156284293292
-0.771477969569416
-0.706674825156766
-0.69088711971701
-0.635035825782416
-0.570367951912457
-0.573053915057447
-0.653583469903799
-0.75978123938403
-0.757517841978572
-0.639062463531591
-0.712867539601701
-0.598425114373784
-0.687077429240933
-0.653441333210325
-0.76325009752736
-0.627502504051298
-0.66725456468649
-0.57614145576125
-0.571493860645133
-0.739322202153458
-0.729180770044068
-0.625620004819409
-0.750728690672729
-0.722138655019197
-0.590298242065166
-0.62949796020191
-0.525860086766961
-0.672904384285236
-0.705975466096782
-0.638253029676657
-0.720470772278015
-0.640199778904541
-0.81778233817847
-0.640384593299776
-0.723275567921056
-0.622829576672591
-0.652369711435355
-0.684443423354979
-0.671826933164681
-0.610649667964299
-0.613741992954883
-0.575506712540087
-0.609354335964687
-0.735483217459113
-0.628410854113259
-0.739549861868338
-0.5015515152192
-0.629029589181622
-0.643787288266123
-0.617593332460742
-0.671704474427598
-0.604479877457052
-0.623922457163533
-0.700065068861006
-0.69107031533204
-0.527856727671521
-0.545988714899869
-0.518154577686026
-0.653844048241784
-0.634989716762947
-0.391381653583602
-0.586597910714873
-0.468555579291667
-0.313304930218709
-0.52493002033345
-0.519545971562952
-0.652432471628818
-0.534059997453437
-0.631757304721558
-0.513954978920582
-0.348692058114527
-0.519971374556155
-0.726916072557051
-0.730647477619568
-0.618737058173206
-0.606004684205038
-0.37966475629775
-0.793225017178844
-0.686266078547903
-0.633644172745991
-0.433381729892117
-0.515675809050064
-0.390029007017433
-0.582755334876325
-0.647469732043863
-0.663999643132663
-0.604879861545956
-0.590824936997321
-0.540343507715051
-0.458367535203898
-0.703404627703102
-0.466684808492253
-0.540913566769273
-0.473898717225432
-0.546385158613062
-0.59147953248143
-0.508188491930329
-0.593882069788532
-0.603085172804372
-0.371447704547909
-0.518707817049421
-0.429054528430359
-0.439876577114994
-0.681200652681617
-0.380546077538872
-0.486609813900854
-0.424980071453732
-0.384128201586465
-0.624185507382079
-0.485440251825055
-0.485441070688532
-0.50479899154761
-0.479065027106567
-0.391891240132563
-0.578534006303979
-0.528109323027301
-0.260049396140562
-0.518606340740589
-0.635072052052898
-0.562711522099314
-0.401260392769438
-0.548899973898439
-0.551244432080161
-0.462311190814107
-0.50228423351895
-0.357232570035673
-0.411509224856245
-0.412948219057191
-0.458294302337092
-0.650017336189342
-0.454991715088057
-0.469733848030845
-0.434026515789532
-0.444688524743559
-0.412852407922813
-0.451327530237947
-0.482489554841868
-0.406142094021592
-0.464710532974703
-0.505054301966548
-0.373813603590532
-0.428856095737458
-0.352377025865152
-0.641131412914339
-0.484084696930077
-0.383882557808171
-0.596892768032365
-0.444947984556281
-0.39897251684962
-0.440409001793207
-0.448926508317696
-0.447245383318273
-0.300580034409056
-0.545508169352294
-0.478403338932789
-0.452809602999645
-0.329448124545322
-0.407477827524062
-0.243013185924426
-0.372824387674762
-0.53425424208948
-0.196083281330325
-0.33132988122233
-0.296977048184238
-0.334073535324722
-0.338751922661488
-0.414071897087118
-0.217715914534504
-0.41252183979105
-0.35325019069769
-0.333574884469709
-0.17386889795034
-0.466354143807907
-0.412707107975088
-0.299416550229235
-0.368144181750302
-0.316602086133139
-0.439308722147052
-0.432569389046528
-0.421087764824057
-0.193153509595935
-0.285030489050904
-0.382157481770381
-0.483095842396487
-0.185526374792471
-0.220197599581681
-0.281148531518444
-0.295798645877728
-0.317004269338263
-0.358383562647379
-0.295816055217812
-0.260246897355726
-0.299255319357707
-0.22829499273336
-0.300288091162098
-0.262747915075563
-0.347177959187047
-0.214953987752326
-0.340053421410551
-0.372917311519657
-0.293110289493247
-0.366891212526692
-0.266647488750383
-0.421122477254373
-0.208999686923621
-0.3137595642702
-0.306565187340164
-0.163110999899071
-0.414302553948458
-0.287588334368992
-0.255811678800388
-0.31768648006452
-0.255276883385337
-0.282528205262065
-0.256499259153221
-0.336353696575523
-0.289528077690714
-0.127116677407662
-0.181916245631111
-0.27116316619762
-0.3015121321202
-0.230749745296318
-0.199497330390791
-0.292052593688454
-0.224693263881248
-0.27658408427057
-0.150007142879961
-0.134403886618181
-0.287536518036491
-0.264013574951048
-0.173438982792491
-0.33667045817046
-0.165674716305034
-0.219664701442565
-0.232124363537629
-0.312351218909991
-0.169075761360686
-0.203911978755365
-0.18637701988604
-0.278421591027126
-0.28404024153576
-0.231651226998693
-0.287229579685602
-0.184176078249722
-0.272010086209906
-0.143484895525951
-0.235418778616845
-0.256623402027455
-0.268475616313096
-0.228740636467654
-0.0611258584746582
-0.299557379094696
-0.236558997377116
-0.0122689549069562
-0.157463713701225
-0.30367559649894
-0.0721875450503122
-0.160348706472118
-0.275770751990055
-0.269605409855143
0.00519098120432908
-0.317846398544992
-0.212178756578777
-0.0919589737303421
-0.186451214261352
-0.107081462172386
-0.178131621711554
-0.1922919948218
-0.129799317193472
-0.121477187887167
0.100823218822753
-0.050516937703049
-0.0786344425295655
-0.176391688000192
-0.13942857703698
-0.138751984878497
-0.154778681976114
-0.131475327937722
-0.134456834423597
-0.195421477694955
0.00750511300759846
-0.0485274917009898
-0.0517460706569193
-0.176071240778818
-0.26534825862362
-0.185057975246953
-0.11141917738865
-0.0786374204661692
-0.125894112108103
-0.114878465294888
0.0367467146590926
-0.0679189672403553
-0.12539793167624
-0.135716671973653
-0.0959950131929004
-0.219049212232762
-0.235074567673238
-0.207559984022036
-0.176819363192054
-0.201880460061312
-0.156971303511009
-0.270189645434426
-0.189893170938498
-0.12524704859177
0.0557642237624959
-0.0466312207403103
-0.0169635658820781
-0.143314080192254
-0.0407723824039916
-0.136011423454417
-0.0103142524946878
-0.119010982504497
-0.121559872300033
-0.172177690502031
-0.071057636195648
-0.0257744366648319
-0.0800367615804864
-0.0728621332320833
-0.148009511884332
-0.190688227077224
-0.133425329723404
-0.00499044026583737
-0.0359354044846306
0.0258530419516443
-0.100659085419583
-0.123794186483765
-0.013000833821243
-0.000419872474735207
-0.311988858502846
-0.141557918923678
-0.23747998603557
0.0313553615049121
-0.0693436232691371
-0.041282383717223
-0.00476381360318078
-0.0822250485853739
0.0423412087316244
0.0211546238817941
-0.0463828057580013
-0.00372717349019647
-0.183658781496017
-0.0313456858047046
-0.0940138630829172
-0.189197607672254
-0.00866853523378623
0.103782544080159
-0.0116670116911639
-0.143411694351079
0.0724975936253999
-0.1422771907534
-0.177517038531936
0.0224808418406386
0.0298055214730994
0.0246584052745709
-0.0307412797659971
-0.0131662736970612
0.0287259139304929
-0.0340797217457028
-0.0530450570748493
0.222944848393604
-0.161053148746817
-0.0351758167262225
-0.0346873104124621
0.0590989471998964
0.0439433893198673
-0.0443903555616486
0.0385752082329464
-0.130364447761756
-0.0303786654172791
-0.015229058373554
0.0471106957539388
-0.0116128012107838
-0.00453420453521578
0.197728440724251
-0.0953781058990945
-0.0172177058116378
0.0165581595800855
-0.0672143569057842
-0.00220774190958862
-0.0277049126506388
0.183493076638505
0.0817880485985469
0.0784227266763606
0.208361304535938
0.0298856196855284
0.0135363377935262
0.146269372525325
0.1436171903162
0.119984253856216
0.21762639392768
0.120395920999978
0.0477382614957415
0.192043078837492
0.108044241978601
-0.0603963472106756
0.134661299056072
0.0874334709368398
0.053384302011809
0.0110304536906933
0.113283694172495
0.0997632334541623
0.127664133761744
0.00525343933833478
0.0814788347876464
-0.00337613291479131
0.194809218465896
0.104573509869788
0.129327620968099
0.174267516311831
0.0512125133296549
0.123724289962889
0.150689417579566
0.116811689039827
0.204394373251326
-0.0197293089253112
0.0103595660156299
0.0710983627142235
0.0574458111987228
0.360806782808478
0.247858048384694
0.240822316332193
0.0468949374399944
0.201382685702643
0.0171780832904649
0.133647071932675
0.256639013479042
-0.0224204689806689
-0.00422288447882392
0.0950752654689488
0.180930964557437
0.153174871002107
0.13907832937247
0.178872659874099
0.250810718633562
0.178740509023521
0.213489201208174
0.0767325249312118
0.179056349643904
0.0866357073394849
-0.00276895440159113
0.132488617481801
0.0799252882626488
0.158731456806601
0.268977951835197
0.223329492091636
0.196733879711244
0.272449255555463
0.173964787846443
0.18704837142372
0.208529545517584
0.207957181761069
0.202744279746244
0.167415168972104
0.107468372581415
0.215737798110773
0.225600036393878
0.212513048277952
0.36191007911284
0.227048973187407
0.0245877210230537
0.238259867987791
0.196672676378062
0.364593668884612
0.159606705260994
0.230922607179221
0.262086825171659
0.157043758500052
0.367703940234402
0.279081281646298
0.230558596165142
0.270357890227557
0.142348834325075
0.297315296920989
0.437959462645979
0.357872190424466
0.175157023279523
0.280175327868323
0.236719907082651
0.315107003859468
0.279337543539662
0.393287015603944
0.170783661254748
0.32382328984495
0.339095732254483
0.220897235201574
0.198781839223963
0.261539298965362
0.336316690467177
0.24555101174565
0.398184839773665
0.296493524803968
0.45946194596011
0.253093208154036
0.268456107753378
0.30460420565888
0.270196610609611
0.214862725657729
0.248579497186669
0.219668933614821
0.3769398067969
0.412713261582295
0.3537533278852
0.249309169639903
0.444442279125654
0.524375274012025
0.421641792810585
0.370108060331711
0.36067957521311
0.0864437359097438
0.345968224144427
0.390458485866949
0.167916470672393
0.44700767440221
0.337297780565854
0.359881560079093
0.379097757306059
0.31857287728477
0.4324348487685
0.285618642552905
0.355957534308369
0.311716689164345
0.297690037225407
0.376192964338707
0.318575124792202
0.388055611592653
0.374511958496748
0.253656575684087
0.444007050849547
0.343021274139657
0.267714303297097
0.318839128894851
0.356178854815677
0.382825292407755
0.478680486965963
0.315656310308625
0.364922226856314
0.383853744415453
0.499205141594925
0.438738261354554
0.371647216798288
0.38053087228849
0.431400203641369
0.353095835063143
0.390092648074033
0.483492212785388
0.294091188559257
0.482711086505304
0.400282385676486
0.394757137322522
0.348635238276848
0.373678512484824
0.486433856038459
0.423004314184222
0.502151248772022
0.331119904175461
0.276004455090256
0.37310609332069
0.617545999491878
0.385366927101287
0.551828729281866
0.347113422983968
0.271491755823343
0.343677990352123
0.442280990727298
0.400668638903187
0.382047062387482
0.353886773578657
0.456492959106777
0.438584400658644
0.649895877898233
0.46827316697301
0.497406124410058
0.465658492070945
0.385207771644945
0.481298355596436
0.442221885236319
0.376883226610796
0.547093976458858
0.620553566428378
0.255237344176355
0.512630159148626
0.436635022966173
0.609592885385631
0.2975823282763
0.41670510514009
0.518378781653773
0.436875685039499
0.504610515551193
0.507659953093516
0.381437344926977
0.573954623218689
0.544808339237457
0.542118358910417
0.27506677688862
0.42030310885696
0.423603239938459
0.341828856097079
0.562397350263586
0.419332236296689
0.486323065185669
0.542984377108732
0.422787593785177
0.371497259982972
0.583224137101433
0.443956360168239
0.406936418737133
0.542829660936088
0.473910791751969
0.476831301508784
0.33132045604024
0.476296780547171
0.561926072169396
0.490019299386882
0.548778819540356
0.544679940166989
0.474786662106544
0.443944425290642
0.590016229804253
0.445150142338062
0.532487786390642
0.546373023366289
0.55286057303633
0.490038697014666
0.482901415807075
0.475949845305087
0.39928628484198
0.542002414883176
0.545373978788822
0.649632959411914
0.649724100720552
0.585228383114867
0.35374935711918
0.567230751623483
0.49077232945642
0.613444796609443
0.504616609813648
0.481230124066246
0.58956324370662
0.579067673406909
0.458011149770872
0.565843980392083
0.532318212641317
0.625410531253059
0.535300534500269
0.469079319473642
0.732682290027615
0.612972158661117
0.611690704437744
0.568508615683458
0.62456269490302
0.533303337588485
0.598056279291266
0.435903455315902
0.667848781489736
0.559588940709966
0.551433459696025
0.648728112054791
0.771642170183706
0.625585167803395
0.704077940497331
0.561653961527289
0.580054160397726
0.690441089212579
0.650247775061577
0.768985991549248
0.715315433852547
0.591981524278355
0.651964484759256
0.68500804442649
0.520998257092941
0.667330669754279
0.546069722927724
0.616363867580333
0.546819737013673
0.52922971926367
0.617139024543418
0.520160764663547
0.634110866610518
0.784239932192164
0.559490072350337
0.722281073784216
0.754018499497219
0.680564402318
0.661881575850449
0.618260059530114
0.613496640095388
0.654843435709421
0.803091170474978
0.647811463431012
0.563022481503102
0.686786267100615
0.592866064679895
0.521519115705673
0.629545822766087
0.605753852656775
0.764063787996364
0.691266342579022
0.608905105341922
0.547394042281023
0.621057372866253
0.706281144204259
0.67333426071565
0.757097090814924
0.690250687725004
0.730604195065539
0.854655887761916
0.833599312176787
0.569481508404293
0.795733768030679
0.710368857379356
0.794415567502664
0.648902037074762
0.714180357705204
0.781999083062599
0.741235165436616
0.762148185198385
0.740571152425546
0.681449243928048
0.698764038104577
0.773633987288932
0.702096216625712
0.704909163459114
0.745699590591109
0.643398357297549
0.705369633360827
0.756257717275948
0.685815526240492
0.697458081225543
0.669863759390754
0.86957791333857
0.700215365631154
0.647732371339084
0.725679943992392
0.611261056014922
0.668166920281377
0.754976635844103
0.710538695653482
0.779282696972261
0.62467958490582
0.640483560774478
0.629836601156923
0.790240313658011
0.726116992091869
0.872950046284261
0.774689251819295
0.764415610574015
0.887886831361654
0.686149311405601
0.75498306057588
0.788599332891383
0.801629354319459
0.789063874651403
0.881390703365589
0.761862300984478
0.82800135285764
0.750354875067497
0.794901304930024
1.00599913740206
0.905461872869102
0.859913453208418
0.824940154874543
0.925521852517897
0.757257851601994
0.796225462605595
0.796064056604479
0.81239941023964
0.935815807649636
0.765176373115016
0.807463872832467
0.8339803461552
1.00607620364703
0.630637480728372
0.822598806086164
0.77605645097837
0.868341699437878
0.831077889548344
0.811241176188106
0.794783224342119
0.910401602786939
0.639998029234157
0.922441910745315
0.861884020049503
0.672586852490493
0.911000340979291
0.936906112938289
0.942900880641795
0.860073440790715
0.95728700577769
0.775068284535165
0.806577946859073
0.877420333404848
0.974159141289618
0.917556357813161
0.868350133442359
1.00320402527148
0.813750221753051
0.77690320023908
0.970767245104898
0.95551730115031
0.827990176680668
0.832480186924675
0.88752981302655
0.950010234986516
0.950094417062283
0.978075581598837
1.01026314604729
1.01383624717836
0.936161030468635
0.823622729315858
0.911298528432857
0.969108278866959
1.07354190472893
0.923013898369136
0.935508565449403
0.984174048885082
0.953979395320994
1.00081964373813
1.08562761715669
0.916178552006796
0.897209576089702
0.829792566479236
1.00589059106652
0.95288749029886
0.950499768305194
0.88690733062604
1.08106444615262
0.974759354996891
0.958330667853603
0.918444315343283
0.94348374563651
0.870988492152685
0.936504593874627
1.05890002332948
1.03704278325567
0.850223312029388
1.07442883683491
0.980540049878827
0.817104786995453
0.928048598833111
0.919036927536019
1.12142871510621
0.948044442905498
1.1034265247977
1.02770714183488
0.909148486321757
0.795133095352065
0.981619146269227
1.11999000391297
1.11029421171399
1.07191864527958
0.939421470658785
1.09043774508163
1.03733090354954
0.995042478450127
