-1.13136294643245
-1.02635430304562
-1.04294280251624
-1.0243499136303
-0.934444250621986
-1.0182880390861
-0.88796529624115
-0.95226682040018
-1.09558916765869
-1.07483702955492
-1.02755213836031
-0.954365636456002
-0.917243533370791
-1.04717445105056
-0.899378454547611
-0.972542094007352
-0.90952383031474
-0.995896020348544
-1.01209490692027
-0.903987664095947
-1.08656243186857
-0.986826699640728
-0.887297185150807
-0.855592360922665
-1.01626882893417
-0.911775592754105
-0.901860590869283
-1.03160216564147
-0.970393438129528
-0.941596349197946
-1.05072698495127
-0.871097460403175
-0.904138476364251
-0.794713363363367
-0.837432370284905
-0.863313588340901
-0.80561524643473
-0.914028769394564
-0.88147762213414
-0.952581810352761
-0.892629101069496
-1.06201834662048
-1.06921957447147
-0.968817923113508
-0.839329574541594
-0.92320133872414
-1.0104022019023
-0.842457225083878
-0.790360890552443
-0.901872416379722
-0.868844457781712
-0.884380856369938
-0.81474000523711
-0.839764726324942
-0.866035864316595
-0.846205122024925
-0.908809341377342
-0.829324579914946
-0.970194692667776
-0.958767621813369
-0.862151171475646
-0.877788197281549
-0.899158881258735
-0.862456227635074
-0.894692721457621
-0.93913550365656
-0.907445593501075
-0.830296858556979
-0.897922257436779
-1.03621479693822
-0.962866663807968
-0.873960181193086
-0.960830958942479
-0.799863772376399
-0.849048604357852
-0.866708280334182
-0.898643126719507
-0.909825133649122
-0.894404590728255
-0.651668725824818
-0.88572776805441
-0.830426981158841
-0.826916149337292
-0.84212461560313
-0.906753185034082
-0.834724493406419
-0.793715818545736
-0.865782092789874
-0.800765013324917
-0.927817685061043
-0.8055768262856
-0.748862938145816
-0.876461616732787
-0.835109289617472
-0.769116011314592
-0.868644173027163
-0.841667860790793
-0.723496424450587
-0.78112016821769
-0.675868842394772
-0.85004131955404
-0.774128295060064
-0.749698567128442
-0.684376475007509
-0.729955130998488
-0.894878022252914
-0.633577045031244
-0.70477814689757
-0.745964977068599
-0.790816511153743
-0.854040052004254
-0.867793979985769
-0.779952864907149
-0.822327452230552
-0.852080423404349
-0.836318228895244
-0.889917203629799
-0.584098400254633
-0.793897350603319
-0.747727605270303
-0.759230891974514
-0.864084079510799
-0.821757251839947
-0.57404489950677
-0.463151262997374
-0.669403667189228
-0.697833196588541
-0.743483091384846
-0.744217724672899
-0.844617112758771
-0.760004743241578
-0.71925972669844
-0.752306746287135
-0.708332896074128
-0.659443621155784
-0.793217100106385
-0.805586901171827
-0.808309471641147
-0.567007570496883
-0.692307132064984
-0.648926371086734
-0.725010862193341
-0.69249460935581
-0.671546260144651
-0.64074884836723
-0.739331286040332
-0.806383963845678
-0.774018627714873
-0.629680355516675
-0.570898119338811
-0.554295961214622
-0.665724823999701
-0.671118783565433
-0.625232138090993
-0.736814628467629
-0.681410135886505
-0.843329346034847
-0.768442231976684
-0.571722720868291
-0.671867436645287
-0.714507714030281
-0.674648358553571
-0.788143705429881
-0.808230993353193
-0.69126630334801
-0.796898969368476
-0.602238201645166
-0.553826124423244
-0.671540410614836
-0.524901028625751
-0.635679147148396
-0.647045592780546
-0.644636282699661
-0.599199170325902
-0.629935628107249
-0.656925864886331
-0.533881772013045
-0.595951464095348
-0.559619190578526
-0.737202882824338
-0.690864022114423
-0.68912198933153
-0.637528530066475
-0.632359985953927
-0.587160681437394
-0.595807791664437
-0.640042381869776
-0.65163950191316
-0.571394649472191
-0.68764514731634
-0.611707495974435
-0.601993237339687
-0.622752638704535
-0.473226370640199
-0.587381959916885
-0.629140307132735
-0.61341019930218
-0.649633265639152
-0.665265465876452
-0.546551853449789
-0.551531962294402
-0.578804456616877
-0.676518913495969
-0.600237231391541
-0.502551489913771
-0.641949084146367
-0.55682470002527
-0.54675354335964
-0.434312745410106
-0.562578436751296
-0.60786783495959
-0.526909549566862
-0.44471451452848
-0.498203176515105
-0.568400005030103
-0.509450800536821
-0.360848344361643
-0.536062818432879
-0.563197721215134
-0.506748558682198
-0.575753230624506
-0.518130411124273
-0.701140089942511
-0.543166600789229
-0.567802010705481
-0.418736924402234
-0.460465782635482
-0.673362223635967
-0.444448863405949
-0.564087969438333
-0.542455597979984
-0.595948212917772
-0.435564105213172
-0.572475002933372
-0.558346400814085
-0.528848287387481
-0.354120861609956
-0.410600627962925
-0.515674646553581
-0.5215638952027
-0.490609244959097
-0.521858043760385
-0.674596370850533
-0.580984337593118
-0.441819193457482
-0.679468547426585
-0.307102111499363
-0.590464647766565
-0.499984704047735
-0.526782139781544
-0.367868695435096
-0.640368333101709
-0.318767362175323
-0.707090162236234
-0.616600669030214
-0.450629092055722
-0.482241204668556
-0.519617871474268
-0.477260898398165
-0.509491310196294
-0.405040970474566
-0.513220867847647
-0.489147172090097
-0.274147755086476
-0.51692376980447
-0.634180480875599
-0.452961764606932
-0.422956766703494
-0.494146349071368
-0.48916199913657
-0.302306055919792
-0.367827456867189
-0.540062522941672
-0.571725556415547
-0.372558996441532
-0.348545726291817
-0.361717974432201
-0.424895234241364
-0.591674209559713
-0.509141005819923
-0.54942786611529
-0.294947349220117
-0.560981914938878
-0.378481226975376
-0.350291858682631
-0.331665040930191
-0.333699687147036
-0.64662694690992
-0.368246470945863
-0.528296386694865
-0.651351243128153
-0.322716198389791
-0.55872868692021
-0.457447753634728
-0.430554268525155
-0.412014582897684
-0.405936031428381
-0.461508876342075
-0.425536581180741
-0.315375020546622
-0.313831954913087
-0.526585406817548
-0.419187882293649
-0.495831024992555
-0.486612447159988
-0.394872935163006
-0.365949207270709
-0.308866396669389
-0.447742299348485
-0.31004114442401
-0.453316989626168
-0.409210346091424
-0.362481615074587
-0.449055144739613
-0.313954468627444
-0.457839336174076
-0.223472471273584
-0.243522216273393
-0.308516078284357
-0.467988040812888
-0.333029870586353
-0.445270800158791
-0.412474649110194
-0.357965309696755
-0.471645343740236
-0.30403684970093
-0.220483771634572
-0.323204514922177
-0.407570808583116
-0.321842038301308
-0.370850305588547
-0.342342652190018
-0.306726783099618
-0.145889701590911
-0.420474452032398
-0.282194420979416
-0.328895432670532
-0.399014181324184
-0.51545994198781
-0.347360642287236
-0.419119753841873
-0.189911142760379
-0.314405726971777
-0.348637801943302
-0.212009131492387
-0.150389767717372
-0.355990535765552
-0.158904674164039
-0.364809368642757
-0.29684073721011
-0.279977494611779
-0.386845791957596
-0.0931027005860365
-0.208823211371152
-0.340481071421254
-0.317225585249001
-0.326782435733243
-0.351363900445018
-0.306432538495183
-0.32187223209393
-0.268216079753386
-0.435448448994689
-0.00576851409966113
-0.427288802011353
-0.19402254886944
-0.308445878078181
-0.301532618655235
-0.115688699506667
-0.372852661469655
-0.310101619001534
-0.293847494198535
-0.112106157907121
-0.198878824775647
-0.157012957164364
-0.192846176770868
-0.187825956110794
-0.204460768435195
-0.235270152433956
-0.255893046287447
-0.44869585830616
-0.226344642200837
-0.286023047768178
-0.200340435441141
-0.0774488273569362
-0.340896187906197
-0.185495284016785
-0.334257011416709
-0.243147544552101
-0.276858460688123
-0.293475266182281
-0.274157004968042
-0.0859134789114367
-0.0818005893132431
-0.175333107324762
-0.280897753244604
-0.181728459154097
-0.26778316058646
-0.314282520596706
-0.182529813443392
-0.251914785430094
-0.17923207398795
-0.279424062164808
-0.13147383683903
-0.363382269339712
-0.175210750793335
-0.214044367213002
-0.271225928084496
-0.161888488272037
-0.211826920643891
-0.143510789475404
-0.178072038424763
-0.0893926540777013
-0.0340308892788425
-0.172564666462057
-0.145101987700719
-0.0219407239727972
-0.219963672559924
-0.229556523999536
-0.194359624890363
-0.197494047427104
-0.0749869888488948
-0.249666621743211
-0.137390366147262
-0.0657788228641426
-0.251608756442625
-0.181901079290032
-0.0664429349723668
-0.0541442080128495
-0.150891606909943
-0.1474220594654
-0.13494916135283
-0.159716181725958
-0.266787696465938
-0.100847152520328
-0.0988547498387262
-0.16617275659622
-0.241253304038654
0.0221011424131867
-0.191758605289578
-0.160129080500789
-0.094538038768268
-0.0813811095393067
-0.0244976190766451
-0.0222434339639721
-0.155495403005369
-0.177445532370008
0.178304985042074
-0.00339529245887383
-0.0596448988538906
-0.279496696376188
-0.19881001996133
-0.227668062453107
-0.137766831695091
-0.15804190832055
-0.0815250308848413
-0.158929512614973
-0.0297123164156226
-0.0766233354037582
-0.11816686463948
-0.10762149595158
-0.047641532777066
-0.0103993124205522
-0.120793762125422
-0.154482996128418
-0.152217311825613
-0.0180329760890693
-0.0230148471251235
-0.0956211798889398
0.00474284010211386
-0.124499456870856
-0.0227329919518036
-0.069108867275784
-0.141090834706477
0.0588615144687043
-0.0536805087138248
-0.115066396957719
-0.0536563377287388
-0.0200412235997633
0.0569793601812574
-0.12449017947996
0.0681885779794604
0.132378068015252
-0.0857141967454126
0.0870980570614749
-0.0800145202517032
-0.00893271076723793
-0.0728737675963511
0.00690949284966514
-0.0525135260469082
-0.158728506771659
0.00145018318246774
-0.0689724271347416
-0.0290951090807538
-0.0221298638229558
0.0933219726877342
0.0848201970886972
0.0221913866154265
-0.100819034375982
-0.0261419366195521
-0.105938657943534
0.0103274714403168
0.119324964016755
-0.0246988780207511
-0.00741635240978274
-0.130389972114044
0.22154644132408
-0.091574060120701
-0.172120425457466
0.10035479669755
0.00379500429936646
0.0483757707419505
0.102310715605105
0.0230998466193003
-0.000208355208971386
0.0314977701798969
0.0484947659946051
0.115190258841411
0.114852612975078
0.0867398436093195
0.0204937148370318
0.0683615434410249
0.0900439403556125
-0.10816327028556
0.207653738439116
0.0408104325619755
0.0256625672235282
0.145842263048419
0.089287876599999
0.0312878387838064
0.0112150061097357
0.111398918265614
0.113199237199207
0.11088603455395
0.0871347232211123
0.188351712890384
0.015746717166535
0.0488651195302229
0.0210600956436277
0.107888922266744
0.144365483307723
0.108498275457512
0.237464801849867
0.10678043701801
0.0260006706781552
0.070545651429537
0.170590552549588
0.0720450552038396
0.0542328831025822
0.0269343685144189
0.0429558468249485
0.120343998147298
-0.0254250770755153
0.0936810934596066
-0.00974314823883437
0.20831613670011
-0.0526842314094534
0.142845381636933
0.152834015809183
0.112548971923322
0.274591548602081
0.286884220602709
0.231718595909422
0.147768506419886
0.134862687715726
0.0516359040562109
0.19319076201339
0.0646300344011863
0.0301276814214918
0.186586166349404
0.0417881934674345
0.177893350283788
0.122811708619782
0.0616879845067934
0.140006568673013
0.173494108124354
0.0730008343053943
0.259965960639355
0.255640481374818
0.151197108583786
0.107510140333451
0.0824364942607932
0.101847640475413
0.213841556524103
0.201558406409968
0.146078790409109
0.256065213150976
0.0618080706258997
0.333630844826654
0.23537681411779
0.163437080804685
0.189572165924993
0.117264534415643
0.183771795183396
0.279386367075505
0.0608033234641687
0.256790510898735
0.202356677776951
0.0387018500017938
0.169935709377201
0.130870128501756
0.222291284294317
0.148938772832921
0.272124891112741
0.260970467521205
0.129409599902337
0.388346673939555
0.295454135839109
0.0811498377664019
0.163313977745045
0.12768231530139
0.229578247666082
0.278999423855145
0.23661522996567
0.325333997198194
0.291167524671556
0.255218903148201
0.252040690249332
0.322775360114718
0.268752097703017
0.134515509003942
0.181811002897322
0.26026760893016
0.213897758267898
0.302671984705483
0.282986540641149
0.326170346940538
0.262773938382316
0.278145917237264
0.260126968577603
0.31403839594994
0.294250305222218
0.299319411896383
0.277298081604562
0.300610308754049
0.30038982277215
0.235532991629016
0.313549184285667
0.345987541868285
0.259132422290596
0.196273051599858
0.279030952858882
0.328776077185421
0.39086615803829
0.442032985658842
0.286563652841604
0.24177165648131
0.308074268990553
0.389873896131422
0.30362075395307
0.155276799823331
0.34816535699958
0.187329909903329
0.281615505204331
0.265722604703178
0.254595437315122
0.380429134085517
0.38560961370725
0.443469636287
0.193290538866365
0.322030723478576
0.290444439502169
0.313152208469425
0.261247844807516
0.279176854624151
0.228517196378306
0.411842972070752
0.41934009721748
0.209022859852461
0.331453786540402
0.229093598877665
0.251022330459497
0.184178360548153
0.275256187389001
0.400712395257571
0.383985955917991
0.352519862240423
0.302887945451622
0.25127260440889
0.467874589523438
0.418555265678212
0.564142378035683
0.51797376066506
0.294636306387559
0.397709389600894
0.477587524392347
0.343568505629891
0.416030841479704
0.515233589656342
0.295431029051177
0.337274826709439
0.444569153350645
0.376952500592636
0.334202675666827
0.513829732018898
0.374303866213742
0.291352240741048
0.240327469604833
0.459429397524659
0.305811217729151
0.297527111920471
0.376130085548541
0.322955649627293
0.441044237442146
0.417905029449167
0.339960755688332
0.411493472508571
0.264600035683767
0.390851687423046
0.338613703795636
0.530371801303755
0.446354475926827
0.479647717610137
0.402220321189051
0.39397886051083
0.273035249729753
0.417653498739507
0.53978709119314
0.411480649946441
0.364689576319759
0.463622285201599
0.481975064678344
0.466220446492615
0.359505213761607
0.476604346976953
0.503853997562336
0.48853968628998
0.28117329611876
0.448742834030393
0.443187819823341
0.577207536980188
0.552972346016289
0.417772383282069
0.399832094056589
0.480646534927196
0.4399664137715
0.487350488343758
0.385532750539234
0.449324309445691
0.485549544271659
0.607439870730573
0.541776969008288
0.601151746602395
0.409432000326983
0.554824355046008
0.530713277489903
0.556820929888629
0.483241922039117
0.619330803109265
0.569948522679341
0.522361752919281
0.364805929991788
0.334744132608541
0.486778273951139
0.409285736137415
0.5785452527673
0.458105652390627
0.593731400545899
0.498905724460761
0.479224239109029
0.685022699241663
0.644816269925941
0.647493958400755
0.486145801013498
0.523609886038404
0.432674941248982
0.578371926348574
0.52789895781859
0.521313996167324
0.615783440395526
0.567618044617449
0.544082985710093
0.490362309322429
0.661019904974426
0.613615431219862
0.524429271977154
0.513486456504542
0.647015614654976
0.599631498897857
0.633503609194152
0.349527892114839
0.518845819839239
0.704449154424272
0.551637537514957
0.672888010303588
0.584353672237015
0.645413151846575
0.603975286576326
0.700614741066162
0.598661777021746
0.635959599616305
0.705813486816675
0.543160395925209
0.539432153847656
0.577611392178238
0.492935819072473
0.51880789031712
0.528437795241411
0.627245535587494
0.637949122916361
0.495154740967711
0.619151217146348
0.503919302029781
0.681755767378678
0.654692520139071
0.525721286260539
0.584287753318975
0.497703636741965
0.51229701914173
0.642589624251018
0.657148973721523
0.586558600196208
0.652002325170725
0.53876425362381
0.69106095612126
0.798407137184157
0.410286137745687
0.512401965685953
0.541507487015794
0.643251205594767
0.612131300200173
0.561601231249117
0.58818625455467
0.625060956067389
0.646971802613716
0.673094658212309
0.760921705142749
0.596034587793121
0.755139184147011
0.506412982120681
0.609593237926928
0.729536538001319
0.710315452031399
0.625264962753555
0.566538717173403
0.736836290619306
0.818127198766983
0.580811273154665
0.82746452543781
0.751787422573495
0.620249837946759
0.680156703601402
0.841895563069516
0.758862157376946
0.622048981515248
0.640502540197225
0.661265031480437
0.661004729435215
0.653033123659326
0.590233594532321
0.726056853107537
0.516693768698197
0.780177388423223
0.818714188236885
0.666303135026912
0.596016107094105
0.652682394294462
0.697712200692963
0.653399782371704
0.650005102606103
0.634222598490801
0.67605294067033
0.591768330580312
0.776924340402413
0.704846954043914
0.651195909959864
0.699756288060296
0.596778450922514
0.550602674530023
0.712605512807484
0.825269454910696
0.780758751636683
0.757134028099304
0.634088517598977
0.790083543989056
0.51630320256675
0.872901780699266
0.755045440555366
0.781829850840983
0.639376909759431
0.63287515947612
0.631076504754905
0.868596391772119
0.669165141819395
0.870056792394819
0.793650087208946
0.729022822664318
0.776886478500011
0.665538645301667
0.761531932665198
0.780231978255307
0.70252430805465
0.700016107537651
0.816314708631151
0.765672152630747
0.737786227672724
0.789767018784824
0.817715229207462
0.816108637778158
0.906672111557722
0.812601934043565
0.853066027300802
0.848397701256798
0.844945890621752
0.802689581491997
0.741305553043017
0.611936335974126
0.908554486266324
0.873792269345523
0.922250369303553
1.06284439302183
0.904815841827349
0.843657503348735
0.793810487185948
0.837413721921214
0.928796451506964
0.756681366751151
0.774581617946798
0.872847312265077
0.977943098832486
0.832775860186524
0.82709532092095
0.752608186110195
0.837181826793859
0.881614562192436
0.872296184737627
0.883988602397486
0.723444566275904
0.743638823378316
0.87756375054143
0.902525873573266
0.952211573602799
0.809557976415647
0.948662037262822
0.878966797177424
0.916957017091193
0.815420864185546
0.984578375599372
0.832105729328081
1.04178344636732
0.753747970340934
0.801731173451752
1.05830041823325
0.841085975398884
0.9944341905609
0.912028588162993
0.841785008479153
0.773214100210277
0.975502418298892
1.06182770096967
0.775680444312205
0.940876605737239
0.885150330839231
0.836608844193958
0.989405042548576
0.999299416597969
0.92428491144334
0.868192466616799
0.880640707573685
0.973963895839155
0.858000840427753
0.841482175384056
0.931945999800856
0.94603457884241
0.84493921357345
0.946280304616278
1.02118452210116
0.946528998120156
1.03066249751569
0.88207672050765
0.848533699939311
0.84629655696481
1.02210940214248
0.986649836870895
0.819619835184749
0.960033256732855
0.916283678020443
0.913270597192884
0.927246289511623
0.917346614429549
0.929117855181025
1.09290503730263
1.07046861088981
0.885188036392159
0.982303155581999
1.03829144105567
0.913325357384286
1.08957309408229
1.01597760435497
1.07331891046876
0.984254898285782
1.07148636859924
1.0361966907792
0.901753087385055
0.940611795993199
1.02619990265813
1.01562510981055
0.963557247156794
1.06135421185902
0.950325551470449
0.901648930589671
