-1.01535531734273
-0.903703135804214
-0.959517376457268
-0.931727028769315
-1.01551136238922
-1.0944063760451
-0.957672813589384
-0.814001242486396
-0.928408926112279
-0.946809453540679
-0.988924886088829
-1.03996982713931
-0.991175769596197
-1.05063440476313
-1.05243656156581
-0.988458176855415
-0.998334013274734
-1.17371205947436
-1.00467294889048
-0.995082422215579
-0.960462427259873
-0.942930678769587
-0.855491916370779
-0.948827566749194
-0.838531555098925
-0.953837965791424
-0.909874676441165
-1.06118670943051
-0.975595481057834
-0.751909486274415
-0.887660169738282
-0.866819035619704
-1.16193239023749
-0.876952775023991
-1.08780376073923
-1.0414057729397
-0.839307152271882
-1.06956910355082
-0.94369032909749
-0.80617729637305
-0.966675070496502
-0.874375909616796
-0.689789110591838
-0.726909718756254
-1.03903577078384
-0.850457811606668
-0.984251521908336
-0.983205841485988
-1.05925421800689
-0.788371167999098
-1.13177800470777
-0.978996164802526
-0.949010743359185
-0.711844025914725
-0.941081542375036
-0.787606695795843
-1.02351739946685
-1.01302241932579
-0.764816474465978
-0.920519449390335
-0.799285780361824
-0.974288158386779
-0.845214765530116
-0.831888063780327
-0.848749457189206
-0.822227755056817
-0.809411550094635
-0.930156412784507
-0.837152967534322
-0.818911395550572
-0.907559955082841
-0.812916057557171
-0.962119915203658
-0.687178722183055
-0.748637056036352
-0.711346060486356
-0.851830411217575
-0.745063115552317
-0.849630885976304
-0.811526882355838
-0.847304112332102
-0.77111762141533
-0.905524401491605
-0.761681272298646
-0.759367702291902
-0.687451357025654
-0.738738302025156
-1.01109059598631
-0.847540906736136
-1.0258084493388
-0.824351650171459
-0.792833413401246
-0.916156124866802
-0.771613901232538
-0.805802155328945
-0.685790582921974
-0.775979044478536
-0.896887568553239
-0.710384605013621
-0.810537952549051
-0.787179081518011
-0.8414870006485
-0.843782638089752
-0.806102874945876
-0.805534878976224
-0.837073075906773
-0.786236930858498
-0.981974306563977
-0.745207182340891
-0.758726644853752
-0.773331171834806
-0.832437724358673
-0.698932037106498
-0.823804879018897
-0.766090370488875
-0.649314099618795
-0.796930777519829
-0.632851774854342
-0.77301399321592
-0.661378275896442
-0.770222996387487
-0.841308636454095
-0.738043041491866
-0.851460154848353
-0.659959859266876
-0.636089988774852
-0.814952930907849
-0.77028776218857
-0.833037049266059
-0.671778223906092
-0.565067353756208
-0.746977965383595
-0.664129297403365
-0.886675593320355
-0.488186369072407
-0.760854742011253
-0.763800649902996
-0.799418579997301
-0.661356507600198
-0.650387000515289
-0.557192482289734
-0.576393801893839
-0.673710696062049
-0.661246079186445
-0.812026707716146
-0.809894154001217
-0.741305256053859
-0.700902462927684
-0.675585153562312
-0.841794304254993
-0.694600133187095
-0.725163504193478
-0.687063591400779
-0.798123765104178
-0.650484532485504
-0.6171395194868
-0.766350661738477
-0.610334201488984
-0.672481525634546
-0.691181667213231
-0.625597841584715
-0.680533899554265
-0.747973877864694
-0.696569571643733
-0.570593746497353
-0.606227050307091
-0.847063038805999
-0.542265212822351
-0.725804581888885
-0.641018013407704
-0.685221345378783
-0.677092309460909
-0.60760027477453
-0.653887187942531
-0.599576381246487
-0.661922322833576
-0.641306903624551
-0.509671226705609
-0.78096762824806
-0.629654048102571
-0.685392492746893
-0.565772039865468
-0.672628320463328
-0.542058843497515
-0.59739893588172
-0.590541158189739
-0.657580645398574
-0.510562209394365
-0.670501369252307
-0.568495800977631
-0.507748759606858
-0.713485268458927
-0.658672474806991
-0.614109462548264
-0.604509291852795
-0.724032636890924
-0.560449538865889
-0.608382402764659
-0.65841278179332
-0.685407883980944
-0.492216867493686
-0.546665720304815
-0.710031106145418
-0.598508302494716
-0.697364691429351
-0.632038718228645
-0.74767200027828
-0.651949583143143
-0.580994810980846
-0.516604306046312
-0.637317088694898
-0.535918922145601
-0.582770392165058
-0.530113875661594
-0.585170940632158
-0.539801563174842
-0.549947157024823
-0.620184377821849
-0.621667780364197
-0.676996388128807
-0.528368612933257
-0.55862698590221
-0.575259349580432
-0.612404519750042
-0.467281798937137
-0.472833116880991
-0.641781894847428
-0.547063732069019
-0.586782441804355
-0.514554559692095
-0.336922459641571
-0.530671681449069
-0.391841563859844
-0.608794121992611
-0.448461674251165
-0.640647240546898
-0.5040942033875
-0.504124726576652
-0.511110768425354
-0.585383319536949
-0.470050671802272
-0.543639044976182
-0.641878559575526
-0.606077986589434
-0.412827834721361
-0.448148343795677
-0.439977263884836
-0.553664348393529
-0.428333485408221
-0.479215760863892
-0.532213600686848
-0.518460293284424
-0.409717610054791
-0.576170672993427
-0.616161308237091
-0.524366998258185
-0.44344115186219
-0.445606500663681
-0.45188013733205
-0.372927196072329
-0.430347911790395
-0.59451390093776
-0.372070446221095
-0.587233286815422
-0.577952208463909
-0.484653800668079
-0.416135104361213
-0.286977469660911
-0.348348096647487
-0.290971622710996
-0.382195666460733
-0.41523770162432
-0.477981768047821
-0.548694329577593
-0.362384738121305
-0.487058821908587
-0.535652427283135
-0.439127902301307
-0.446037944312497
-0.458866456915412
-0.491655179431284
-0.374639739032127
-0.536840089878913
-0.270097429161712
-0.35290213607948
-0.385204043233877
-0.4581677758298
-0.457998335804426
-0.480646861244879
-0.320721533266306
-0.426705751343118
-0.491047147967678
-0.460841616073671
-0.418241349009304
-0.514931523670814
-0.308160164397891
-0.444094589163227
-0.448705795723581
-0.591765023341218
-0.427320613540916
-0.446972982743656
-0.394516869807566
-0.258380926329229
-0.296908190275168
-0.377632354042632
-0.371726759049876
-0.315261619746497
-0.27514805396161
-0.334921400104628
-0.334835362634381
-0.517478166311473
-0.447266531168576
-0.131528709882834
-0.501854568279274
-0.330522025079836
-0.38090266405565
-0.398981948000291
-0.440428324506592
-0.431281133736735
-0.353692042818119
-0.35875659275443
-0.337932914553094
-0.251037494246116
-0.363693131573714
-0.319291821480964
-0.304097928497139
-0.12179289280825
-0.285438333590427
-0.358223245620264
-0.176034626528784
-0.478690640962654
-0.393176019231007
-0.319091223487441
-0.274830323089948
-0.268582964475521
-0.228523833479763
-0.428236722045354
-0.311210478625323
-0.330449937683805
-0.35954627088566
-0.295465734972107
-0.216362433721222
-0.270751845140363
-0.452501008089657
-0.21158948055181
-0.185144672332674
-0.219224102214886
-0.210655507346004
-0.361495356506965
-0.279074572277039
-0.186957255396905
-0.36183083916549
-0.214012057322837
-0.335337100547525
-0.286931989589793
-0.281190106004358
-0.231571187049924
-0.28868216244362
-0.224264674011932
-0.315483702450026
-0.393967825863988
-0.319668273167228
-0.321674404947667
-0.199002044392217
-0.170609859705694
-0.190844688283029
-0.343769874765906
-0.276623359429151
-0.221043293562092
-0.182530885066633
-0.344466880217005
-0.202508754664974
-0.452566354599777
-0.198065982765812
-0.312556228625533
-0.2929653610642
-0.209711959331753
-0.289265046098939
-0.220459829114467
-0.250688436855858
-0.356660085607922
-0.246005487962711
-0.257030203556611
-0.367270778300355
-0.260405145019877
-0.268024201934151
-0.372153248600828
-0.213626725982707
-0.0966891674986636
-0.233028668642606
-0.181858464383363
-0.294054818683207
-0.0895045577153714
-0.135918993831997
-0.288951610631297
-0.312915465635197
-0.128344279613595
-0.221359165300231
-0.361379418256718
-0.133330440098213
-0.214677302842364
-0.230318409242257
-0.221516800124477
-0.254046628036933
-0.301336698014253
-0.122955121411874
-0.0906179354106302
-0.322331656588678
-0.120358578110335
-0.147499430294129
-0.133510178939131
-0.229688735015848
-0.176138912675318
-0.235696751899614
-0.238669532901607
-0.065579169421042
-0.227427959439402
-0.309792528738557
-0.20708101923959
-0.172076037791787
-0.0444384133185171
-0.243995064836995
-0.195091617275622
-0.195382921328388
-0.267309805371221
-0.196288475801481
-0.233869604445022
-0.172977035922145
-0.123977117326169
-0.0741156560121794
-0.136654601994065
-0.12344484699012
-0.252001731063798
-0.115485929222995
-0.045537040189718
-0.145838401207262
-0.118717406021104
-0.37012073231116
-0.102148934782287
-0.187516271797479
-0.0713989601232006
-0.144679955719513
0.0234812061743114
-0.0935349410191686
-0.0563009532962601
-0.133909734449822
-0.123125755807166
-0.136066964114128
-0.101003330292031
-0.0456045106627472
-0.267579280011982
-0.116983627818236
0.0721760165835894
-0.0646921124366858
-0.0414840232145159
-0.0947437578951313
-0.0778565918669346
-0.0389933465420751
0.0304790365587155
-0.00751388649994418
-0.0567111270786089
-0.137165414153203
-0.0436728270446336
-0.0127723142352059
-0.0844743912409714
-0.123641809687468
0.0665227732955857
-0.183988776760655
-0.0179320132283629
-0.0161093916327323
-0.100130938927789
-0.145012794690751
0.0136312880805762
0.0537146941227087
-0.0619949870404371
-0.173692811201094
-0.290538661786196
-0.0614759568591317
0.0333571925104866
-0.00214412153317991
-0.00169991331215257
0.0247048914659094
-0.12468423539257
-0.0764659881571872
0.0373530737759677
-0.145227594934492
-0.115816182092033
0.0974253032056398
-0.24388128804727
0.075764228554564
0.0215159526389724
0.121978130396769
-0.103087904031248
-0.0516247349753112
-0.0602525593408679
0.0785003736005027
0.010038358983249
0.0359259256633464
-0.196046496481752
-0.119517202492147
-0.0468804095174845
-0.0877794710098283
0.0350431888608027
0.00706491072653798
0.0661193246548742
0.0648360921688894
0.000884651316202141
0.0908112023765353
-0.175393865480079
0.0166253326956761
-0.139447312709678
0.0664601201218593
-0.0549160104484736
0.0871082214972598
0.0685750941475489
-0.0205465869003887
-0.071445801759711
0.103737482529875
0.0340207628925665
-0.013081614327656
0.0374959292700754
0.158358619458285
-0.0655919927769007
0.0755204374624458
-0.0121191588646458
0.0442251426930559
-0.0819193235913803
-0.100527077329535
0.074077870696771
0.0953490185719164
-0.028866720022492
-0.0785181167960405
0.140655825801046
-0.0104278821208522
0.0664774723300335
0.0110637707834699
0.25707170451411
0.0865588534039936
0.016005243445825
0.0226690335945399
0.169065740742706
0.0281725394757071
0.0601975056366355
-0.0278231563221541
0.0135181299518757
0.0397943261654994
0.0848710155400446
0.0791141886796277
0.095817068495205
0.20898827407054
0.0636473494963683
0.00946205116298005
-0.0807199227221458
0.0218861213889236
0.132115992600785
0.0780241594541525
-0.0368400380809139
0.167492876496649
0.194805260546826
0.0674318794920466
0.0931814615154934
0.0621991990514442
0.196962706410638
0.271403078379415
-0.020970306181458
0.223293547989003
0.17978008914486
-0.0946058034785777
0.154391455985586
0.150834802244072
0.0777901092362152
0.142638293270568
0.2014629320187
0.0822814944575475
0.0305344673240975
0.0782792434709216
0.318709876130139
0.267094931797931
0.159532534242213
0.17449003089593
-0.0296468578364802
0.247444276825948
0.2076369605224
0.0669776612516851
0.0871893536915105
0.0680547936292542
0.174856567467454
0.193467512334833
0.217177537416992
0.082260495664724
0.116105873086335
0.277887226388157
0.123930622878193
0.242144522116954
0.061985176074076
0.198444300518135
0.279239959591047
0.255465422157372
0.169417236334344
0.284046649218832
0.141587506801347
0.323119954839253
0.164938227881122
0.335067542752106
0.201274049107351
0.0260556452979078
0.191791126535397
0.308797122043742
0.2652428404319
0.360488206689168
0.182737490240565
0.195782545394502
0.359529440730443
0.325035367079517
0.290339602276777
0.156289789971934
0.082192983162261
0.287120886885532
0.26937668153099
0.0265102983188715
0.248564547693353
0.278368703900166
0.203016925252098
0.280631565031452
0.17680900137998
0.290404020688498
0.133113819193317
0.255679784895838
0.191469444542064
0.383765828419793
0.412993489548783
0.244177576743814
0.112685638828735
0.261377319682485
0.244733420846696
0.337886546883716
0.129767296842163
0.418226240717907
0.269335093095826
0.241843875292506
0.151358483318119
0.298286987097028
0.263111311954417
0.28614986401844
0.164617318589365
0.245467665500186
0.263587214763182
0.363256306338308
0.237168988950957
0.321862205013143
0.399841030745486
0.278841912659273
0.403552721539972
0.448704923651347
0.340658692261034
0.338690776968039
0.311535147450067
0.337148447948721
0.412715038380499
0.239012716056405
0.312702499165847
0.290649083120035
0.367932351182848
0.383035171235318
0.534186885052315
0.420949318450054
0.32534402805693
0.328334197189237
0.289297605124004
0.473951135091876
0.306918949816024
0.408056383967706
0.33617924345978
0.448405820862272
0.234799881328968
0.394935792028875
0.21957711627795
0.242837736951701
0.241884587622429
0.282730269220854
0.430985438514675
0.249610141638269
0.356879223606073
0.314361766661335
0.352986579895259
0.488590881116449
0.445637881453977
0.350697547646172
0.377955332039651
0.433460228271541
0.302559086631218
0.392757417927451
0.317753240130563
0.316313830953115
0.429527531710078
0.4245372993549
0.359506589862935
0.484542444453874
0.484650984647947
0.259596463133504
0.431124317756844
0.534336749305637
0.466833466035301
0.405589219876026
0.351739861474512
0.380912221596318
0.384235889565926
0.375747357336583
0.249078475006916
0.443223013394217
0.571163158162046
0.347761034413054
0.459584188521559
0.581023123986359
0.486302815766943
0.443564319023482
0.365409957908977
0.541606979772671
0.361012470384165
0.43590371562602
0.476344334444874
0.321691883429432
0.472423359589533
0.359775004469128
0.463887067629487
0.362347273398768
0.538095248872775
0.517563238117522
0.358634636503326
0.444055536075953
0.505558102266298
0.466068721616782
0.498865592387267
0.536048976146
0.386695768603911
0.460519647056659
0.466463743969498
0.611587736741946
0.297077175765015
0.491519867847728
0.436143365111291
0.619150258985319
0.627958877346256
0.390393932788013
0.701307810173532
0.489102469939831
0.546191106731237
0.571121703708938
0.398256238801735
0.480107421402323
0.455773911123301
0.476301364644327
0.50537386491711
0.465372440460331
0.532202070873759
0.429620820864041
0.516537654980981
0.546654412410505
0.406143137369867
0.53861674005953
0.549843874300764
0.500147804239532
0.535195468440791
0.477302631900306
0.519676364148744
0.498821210722232
0.632172973158943
0.555178933048201
0.640405281899398
0.466375003043758
0.429951867979169
0.530118599059424
0.537388310196938
0.540131227006027
0.515662684057298
0.546108880444556
0.514355040257812
0.535462576190993
0.585824150793741
0.55609190200086
0.541089913455847
0.483740774525661
0.569657278303811
0.445501343410551
0.57603420562678
0.482397590546193
0.540283799277169
0.70066674271239
0.50855283892063
0.646929207710925
0.526008178601132
0.498589587583822
0.593678724099616
0.671549353268965
0.507162443474424
0.50141610909873
0.575438184102204
0.626021304014644
0.503868285231705
0.62124320525044
0.525341447762747
0.667872552322381
0.549995424500887
0.594054194111694
0.573930997252502
0.728879478743734
0.57656174246215
0.558044701885815
0.468166535831968
0.696462067353735
0.656526940178498
0.578273177284203
0.67738972024622
0.799675364148658
0.665367288096896
0.628569369977402
0.636941363639605
0.676804756312843
0.526596306462483
0.588063635456485
0.62770571761484
0.725346908794436
0.590899580908234
0.684689637088877
0.620486782841276
0.50401315917664
0.761306720242387
0.702583904168739
0.752039641454539
0.710574397599696
0.551865460581312
0.560390515432436
0.639634802175698
0.779221494849747
0.595517220814806
0.64937374944314
0.682842947775568
0.864264317531251
0.62894761250767
0.700239265829597
0.726692601436647
0.760503618416322
0.620533360028382
0.772982656020596
0.648040370380789
0.84223708458581
0.66380972228805
0.825570619582797
0.700562506409201
0.608922352352055
0.73147942038089
0.677320902958776
0.819977567175154
0.671800186894909
0.765775644826752
0.985058202905119
0.78928926285008
0.575223529258886
0.678077834436635
0.780898865032449
0.652539487881263
0.632803679040729
0.650515892940647
0.900372904608074
0.746479647521488
0.703243858645909
0.625958865408777
0.817640789676103
0.74972558236486
0.704950375060145
0.711737714010107
0.763730543243313
0.705325468567136
0.71359008261569
0.792598329216992
0.642209708652937
0.838447989765648
0.764699869009198
0.967384832668475
0.713540030187656
0.635750364182427
0.809723841903667
0.747417162237586
0.688410128344251
0.857149122527898
0.879250320401348
0.772926209322823
0.587691995127546
0.874950799370007
0.725565400367278
0.759920737684447
0.734122823519523
0.886302181999153
0.705414924488804
0.847466188949766
0.831844450337878
0.713388872165497
0.823218024465627
0.638804158270011
0.915060579835286
0.881060349026473
0.736126858588239
0.719778658282519
0.782980107074745
0.752907301683312
0.650076973359019
0.801727120477907
0.84884854426642
0.805657951253334
0.860058978608855
0.864169468470432
0.85209619361658
0.851987738115398
0.860914426892595
0.837478921359429
0.689851154861622
0.813223936269258
0.882286083029744
0.880297521739107
0.829585150587539
0.902679836498908
0.970856794813453
0.782739817975167
0.83111412636622
0.853280723805363
1.00850505051202
0.791752454320207
0.83547598574477
0.806021675802297
0.804670076226307
0.866846109606282
0.747011577773725
0.827657089996184
0.863728760497026
0.804475120851646
0.681421259494355
0.762838318787788
0.804736993876883
0.824804207163348
0.771579237885096
1.02759767137618
1.01852988996536
0.910713163564619
0.845216030856794
0.751945453219893
1.03199762692135
0.795979248888671
1.004861756248
0.922524459682055
0.763937570653684
0.96143844662542
0.86313487792767
0.8314494604651
1.112484474101
0.717379305216251
0.884003699427451
0.856774418064128
0.929592793435014
0.912221371555591
0.870723978512286
0.971180393885135
1.00495441967268
0.916068401297352
0.787903042426691
0.936001873871746
0.856128922958974
0.777645450491382
0.976090183998757
0.86928896129786
1.06374591067718
1.02872702075807
1.06028509211639
0.984932669297588
0.821057951512964
0.923377272295994
0.939566586803733
1.06888702671033
0.784267189935465
0.903126572134624
0.915838692182869
0.917301993637482
0.840494703680577
0.902077161430685
1.04843936016576
0.997307245995154
0.939894809415602
1.04641404797433
1.0002495000135
0.863489761313606
0.943347496840623
1.04028164359677
0.906827655655178
0.969037006931774
0.925922923337514
1.05938886113284
1.05115520178609
1.01446219989829
0.961904702542966
0.958741634053444
1.20755841115323
