-1.04511845525689
-1.10479776872637
-1.01649904675117
-0.950492200659894
-1.04927603470734
-1.01590203541763
-1.08159201979978
-0.975796728937299
-1.13825890283247
-1.02322261772064
-0.953383431764373
-1.00467852613462
-1.01116972523172
-1.14262551411435
-1.12042188486243
-0.984879329838723
-1.03650817222817
-1.11602664236441
-0.845676450345115
-1.01418564730694
-1.00986335695303
-0.898496161693592
-0.915269714160227
-0.949898115584813
-0.906673905585101
-0.865970660896346
-1.02291408315314
-0.857742071601835
-0.936492381603729
-0.892757723859881
-0.930979843211568
-0.925829803390604
-1.00687962036421
-0.822424902260737
-0.883853166786315
-1.05509244585622
-1.0400132474413
-0.954416927815837
-0.899571447891502
-0.963080616516344
-1.05048154638564
-0.797754263776392
-0.986047304370899
-0.981049429664105
-0.948005416218326
-0.932394369395919
-0.990608636902906
-0.948210389594984
-0.854890884413603
-0.972361486661182
-0.908406241464734
-0.944293203413225
-0.888271558933767
-1.07015746473443
-0.900190059634356
-1.02692988778565
-0.948583551158609
-0.715785295555137
-0.79205281624235
-0.893821602702822
-0.884859095947612
-0.895602299659428
-0.71437221739695
-0.864812180915111
-0.932381067386256
-0.860934999546262
-0.93163237615137
-0.970886002837732
-0.986205549008357
-0.832484922089481
-0.776081343911407
-0.871627149670999
-0.799601418556573
-0.831635315700958
-0.960685953355396
-0.8448771116604
-0.871998399580644
-0.6513066116695
-0.831580694221041
-0.723773697983777
-0.704254837037349
-0.740294974448387
-0.854632070982656
-0.904449580288692
-1.00195462935512
-0.802375131293131
-0.804065195886087
-0.885840216313795
-0.80227410812101
-0.882287026094935
-0.78329867263392
-0.843542147336835
-0.919991779912812
-0.807000346620501
-0.787969870184129
-0.717669038820919
-0.734754808186891
-0.710454525180049
-0.719304265775147
-0.717131285689717
-0.873404801514263
-0.730493453404798
-0.605295796913006
-0.886833253168697
-0.825383474319574
-0.802143314010991
-0.864444966426634
-0.810553200021604
-0.76516522579332
-0.705744857113644
-0.695144922205178
-0.787002591120662
-0.719358641208268
-0.864452343690911
-0.705146849780359
-0.908503425812329
-0.72925290334962
-0.895693841317593
-0.659184243892824
-0.891722083817673
-0.713285384541105
-0.81938144271019
-0.802879942308439
-0.978208018157331
-0.7511102092853
-0.843408636368534
-0.734172057508742
-0.65098199596912
-0.706032509716599
-0.694404952765041
-0.699486605187209
-0.795232176151036
-0.815120311560867
-0.881413570425349
-0.902944314294171
-0.801580715623585
-0.649641137162971
-0.625177742850716
-0.740115586755296
-0.709201679233482
-0.797103253053549
-0.452010525525851
-0.688984034188119
-0.77312582880612
-0.651755115133287
-0.544997154557812
-0.880058456384651
-0.554347832911974
-0.6671526786926
-0.594336547623893
-0.793897663767459
-0.687371720458435
-0.780368162521633
-0.723585646523388
-0.593715567231042
-0.652482873963369
-0.575785313359924
-0.631092829937923
-0.606754287015444
-0.697750545342106
-0.614729729261354
-0.696707114000495
-0.612518594168749
-0.545789723089072
-0.650357332261906
-0.61191346996269
-0.703206898723017
-0.606143987134559
-0.577640204057372
-0.684471786589552
-0.749736266303442
-0.606448929031794
-0.645360070121461
-0.624304503414965
-0.597151458915046
-0.522022021207037
-0.584689450416261
-0.581354609988996
-0.660153045965737
-0.659521440897422
-0.71646796992316
-0.699542511801758
-0.423578285664739
-0.591787493752436
-0.614194791249923
-0.678588605875027
-0.600850105417501
-0.575996668239283
-0.729427184058079
-0.626486573450044
-0.710846498092202
-0.604705856292442
-0.739324797318874
-0.693468783956581
-0.505377550828519
-0.646980539971004
-0.654099885924108
-0.670608788643068
-0.719024864310163
-0.504022155937644
-0.651687739216589
-0.607479860820555
-0.662442159347849
-0.604995551413417
-0.602557975069222
-0.502820778831451
-0.661324720678462
-0.594106384370422
-0.643446133407467
-0.486872243185577
-0.501031069114636
-0.480626639126441
-0.564939441028425
-0.512684036675806
-0.508057483548142
-0.530226220764221
-0.450605203484604
-0.508822390013352
-0.595262072974915
-0.594211267018215
-0.550818817284047
-0.599083784779037
-0.618696703007221
-0.507282629231181
-0.408848101909131
-0.574540349282117
-0.478583726696805
-0.590924170822217
-0.546754617317533
-0.474722716674265
-0.428264988707366
-0.598628163028677
-0.50567067808632
-0.520156708054946
-0.55739905264331
-0.490146953878785
-0.5157704819808
-0.529672668335362
-0.581726832070756
-0.509791095455146
-0.583675493900256
-0.558551023449776
-0.470572789627195
-0.641980968480473
-0.526730670061542
-0.54370843384998
-0.512601497825845
-0.55309338246172
-0.474736407550038
-0.549385131660875
-0.537160238320507
-0.592370247393863
-0.42108267239062
-0.629529544551843
-0.490975827719904
-0.56084105515029
-0.52002612169705
-0.529227919615657
-0.469370491810465
-0.509586638500605
-0.617178953330821
-0.606781129899853
-0.35650030125559
-0.562657028399349
-0.422877281796884
-0.496592141837414
-0.426881727256762
-0.524066948304174
-0.425737130404929
-0.382541754101167
-0.315927991717868
-0.431910274122663
-0.570828526912912
-0.448090266749152
-0.413354229331167
-0.354640396205435
-0.454518896539967
-0.494178558207865
-0.516737999883927
-0.420689752944927
-0.466552440530795
-0.532475574272344
-0.32710815837933
-0.416123993107023
-0.441031597772428
-0.370571132121604
-0.391662651836941
-0.316499372033176
-0.321337148890834
-0.329496424506672
-0.446931835606038
-0.274775019085689
-0.305625252387293
-0.552872079381306
-0.369363612924468
-0.387131703718398
-0.449192752615
-0.237122007925393
-0.449021955065267
-0.412356825681776
-0.442875322456906
-0.39081029652549
-0.361826521119278
-0.495208749315887
-0.314793137986042
-0.386474265828228
-0.370210233822226
-0.475090894556257
-0.456303008676946
-0.370031026935366
-0.428254185052771
-0.316866927756752
-0.301769650202042
-0.416398485657826
-0.331872282977696
-0.337788795012679
-0.418499530373173
-0.175068160465082
-0.424323967393711
-0.240223650810994
-0.377265155579885
-0.410079503509044
-0.382474592555441
-0.40437482848507
-0.353640127497742
-0.463800225454583
-0.139436018810975
-0.359493826371274
-0.344014454614402
-0.160843878160347
-0.345791978809938
-0.248626663703362
-0.362685374504674
-0.317702745145636
-0.362680153380903
-0.436363995957876
-0.330682272788861
-0.40263941962021
-0.411979364113145
-0.234563709204852
-0.324801799827543
-0.356295711046398
-0.240431689918819
-0.435194018308627
-0.359156925147444
-0.25135347051324
-0.346456389383155
-0.486115377711654
-0.413559583600242
-0.205715668440749
-0.309054132349664
-0.299815313750025
-0.209888061293612
-0.277441456248825
-0.211772550536941
-0.256808552096023
-0.310224477640659
-0.279911061512527
-0.411424765872092
-0.216348993533429
-0.412075399884974
-0.391238106904383
-0.304265227747371
-0.294728928280857
-0.187160043003506
-0.416809238538137
-0.299365449710971
-0.317334921050566
-0.167838059927394
-0.194971878020593
-0.249737648743411
-0.312832353629761
-0.281318274375398
-0.396515767246296
-0.243046252072256
-0.215746994985142
-0.315951079337581
-0.260277511894761
-0.324864067188302
-0.369702325375898
-0.276088013626212
-0.241915989650153
-0.388076076194251
-0.232495502682017
-0.346476555357971
-0.327207604296864
-0.367902909292868
-0.178964587578957
-0.222792880109566
-0.220262054979205
-0.182655593844572
-0.154725254400403
-0.267215024991968
-0.0846116984176528
-0.340018217548222
-0.211237265178135
-0.208115511378526
-0.149021407892986
-0.265364148359962
-0.308448272343541
-0.221846929198508
-0.112962575675496
-0.19689791387489
-0.296447028704507
-0.333983907798866
-0.0318913196416812
-0.0637604413301735
-0.346300102383839
-0.212933562398872
-0.212277674890921
-0.278703481149686
-0.0422145516076618
-0.169114849467752
-0.228059872028683
-0.215145132616418
-0.154644805590811
-0.220445394161658
-0.185552656156635
-0.100037710588497
-0.156028961850605
-0.0957681627563036
-0.185534151741109
-0.129873213888709
-0.204487737325716
-0.204643968631114
-0.0714588793727208
-0.105825504011974
-0.169760419845124
-0.0972174900722222
-0.0259068344840076
-0.0913596829830294
-0.0651114589925594
-0.248052327965198
-0.152343404185352
-0.0696908553617586
-0.0468863469701858
-0.0980964182859204
-0.0482985799666368
0.0589001717821979
0.00575697633772936
-0.215370276643203
-0.144927882196392
-0.0435181831109656
0.084495010286487
-0.125643456426914
-0.0723051175772515
-0.158571006083826
-0.0545635587343091
-0.0778168796100051
-0.274541811934097
-0.116346216062537
-0.117952959976656
-0.138559709223562
-0.215915160359773
-0.0293457083403798
-0.104114445611454
-0.0545688210074211
-0.0313690517401422
-0.0357673025261629
-0.119798705785516
-0.0960464714525585
-0.0187639886013894
-0.0438930475636448
-0.0713597343947399
-0.187372482325398
-0.124163952066806
-0.0517984545362899
-0.138382384246602
-0.148069554413679
-0.143977489904417
-0.0946769210405971
0.156253333990455
0.0778733397797377
-0.11637329285393
-0.00436847967201459
-0.045709428335268
0.0565041000734249
0.0954110279294941
-0.0139263389734961
-0.0542070123912015
0.0238896445949223
0.0838752624351064
-0.0104620873011973
0.000768447212327814
-0.022614674985594
0.0113154050783883
0.0438701378149326
-0.104268192574519
-0.0683656804134766
-0.0201521804023042
-0.0248517276749176
0.0259534383206272
-0.130322544117931
0.10633252082169
-0.0254981985995415
0.061801618226368
-0.01718280550687
0.0188392708005256
-0.0790673711357443
-0.0245035420172195
-0.0018260404009256
0.123857964628851
0.0445120698897874
-0.0203206358341249
-0.114808628205831
0.191184667824645
-0.0278236123379459
-0.0366063069670792
0.101904746894347
0.126187109591442
-0.0516039441834457
-0.022692520652543
-0.0790095725662115
-0.0281026701136317
0.146409865046562
0.0503250260826297
0.145116299582134
0.0368947384561449
-0.0231298110678483
0.226597475050541
0.107744394465893
-0.0465026521375037
-0.0758246658366004
-0.0550738528187757
-0.0743459898933351
0.0511394603398313
0.0901439152318121
0.188864038248971
0.123864765098599
0.0492564507830036
0.0496598030737445
0.0655091863717249
0.019991354148292
0.123473667725799
0.341372025694624
0.112207748258493
0.0613837540560976
-0.0307683923237216
0.0764658724161332
0.0926519450175892
0.11923555986054
0.157142115306286
-0.0186699167383654
0.0739911297967311
0.212683096184292
0.0754285354492526
-0.00404692363317201
0.11556415332
0.0388125486225677
0.100990687345856
0.0973451256757949
0.098698737084866
0.160423731570774
0.0722557596386775
0.0634026429347938
0.0914584911043628
0.0345404501624663
0.130587085307602
0.129645597830688
0.128689450831488
0.205351950966262
-0.0503791939154807
0.0930299532412635
0.190966391164038
0.24425585541042
0.0436080632203611
0.023069799028133
0.181095455257887
-0.0102546478224596
0.206835752266537
0.0257564243859248
0.243096649690844
0.177927581706644
0.144564105270358
0.105583337802897
0.0837188737664136
0.249696446196925
0.0739476097814836
0.227256636442775
0.0198812682102796
0.250963656673117
0.221584771511202
0.117260506929978
0.075556433272129
0.336440126729681
0.228915913292705
0.241446974250981
0.198418359065938
0.0905652991881219
0.0401231846428729
0.124793790374743
0.0154027045671362
0.256442360417497
0.280213094720864
-0.038823002203113
0.249812261275049
0.29924363324809
0.225583477535222
0.25270390055148
0.18273765385638
0.128639932132147
0.148012315873149
0.276957139162654
0.0717750010571121
0.343031093171366
0.283836536063515
0.154073420061084
0.230972578129657
0.217025095361466
0.272959602197352
0.298582237474093
0.107604836657127
0.200739836738713
0.268456040135637
0.251900975216949
0.379259939814991
0.268403325069847
0.222596999043319
0.268920386120225
0.245038155429578
0.14569751138995
0.264022191379214
0.320415506902039
0.0644177220711502
0.197026932821785
0.25065617957944
0.389055719167772
0.169683949494464
0.390814360117566
0.35922395901047
0.269980318192591
0.149881462917033
0.289812798501654
0.27976169981122
0.340404502732601
0.174686646781638
0.367339162324268
0.435832725488577
0.2876546125844
0.265022651013739
0.25127900401634
0.22084825596232
0.398364201045171
0.463974830248481
0.327073841389769
0.207162785720573
0.1318173864242
0.460333320130598
0.285299495132194
0.220666213776935
0.322708294993906
0.262726222791025
0.398737241111448
0.256897835101698
0.283877708371705
0.234114054348685
0.245188362294716
0.399496965727569
0.30180026539413
0.487298974229992
0.322864877272745
0.371347376519339
0.358396368010048
0.372250237612435
0.32305866924972
0.246450690706102
0.40210096993693
0.332946047113255
0.448250428908513
0.316766120405838
0.441768365854904
0.327776060054679
0.29095095975604
0.366601410682508
0.46644784048673
0.453771474257462
0.41224930140428
0.364440105910218
0.370238140321078
0.313600942538762
0.187149928085408
0.417296934377794
0.18810889112926
0.2249154421682
0.433876195546219
0.440476372100094
0.416291465907467
0.343397818951155
0.340807189225791
0.344424993092568
0.379433265165937
0.35510778634819
0.337689274692364
0.340084079576607
0.365475250807307
0.33394777942262
0.283812058557087
0.36750448782347
0.455332733621807
0.343943268697942
0.409103940415836
0.335013469528325
0.350107504125565
0.29017367971964
0.223327625716972
0.552945113836135
0.456502992233431
0.335699205381964
0.421796657916463
0.524229913934288
0.42945493135173
0.459799443343061
0.34442947165148
0.363103154153893
0.405004735120467
0.350689863689683
0.30831844096722
0.382035676067334
0.288414707847941
0.429984273751662
0.509090791387044
0.473442415056736
0.464139473538604
0.479891955281122
0.558930869956186
0.450287796255387
0.484859975602928
0.416818079268559
0.626982487068819
0.382964357508688
0.530416702538962
0.428923529884912
0.400564331749932
0.511559792340929
0.425536916256821
0.546821511531673
0.512854428688438
0.327383741246618
0.370702775405364
0.398785689724632
0.379060099465945
0.58924260312679
0.640276632595287
0.668195529806473
0.470921902367422
0.473168811267386
0.60479354948907
0.514793910334615
0.415187996494619
0.482725668684729
0.45769460089827
0.556599274473224
0.47883097697787
0.641489429491357
0.344850865105589
0.612399570377126
0.582484330936155
0.462890209866352
0.629072154123161
0.548036520268135
0.589335658539711
0.65471862770312
0.54770746032035
0.449663362386029
0.459601580737755
0.60111368053314
0.475813519307693
0.492680580074573
0.601407792233449
0.584034601224371
0.509611428129381
0.571984731940123
0.488089949686232
0.73688283896636
0.708045190479663
0.392653762702478
0.442821694937931
0.57171731846099
0.56675642358399
0.488092392705279
0.351908807809206
0.46696366769782
0.526761639680115
0.579176124818295
0.614215858559935
0.418840930150151
0.701606835685047
0.656913924827771
0.585135843377093
0.555565714606992
0.698304066978526
0.419402344412701
0.354365952086103
0.542730818602386
0.536265865729565
0.535422196426884
0.491306160099964
0.432428704768725
0.572300017178476
0.578617112219247
0.834171069231889
0.683179256519495
0.585579947058599
0.63127024640679
0.692048016310801
0.657243999899838
0.686749926234083
0.654549827734919
0.581739543782951
0.575965194316055
0.568906930029969
0.676630701862076
0.510004075034931
0.677157991926332
0.67853311208652
0.6845444706081
0.743578876270166
0.598354642176047
0.69465787256649
0.638643735731016
0.675195828399567
0.597149988137803
0.731486763777165
0.818327108484041
0.818151879861544
0.637520676887437
0.607160563426788
0.66551680776365
0.790878301080754
0.638229790755976
0.712930407123115
0.712825107373558
0.66399464246134
0.560626056893057
0.590426738248949
0.653071286773711
0.589653451587964
0.801618714899707
0.602165429455947
0.63120844342324
0.464056716620848
0.600268984680129
0.656934305747033
0.535373333961602
0.671507299666041
0.65199313689369
0.729655854410683
0.613861713328849
0.733205881896264
0.657705221280507
0.538103973815078
0.603942778738736
0.73886370291781
0.794363327286398
0.800746088175467
0.726088532271186
0.727840423469702
0.772427296903488
0.643723219346748
0.603412050266938
0.755363719101652
0.748366743623925
0.72094424396506
0.760517021181813
0.806651173459225
0.678441013235683
0.81162146002633
0.80105457860091
0.663528122651638
0.619376116428745
0.661794726196868
0.706985449873326
0.826786499187355
0.849610894462907
0.598487445791083
0.698213924738479
0.875139709437569
0.772275718649359
0.811506828973592
0.657145546587125
0.863125068149669
0.778658008707078
0.806971503462723
0.745467990498444
0.803922354390521
0.918039779207042
0.668421573342284
0.842077969933854
0.806065659347509
0.781936109260897
0.749642625027251
0.772310495587074
0.878227080686524
0.790333240701025
0.809975976469166
0.792767983123014
0.779985406691667
0.756913545155044
0.761151149217038
0.854697663644519
0.713465524399007
0.584013764152063
0.961824331930136
0.690545476905946
0.898986613805955
0.847945877367586
0.865040258491647
0.688188081348484
0.832804288585499
0.904423535281705
0.727412351090192
0.808859435728675
0.829856737236183
0.896593261066633
1.00964425357319
0.869506082980066
0.644635987034054
0.755309432692154
0.798040375762841
0.89296748850888
0.810020265650758
0.85262404784192
0.850704301368301
0.835940936244002
0.703043448151659
0.887562734139875
0.838498306413092
0.968092946800147
0.917493897865823
0.726036820862484
0.952439840881086
0.847920363096204
0.796882998253313
0.733336880270675
0.825559812767258
0.805022146156102
0.857110219132907
0.944006109309343
0.869081818059609
1.05193645169126
0.850717172614227
0.877382034929452
0.692521572316406
0.970264138567792
0.962250543516811
0.940925951982352
0.858059898384211
0.919963972015345
0.850486139207592
0.803071236602819
0.817217473906702
1.01821763895489
0.946239126957032
0.864112680839699
0.91141815715548
0.875220592518792
0.905022237321045
0.946400070698724
0.9405064530614
1.01795064879525
1.01269045919923
0.901604542532724
0.808181875576991
0.837755132274394
0.918502231579622
1.01484993624488
0.920206325576136
1.03419816162957
1.03134917412476
1.00002511284346
0.897885436107664
0.834593125538593
0.871949100232364
1.00869852195163
0.850725344985814
0.91810051167515
0.9643178061742
0.9167773749427
0.850729377138872
1.07352686194976
0.893782222092076
0.766195884486461
0.887333629071104
0.890889273306362
1.01790674325443
1.02730766077019
1.03535224841532
0.962712198292935
1.06763093083521
1.09372431861433
0.981449589835564
1.04847070832156
0.970383123836301
1.09724821344974
0.975779418613079
1.01252284182998
1.0097866180066
0.941615016428988
0.946177280433486
1.11916613811267
