-1.03529061960757
-1.10514255816409
-1.01338876972674
-0.922546526369287
-1.05148996391193
-0.987952029867154
-1.09024616692046
-0.962538767975047
-1.15515981240863
-1.02412416134815
-0.957491607663909
-1.02726683349323
-1.00260016397882
-1.13558485914476
-1.12688973916256
-0.996262733303857
-1.04538345737519
-1.11152840056852
-0.837854390531625
-1.03799803137438
-1.00621800649175
-0.886361862195203
-0.925754475125514
-0.991809926596529
-0.890729657622433
-0.87050848137735
-1.02008712466927
-0.84811369683289
-0.949173295112113
-0.888333146798869
-0.935964082787682
-0.91146240443618
-0.996765524343757
-0.821561113520663
-0.869664436021616
-1.04277712658166
-1.0454139248929
-0.955904439445621
-0.903019182602995
-0.958968495858042
-1.05020918304119
-0.801688806743383
-0.97911205054453
-0.977502807323975
-0.92285792294213
-0.92021615213785
-0.983274130081543
-0.928516149184486
-0.856855188828721
-0.975549161673295
-0.918802373481551
-0.955834168758768
-0.893853743048694
-1.06984167767044
-0.864427645315068
-1.02008817353133
-0.938613953996178
-0.712519458083009
-0.775283957752941
-0.88448855006815
-0.872722874341854
-0.873016273769996
-0.709042884046545
-0.871266720780399
-0.936795802950833
-0.855202777287387
-0.938003486965737
-0.990572609905432
-0.990783586354454
-0.834402909054762
-0.775302204757738
-0.875215732522421
-0.82320129145605
-0.836693000691342
-0.955419883408672
-0.864580160009965
-0.892826152629885
-0.6386573450066
-0.841126450393647
-0.728143621879353
-0.709437545025476
-0.736964202270599
-0.864352527391363
-0.897316954799086
-1.00010847745309
-0.798527502234223
-0.79859988004295
-0.904361578987636
-0.778993227211537
-0.882189002567859
-0.75909553993885
-0.858189096439845
-0.93054609960693
-0.794230890199619
-0.801015998249304
-0.722586608055194
-0.737962820871102
-0.730708170349402
-0.740408049052673
-0.719238028879781
-0.853107248079957
-0.755468800634479
-0.605714654841906
-0.86496405454935
-0.807353000406861
-0.791742618995415
-0.879105111092336
-0.803306251153082
-0.760657210476436
-0.701573184859262
-0.702574326681618
-0.791249486541037
-0.718706363728773
-0.892356760390716
-0.705789094708485
-0.892159597569653
-0.727068265842103
-0.890455676210052
-0.668132224802568
-0.908430513430768
-0.711123860214929
-0.799438055067272
-0.817228927837606
-0.95662977525218
-0.752786872082734
-0.837592704739365
-0.761971917274703
-0.652898277872697
-0.696019489984875
-0.683465196226613
-0.680891780807124
-0.793121853543567
-0.797425704549509
-0.887229899970748
-0.9109891625223
-0.800056615684543
-0.629125741672013
-0.614431749759359
-0.742748526013399
-0.690112426553336
-0.792600934774607
-0.465364541751118
-0.701464912102827
-0.779461547711855
-0.650203341424859
-0.519625952648565
-0.887661007329745
-0.562016302970712
-0.694839590934563
-0.610113842029021
-0.788827724601315
-0.680374219899959
-0.800975857604037
-0.722837722709905
-0.598093793092421
-0.650133949895805
-0.584414318994867
-0.625297482764557
-0.603199022397623
-0.682476731340259
-0.627430113720081
-0.709818416162783
-0.609961651268585
-0.522798368525896
-0.650985566728207
-0.61929984635423
-0.690427695406917
-0.600333106012741
-0.576901082755213
-0.683571853693574
-0.753722296875886
-0.608648887072956
-0.649760674539509
-0.645217772132228
-0.590250086424086
-0.526359747434405
-0.580650283635255
-0.58712396246196
-0.660073118178385
-0.692553142558435
-0.748344614993625
-0.709875302710798
-0.443471670350094
-0.590964300898246
-0.628648471926172
-0.684623536286346
-0.586452084588718
-0.575143596933721
-0.735773741131242
-0.604636089858139
-0.708088197754185
-0.614075478195496
-0.734753755472478
-0.687753712631143
-0.513625644318807
-0.657662204635852
-0.633852709397945
-0.675123538286613
-0.715801162653026
-0.50268741834569
-0.672302991819756
-0.628743747815683
-0.649511665423537
-0.620826525464363
-0.586639162985261
-0.535071000678895
-0.647624051041209
-0.574753848805196
-0.645645360537241
-0.48359199732081
-0.478235330645642
-0.496210227039998
-0.570832779354756
-0.516116421068248
-0.522778239763191
-0.543329968593589
-0.474453413709352
-0.516911749259049
-0.601039161160429
-0.593179507337019
-0.57431221007349
-0.598030776349207
-0.619492838694062
-0.528214879026282
-0.423591050568188
-0.565941651132901
-0.478807256962176
-0.582523321978928
-0.514713609218455
-0.4764097791185
-0.437828192647687
-0.599602745707494
-0.486468727641393
-0.523742837605624
-0.540192439062117
-0.490088009439994
-0.548103780087341
-0.533426063078386
-0.593131033116512
-0.511255586569702
-0.601024841777465
-0.55871947761389
-0.472186154113223
-0.610753746910665
-0.526135603570692
-0.524537965903059
-0.508063744671017
-0.552439710099837
-0.465644558535714
-0.532179655345122
-0.528495667105391
-0.614487932157467
-0.396132929316173
-0.615564172823857
-0.47338868274211
-0.554737509256612
-0.507035315159623
-0.529739491673936
-0.458734371843202
-0.480667566119916
-0.612967811006946
-0.602191400083079
-0.356288348780348
-0.558590425154993
-0.416177474969849
-0.498970514741185
-0.41787882232508
-0.532504235037169
-0.41909341837479
-0.425682500541364
-0.31323016590905
-0.433671987784486
-0.566790427173502
-0.45049147859207
-0.419272716944837
-0.350327896336196
-0.452895155737381
-0.484527394889054
-0.520146303915596
-0.450761705612625
-0.479829777949019
-0.537681775763185
-0.338253795653495
-0.411756175716993
-0.425180163279974
-0.359630404582506
-0.379799690303946
-0.332230419664995
-0.337791569473256
-0.344975089451394
-0.437970610993878
-0.268168763959012
-0.309558966044946
-0.531803100054213
-0.352724772863071
-0.408609964289743
-0.46530764108193
-0.242321083131489
-0.430355970536093
-0.415277635312291
-0.429211093570746
-0.375070941502044
-0.358789725806822
-0.474463177147912
-0.33411804966392
-0.384784058510709
-0.383074692820493
-0.456416506020287
-0.455735652723974
-0.360004270524699
-0.430358104334152
-0.307256182211631
-0.301233711378496
-0.405159342840582
-0.319811623584812
-0.300879184582681
-0.435389466043437
-0.180679699356349
-0.425926239188902
-0.243570087223937
-0.364743391957454
-0.405939004054307
-0.39103904885953
-0.391943652067516
-0.365973025601155
-0.482482424098272
-0.136120464427072
-0.330969860739714
-0.34455095086302
-0.18673402270468
-0.344844971391361
-0.24398626880729
-0.359308172094709
-0.325952166826086
-0.328122223089436
-0.432870940328029
-0.338134536507553
-0.410357490474982
-0.396435665185318
-0.255234694661929
-0.331610935390583
-0.366162909174791
-0.238484798685934
-0.44256557190062
-0.361486608967154
-0.229590036715761
-0.349777601961193
-0.482852575127865
-0.41257616453179
-0.224113511308108
-0.318391321054245
-0.313058078021616
-0.209677215930709
-0.274137270515483
-0.216557696178384
-0.255565830224914
-0.315066429731572
-0.263017592796967
-0.428023322067607
-0.225259611648942
-0.391546217337475
-0.376321244092071
-0.284866165359997
-0.280608825678592
-0.199090817900783
-0.417347913239461
-0.309202518233188
-0.309886010501306
-0.1508251654579
-0.211843803385222
-0.235282908184565
-0.287900377581565
-0.290086918105184
-0.399949682996768
-0.261120652652453
-0.218083487215789
-0.305939852299814
-0.265143634916206
-0.336629947997445
-0.368938161887096
-0.262818195183937
-0.243522859930349
-0.367520477420064
-0.249673578007687
-0.357412331431049
-0.306243350952166
-0.379547054622101
-0.199706474098425
-0.220992410725914
-0.217861926972688
-0.184400378538905
-0.154858500395094
-0.287126361818321
-0.0521462379655097
-0.359254182911974
-0.239544555026217
-0.222835534519904
-0.137413048803841
-0.278097835234242
-0.307058403522544
-0.226168662524435
-0.102983852659376
-0.197397217556132
-0.289406935528712
-0.333871042425624
-0.0413581695998721
-0.0736354712211529
-0.369948305883055
-0.216671368096224
-0.23203507043827
-0.276861341810576
-0.0272693996224063
-0.168923102150587
-0.244251508540785
-0.194771137427552
-0.155145944303318
-0.22906431719657
-0.181388345234023
-0.0867749021143321
-0.155343453248799
-0.098823093220501
-0.194463752038752
-0.139334483896239
-0.189956814186186
-0.204711893968043
-0.0608816771316159
-0.0876979104858962
-0.157355947531642
-0.0732912871280896
-0.0182172741724058
-0.0821400671389587
-0.0974253957766811
-0.260418623702129
-0.159915917851522
-0.0793590426768802
-0.0629597328255491
-0.0787769670728678
-0.04781530108236
0.0585955263671655
0.0244179200658313
-0.23918717357807
-0.112723260719108
-0.0517584579103854
0.0868580603586698
-0.151931258348852
-0.0585990750090541
-0.162214404507793
-0.0424415140813582
-0.0776692711591781
-0.260486184608793
-0.12582466194246
-0.108923694679161
-0.12793156666595
-0.227151052674272
-0.0260287950037505
-0.107121995418067
-0.0497866834737008
-0.0371859339362821
-0.0408088278142374
-0.134350685123111
-0.0820629916394325
-0.0217780834923841
-0.0447619261979358
-0.0496875377398985
-0.181143973360616
-0.114340538174654
-0.0311273186180405
-0.135370924442275
-0.14512582639315
-0.143853778342573
-0.0885673179363553
0.164321563740985
0.0952190470849028
-0.101042634958184
-0.0168681511586153
-0.0428153894055133
0.0462398599568487
0.0989941147456003
-0.00372793574097722
-0.0419919069533891
0.0224262014362085
0.093097284411509
-0.0185201122402091
0.00651849880043419
-0.029396980793482
-0.0106236587391222
0.0313861299850818
-0.0846125483186038
-0.0624897798950068
-0.0219215950665112
-0.00499009283954669
0.010577043508801
-0.125954640153554
0.117130532431579
-0.0368032060880522
0.0672224735867258
-0.0134269397949118
0.0391149256340774
-0.0733927704812868
-0.0332986035655906
0.0105545949637842
0.121915310009999
0.0451174985350416
-0.0377036160251446
-0.0938609489162458
0.207332227276427
-0.00465396442474269
-0.0337508902393442
0.0820387817016727
0.13977191889113
-0.0247073594942341
-0.0452310760261234
-0.0790473963785889
0.00951304385524485
0.121548594123934
0.0586880207340326
0.148275163320517
0.0582943303847606
-0.0273217747025553
0.229057936783207
0.105339815071175
-0.0583724057040993
-0.101301332921622
-0.0483353928072175
-0.0797533273965545
0.0411348869314045
0.0817202772823076
0.197227627593427
0.148470260688292
0.0521262792169914
0.0627787999166085
0.0471017747527343
0.0480418728038581
0.120634843810019
0.33491521394026
0.125315180984247
0.0851351248879261
-0.0371441368719728
0.0741953523102168
0.0760621081525201
0.131643588478139
0.170784361327656
-0.0251422830851755
0.0848010157347366
0.201770769932279
0.0647894482824638
-0.0112904893488783
0.123894106092006
0.0282609228375637
0.114470775583001
0.0986529200800912
0.115019798206325
0.177724241458581
0.0814577256989782
0.0463154630238952
0.104716097174755
0.0288336482497526
0.108690539484322
0.126889161960965
0.131726688188527
0.18784798676212
-0.0600101260642438
0.0923107286315225
0.160420480809386
0.241029481824367
0.0404213003071589
0.0338022555947338
0.17183408426452
-0.00158172305781542
0.184213602905298
0.027982857405426
0.269247627408215
0.171859458164509
0.143552030008098
0.13430856872768
0.0941889132310438
0.26812891432267
0.0841366136908575
0.236817643880248
0.0207435743225231
0.23827812330941
0.222989250268384
0.107200338331349
0.0786892756056993
0.329384881281067
0.23817987207127
0.249368170289475
0.193354044836149
0.0729176405648716
0.0599611046687738
0.102678451054092
0.012162941400386
0.252448754469652
0.275748585011114
-0.0402846080124488
0.247270790491666
0.307744675318092
0.231258271247062
0.244759866778979
0.189198444312062
0.14363699430891
0.161701156024347
0.270462278693945
0.0803188749038073
0.332994158520515
0.276295288149705
0.168570050215072
0.226902425643455
0.23077386982773
0.257354599190242
0.283800214357867
0.0773344241569075
0.202451584920289
0.260229408098533
0.244624970339694
0.389313229492028
0.266659484112488
0.232482774026078
0.275048063504804
0.228301377118533
0.13814692961713
0.253317352811587
0.289991780917819
0.0582116850632669
0.198806194886027
0.252731524404252
0.371581085043022
0.170804239991195
0.375683645135248
0.370826193053868
0.27753170554974
0.168407470446204
0.290080038705422
0.255422530407575
0.342414510939198
0.191189555717264
0.38199445556663
0.426176602840055
0.271038116713709
0.243988688824003
0.266854287287592
0.228269742476984
0.394610453612429
0.458917170873279
0.332262885942693
0.183072833264445
0.133900503106703
0.439184475481516
0.313992424834246
0.21019476938562
0.329800043721455
0.264503218923056
0.38197897671081
0.281848068228611
0.274525974510881
0.265579778627156
0.263248981967868
0.37433456806934
0.292418937743588
0.469109962997677
0.286919024187603
0.370746116499144
0.357797112540947
0.369171398939374
0.322347331617486
0.255651612393061
0.408308250238132
0.336530790368758
0.437690108647226
0.328241393141248
0.444597428490088
0.343838084774914
0.278659899622956
0.357343482321375
0.474228901176043
0.45925951729849
0.403625684323233
0.35856855005009
0.353762149736002
0.312535331191621
0.171822636502922
0.446489549076006
0.192954510714809
0.203660642794781
0.422342714114576
0.43492437376456
0.43285258735963
0.343973442037325
0.330709019448953
0.357026152076012
0.351588638014513
0.367696766448217
0.34375787429584
0.338439485975505
0.381624387385655
0.334784809493992
0.274557753779109
0.352758648796513
0.431958530752013
0.354814561061613
0.426228662639535
0.320511203047539
0.346019404797308
0.317391454627094
0.218817936327926
0.562669341928729
0.47206856575123
0.35101352787708
0.431094988388929
0.518846828879172
0.432276763290918
0.44878334202731
0.333412334714057
0.333212522935516
0.425671474277422
0.374898024922395
0.313229448929675
0.397002278520062
0.304862955989845
0.426405919005058
0.511826216444315
0.475132603939426
0.466035793767401
0.475488921573131
0.532847226346229
0.457410518678072
0.490081411381013
0.412594709750257
0.619458474538012
0.362925400204332
0.525015156392732
0.409577799591194
0.427863371722102
0.510658842011405
0.428220403631713
0.553639709597016
0.49918835065768
0.335511853000982
0.361332909467614
0.39868620393245
0.382619769553655
0.58780720525675
0.629241022940116
0.673452442080673
0.445275993773067
0.472049497149539
0.586630354070682
0.51240826288955
0.425320887341636
0.49134729977941
0.462607760623472
0.533235301198292
0.488800747967109
0.647857222748678
0.358474407296838
0.610112422324633
0.587718706253821
0.46090727124824
0.630748345709595
0.553025576966359
0.592127604674087
0.657778431076897
0.530883957811362
0.464526517087867
0.46336810778741
0.602860610847788
0.469124251874572
0.478428894482267
0.609281729799741
0.584229040682335
0.499686278708455
0.573852616080768
0.496898189025505
0.749544345541971
0.70735553723109
0.401908093962865
0.456229256890992
0.580688462036599
0.562018939798743
0.471829788539645
0.356873046278705
0.459998767867421
0.54643580663574
0.599939040553686
0.588756589654413
0.436542783062784
0.706353693586057
0.638357485570797
0.573462472569988
0.564801429770894
0.683103467886645
0.42477912901608
0.351979295381903
0.548157457986871
0.534658826807751
0.536994807231534
0.464995297555203
0.435852554810103
0.576455910446807
0.557637783550162
0.845018150656852
0.677694311128532
0.569643514552645
0.631105023797706
0.704986627253237
0.622440059000466
0.67487337079747
0.649417208840118
0.589893010602283
0.560650282559249
0.564706213966694
0.664229160374794
0.521880132509981
0.681881080037793
0.698911872605307
0.667438228822505
0.758758289516455
0.581495374870207
0.690909820742696
0.634505750657144
0.654910715839248
0.57602161451869
0.740092796867289
0.835497425106257
0.822925118033051
0.642183297789633
0.619158697385554
0.660237657370358
0.813940734925297
0.654859300060656
0.706610550233484
0.697512870696972
0.658382560010021
0.570256944850378
0.606109248335451
0.648862257858658
0.565418590915695
0.793553943871527
0.57309080588296
0.626026823938366
0.479035156419338
0.618484559564995
0.649094704042665
0.517214099393875
0.668633850465423
0.643022054647738
0.734507478329037
0.623965719516354
0.72369167980602
0.639857611889919
0.541274177870059
0.605569881866021
0.736429383793425
0.799041397701566
0.830725579949745
0.735528766468156
0.73334833904786
0.765456419468759
0.655538126889983
0.601431492244042
0.752042937506444
0.747309134296962
0.744174127909057
0.76570153344755
0.807161312626394
0.683508807197354
0.79563063654039
0.822700114002486
0.678613326424204
0.644102807694012
0.682128608520494
0.718405529857149
0.825515763106413
0.854984503057734
0.574632526848019
0.705447689335713
0.881583628048415
0.794011787242925
0.806832206151617
0.651057277541299
0.861001600369834
0.793293247285362
0.804986176660382
0.757413496939436
0.810721503783428
0.901144824607985
0.64885773993404
0.846688555647494
0.811879679310693
0.780503768429504
0.728398208725672
0.770559330069255
0.877670119401808
0.801920354150892
0.822001448580557
0.786754075037914
0.777300024123483
0.749727710577245
0.761228588349468
0.844471523190382
0.694289041094306
0.581561212751595
0.972745910344278
0.692210752374959
0.891563837331024
0.85695140826586
0.868295721889877
0.697984860109526
0.840904533150247
0.903821246735042
0.750851034877617
0.805132401594089
0.82588966441716
0.894474881150898
1.01769767877548
0.860306246772347
0.656455737904561
0.757202042356614
0.813623186052035
0.902675526779778
0.783528716241468
0.850020789133034
0.850073581229985
0.834932716080834
0.712607647028524
0.899424920161227
0.834726297057312
0.982063691827001
0.898153104217368
0.743979244744561
0.964091671739645
0.85371359999086
0.833354298794788
0.740725570199541
0.844495436977694
0.796498531213874
0.847595607818535
0.926929784427079
0.849331182288352
1.04168362940616
0.860786067198294
0.87410733000463
0.696108516575095
0.964720891686904
0.954033550381041
0.942225230852764
0.845808081049047
0.945607505170362
0.849155014431651
0.828661798928068
0.824458429386886
1.03829141941827
0.949703630979751
0.876971286101464
0.913793606624978
0.874638846055175
0.912455530584381
0.946330441967877
0.945000192935396
1.02073519548759
1.01646295497171
0.89197005134561
0.822606899025884
0.842108700664262
0.902435133844549
1.0192054950172
0.932887700865164
1.00991685325978
1.02980269688442
1.01292123718338
0.888495388361679
0.83233541182265
0.884411630295533
1.00156108975324
0.862606490756278
0.940202845257447
0.956715619263934
0.921270155784496
0.865568104628192
1.057023043803
0.915810538601042
0.78019733474085
0.881794302557166
0.882336177234799
1.00991140767784
1.03426010689125
1.07842083927264
0.947221811777245
1.05741137813719
1.10165185614902
0.972245152767543
1.04725095759203
0.992848516015331
1.10195881667869
0.986589355703698
1.00977615450076
1.00525581124378
0.926274685466563
0.945889015023257
1.12081105825499
