-0.95476063036688
-1.01742701577361
-1.14844766595156
-1.09762077803414
-1.05697036984095
-1.0140997044932
-0.907890785717044
-0.886941313277529
-1.05736558695581
-0.959268555290487
-0.936809325920202
-1.08661378614488
-0.927393068533184
-0.87697976785476
-0.815063625339893
-1.03867676224718
-1.07324556368518
-0.91948074524883
-1.01406870095564
-0.815126502059353
-0.844599095241921
-0.881703524810074
-0.974579578894186
-0.988201165958295
-0.847281274757449
-1.10389943732872
-0.97697827642693
-1.12249633715393
-0.937669018490137
-1.02228629494703
-0.90855021933062
-0.876857885313438
-0.948714168423547
-0.990043471154418
-0.882090411261573
-0.986152550994066
-0.883297471795602
-1.08984492341402
-0.857372007150209
-0.911208906901667
-0.970278867325261
-1.06049154737627
-0.958531028209205
-0.948811030596779
-0.880670703202119
-0.936304179116816
-0.912329407464216
-0.689468423408189
-0.887786449149169
-0.959179844363788
-1.02501656524626
-0.886847789893498
-0.823009148448052
-0.82444742977047
-0.876117664419439
-0.909513963923291
-0.83323029165471
-0.872004194787607
-0.873783540256672
-0.788161721713453
-0.886191320449589
-1.01969235493162
-0.899684026413908
-0.822671108690217
-0.915995132117801
-0.875573047556297
-0.808015388080509
-0.888411520720049
-0.834865547928249
-0.969032729762585
-0.696181077112873
-0.732987530345432
-0.996093691107864
-0.89945233693901
-0.777285699996879
-0.861937561084336
-0.970570309986658
-0.741326996995835
-0.884837138488415
-0.794166219487653
-0.845115850329966
-0.774622490176124
-0.960796567098691
-0.74746581362716
-1.02774998155508
-0.817962543527477
-0.996325598913482
-0.831544408578056
-0.73814667121041
-0.735545340945295
-0.783764919371438
-0.807466025328623
-0.832285600037454
-0.834690419403458
-0.785798702660853
-0.771030631864531
-0.765764885943581
-0.688159766651065
-0.895891455609694
-0.700487028972587
-0.749772543515204
-0.817703975414521
-0.590237443887891
-0.696986577703248
-0.768817328306543
-0.79535138997151
-0.733179111520158
-0.684577652332495
-0.837156309018264
-0.741930036072791
-0.609685360237856
-0.83871862658468
-0.835941465508686
-0.780140805693923
-0.866672934754548
-0.850194290477836
-0.757673120548861
-0.769128988517402
-0.62153884576284
-0.780510991756697
-0.647198914182853
-0.888113922123381
-0.818901750265
-0.835128677478471
-0.849336370698406
-0.674326522144562
-0.888018928201077
-0.740806835482216
-0.810745850725139
-0.692393205435254
-0.682541921019811
-0.724494266556656
-0.672110822043923
-0.847811268091571
-0.747546563244788
-0.752992643471665
-0.668586003760737
-0.771048645834156
-0.666914884480546
-0.654005047339368
-0.657302176215025
-0.572130040405524
-0.878216327848355
-0.551791736172369
-0.658934719569776
-0.774516525335828
-0.784233738496709
-0.684491272479954
-0.65981168834207
-0.633083889596397
-0.578663429490817
-0.549603981244452
-0.654650287981871
-0.7644026894015
-0.725657234275543
-0.651437085873639
-0.694096916844744
-0.611898052968376
-0.688038404864907
-0.661090921487963
-0.780316337310361
-0.626985474328449
-0.684983470429343
-0.574626777499975
-0.587783707529612
-0.756388690359098
-0.730767071353508
-0.622219071190229
-0.731764712020853
-0.727196619199976
-0.58476066604567
-0.639230868033134
-0.538205885970712
-0.678919035339261
-0.701584407249742
-0.640591607086255
-0.712605092198641
-0.624134769572722
-0.804619656705994
-0.634967360960078
-0.723558356110061
-0.617851725726303
-0.642945775835787
-0.692687034748178
-0.656374828867474
-0.610607314030169
-0.627056379494884
-0.590301122803323
-0.63499149163886
-0.759980321433024
-0.636921922586955
-0.743125090174665
-0.48435349096617
-0.637574106126858
-0.648753834231044
-0.599993796569594
-0.667045708527064
-0.552007025462251
-0.61962049266706
-0.705072168472878
-0.696553981224374
-0.507844079582769
-0.552329757993575
-0.502126702979186
-0.662633979392333
-0.64647223079172
-0.389395570327186
-0.589844113125086
-0.47535277348929
-0.311917597557097
-0.487036287231108
-0.527109162853671
-0.638378828820322
-0.516823003601651
-0.617505149428573
-0.543108789280116
-0.359190871770175
-0.512082942964068
-0.734836752015256
-0.7234483506152
-0.598360063168431
-0.587461505275586
-0.411022780580046
-0.806796602263108
-0.70713416802024
-0.609700120917918
-0.455010303038167
-0.505110746118963
-0.377143558634396
-0.564118570314441
-0.654651685758372
-0.658552291324033
-0.604269233393307
-0.596190349935031
-0.541279579302716
-0.44445340834939
-0.707539168269371
-0.449493695056492
-0.521016824891326
-0.475480935873829
-0.53078968070329
-0.578963595436456
-0.48828610435763
-0.578350107695817
-0.578147001800574
-0.33809362244524
-0.536062587549788
-0.400652260775333
-0.422307806390938
-0.661397048507701
-0.381444211031956
-0.483763927222374
-0.415648122479716
-0.386906564334307
-0.630159836627362
-0.472772637151695
-0.484995692477597
-0.486386915449873
-0.47146566839838
-0.387347523007674
-0.567817492525273
-0.511358927127604
-0.245473410335364
-0.522385507595444
-0.629556879806337
-0.557074453781762
-0.434012135169898
-0.541307979817031
-0.549312628994519
-0.478425797602738
-0.453158096985462
-0.347017480401938
-0.430292633902245
-0.393629609139163
-0.427895437695221
-0.679347536940332
-0.442817128721982
-0.470159895079924
-0.458841714639322
-0.465043778807001
-0.439843663847284
-0.442620182866902
-0.501907559794598
-0.415831035135461
-0.487777313713603
-0.499965050029347
-0.369506862497689
-0.434786449089109
-0.364492941992975
-0.624382078426173
-0.483079034960618
-0.374594441030444
-0.607789472228496
-0.433124821942736
-0.368490360481985
-0.460867458996393
-0.455219605145596
-0.440619439222429
-0.332181784677338
-0.559258236043619
-0.461617749906101
-0.45387155489286
-0.325751490847943
-0.398424390276619
-0.238533239175548
-0.378356356038107
-0.565572095143096
-0.175654653479562
-0.332334688997894
-0.302721874181013
-0.345496325981579
-0.330244755147051
-0.409202975030308
-0.241747660440995
-0.390747009498054
-0.359603496214014
-0.342762846220508
-0.168583248977556
-0.436479237256755
-0.41157157318177
-0.313053069123816
-0.355309440674253
-0.322760024941174
-0.440256266774102
-0.433227439334965
-0.39792519665143
-0.198738585392901
-0.253320954162556
-0.386177424507861
-0.481242982658362
-0.187522296085448
-0.228024188972876
-0.281738303910694
-0.289426740708361
-0.28684491311154
-0.363624031947258
-0.277061870389105
-0.271779766472121
-0.34098576380888
-0.231564720291864
-0.286526693262488
-0.258857289741701
-0.365668318996122
-0.220480240866497
-0.350816238414645
-0.377954743899298
-0.280795825417161
-0.374934192061851
-0.287490375174637
-0.415788643437573
-0.21369654771022
-0.294366017651012
-0.308137323053353
-0.164016331107786
-0.40952371072001
-0.300725219820799
-0.270903875875868
-0.31594421481054
-0.264203458962321
-0.265805727805118
-0.258228357953552
-0.356514433853594
-0.286636800578778
-0.135519226460011
-0.185389290769216
-0.284373310776921
-0.32438739751229
-0.235525383643995
-0.202944155640132
-0.29792291797353
-0.210841997398735
-0.282115768769383
-0.152125191650514
-0.160571911019523
-0.272823746891871
-0.289850483002909
-0.173817863083667
-0.331794757373762
-0.172592250579157
-0.227479689391086
-0.241163780576903
-0.311720871607347
-0.148205071924584
-0.211452258136588
-0.211205827203544
-0.269210055808324
-0.305690718744148
-0.245556964548613
-0.278230607350194
-0.189986065419324
-0.289290355712584
-0.153272249402549
-0.219881015899754
-0.258641545946079
-0.259301968823591
-0.251187331181668
-0.0356246751353818
-0.317258376385378
-0.25032342546943
-0.0188801734905611
-0.151910489965384
-0.333754384626952
-0.0702016659037914
-0.160167819648427
-0.301391947551004
-0.26766252845153
0.00820536376474112
-0.317832090328208
-0.215163234063141
-0.0784908517537424
-0.179238837574571
-0.112124493241377
-0.181060865986988
-0.182247059684982
-0.130665682401133
-0.128076652650287
0.115392890535475
-0.0495667707097542
-0.0692193435208345
-0.165331981448085
-0.12384547876918
-0.139173190268208
-0.167391880712941
-0.130288165183404
-0.125114080282632
-0.209262604682802
0.00200001945596377
-0.0501160607656728
-0.0499968524884977
-0.186895780058814
-0.225237905305273
-0.143114550988008
-0.101736687828816
-0.0812720511390683
-0.12804363779829
-0.120203735144553
0.036711590535818
-0.0634057912192122
-0.0884978468333013
-0.102710436244571
-0.128746856517194
-0.208664283139158
-0.240760656470313
-0.192277474395187
-0.182750228218802
-0.194298330078465
-0.145397571898995
-0.276647108371539
-0.222628290726494
-0.122516852375959
0.0695070007155396
-0.0708983432329164
-0.0282653685566424
-0.139570058268437
-0.0282902742416991
-0.10720674102774
0.00801813628220393
-0.125776739963952
-0.163429531656455
-0.161657778488351
-0.0698689602897951
-0.000267850012322982
-0.0734406238667802
-0.0443550839194234
-0.154333873819014
-0.194336154713177
-0.141007357182789
-0.0101142609755714
-0.0334148604874578
0.0192253935337939
-0.0730407016169213
-0.117145618570864
-0.0313613392442192
-0.016944241994282
-0.325308785520376
-0.120451472014189
-0.247009449284218
0.0211580394762862
-0.0537105229641974
-0.0387125941428918
-0.000388921615656793
-0.0986553981947758
0.0456917749007147
0.0208981568111465
-0.0330055697086245
-0.0135009783093725
-0.191932135076266
-0.0221606564102499
-0.0768242011142475
-0.157686744746093
-0.019212855613149
0.103121334005592
-0.0225113547562669
-0.126723711664864
0.0818037627097877
-0.103668964644938
-0.172715536034664
0.0275626847390724
0.0076160398874625
0.0183023523059441
-0.0342977268500714
-0.0125175340315998
0.0457197225608919
-0.0166817387315629
-0.0727031118003686
0.211259735118916
-0.141742756277168
-0.040368703697357
-0.0351555938370086
0.0625488184203384
0.0397738141805569
-0.0485467295353422
0.0138951243553568
-0.124900228885777
-0.027406224396726
-0.0156986238634226
0.0591138421234179
-0.0148543812933406
0.00441546146143175
0.175110550666934
-0.0762974855022032
-0.0247788627764581
0.024332993438068
-0.0730383229676566
0.00255011154918203
-0.0323253474909516
0.187062909486392
0.0776112874592889
0.0574869078784875
0.195660015571279
0.0417076554993825
0.0361537713624817
0.151846994570848
0.153800645298578
0.113154933343497
0.191470817735533
0.109727923276322
0.0640285292529198
0.165307850190142
0.134575106200854
-0.0505611579141117
0.12025560753003
0.0796506588169647
0.0496542860286221
-0.00269875379421799
0.116418255971726
0.0912254272254481
0.110317013757931
-0.0033883579745131
0.0884672431047513
0.000771937305165738
0.184251182435161
0.117871509693141
0.119753445961662
0.192667968294438
0.0583672864987958
0.13198892149576
0.157222326682289
0.124632833873405
0.22093219898179
-0.0164144881870655
0.0240302015257145
0.0838153931553842
0.037679679639206
0.347907342080348
0.242753771221128
0.239305012079129
0.0237533540755206
0.164642781625035
0.027254465086722
0.142755749772408
0.265651830401923
0.000931387974903496
-0.00189406452008645
0.114900553143692
0.197787899860487
0.141443394279263
0.151213843480445
0.201737001734603
0.244794324387722
0.182267394529611
0.206583112228425
0.0820014118280234
0.194404488105186
0.0759827127889444
-0.0133453742587742
0.120981818591922
0.100631054561705
0.183995458121278
0.278690870529024
0.211266785588998
0.184588678087008
0.274094607035877
0.17302469994593
0.172680887323409
0.176407528874068
0.219520946776546
0.206544124456169
0.145081423117235
0.101097887527928
0.207731329396037
0.236807377419843
0.22405912747052
0.352842110441748
0.259201806033889
0.0198811777568923
0.219970113528565
0.221446046420865
0.373858026161057
0.134645304124467
0.248763392327864
0.28472856488529
0.155018998781391
0.386324440307106
0.285774371900623
0.21487625144126
0.254247709076804
0.148278553802595
0.306578869578542
0.428689994761947
0.349714583434281
0.16460192916084
0.268887127310066
0.23058767433916
0.309498059776483
0.274043644394929
0.391690361386601
0.180360320488069
0.316266692301275
0.339187551541186
0.201787585299564
0.201637066938916
0.252323560547039
0.340928085628667
0.249824082675457
0.426214920555912
0.286816388573947
0.444976264640148
0.255560255079226
0.251646276148706
0.280486122114913
0.267424576250454
0.228236509485145
0.254994911708266
0.217287617743732
0.369663579584576
0.40487568120981
0.356201365610199
0.24694623414586
0.444243750902068
0.508214722771452
0.4049780451318
0.371326504315573
0.359909525519485
0.0699267356900038
0.357561797055577
0.390381834888887
0.189779982578331
0.443847389151353
0.317741619021008
0.343424432523806
0.397271000643604
0.306868368281854
0.416206836321793
0.277488961319107
0.342450799937757
0.288974433887771
0.298878119675938
0.3847241237018
0.320905949748244
0.397043504325805
0.371533180894499
0.273888028847178
0.438369497725425
0.315424726171653
0.257237695431479
0.322335846096388
0.368057056580949
0.382903268350095
0.460216936632125
0.317580189822525
0.381398707304338
0.375861532225192
0.497521147450109
0.430625556120317
0.390723557352099
0.35762899830053
0.43072746862471
0.347066153872905
0.371035618541524
0.49454475674133
0.285615625383723
0.462915028238186
0.406725262621016
0.392652839818958
0.374097262067053
0.365643314635016
0.465172722445963
0.411930689970757
0.499669002223881
0.326456517797904
0.275951739354234
0.38144821985308
0.612751400448679
0.381969512671017
0.552937257519411
0.354656886807393
0.292114738706738
0.352812784318718
0.43495169354447
0.405019382473336
0.384437051849903
0.361406916149805
0.461997605865582
0.453946746311538
0.625239280995184
0.452544278761513
0.485841431684231
0.485346308169742
0.377036470717743
0.489209532769684
0.437907126576189
0.377440273951601
0.557056491870648
0.619042151107306
0.274499143187483
0.515104117767764
0.455402828854378
0.605284415868831
0.308399326097401
0.425233841730122
0.542907342064515
0.452218160744636
0.525150493763913
0.515721954166216
0.375177660649419
0.555345390227033
0.534446216067317
0.533067832386426
0.271995721367847
0.437168799660935
0.412361016798995
0.346695404617318
0.59433261946313
0.412229467644233
0.46933746620044
0.536873103127006
0.431397808610163
0.349003207865569
0.585567967650379
0.457966894510686
0.403082055888047
0.553567430699097
0.470326844963321
0.483044823616874
0.344290234036547
0.472838160365026
0.550729563689186
0.48462384948568
0.539118048090234
0.536920446543792
0.454236096555473
0.457773087961727
0.585290288104284
0.427156310762625
0.530219995520781
0.531596632695689
0.56711216470888
0.514623933288567
0.489041559490705
0.49361561617739
0.406479202857361
0.526273502374718
0.536566044760129
0.64536964423047
0.646561832688756
0.59663377391966
0.356091082157082
0.561493222312945
0.520879435604763
0.614369250047329
0.483624878844183
0.492264047839102
0.600761362018138
0.57923506324545
0.44241725814241
0.567088339030584
0.510963461873044
0.62536397382353
0.540489972655678
0.477310065337498
0.729452165325378
0.61174392872155
0.612240971266281
0.578349794406432
0.627623698665946
0.531391949652243
0.602602290404736
0.461410864017612
0.659439107967066
0.567230921753547
0.566125415222378
0.646286667975318
0.796833751142449
0.601034810912463
0.703583485691218
0.548820043370561
0.546803172921162
0.672163689534432
0.649602272274255
0.767863718731183
0.738747163966711
0.589836825314026
0.628480437123211
0.712364415882924
0.520268584998732
0.674201157972866
0.554305398676294
0.577924042676606
0.54996863420436
0.531279189490931
0.62505970083171
0.51896228573721
0.626682678865379
0.791609725012207
0.566792509042915
0.732757172994678
0.76156707665878
0.676083813244164
0.664786435160369
0.621644902823341
0.586084938007693
0.658131422919251
0.808495128740441
0.650399313530261
0.554460226089517
0.697933226087259
0.582813032163673
0.504481026857378
0.638477891913501
0.613520930304082
0.765315776966535
0.693600410352546
0.598681455689639
0.543642043864907
0.617467710489079
0.74188831228949
0.664657318144446
0.746501372803119
0.689379168513979
0.724626813584998
0.857389263299313
0.84197858709941
0.56109900961675
0.776189317003041
0.698319756178604
0.798961356886634
0.656498575271956
0.708143862901285
0.770066959826679
0.744369741404699
0.73885869996307
0.723434004399607
0.683279795175457
0.698395155739963
0.774722413096401
0.709264638794722
0.692656113839791
0.713382228635703
0.641999592512998
0.728413645990562
0.756418444877388
0.692005873393041
0.698928544522064
0.666823693966104
0.829707368719187
0.696975213197454
0.663931411650631
0.728652842528447
0.592879128648909
0.678815346141929
0.739790221918069
0.731092721867733
0.741402293913784
0.625426937434008
0.648136481578952
0.639158402043741
0.777654155654895
0.729830730092909
0.870758933487449
0.780785635953327
0.741502829567699
0.875794508432078
0.691588840684144
0.729983492290663
0.781799979943551
0.772569646757064
0.776387562906232
0.89312334540962
0.772195650691069
0.824037530641355
0.753433591297947
0.816038794322974
1.00045323222887
0.912617264664063
0.851534944786064
0.82406247084284
0.929976577835775
0.78919730724855
0.804445240890054
0.804425833074268
0.815702157871622
0.947609672139153
0.784197358905003
0.78760477091212
0.837887454728495
1.01368162766977
0.619449197631945
0.838345213463166
0.767928983346138
0.851868623065703
0.822019853956153
0.815967758110047
0.77980158873984
0.924033875279822
0.61864052038074
0.930127280941607
0.848532731322365
0.657992516590859
0.911958435366203
0.913765055620557
0.946604494588915
0.869997888673577
0.945128646838513
0.7801956136902
0.798500170557854
0.885893793240976
0.99524217158987
0.905411906265887
0.847818803573157
0.99838514444168
0.833828783303752
0.779014367960791
0.94141751659147
0.956719536350852
0.804595325393824
0.822330404134345
0.88221714560282
0.967180995636808
0.932400255769389
1.00680402089739
1.00311984406187
1.02428602585684
0.933267923241341
0.825582879687417
0.91792561042958
0.96613382338607
1.05518728147871
0.936959471267539
0.943819560332097
0.985450951319958
0.944141278028144
1.00000779038451
1.0840898870934
0.915611604212502
0.902384336019511
0.847915015929107
1.01110141786227
0.953393884213469
0.936069936789671
0.906498953854628
1.06425961723814
0.967404116526887
0.952529800338407
0.919184807249202
0.936157912616962
0.875352959958708
0.926694328513107
1.03258795552491
1.04225467918044
0.826628387770125
1.06556567343743
0.982784707608363
0.827872451548109
0.926480256818266
0.936310456065381
1.09072442306339
0.983278438365789
1.08621955175196
1.01182464813622
0.926866780335792
0.781777664148168
0.98956309626709
1.1035965393569
1.1207798186323
1.07451473645528
0.940765950279799
1.10024753460508
1.0423030354704
1.00025593345547
