-1.20096889348342
-1.08277991972309
-1.11854188913922
-0.896511659003986
-0.936916596670081
-0.944879954493744
-1.0092947479272
-0.890916346710705
-1.14457486565889
-1.01204413472813
-1.0010889644942
-0.996122931395723
-0.92295277483643
-0.855363426709228
-0.930765222288847
-0.988827499786742
-1.00765745996175
-0.970209729842976
-0.961469606491032
-0.901729483346886
-0.935717609173644
-0.98412481315283
-0.852318293609996
-0.912147663424561
-0.985333994829347
-0.83845187386961
-0.931475726413424
-0.889863620987536
-0.931017339217836
-0.965213831408425
-0.98133122454188
-1.03821557435375
-0.904979343236744
-0.920097551378852
-1.03365580366428
-0.939346803269502
-0.908855114338705
-0.914611002586942
-0.821068451705204
-0.832269292767114
-0.894465239556129
-0.796843321987144
-0.814859608506723
-0.819059058698822
-1.01128141404406
-0.910752448966607
-0.898802398344338
-0.95798398519468
-0.882202071141713
-0.885337479174652
-0.79365519766221
-0.993723922822759
-0.868842554605088
-0.883277170158358
-0.902107168911769
-1.03726429469211
-0.899354471360815
-0.918456895582439
-0.95655050089793
-0.915975892281423
-0.720499580933665
-0.945564141068938
-0.900458778643121
-0.765970901403162
-0.796887684754547
-0.699199356067939
-0.89154599569284
-0.85217973660347
-0.820021895351127
-0.834774740790011
-0.845474171547912
-0.81875538108341
-1.06863034193669
-0.937358665118002
-0.931550978773193
-0.925742450965953
-0.851440115272063
-0.713531704165703
-0.751811959459852
-0.840675042051835
-0.832542671160726
-0.851936415001056
-0.862596360718491
-0.831155598881153
-0.79782364131288
-0.723383597810134
-0.794420639605983
-0.879860528696494
-0.864071099785878
-0.815182192467083
-0.730927277925333
-0.721656124573025
-0.766776141385227
-0.63146482921296
-0.815855309538451
-0.906749762270342
-0.837762028551141
-0.705814900104016
-0.777785062507823
-0.730484188651045
-0.877603633014452
-0.815760731140813
-0.825651434477642
-0.877983407257732
-0.813045086413911
-0.879717658074187
-0.797383624774356
-0.81394072564899
-0.81597401274543
-0.77538265013729
-0.806570536812358
-0.806892863812218
-0.792211216063864
-0.622748924178573
-0.781716332736436
-0.881623025575937
-0.655896174690532
-0.704646963218707
-0.620920127303811
-0.668115496195667
-0.660130371839756
-0.773312405830156
-0.694160242138878
-0.775822370500417
-0.722400838004359
-0.677071079606677
-0.700334370713577
-0.590161298138276
-0.677875426430743
-0.781403942326415
-0.686509717208797
-0.85784391804017
-0.617057311067669
-0.636065492370486
-0.73625303830015
-0.78137951678591
-0.729297473516154
-0.741637305668886
-0.662026511024396
-0.778195954214582
-0.679988873551432
-0.743403600103294
-0.786225044283772
-0.877891454798011
-0.64571254898529
-0.764235788190854
-0.650827873454436
-0.734158875360042
-0.760908380089932
-0.745606626252495
-0.56419356842632
-0.660306705576905
-0.758813282545105
-0.587582941451671
-0.775401128001694
-0.705677782403831
-0.578722267740735
-0.723111525617524
-0.770344155756038
-0.751891498200227
-0.69826111472153
-0.807011767666961
-0.599856393457174
-0.587530395847932
-0.68644167126679
-0.560358473909412
-0.564611012189383
-0.720713458823921
-0.552746366804579
-0.762722102699578
-0.716101961213865
-0.666155450737378
-0.735922895179036
-0.532589614978762
-0.699740501941007
-0.650089951302364
-0.672767579807567
-0.595664431120775
-0.684512776055064
-0.668792733453608
-0.683999402533131
-0.602874579571934
-0.613643327602636
-0.559842146175767
-0.686675062463622
-0.612631169928744
-0.605027961854753
-0.653390932935107
-0.674051868832786
-0.829334520731424
-0.518749709970688
-0.676585962442585
-0.65628057180327
-0.644983398629596
-0.639400351545608
-0.672084217672319
-0.566125040915652
-0.736372212049828
-0.548937437909064
-0.57814806767405
-0.601455361950113
-0.686012958506552
-0.638505667406784
-0.656242897334996
-0.609083503317766
-0.673196076965017
-0.42151824464593
-0.519172976518482
-0.747968814244261
-0.659775499585795
-0.558270755148874
-0.47543671913594
-0.530051408510158
-0.504153172229563
-0.696098133098058
-0.44695866821303
-0.403462288584212
-0.709053378452339
-0.618833218669831
-0.535907559075436
-0.533363317123457
-0.49103853227516
-0.641105527207346
-0.413964015723479
-0.487570521519765
-0.652562845914425
-0.691545441462695
-0.473832580148318
-0.38732394838641
-0.439179188205017
-0.599386406734044
-0.552608770160913
-0.363472455578689
-0.571074658901279
-0.511425659933993
-0.564296531386388
-0.575992326515116
-0.422189293857854
-0.581225513368518
-0.528498463479658
-0.565942606632654
-0.399211561814909
-0.567735335093076
-0.478141722462382
-0.391182776519939
-0.522425463683633
-0.577954776752646
-0.574268798388086
-0.438979017471968
-0.475241436428676
-0.55710433046413
-0.529437112531308
-0.51312600455344
-0.53791618309551
-0.67232671728728
-0.479013880595747
-0.428097077884049
-0.359955984064859
-0.481600534603844
-0.542318742615772
-0.463353063571099
-0.443043655752915
-0.541901042631689
-0.39426567043493
-0.485194625114202
-0.406643961094184
-0.450875580098925
-0.474471124239366
-0.352233587253494
-0.347355167419967
-0.491539298926449
-0.537730979980327
-0.47293984798227
-0.319736027655163
-0.467727179449972
-0.427726918312194
-0.374960379020518
-0.525720739724167
-0.550108444751296
-0.454193843870217
-0.315538331988098
-0.378183659623152
-0.542153637745676
-0.431087987111468
-0.410883550557338
-0.375766272878059
-0.449764858209912
-0.469019668481354
-0.30648973991006
-0.365328507852122
-0.409049113620874
-0.590459252899078
-0.393026209619252
-0.413426423613341
-0.428109473737805
-0.317004346105682
-0.547396874483656
-0.374322361440862
-0.477734644871832
-0.490406089413498
-0.345901832042002
-0.393539568011233
-0.347773104696003
-0.388914244773036
-0.235695698612359
-0.248817502709411
-0.364302990848049
-0.425214505345732
-0.312824071623988
-0.477224873562519
-0.335055645940871
-0.57422594302727
-0.483756839741564
-0.259789447156599
-0.403541463681276
-0.293900400673279
-0.392534916874413
-0.528903280637337
-0.263458330393189
-0.305048663561968
-0.296083269504323
-0.358396250198499
-0.244039785808168
-0.193685944479723
-0.333256185042807
-0.333617252452299
-0.369781853494694
-0.30717289418609
-0.465705317818192
-0.332260688012835
-0.363413589448209
-0.320894274032799
-0.136400583016674
-0.394308028125911
-0.464087015079739
-0.416839258549492
-0.345579926752079
-0.374611789392851
-0.283572534052825
-0.400170835259791
-0.309292794741524
-0.404301008267551
-0.320886962695437
-0.246877866056618
-0.323608590636014
-0.271415755610682
-0.429001875731291
-0.296278052193374
-0.2556588413095
-0.272103947986527
-0.490324482588459
-0.36649946751293
-0.244565983642347
-0.217469686164587
-0.304340619475939
-0.331899073574797
-0.290827352502685
-0.361813645760931
-0.188578472580353
-0.315757092917498
-0.249176169714232
-0.400441687638135
-0.349176047056026
-0.334377577750038
-0.272583716413021
-0.382297508368414
-0.279139275184663
-0.253287550251896
-0.124558767516236
-0.124512487852916
-0.162658013864619
-0.304784856769261
-0.297898731965667
-0.204984576318227
-0.309236311876954
-0.173744762529426
-0.278460968985306
-0.0498985903071444
-0.278074305136385
-0.433311198104016
-0.326193553810021
-0.222157482195983
-0.182908897379056
-0.392223711676671
-0.377364258883482
-0.264737910497602
-0.169598922506284
-0.146748857677632
-0.233340374773828
-0.178934103705219
-0.282583015780627
-0.139071563544641
-0.15252419874958
-0.375911271665478
-0.161512354261714
-0.300261213073799
-0.182532589441214
-0.190581436041782
-0.17984091182734
-0.215489960288492
-0.119391544913433
-0.19583962204283
-0.329841326646621
-0.200818561909898
-0.0661281046932284
-0.334643563494255
-0.170339387908479
-0.194451482312782
-0.0118262045472341
-0.175494499143571
-0.171615498603639
-0.0853855777515019
-0.245836333542617
-0.203523855186155
-0.178713574494719
-0.373899257147198
-0.0967811328171602
-0.303936975957414
-0.144971472191145
-0.0854225348787525
-0.253872869538537
-0.137219982542612
-0.228299013223053
-0.247850170030763
-0.260644144173472
-0.115362838372984
-0.140256365459605
-0.0361815545499333
-0.168533096385814
-0.0622115310236243
-0.234112956851816
-0.28768738090116
-0.248524752910706
-0.181671106158409
-0.240321861342907
-0.0769392798488133
-0.179704239087249
-0.0109228713239374
-0.0683617214262584
0.0460153727074591
-0.0159052000868387
-0.1133197228486
-0.00884974973921192
-0.191374897592254
-0.17876627164455
-0.126259848113895
-0.107502478689688
-0.0179147273176346
-0.205875948154178
-0.0744713344815634
-0.113795772647683
-0.0121440607704468
-0.198135157881778
-0.188323085697996
-0.159104496328796
-0.0495110535074368
-0.0771433640224201
-0.0269062307215829
-0.181166971075348
-0.210245140383417
-0.140526080410047
-0.0371799411391959
-0.168754080773423
-0.171694776123432
-0.1367840674629
0.0405293213108684
-0.0871060061459163
-0.0504333415298404
-0.166407249120798
-0.160381134942629
-0.161717031801309
-0.140502306683236
-0.218171619202984
-0.125248039906306
-0.0699328554304505
-0.110097347289115
0.090804065686653
0.00251939055461251
-0.141087205601821
-0.105023560080072
-0.129269089478348
-0.0298314867732465
-0.101813463257259
-0.183047819614072
0.0930577259611927
0.122564432470516
0.0774890169288305
0.037744941080217
-0.176568491865153
-0.035146738504107
-0.0542117107371636
-0.0339580791136407
-0.0223915369253838
0.0460212336510791
0.0379584004587199
-0.148615432835319
-0.167761904986603
0.116764125559133
-0.100562075356955
-0.0109684334184409
0.0617344585988331
-0.111233491424169
0.0575222030341914
0.0523886396274755
0.0207466526491815
0.0493991473828622
-0.0932166081835724
-0.190869310887216
0.0894275319785442
-0.104552352172396
-0.0401336961668578
-0.019140952782256
0.0818234927426866
-0.0836388367669984
0.0237950655747929
0.18092927261665
-0.0441045224036614
0.0472748763362344
0.109106346789126
0.0806036031405128
-0.0248912811647178
0.121203077099605
-0.0198717415580676
0.0371537671382726
0.00637602821893154
0.195809599708446
0.154484862651593
0.132374519565953
0.0447807713733964
0.0826685623099817
0.0970765359478205
0.0550175915676367
0.041801447802039
0.117123458162883
0.0366382827941899
0.128773490447915
0.0248765130655419
0.0110308002029688
0.115938323960782
-0.0148492614820681
-0.0164975316598607
0.144868266778105
0.0938219791010421
0.0144958225709546
-0.0558720032599533
-0.010300719703169
0.192212028275646
-0.0276697478345079
0.139572312336426
0.013195885959462
0.0378882603752824
0.0744816473927889
0.0158159282799552
0.178571300610283
0.0887351139988801
0.24160026929063
0.0421395688936354
0.180056828799864
0.0280878031345868
0.152122725103958
0.0243362799478009
-0.0967477344910804
0.116270224443675
0.0880891195691522
0.211505606028762
0.264346219130591
0.226712657575758
0.0263875667775833
0.126414217778771
0.251091778081794
0.117287608528613
0.116302676784242
0.123727515200566
0.104435432807017
0.151796050102128
0.151451314816091
0.0342004975655296
0.124251837695162
0.1970200678455
0.0607065326648986
0.331759147602525
0.0237726392579403
0.209092638054109
0.190177780420663
0.168578433657856
0.122935105488244
0.229144618762056
0.112857248520445
0.14152628964101
0.315872888118149
0.308979686016117
0.279696454049103
0.11716408486131
0.11163173387292
0.120309168059668
0.176299384407716
0.120893196434811
0.198037966236601
0.139055373719854
0.30574021238964
0.0973089550409613
0.0657516241111405
0.207446699637076
0.162726809838606
0.374702974184814
0.323643443489552
0.211492634941592
0.348372040048527
0.240328216419227
0.232205410249954
0.257571098893067
0.224970958529015
0.218370745010406
0.136817795220276
0.231229444649664
0.316373154614214
0.270380733855959
0.229060195035716
0.349232248631583
0.241706080443769
0.344645266717011
0.207014258482757
0.153985158210635
0.239718344491957
0.282921181654993
0.275009442068187
0.168488421586147
0.344610131895207
0.227237036282238
0.280598865083235
0.289265116755115
0.124559440466079
0.0816073661248099
0.189773589796569
0.380791534726526
0.253636688797514
0.243645132800954
0.315271023455261
0.358353639075657
0.193988737845939
0.0827611980297783
0.3887998280989
0.296287530319333
0.222201158919729
0.353024722015579
0.0759802086094571
0.33125205354422
0.198662303084206
0.234050239019429
0.272626181561043
0.255170870792072
0.268018068796732
0.376383374932069
0.321058246870501
0.416477012495366
0.384780967582018
0.424687517760818
0.21309356520724
0.415280075628246
0.289139363321396
0.351771997257133
0.185012295082925
0.394885342953763
0.208411363323586
0.49940869065347
0.475972851633207
0.294876334757125
0.326439852619034
0.39784794061221
0.37356114976833
0.249579956439182
0.259204494718559
0.325199264503389
0.323249345453018
0.408094532042249
0.393268512161009
0.260617371025911
0.472359521529907
0.440634458260664
0.415703713451569
0.469245433382967
0.500655513828884
0.325339071612707
0.397659552826007
0.531413545191725
0.182997290947295
0.372180212832795
0.427975936266693
0.25240214336915
0.300397403129819
0.249988938740337
0.521585959889866
0.389630483132963
0.3022531153237
0.480419049086311
0.392299833136175
0.383717333152623
0.384319236784382
0.423285902591802
0.337662868561963
0.479426414971235
0.419193221942182
0.440547560969511
0.400117307507656
0.437279780089762
0.36105286909608
0.398962938282299
0.460623008958048
0.371695041585352
0.416526643764599
0.427587662579491
0.288878130446275
0.382717841934851
0.405993452204039
0.478798373477896
0.379013565959352
0.455996076793302
0.374292829926839
0.438152491527184
0.442815502800279
0.307151407740409
0.393743838893681
0.560063025229435
0.475735520578315
0.570718367727961
0.608602199291155
0.440088532168326
0.449753344663724
0.318392075260925
0.551937884914988
0.461593132288293
0.373645468907698
0.560669510829004
0.489229773253871
0.471638478627015
0.603997761434892
0.443011309821339
0.53675064768385
0.528553308222099
0.573299433989217
0.430772093756393
0.566388530852729
0.413292664128968
0.562564578256846
0.407804730604387
0.390178592285019
0.430191428923296
0.731500647183764
0.531842113031081
0.496275952245702
0.425209095584344
0.494460797598339
0.56622104945474
0.547250789950371
0.368568303724189
0.588638132332834
0.676540268623836
0.453097010182407
0.451897136444364
0.431041858818994
0.393604506242444
0.535818668609011
0.558578623631808
0.470333524559703
0.508038347907726
0.510420455465907
0.444220721051037
0.439795243725176
0.53999651564199
0.549375057838347
0.608560192026137
0.65431644202724
0.64172728606102
0.365250296851994
0.529680996374914
0.564297590811863
0.605344699379596
0.591999744420532
0.431152723453222
0.55180158780544
0.624451270292026
0.606693854915438
0.552662616848526
0.635818972478729
0.562962801298245
0.544050516003618
0.615388232927418
0.567784794918625
0.655624004662652
0.555595746043607
0.597539750528261
0.394115082906287
0.455299959383081
0.612916224987667
0.565448095287469
0.600612204219087
0.533053413394491
0.562104066347653
0.538674656396952
0.572772461871743
0.61762599880061
0.567747629305322
0.442951966230862
0.830968904209994
0.637864758347187
0.583032380121007
0.606938745210333
0.705012906601088
0.512392000939033
0.710016859919462
0.611385536834147
0.587243761284001
0.588148613196831
0.62372574101946
0.607248633776004
0.635350855743664
0.726578067162026
0.583889098335216
0.730604201289136
0.542460708103178
0.585268697375663
0.673398377320823
0.605520420538113
0.595179143038104
0.770469021539624
0.740336710305186
0.615450469595821
0.653800540268991
0.666535870996397
0.709409125237412
0.707279845844512
0.65960583363463
0.756952936449994
0.767834227257895
0.739014625257647
0.580369870920351
0.606998100099037
0.703271641929845
0.734168084075169
0.735266670220651
0.69111214500045
0.535755701304697
0.613739332071338
0.782083130593088
0.609103858261399
0.736873709004794
0.710432526346216
0.826566493986562
0.657530185926714
0.621546605825965
0.58895093452884
0.762734895907959
0.739832946219569
0.591125313843966
0.670068645515838
0.69640388503323
0.707659333868474
0.70056897267998
0.667952864855288
0.737209572012013
0.586318742865899
0.876529043028809
0.642656419417403
0.548464428353665
0.775756528139684
0.725527361505505
0.780835415240061
0.686457112074153
0.838219454580785
0.707645502111844
0.738026556339396
0.700669460720738
0.738798254650848
0.69878211976146
0.823684846719973
0.866041042377332
0.897676980502255
0.743080388462441
0.663615679858183
0.573100344968996
0.706355600163908
0.731552224422126
0.837706003841062
0.743669370406396
0.705670044479691
0.899236048994608
0.684070389166719
0.876624085333843
0.781417768245213
0.682095678961823
0.832060963692475
0.710957050040967
0.93645233538003
0.753248491204447
0.668278206721022
0.850425686542179
0.832328325988872
0.6877536212238
0.78176369132715
0.723893942924551
0.872820311832219
0.790174209388864
0.82189068743666
0.668094050796319
0.646703588497859
0.860110437664267
0.832311552841211
0.801614830472117
0.846938309018081
0.854878480920605
0.927127257643434
0.829145909170199
0.79618252447715
0.900426858434458
0.974152268961079
0.766860468182478
0.925213834749064
0.670683650203622
0.767838333851738
0.846854781901846
1.03448719371082
0.753070712231705
0.886203554582503
0.803573423323084
0.670969390063232
0.837074689217119
0.917238004130003
0.796959789715668
0.767915797090625
0.893606837823058
0.884955795373411
1.0042084805108
0.863650791411814
0.895211015942315
0.883462328715794
1.01077038289133
0.830665551999916
0.833999698817028
0.943523988721128
0.743974295303801
0.962167090644713
0.939462047894225
0.710966322516073
0.915171486895595
1.02748764141323
0.893861372934382
0.750417464640565
0.943783126274334
0.8060787062419
0.915393977147426
0.889569239854032
0.748103390299573
0.857489727664847
1.05511638274674
0.845675898722346
0.841663064464371
0.974066360719154
0.941167814402883
0.881524695108659
0.948158732938763
0.888571682914519
0.909298809413172
0.907614215490074
1.04784954208542
1.0332714603422
0.833539402202178
0.899624318470306
1.07415968692641
1.08723622381008
1.01585515232234
0.973946887244164
0.949473519389072
0.837302052898458
1.03922706170063
0.976516279186154
0.902264931974022
0.810476313576892
1.04276598711759
0.998935566130402
0.795276948037935
0.772907880792229
0.812630285797785
0.962054965204015
0.83611339697216
0.985609848338232
0.832287324379036
0.965596683849045
0.986825046060285
1.0906780562642
1.01153416947204
0.973327654691862
0.996271127769346
0.991015374579463
1.02315488310023
1.05187214413813
0.972348098401079
1.05917322875917
1.28011941733203
1.1383721637187
1.01074957778309
