-0.955331103667767
-1.03491701522223
-1.1299167986379
-1.10545597413824
-1.04622165716852
-1.01684900378055
-0.923042691310749
-0.902134732885862
-1.0547174111522
-0.966514697645918
-0.943135403648283
-1.09513869941561
-0.930503995420194
-0.851686205512108
-0.800528163861675
-1.04176315884271
-1.08588314403299
-0.898409260823644
-1.0119742507737
-0.806315752285797
-0.837962653530129
-0.880097070085295
-0.973641748375702
-0.977997450337344
-0.833841953236254
-1.10067373474545
-0.968060302372566
-1.10688772943577
-0.956167503830475
-1.03004711073473
-0.92561116103837
-0.872519267966756
-0.970951481030851
-1.0208038319697
-0.890908095980515
-1.00103072999349
-0.8979693683333
-1.07993733406281
-0.856298285800329
-0.923485376191195
-0.967655296553796
-1.04226201633193
-0.956415730911447
-0.958851830608121
-0.904256657616167
-0.950533918634011
-0.88811360434266
-0.677606657685107
-0.888402130624568
-0.965672256242296
-0.999279096649975
-0.898049872856004
-0.837803057225199
-0.831163761402586
-0.918787621570382
-0.913038376748965
-0.824140051123756
-0.880786132669933
-0.891432128754043
-0.763377630456635
-0.872961099743535
-1.01979453859322
-0.90994417482233
-0.839571675130501
-0.895146683477913
-0.878320330536211
-0.780857700591917
-0.88574189429346
-0.836202499278569
-0.954798407241015
-0.687241368564904
-0.735209978947502
-1.00981145000418
-0.907018269469543
-0.786000053268288
-0.861573273896583
-0.955426479597598
-0.738881442052068
-0.898740427277834
-0.778747048940872
-0.815051399893776
-0.747906434812933
-0.977538502047606
-0.754563130763298
-1.02590547647443
-0.822288912092246
-1.0027397159501
-0.847209674063279
-0.726636539279514
-0.721126708519556
-0.805688235989447
-0.811673408295929
-0.81207947536404
-0.817598479642701
-0.794365441642293
-0.798348665174632
-0.749900063408477
-0.676943836759621
-0.914958434732245
-0.73700867771399
-0.729729264198924
-0.812894567648438
-0.593550703798961
-0.663496169340218
-0.760761284188924
-0.792450495746707
-0.743774718163151
-0.685969416957587
-0.818779726707351
-0.758488031360104
-0.603618978512654
-0.846283612318487
-0.838741013114631
-0.763443833412856
-0.874586099244779
-0.838351340227348
-0.752996366242428
-0.767253606717952
-0.603659513280399
-0.756980393662757
-0.652218233725073
-0.888239799831804
-0.830299410675159
-0.854266113365742
-0.855071170059576
-0.676516562374889
-0.878522470257051
-0.751902387237525
-0.797784699854068
-0.697333092492759
-0.711231845798233
-0.714942853855103
-0.670677744553941
-0.838912231126526
-0.74282017181017
-0.753691442661835
-0.677827471323713
-0.777638529152394
-0.64713781852573
-0.650723445020988
-0.631070846286182
-0.571756799777996
-0.874447927496566
-0.552778572532569
-0.656646192998315
-0.768148052273453
-0.75835743269059
-0.693194828159918
-0.653343551432418
-0.633024969608895
-0.579891131327177
-0.559660444980274
-0.634212164603365
-0.771103758096469
-0.722716768971487
-0.638262478462878
-0.685101435627705
-0.584916551005417
-0.680071421414189
-0.661890329412627
-0.783652104558448
-0.629932546179247
-0.661181524341192
-0.549604205647573
-0.590802810281372
-0.746112637611703
-0.732792475097851
-0.616428715094968
-0.736165164641967
-0.729075298727534
-0.587580381662623
-0.635152711946687
-0.537245753235916
-0.704229803481161
-0.71125531295439
-0.620924169082869
-0.722686716040177
-0.628364538622157
-0.816600740245097
-0.636791728064435
-0.751892745419532
-0.618862290672868
-0.64587143655935
-0.677667219063425
-0.677286028455987
-0.62241012686436
-0.627013659691857
-0.576455723613125
-0.625853374825101
-0.734488597378973
-0.646902582814079
-0.732886008679388
-0.496142366489598
-0.640132852587122
-0.664845648386791
-0.592997547079665
-0.667787830149659
-0.587718120584957
-0.623028166537768
-0.69938746790253
-0.715245057612888
-0.495485477034974
-0.57067975006983
-0.523627680283853
-0.668141765287662
-0.624452151761413
-0.372608163394021
-0.614644442587795
-0.454921142032929
-0.31473347412881
-0.501748505251623
-0.533480958327129
-0.655309093074989
-0.515698929311203
-0.631847074345617
-0.530485304897396
-0.342699225844511
-0.513948237877551
-0.703782894205989
-0.717030720390852
-0.600421470782452
-0.578843347509024
-0.405841078560227
-0.806335469130259
-0.690704451230975
-0.628394706648368
-0.456437045995327
-0.499019909246714
-0.362011355642766
-0.554435696721577
-0.663213924032601
-0.658934589115191
-0.606294360798879
-0.577981233499841
-0.535889776805541
-0.450200959315585
-0.704398908674425
-0.467987900391087
-0.535270270981606
-0.472006731661451
-0.538336283528073
-0.580751487379759
-0.483141838150641
-0.594246014717286
-0.591588664470046
-0.349137007004255
-0.532519808830525
-0.426205255027536
-0.426278695029829
-0.648935783947772
-0.388742080611245
-0.464546141567721
-0.417929839852988
-0.380536603177664
-0.618111896725221
-0.446381846280216
-0.50252158104492
-0.477908815816401
-0.442564301811594
-0.389281888763661
-0.587826833064321
-0.531003057442411
-0.253871223790743
-0.520454677167578
-0.632694446936394
-0.575604915292265
-0.426286009016
-0.543982913194076
-0.54797974251282
-0.458393951857147
-0.482246677867153
-0.352702722890023
-0.412148586358028
-0.407618859495163
-0.433974228620632
-0.663627905179608
-0.458999337411349
-0.469818650951241
-0.454517503642428
-0.440615897487112
-0.420914988844253
-0.441983511811365
-0.50914254909359
-0.430551701194528
-0.497359615422364
-0.496707236140543
-0.391070186634999
-0.421849210923381
-0.346684447802405
-0.636561654324823
-0.477530977128125
-0.40941757759878
-0.574419761916521
-0.448881972006547
-0.371542699388482
-0.453791756047458
-0.440031615403234
-0.451124323697592
-0.315169568238175
-0.534669447591106
-0.437195690805903
-0.447542536839778
-0.352306205713606
-0.406799945416996
-0.230073045353862
-0.385295246526735
-0.538994552174025
-0.183522961902396
-0.337497818452716
-0.295474362479726
-0.325485664686143
-0.333388911468992
-0.390960603792518
-0.247371887689829
-0.402134568579814
-0.361506343081731
-0.318559930335367
-0.170429744958255
-0.454733957860326
-0.400013133882596
-0.308187457731458
-0.365164684700207
-0.316742611964271
-0.432582189188783
-0.427244756577397
-0.426404213875285
-0.193519375426988
-0.297343929548718
-0.369449406672183
-0.470503782793899
-0.174770654556061
-0.211571370569114
-0.280272462633394
-0.298556634349647
-0.30046111161473
-0.375250534529151
-0.2975911134554
-0.27409901694337
-0.329047103330818
-0.226649185890746
-0.300369184299215
-0.264051981943254
-0.365305752425964
-0.210627672384668
-0.347291166285434
-0.349424599577443
-0.284622817522724
-0.370769780661096
-0.263867251061822
-0.416371981369223
-0.209635343695346
-0.295608656025268
-0.29129711862391
-0.134836062667022
-0.404399749172128
-0.302633151777313
-0.2637159047373
-0.312281161987382
-0.256987203280043
-0.251970360726984
-0.242878524716218
-0.364604954237675
-0.271528811718588
-0.145391559880396
-0.186721220525274
-0.27590905807143
-0.313687185815894
-0.233443264924282
-0.20167597158479
-0.27649829586501
-0.238114945216775
-0.286188725211832
-0.155861883351469
-0.145891683496269
-0.295790783320583
-0.275127584973965
-0.164843024339281
-0.337652450254128
-0.155122413465255
-0.244881430883084
-0.228418395652643
-0.317793013673723
-0.190014133275553
-0.204165259258571
-0.183545576860946
-0.266270936173883
-0.275824307126318
-0.238432591993533
-0.279525766493787
-0.16887654036599
-0.286250233436032
-0.171584220341174
-0.218108584879233
-0.275402824386266
-0.267577092542768
-0.237816515255123
-0.043682496550202
-0.306759196632754
-0.236280829645595
-0.0376021325647755
-0.142926690948617
-0.334501567737368
-0.0818920289105335
-0.172661542796982
-0.271564946285991
-0.251044939564999
-0.00526074550302006
-0.321901520133193
-0.225551890327164
-0.0883642463618266
-0.181236932722158
-0.0900145672725413
-0.193452671006692
-0.183739795841594
-0.132853005162533
-0.124073682849789
0.121460973636604
-0.0236620977650668
-0.0826560992435634
-0.192529569894806
-0.13514382434979
-0.147490489179935
-0.153667798292777
-0.118993701014963
-0.129704167989531
-0.211066891303127
0.00297931347183026
-0.0498554167050787
-0.0410266783474718
-0.21667094504806
-0.234581553068079
-0.188895008792281
-0.114682087435201
-0.0911290319742161
-0.110336412457735
-0.117882112888701
0.0468034170421048
-0.0323722320476982
-0.121553619662224
-0.110641862373582
-0.114214320003012
-0.200288452811007
-0.254038222447283
-0.201706740730181
-0.171618539131309
-0.184041624383506
-0.160075880235378
-0.283107761010018
-0.209251498743646
-0.124241941221437
0.0941833781652037
-0.054877155666339
-0.0196891989377596
-0.142033666444346
-0.0426720783687174
-0.109150127654976
0.00976303410215004
-0.113506433608458
-0.143669651369051
-0.152613385352341
-0.0795536346936117
-0.0126400475183155
-0.0929941093826243
-0.0592922495660077
-0.154223005820163
-0.18082120326155
-0.150293237618135
0.00797238967608524
-0.0281941079851856
0.0130635804392588
-0.0736923487826374
-0.130219032361546
-0.0308983589354723
0.0118669489951172
-0.317696930291496
-0.117719493777708
-0.259575412800809
0.0342739105521363
-0.056606875856645
-0.0227352909990713
-0.00550648405578895
-0.103258553273442
0.0487479599654932
0.0279113840981871
-0.0716391073502449
0.000151017305932592
-0.174487834643288
-0.0331727393311845
-0.0988616317969026
-0.183291251646267
-0.0162751076134366
0.101842983384265
-0.00688128521499129
-0.137091662009373
0.0616944788904304
-0.140644885344968
-0.172230092224923
0.0373754835200081
0.0103314616010613
0.0345979393298032
-0.0391438474224898
-0.0381327195445353
0.027362598485972
-0.0371077706990924
-0.0633931816892306
0.227089080787855
-0.161781226130994
-0.0374934310564728
-0.0439767231842495
0.0538615548938769
0.0289847585784869
-0.0796009741148285
0.0195209792085518
-0.145209764836265
-0.026365398337777
-0.0192499304501143
0.0605830533653569
-0.00623897916055595
-0.018106244310363
0.168962233219251
-0.0972593759252898
-0.0225390479400666
0.0379710860278185
-0.069352257714272
0.00558749028606361
-0.0177572293310442
0.19552218819429
0.0924009715025054
0.0707245092226975
0.183454959551846
0.0511469548652838
0.031151777695021
0.159205421193419
0.141960982550798
0.11955792364789
0.205372159476176
0.0847914133628088
0.0583540027725526
0.160471996282118
0.123808230936255
-0.074088107433247
0.142067677924229
0.0822704864901027
0.0624672560776857
-0.00325034647876287
0.102790891474849
0.100017891914444
0.1174684690373
-0.00745218689467436
0.0629174894616681
-0.0207995613733589
0.214441964078635
0.105871005515493
0.132172792059095
0.188735150401242
0.0451646215114081
0.139698607973476
0.136250522902879
0.122869911446449
0.206495989780468
-0.0132850559726843
0.0328225532677378
0.0763426802806221
0.0628260040893311
0.384417374338774
0.269755373438583
0.231534475268442
0.0426143014333717
0.173723802078581
0.042966171815975
0.132294849019083
0.258426524856081
-0.0235156883678215
-0.00505210416505038
0.103504945762228
0.217215033381044
0.156302866086558
0.135933608703377
0.194614711430635
0.218516884814704
0.179607524009722
0.222759663661861
0.0767678558412366
0.200855386193719
0.0990738817705206
-0.0188240143196433
0.133897336776461
0.093639280677308
0.187482285192642
0.285873781318802
0.207252770158687
0.183716188960162
0.267658319714514
0.185718701895579
0.173352939448251
0.210464333626773
0.242841715604716
0.202537974662874
0.153892209543575
0.106143196030817
0.197941370569012
0.221822108214497
0.218220713749037
0.357645656652287
0.236364926889497
0.00933265181256496
0.219864127654424
0.222282414332948
0.379210107957516
0.1563743772901
0.238621624440282
0.280902756461281
0.151260647270068
0.398804452033713
0.292678214833662
0.210178741685088
0.240451577095929
0.140576627613484
0.307615008896501
0.440003951478833
0.35908878743187
0.16502944422317
0.270439267911953
0.244705806544992
0.321205879550835
0.285267723874653
0.377574141494319
0.177708993126345
0.305830993053078
0.328103512905077
0.200516503402725
0.18933812643709
0.270569248551772
0.354878131309353
0.228591621354237
0.415807745897833
0.298734570029897
0.431212223294744
0.26800083151813
0.27331465736259
0.287567630089105
0.299289115167184
0.231599283900206
0.254836929116542
0.215666610478312
0.371816195881474
0.397521480269119
0.354939062360136
0.226106523021474
0.44574911984119
0.524899603741435
0.402120428643985
0.371143870610166
0.355110834374763
0.0536069958177252
0.360557102817788
0.403083943035819
0.168339477391431
0.442670552270874
0.335194124311451
0.353005152743322
0.386091460123872
0.317315078725485
0.412807338045299
0.284376867340749
0.338161172585773
0.305590032246913
0.311377765649704
0.392188828468087
0.321224865005435
0.384934460970067
0.363205482488666
0.263718651547261
0.42897811758699
0.333478166906521
0.267655214964069
0.339171490555166
0.364643114552712
0.379763787747297
0.45012403578145
0.326067469929618
0.369705089579871
0.383103575880497
0.503286943022434
0.413928947467662
0.372734054454147
0.367429143464384
0.429464987394981
0.351864309297206
0.389326832472891
0.46724111769721
0.300618462116014
0.467456232432855
0.373319736323541
0.381622423128311
0.354916273077221
0.367419469578254
0.458200016650216
0.435179644986003
0.47358360213864
0.344465619912343
0.265684247786811
0.366263195019793
0.624332198191186
0.37356925838129
0.552129007949743
0.339290054905545
0.313914333632655
0.352536534498667
0.447194625491443
0.421112892471707
0.389393561443124
0.370796458417959
0.465426333480924
0.46760553089955
0.662332275940308
0.477553458820552
0.495105016934312
0.484657901101887
0.381407741685431
0.507098112667949
0.423507759680407
0.375569134652324
0.535299962468765
0.628093096494426
0.269623394260864
0.501874670187776
0.448873968382495
0.605780044876299
0.311864446143642
0.42410208019939
0.537810537392937
0.456738718290244
0.504780963030546
0.512966347240737
0.384031118710404
0.541049153040544
0.535490927509471
0.527449060183707
0.271752960900877
0.439960814503787
0.417291249478091
0.340939969795999
0.567044605547877
0.405937576664749
0.478146918339834
0.546686182603196
0.424058940318612
0.35724802288936
0.590261375502615
0.448386422114221
0.392282315788461
0.577653649106352
0.470885962360097
0.483480395049303
0.336767656753576
0.472057043591934
0.574953064720231
0.474569427677764
0.558574348873718
0.527375347246865
0.446932629851847
0.430664822076449
0.560747782046482
0.423200748520591
0.544529320096627
0.556430279001219
0.562678280220698
0.496032230609818
0.47495133326414
0.484510858027252
0.390555128923482
0.544645090148574
0.546879804538001
0.655178423881958
0.670500584846039
0.593914237521679
0.379080891848782
0.579680034676237
0.507822873277049
0.602626995485469
0.520623582921731
0.486112157084583
0.605856280299173
0.57066994957522
0.420663313970825
0.578993230463216
0.515588215756521
0.616457462576741
0.548868525963621
0.461379959674995
0.72375674039402
0.618764080037383
0.614408763838862
0.587145670045465
0.645608355262766
0.526732290986895
0.600264140465966
0.440520694945697
0.670204030334126
0.544783993353312
0.561727514068878
0.636036467260243
0.791251735665521
0.609128929534646
0.725114994876066
0.558952392311832
0.577274704499504
0.682365991867992
0.658181499576673
0.76545390411998
0.723494996147072
0.59741843799312
0.646797934859789
0.713658542184475
0.506332547869778
0.653284490110045
0.548424421333511
0.582592874760222
0.548134763333807
0.516400464909075
0.634262589984466
0.524037155440398
0.630770266094703
0.787660236187656
0.557965295080366
0.72171135658736
0.747076828299252
0.666366726693729
0.666615637784727
0.61054875831793
0.609786171720629
0.681882370886194
0.818527004406843
0.663153236528077
0.561285537298475
0.710992752118422
0.594129344591237
0.506671160118094
0.632540301063995
0.605789558894018
0.760896456242696
0.698327423279362
0.61055379579494
0.553801405171506
0.622803568599363
0.717371094976458
0.683083272728353
0.751928057382261
0.689573773905064
0.726788082419589
0.858291123404759
0.819670705100765
0.54865101229944
0.781281608246408
0.720521827774073
0.783960630229067
0.658127254254925
0.709332957739192
0.779681449497092
0.750375582282522
0.762301433318585
0.737449840170804
0.68109061199941
0.725427907951801
0.772183950296763
0.695238557396763
0.684589908530654
0.749287037959677
0.663164730612984
0.710538276372481
0.761162190964504
0.702550093748729
0.693709285699263
0.660113108794728
0.845739457200674
0.674652014269896
0.662552979058854
0.71940721247544
0.60527075569621
0.683382127586639
0.762900393562217
0.694418247998264
0.775615774656659
0.617712933760911
0.654043063604308
0.636681114936499
0.782978053811755
0.726458001379631
0.846398569109238
0.789980662386797
0.752710833399139
0.886611187356133
0.690799999792861
0.743163634875231
0.774826538101299
0.799321363780032
0.791040817623692
0.90166656799901
0.772297713552158
0.80390355772317
0.740008123182536
0.812963292224184
1.00213055989474
0.912152329839368
0.84453124754238
0.826382929635997
0.93091237086834
0.752701639476684
0.796977389979128
0.820403895872697
0.817254904642075
0.919435904830072
0.793196644494359
0.806684217252108
0.835732436909479
1.01472169806757
0.614319820015663
0.827866927840543
0.802333204387409
0.869033624751246
0.799824473621765
0.842963014679935
0.787674542906632
0.926295708869509
0.623598037120455
0.937059072233739
0.863805723930703
0.654203256040829
0.912354602344512
0.924421734290386
0.945592952465982
0.868771063945846
0.959842656320918
0.791240551879948
0.810211781929341
0.892762020856471
0.975697984394247
0.896583462412666
0.847728633215442
0.992214069381172
0.821117115533004
0.779718583674854
0.976670867440869
0.95605412184842
0.823336065969788
0.839331337952404
0.893076558781807
0.964059172206878
0.935413765628076
0.99546776311925
1.01175950300595
1.01167722698095
0.931772426089545
0.843790509845949
0.906472572564257
0.960734796314368
1.06531634023252
0.92840051010569
0.927989405915124
0.975426496368751
0.932990997771271
1.00669575577319
1.07077431397283
0.916495625774464
0.907293017366134
0.842273464514213
1.00504540742417
0.972039516418972
0.950020026894438
0.893461295969953
1.04703194859539
0.967443990768118
0.945992413640722
0.926622169821944
0.934796520875826
0.86538242921939
0.935128678297027
1.04555771331961
1.03850222780973
0.827909323908835
1.07408243354095
0.987856632522798
0.836485381793291
0.946458567275542
0.94449190263944
1.10979671886967
0.958716527048021
1.09890299618535
1.02095826788647
0.926204158069114
0.796747290678711
1.00450270490166
1.09302620281509
1.11072642156832
1.06731957487419
0.928196656836668
1.07592871467312
1.0520549986927
1.00494293380309
