-1.04375218020192
-1.12786893381534
-1.01726547934982
-0.945839371762295
-1.02259790373453
-0.991235650784207
-1.09628712769375
-0.972361163657249
-1.1466810652991
-1.03256098429109
-0.96270898474235
-1.020040287723
-1.0249741999597
-1.11754215586544
-1.1162098634992
-1.00020805026019
-1.03243402067154
-1.11535738567034
-0.838824463269891
-1.02970669572763
-0.99941196998864
-0.87506448637538
-0.914021783484789
-0.961262583047978
-0.910553261675244
-0.863285170379536
-1.00688522337592
-0.849416963906485
-0.910359789675681
-0.890627243044197
-0.950552703110343
-0.935815349895181
-1.01193175964066
-0.837031584923503
-0.875240381087992
-1.03781015192074
-1.02914007815874
-0.955222891134569
-0.878436805781207
-0.977673216470271
-1.05670244374412
-0.786161839419839
-0.973760348990207
-0.981159485113566
-0.952725737373054
-0.915683559591122
-0.982972615562014
-0.930544931579311
-0.878358263871533
-0.965683938330252
-0.908897438736511
-0.963605029072195
-0.866830231067863
-1.07621247092248
-0.883805841549705
-1.01532380103973
-0.924195459489703
-0.712946782642082
-0.787325726414316
-0.882654440499295
-0.904384208151381
-0.898165089117003
-0.726126839754665
-0.878172512990332
-0.941736963075604
-0.855045584373447
-0.935981050426315
-0.990399886296563
-0.984381127915392
-0.829473554645707
-0.764763385486411
-0.867021757987718
-0.812085491655602
-0.82665090051269
-0.956201064067272
-0.843646088651173
-0.888037983983154
-0.650158954291507
-0.832521688527913
-0.742173884498315
-0.709549171985379
-0.777930505666261
-0.854261620165605
-0.879371620613942
-1.01547343401749
-0.819760605845799
-0.802921403412859
-0.902734406613293
-0.787516997376368
-0.879424031844059
-0.771472071229515
-0.856687664105662
-0.92082233871057
-0.804064925231049
-0.789757877611331
-0.722366826773299
-0.737769300473448
-0.732346039931888
-0.703937180551861
-0.71686979539185
-0.862105566578604
-0.744236156990474
-0.613695215047719
-0.878136764039545
-0.802440190778994
-0.802968168301696
-0.884482433510236
-0.797888943449713
-0.774047201156862
-0.705588940032912
-0.708924900028288
-0.809712619354674
-0.69009586687569
-0.840235276440768
-0.707713747601873
-0.909304652813714
-0.736923619259753
-0.909429939889188
-0.666356465479875
-0.885932853002242
-0.725257585875731
-0.802282837398437
-0.840242682104078
-0.969130344961613
-0.761038454970566
-0.835441650535876
-0.729743296668539
-0.635061853230274
-0.717496968790635
-0.671974715064935
-0.70060480209296
-0.78764703171896
-0.802493506405161
-0.884226274937093
-0.903294197939513
-0.787031709766101
-0.629567833685205
-0.612321029339769
-0.733975943848408
-0.693338097114954
-0.802383047374888
-0.490283693932693
-0.673623047423836
-0.772853095374944
-0.637258053599695
-0.523388430069538
-0.873809039037439
-0.55366851735672
-0.687514795347926
-0.618830279978875
-0.789144272357831
-0.697259184057779
-0.808661233855217
-0.724161257943829
-0.592561964237665
-0.63327274529671
-0.594473028032716
-0.61919467007358
-0.624923169890971
-0.714184198264241
-0.612145488530245
-0.723549249256916
-0.626346175301909
-0.52455535453552
-0.642714138801323
-0.61331509504595
-0.685938652187485
-0.595507301985746
-0.575534958962522
-0.675107731688209
-0.763259291320766
-0.614808074155279
-0.664611658271925
-0.646299616191414
-0.586159841775257
-0.502881800615638
-0.576196285892999
-0.582289937469459
-0.634853157999544
-0.677614003409613
-0.734118367141046
-0.692435870570213
-0.428318027443253
-0.584365571669917
-0.640530228656055
-0.698472736579025
-0.603129957270549
-0.567905173803764
-0.732549021244943
-0.602576651356966
-0.693658670017802
-0.592448938263587
-0.727834928931596
-0.694220711817429
-0.514529881524393
-0.647947584325602
-0.645120085754487
-0.670005108186407
-0.707362246542155
-0.504003794177842
-0.653868126213991
-0.619901717143755
-0.645442887614004
-0.619751628496447
-0.592271149264709
-0.509784529615216
-0.637510425141177
-0.591333200798271
-0.637334454710425
-0.480408165519475
-0.498398483103463
-0.505713722339045
-0.597402985720022
-0.497907571956253
-0.512790432317783
-0.530134969369979
-0.454629659748318
-0.48879684403265
-0.596897444446498
-0.581500722184911
-0.557030609424244
-0.593644909842372
-0.609594523158612
-0.54409053997868
-0.433289972864684
-0.569152188946463
-0.4909853860994
-0.598894403232665
-0.527165884896895
-0.482464334927358
-0.42327917590228
-0.603374387919624
-0.511208298554681
-0.516000836272024
-0.53276659627887
-0.487148475380336
-0.527083071892697
-0.54333347177492
-0.583642038648945
-0.528474407203452
-0.581192339076353
-0.568710243695227
-0.470350507600417
-0.638441018496134
-0.522066841236051
-0.526721803145229
-0.50217100034266
-0.566774571172186
-0.465867342786564
-0.535706825421774
-0.51973158298235
-0.59337034018328
-0.397744725472184
-0.640850323401153
-0.484975145657015
-0.568393068148368
-0.510198376484144
-0.520592756038719
-0.471251965439778
-0.494741730138014
-0.595252850311407
-0.62181460499613
-0.362543817965982
-0.575276012737271
-0.420459320383039
-0.50214947251823
-0.406706410656204
-0.528689037886971
-0.42369796291684
-0.391834768046081
-0.325797792010416
-0.434431788997293
-0.578694195843436
-0.443819688475375
-0.42625902807472
-0.343970147897777
-0.478332783294852
-0.49592246095171
-0.526769962324796
-0.418541537103881
-0.476540035379424
-0.527034263551918
-0.323301879183559
-0.416188378128423
-0.448831012355395
-0.367904000269081
-0.390151410139626
-0.333741346972091
-0.332906780048409
-0.348602537716331
-0.425413997321646
-0.259911681066391
-0.306028359418465
-0.518530063715612
-0.361758345959067
-0.399943595340343
-0.454059970227628
-0.252893844700568
-0.416175758774586
-0.429683526686193
-0.41552442603266
-0.369338675252211
-0.385606121379414
-0.47856954121404
-0.303059580495228
-0.376446891650305
-0.383826579124862
-0.463653469331154
-0.460964032472892
-0.36178261798307
-0.414894324847006
-0.305837835776611
-0.294961987579
-0.411775013226242
-0.33635785766541
-0.31169130728936
-0.424351807131803
-0.183281367902657
-0.449463464969383
-0.250571872917238
-0.363501089451412
-0.427984117086548
-0.391533599937675
-0.393968352822559
-0.364512751040944
-0.449074437334355
-0.122403386201329
-0.32568505736301
-0.356434389844512
-0.155704235865185
-0.328477830893695
-0.266398961344541
-0.345535463692128
-0.324042255476173
-0.351693301255535
-0.429129617398631
-0.323003800467094
-0.415122425321852
-0.395985446197256
-0.213227510258119
-0.336645108448764
-0.354794864774699
-0.250809085967001
-0.434548907503788
-0.365457950538575
-0.240998755292846
-0.350424758357674
-0.477104647227971
-0.425303654859832
-0.227367984233905
-0.323394701419184
-0.301014860199847
-0.222133649286747
-0.263995805969895
-0.204656221749089
-0.248590456993701
-0.338894488531965
-0.289964106747479
-0.419672856048345
-0.219915263889265
-0.385704154741778
-0.375060747974392
-0.297873445320238
-0.262221318184505
-0.190335659663478
-0.409049088550923
-0.306296125133962
-0.326040260847228
-0.150504072071608
-0.197224044457353
-0.227367294502062
-0.283237083334203
-0.269950690306605
-0.398822983330245
-0.241380473927361
-0.208518986767687
-0.300270958622314
-0.277479722989278
-0.331669679358895
-0.384760704865305
-0.283271946127979
-0.236872865493715
-0.374448489261595
-0.217987327787537
-0.354770166303088
-0.331816710264271
-0.377369968274792
-0.179567791699017
-0.202949833324753
-0.221596100805605
-0.192772432983912
-0.155811711891715
-0.271829481630429
-0.0508623751072031
-0.35701451558394
-0.230309567456051
-0.211401569154631
-0.144432460855481
-0.281807408039919
-0.309879350760666
-0.248046754226575
-0.123687732981491
-0.210666107503515
-0.297640463326531
-0.331769504884449
-0.0198034221352219
-0.0543764069185203
-0.337603893380907
-0.212707616437565
-0.227189011876507
-0.277912645620627
-0.0301638213332745
-0.172324229695941
-0.234750846693156
-0.216180827345657
-0.156799413100074
-0.22454592130242
-0.178939935286505
-0.0903089111750205
-0.154619194499708
-0.0947126033653047
-0.210791518845641
-0.155125680940521
-0.205617568126607
-0.207680412824773
-0.0668890106377577
-0.0768935297322083
-0.173822958792061
-0.0929303435800329
-0.0206146872034071
-0.0829811724514121
-0.098499592405144
-0.23066168387083
-0.170466609925121
-0.0748740242496117
-0.0539022086589286
-0.0875126832589359
-0.0567593015475769
0.0729266855272698
0.00162408239353761
-0.228101872017651
-0.147271490073345
-0.0551173054095333
0.0689222190307695
-0.114921594931236
-0.0667084104611787
-0.179791896637209
-0.0609552673955577
-0.0658854245750354
-0.269444434938973
-0.131955848556894
-0.114872726936897
-0.130412616671116
-0.202924339042065
-0.0399933130538594
-0.102427574954094
-0.0221235727274632
-0.0425041075331993
-0.0413378492335197
-0.114071150068684
-0.112663377081619
-0.0101723392674418
-0.0500395206681423
-0.0455278872605334
-0.19386053876564
-0.109003285734836
-0.0434619376237598
-0.154606995950526
-0.145646023843752
-0.133269999825677
-0.0990915447907107
0.151769806022593
0.080248665621266
-0.113765443310753
0.00207420333803691
-0.0341513345580694
0.0469768042491212
0.11449364555337
-0.0160375709897155
-0.0539453472958807
0.0122105307194619
0.0915649414672037
0.00673198419853925
-0.0113652158515735
-0.0337106187764022
0.0159920548631256
0.0411390863767386
-0.107636074794208
-0.0617895209501152
-0.00254138829379731
-0.0197465387603882
0.0153933218789622
-0.13649095603434
0.126884980048764
-0.0296286427205501
0.051777885513855
0.0108108715693752
0.0499100520991694
-0.0698216686356473
-0.0346795835060308
-0.015020150074336
0.125573528367367
0.0589047047870858
-0.032753630561752
-0.11210874560698
0.218287966787729
-0.00875464889756955
-0.0102681802699365
0.082022063659891
0.153615532024856
-0.0310575352389442
-0.0244334749110778
-0.0667100752009317
-0.0096549955702354
0.163366218068642
0.032713337117527
0.138158263572233
0.0374377313064317
-0.0252102160262177
0.211399610183512
0.11286373517197
-0.0566508660926431
-0.0671302654326143
-0.0474348175942284
-0.081184566199812
0.0365515392608078
0.102181054555698
0.184810595960852
0.155038811227352
0.0351713863437917
0.0603035966420801
0.0581695910705868
0.0387185128844697
0.120969507196297
0.338775162831658
0.106363446821915
0.0784724658722903
-0.0282127395950812
0.0665693048828231
0.0629140667920286
0.104636792282771
0.163597568064613
-0.0212068244668946
0.0808674596287178
0.216283871350392
0.0933238734310892
-0.0212686933073208
0.121501632195463
0.0297283233850845
0.109564933940516
0.0994980901824049
0.0950185774627219
0.155487438267107
0.0677944590636125
0.0737442672868161
0.0924201554542501
0.0443761091945088
0.122332222160979
0.134615963349367
0.127489599537288
0.186723059898508
-0.0497129899458995
0.0836402245070149
0.160113915488388
0.241305678781244
0.0408857560559754
0.0458948678754524
0.178618589354483
-0.023923149506809
0.180518923501428
0.0164265932494908
0.255501100531912
0.164050376218477
0.119059685764787
0.132842438866553
0.0787361062392202
0.252922357774906
0.0775368859581136
0.223353584679643
0.0138961786878961
0.25475066883057
0.224179509344231
0.125202632121305
0.0962540914396542
0.336453706032289
0.224310430441068
0.237281163150079
0.19937683896251
0.084586494876584
0.057147018260422
0.113468753528746
0.0345443240603387
0.281229283684189
0.293144650165054
-0.0545562290926701
0.259662546813113
0.296640817788724
0.245512088927303
0.251324010454475
0.203962776016174
0.138698815612534
0.183253628734804
0.269071463354477
0.0988862947777048
0.320768047648582
0.293294183525255
0.169582607682447
0.219780070727258
0.243196743952839
0.267604182782435
0.289726275357439
0.0912080194372827
0.213967401065725
0.267841458727933
0.257322458111649
0.383978525499982
0.255932645485014
0.229766638882564
0.285238117827207
0.237356914796507
0.152891704602165
0.257024964620944
0.306467528530889
0.0611065024417026
0.192306102897145
0.243991967813035
0.385063724802995
0.165087842891039
0.381373565203028
0.360553713523206
0.273508226042561
0.145180903339077
0.290062525140491
0.266516043264707
0.323070607537964
0.18745222396745
0.374984606583252
0.440377506777512
0.284301319107912
0.256636044848922
0.250640659929851
0.241440246943649
0.404498355785158
0.457908615674949
0.328500187345392
0.21012859313855
0.12484652946562
0.459006117162209
0.281774689392989
0.219707084871856
0.323106994790568
0.253338240572149
0.397707010066731
0.283568510110117
0.283047773409137
0.264138804873397
0.252838853599584
0.392625155991858
0.287234358308292
0.464491777359549
0.297327377105871
0.368156929247026
0.370001164678874
0.378953126255449
0.308241050923611
0.241916750350043
0.39517955537417
0.321684306831252
0.446522768459852
0.323915792755399
0.441288130492415
0.344468216249982
0.284983161847389
0.373574803868529
0.474702125677014
0.440546566435083
0.39922442597997
0.349526289102252
0.337844818580455
0.298455984106249
0.17854011924793
0.437355089028015
0.189751015759708
0.226738515481771
0.427094352871314
0.41977224455064
0.432962186964284
0.352682721867338
0.344234874285899
0.358973051214622
0.3515615568664
0.372457192719276
0.334453458762564
0.356038199134768
0.399264269403421
0.323884028796173
0.284681139169905
0.364651037745039
0.466262132341172
0.344644590902845
0.416746941581442
0.327956558886608
0.358159766430355
0.320400059593187
0.241218277882598
0.552799560883439
0.44449117332706
0.345195275059051
0.431039231500447
0.525170444230555
0.430891699683472
0.464353784270826
0.34288170183435
0.355045082354711
0.38909705381039
0.344170248356625
0.319092156805915
0.395022518664344
0.30075565605678
0.434030106169599
0.512839411251427
0.489900011301084
0.480996163171383
0.475582374034783
0.554641843437055
0.453571752794537
0.494397905028306
0.40898924052554
0.624309592345108
0.360463586586952
0.524678520399183
0.436727730717464
0.422694816790127
0.520853583897917
0.420232292723819
0.550642870801697
0.516289110075762
0.325638115017898
0.379174716813866
0.401903553832897
0.382161849456771
0.581930625167766
0.649530945524767
0.674085020265187
0.447012586832814
0.475137438395116
0.586239593247727
0.51171105830917
0.430279263182243
0.463167355339688
0.450035384424271
0.558332822785505
0.515364077645476
0.63706428784359
0.347363338579298
0.609184527683071
0.568603299428662
0.478970696330464
0.620459923662303
0.561186817039513
0.593816303564457
0.623091508694043
0.531064049172355
0.463290377451856
0.459015244134394
0.60194102595558
0.501775496237904
0.488460283609724
0.590793497912964
0.583726817473344
0.51704622777677
0.561284508757443
0.500331557149847
0.750146217530091
0.70661918653886
0.408660863323043
0.457492211519558
0.567924775943758
0.580634587668367
0.477309738239746
0.34643650624601
0.470774010688993
0.550762193983097
0.548080572386408
0.599884820530488
0.450142484444464
0.683383853200284
0.637353213004696
0.590016954883233
0.566822536718604
0.70811836251453
0.435815821061999
0.350602341702392
0.527375705735198
0.527313433964914
0.53667115165901
0.469352362223245
0.432431585207948
0.568006501281295
0.558591546602623
0.836253554272525
0.666323571649938
0.564896527033855
0.636108163093292
0.713604339089051
0.633799305639849
0.679307712080571
0.636094138077537
0.5768759304157
0.586232948753496
0.556377067055855
0.667698722311485
0.512048197960607
0.691776430939377
0.668784317261323
0.687969644915798
0.75184191154934
0.572121564306203
0.695647148646811
0.629971298668594
0.672841992746354
0.606642591419953
0.741138085755073
0.82603145898555
0.823052057023502
0.647668934405198
0.598360676593251
0.683490447394356
0.800801438651317
0.645991381718325
0.714603665290903
0.696279799688963
0.657020895253865
0.555445564684708
0.620980856801502
0.644652462696508
0.588393983047829
0.782141621041524
0.569348592383992
0.635602015742434
0.453166762785424
0.61035965772287
0.665668548404631
0.529976068295597
0.666766042481251
0.641035351451117
0.752494246690935
0.635171798298042
0.740936895846812
0.647447329824806
0.547840773683831
0.586394839963872
0.744695508957045
0.796045783814004
0.817437316887958
0.709991323956123
0.718344227710152
0.784055169358093
0.657157119709154
0.605949129057805
0.75899252297312
0.734700303423145
0.731213347801512
0.768386920682694
0.812978103596583
0.670732782435782
0.809472281160483
0.804522386807207
0.670616117270715
0.654279466702497
0.683052141775051
0.709450094462431
0.843032889446707
0.844417330852037
0.583692865863126
0.710844248560795
0.877404573778429
0.794535222587279
0.828397719766626
0.664888058111043
0.852730848486205
0.80405159299072
0.79377118791
0.752999099070504
0.801014232156647
0.905397760422991
0.652350042875681
0.827861502832062
0.815422237891454
0.78040822084746
0.712784256464589
0.773902387380166
0.855378378041367
0.781936586908255
0.808457962244395
0.787164747061823
0.774171514797076
0.769803696217827
0.774746767838279
0.866439941397278
0.696014073630997
0.610079929074897
0.95398338447225
0.67898170960261
0.907434607848181
0.881814246433621
0.87508898799793
0.691634791995584
0.822084360451996
0.896052969049687
0.739202013048387
0.809715032955977
0.821106147125064
0.876635906376864
1.00312475300285
0.872387614120099
0.645215775664608
0.763417952198068
0.797607753341075
0.896855952453223
0.790129770280103
0.850430317182139
0.847980577021164
0.819225657687169
0.687631749104631
0.890245963731932
0.847994497822458
0.969849337126183
0.893405768403534
0.749520735982748
0.951700234512528
0.838752995079093
0.810638251182778
0.739150322208303
0.827874007459235
0.788191653292843
0.853076403617952
0.923878553363273
0.874005742513604
1.05566540969045
0.870259743800354
0.882879332503886
0.671824987157855
0.975893218030509
0.964567120133589
0.951076331563179
0.837307728276276
0.941571388386889
0.85691232235988
0.819721566932189
0.819774806896787
1.0289390782848
0.940779360995731
0.86156301125408
0.888627802446898
0.890719044361541
0.905643981695008
0.929408341261248
0.929896063038985
1.01668440609464
1.01890068574312
0.905172722236639
0.80312801032746
0.82008067410741
0.876244251743358
1.01674022005104
0.929205216787345
1.01986449430173
1.02641649342361
0.994241866689828
0.882755275988634
0.817936334117602
0.884768738773108
1.00382496894252
0.837433034401883
0.909358743494358
0.955535468471533
0.910178719205794
0.853633745993631
1.08476207291241
0.90018581001796
0.773475131799056
0.884112448335703
0.863504374962611
0.994775161210801
1.02206248658765
1.04829971430997
0.94676326686404
1.05087673082986
1.09906131136798
0.95606635333358
1.05216368381756
0.963807571256197
1.10550992286418
0.967066817210071
1.02290731062258
0.999214322663746
0.916138847701826
0.968375186335757
1.12556469885578
