-1.01431643348014
-0.910594198871113
-0.954766684731819
-0.914438672724132
-1.01613911391347
-1.09638483628578
-0.98765127390192
-0.825801992970647
-0.929712005076891
-0.993464045958433
-0.994144117306995
-1.04068481957754
-0.966856165147782
-1.07378428688313
-1.06074154233823
-0.972898365983378
-1.00375147125654
-1.17080594109849
-0.980042954032693
-0.990522856143328
-0.987463766385576
-0.965293275320176
-0.854216228310943
-0.940919875513441
-0.827047334313471
-0.930581672217171
-0.893110386608928
-1.05262476049343
-0.950406663909239
-0.755293152830779
-0.906005370593968
-0.846159767700667
-1.16787935508027
-0.880970691331942
-1.07198481826999
-1.0477985435102
-0.855421686637505
-1.08172847652394
-0.940035082859451
-0.802315964557175
-0.965806939172002
-0.881132278528801
-0.700452105004813
-0.750255068663792
-1.02823583155929
-0.851817351963701
-0.99635705742218
-0.977729055604936
-1.07487821962962
-0.774843060688183
-1.13217550433416
-0.962847647679171
-0.957877741191181
-0.728605087461805
-0.925199920969233
-0.785620888026847
-1.03396236520924
-1.01456097386314
-0.751996015480717
-0.924058750450631
-0.787826312466951
-0.980818975594535
-0.837477234820381
-0.855068237406192
-0.848474226564625
-0.80960674546393
-0.827472131742521
-0.953104719301481
-0.834573762778207
-0.806095496123988
-0.904307647193001
-0.81066353250737
-0.9474346626148
-0.688218381810016
-0.768633100914603
-0.724392607063308
-0.845121855699002
-0.7547053992998
-0.848691307642573
-0.822051863786347
-0.827208140641866
-0.771550064983058
-0.903936551909249
-0.756530780817115
-0.774654108744116
-0.676765336013561
-0.742062822505368
-0.984257955970074
-0.857098972475456
-1.00918241264956
-0.820012516331627
-0.798034799314224
-0.921216108897326
-0.788016483986756
-0.826061688367436
-0.689340761822077
-0.776274151066089
-0.891368898416379
-0.730182329697351
-0.808145554231215
-0.773773427344731
-0.848882374587374
-0.845494024570838
-0.826766311005227
-0.817632133078643
-0.835419459466612
-0.787909960082184
-0.980256012101546
-0.749771873649839
-0.766713152064974
-0.793068219243204
-0.816912216316398
-0.701781676082338
-0.830981293190476
-0.755093969225181
-0.656952877214824
-0.792078595824725
-0.612997162680495
-0.767847136752065
-0.684144791949588
-0.744313349945184
-0.828497529724971
-0.726487439497939
-0.858103403885213
-0.653259762559991
-0.645241634163971
-0.816764786509661
-0.765723982494031
-0.832596855812979
-0.677354529094741
-0.557998999558869
-0.765208720277772
-0.66467672533098
-0.884662314129001
-0.488632705529684
-0.765830111569256
-0.737520554836366
-0.804870299684422
-0.660710000372193
-0.652797393571338
-0.579728097124287
-0.592108192116345
-0.666817050393105
-0.659425665342447
-0.810850604271564
-0.800391254789164
-0.755482485028328
-0.698289453358341
-0.655560338087725
-0.871415230291569
-0.720905870592916
-0.72626980314337
-0.708478231965604
-0.799431826860848
-0.65276545893277
-0.631629187590388
-0.803063637079021
-0.595183887860973
-0.650459565431481
-0.680217998109726
-0.634052654778639
-0.671084076506904
-0.729528549842748
-0.71035324202515
-0.590890014679502
-0.601678568799198
-0.852962135218985
-0.505877716905931
-0.709062446075354
-0.650310999659834
-0.672002369957763
-0.680971647420021
-0.603892694447666
-0.65720345520126
-0.591206594848139
-0.656878240865087
-0.653207940447083
-0.482215624661801
-0.78479148058481
-0.648967203731835
-0.663618177141636
-0.566432936870472
-0.650076844358346
-0.532897028064086
-0.591032874428893
-0.573466459831262
-0.651869953961445
-0.520871905234117
-0.64778776922838
-0.574729184757534
-0.503371828349646
-0.706680559901069
-0.659542033592648
-0.624968316658251
-0.61822646619292
-0.735650825295417
-0.558796377517614
-0.611799239276068
-0.657121215364497
-0.717194372396488
-0.483763647885303
-0.555448820397777
-0.712621688394968
-0.592672599036069
-0.707273672467587
-0.614922463767098
-0.767639218933995
-0.641844409012146
-0.564316194163895
-0.507178388504738
-0.655764513204141
-0.557343498659431
-0.567186889760153
-0.533888984834612
-0.587797747755689
-0.549841517620413
-0.575860112610486
-0.622154105138989
-0.628402973764223
-0.667341912451163
-0.543864607124966
-0.585613883206905
-0.570065990926921
-0.601542539022996
-0.474461787151353
-0.440640131490341
-0.643806473740082
-0.537699855054937
-0.58770430071363
-0.532386211101269
-0.349627109138609
-0.522206789801459
-0.385155060470783
-0.617802758571402
-0.42527304175643
-0.662525663668434
-0.503321514628435
-0.505294414632371
-0.533951537775848
-0.600018827841399
-0.496369361842736
-0.52892213417017
-0.623207488701635
-0.62336505584588
-0.423612417001279
-0.442816401920862
-0.439869900114244
-0.558957585367147
-0.439006110057949
-0.475884359426855
-0.516148959072107
-0.504015913506154
-0.408339219767464
-0.586519944199833
-0.601613412228719
-0.534652303555684
-0.454361577175063
-0.444755468115248
-0.453289031370783
-0.357782122862767
-0.445333310474978
-0.636044074055616
-0.367423622067218
-0.583372060831027
-0.57268994417186
-0.474317387697328
-0.418942078792578
-0.290819946676829
-0.341528814211982
-0.280375040583867
-0.388232129983889
-0.411040128300777
-0.500269467412978
-0.54224297334194
-0.369182111964705
-0.481659351358017
-0.518532331874367
-0.429961139048459
-0.444430650329827
-0.453368499788713
-0.498966947524653
-0.385412134458639
-0.524177839679958
-0.247236604783471
-0.376619398614357
-0.396688260398729
-0.462329744488495
-0.458291048553628
-0.508692104651019
-0.325606779308803
-0.410958140160445
-0.461435886207312
-0.4646314502321
-0.409354403105622
-0.498064506382113
-0.305372790561017
-0.439627085419213
-0.445751477636291
-0.604575569897996
-0.424436991022938
-0.446379104215675
-0.42026221005835
-0.275158385452628
-0.314796735549896
-0.371372811731683
-0.360387546920042
-0.318955162994066
-0.285787947557719
-0.353549495619616
-0.330555175319886
-0.511801576249972
-0.452258086072082
-0.154421645634529
-0.51448786977888
-0.315324393382931
-0.350228402459691
-0.407919745021678
-0.43394235047852
-0.436062081700791
-0.355939068989935
-0.367195075723408
-0.321656622340677
-0.258501878049976
-0.375585047672397
-0.331438064485727
-0.30061691968376
-0.108376704792396
-0.301039085602199
-0.347182084056985
-0.172659483459765
-0.483157924545072
-0.396467523864724
-0.318194415208225
-0.26959357576873
-0.289845639048826
-0.211130311479216
-0.430828539563021
-0.300264379384554
-0.329126100225566
-0.363148743576116
-0.306192201499402
-0.218271332713258
-0.282604966721218
-0.459530135943546
-0.194090694195485
-0.189797959816271
-0.229540261849986
-0.225067219112112
-0.341701029757366
-0.286603221030845
-0.211657023787787
-0.37408596369151
-0.210226861876292
-0.345512024551865
-0.307977189875322
-0.282752919241372
-0.221876006617936
-0.304450801858599
-0.23721015848763
-0.342904128897879
-0.38287083087511
-0.320045421605257
-0.345662541707924
-0.221439762234721
-0.186219760505914
-0.201858603176925
-0.335339515234484
-0.262566254526756
-0.239005559446547
-0.166703773433703
-0.309528855103624
-0.24475790871661
-0.448623009172932
-0.186091964745311
-0.323177302068019
-0.311275196826552
-0.189929904583099
-0.291497688983841
-0.227435757831353
-0.248744048304114
-0.349677315433704
-0.284244114419821
-0.253107892882233
-0.339275896963341
-0.266163626529133
-0.273407736797858
-0.362688638375144
-0.200896720580356
-0.0937283985703971
-0.266117288891914
-0.155981714957632
-0.311856784575133
-0.0740738294661532
-0.158266696349804
-0.285869985819411
-0.304645845725804
-0.121645148607189
-0.239701270251591
-0.36146275333487
-0.136135353912167
-0.193467485722852
-0.20194135918313
-0.222499299411415
-0.238066025584689
-0.300671457152088
-0.131743357075395
-0.0691108139453496
-0.32870338724073
-0.115068226252822
-0.16191849421689
-0.135270064868812
-0.232994248378803
-0.197076384975662
-0.23783090254834
-0.271615632413591
-0.0630194080585945
-0.259915929400358
-0.31512032157527
-0.220026839255625
-0.157401020621678
-0.044150102549204
-0.239484268457795
-0.187364274982916
-0.191666235087941
-0.244477425190728
-0.19653721002453
-0.218309099843749
-0.194044316711351
-0.132417068725481
-0.0652380391302175
-0.142344854893784
-0.129391851263685
-0.223875616540134
-0.113157315356969
-0.0574275460315045
-0.151799821583548
-0.1176108407199
-0.371450614468918
-0.0927743065771513
-0.189222106964569
-0.0560511413048025
-0.158133833217119
0.0134947377853963
-0.125759310588634
-0.0557542053292509
-0.144899930934378
-0.0872152405640586
-0.137643959194318
-0.0904873052150276
-0.0453693297115194
-0.279719167470094
-0.134618060596865
0.0567619388498119
-0.0725031689403332
-0.027197803210044
-0.103309988142203
-0.0931738217032572
-0.0526587293842387
0.0354026369552454
-0.0197865541848064
-0.0628527759324992
-0.10592824961515
-0.0454551825565298
-0.00778562272205019
-0.101876213246841
-0.110448304023096
0.0773425523722614
-0.172766745442307
-0.0216646788454056
-0.00799710535436703
-0.0950426989190395
-0.140673038211836
0.00950304353568919
0.043467430812933
-0.083713846073412
-0.144331859096252
-0.283745347753789
-0.0730596094926476
0.0595806351631873
-0.00513009543297613
0.000516402545893491
0.0310486936325784
-0.125070531463494
-0.0859106336153107
0.0481503325286356
-0.151380087033082
-0.104046945841002
0.112923409114664
-0.228675571677317
0.0839122984813261
0.0167485043693182
0.10697333136084
-0.0964346737641765
-0.0609598279765764
-0.063906005170937
0.0779964271150555
-0.00509203398566094
0.0267006258392186
-0.194746371163367
-0.144028700441652
-0.0595518779905959
-0.102690588242408
0.00643571479154381
0.0137307713402883
0.0596341163547133
0.0604908586394393
0.00988093020927924
0.116913642849755
-0.161762507873392
0.0117273999328411
-0.13001430388567
0.0500479942288074
-0.0396829685799251
0.080402681856726
0.0569591520134351
-0.0400496527824812
-0.0807728064803217
0.0870829477626282
0.0222824558198309
-0.0458031046939671
0.0309446734009922
0.14604254541422
-0.0600285838692723
0.0815665586697596
0.00346936656367098
0.0513856862347897
-0.0612286622494598
-0.121588724072462
0.0671270980304279
0.103528664926065
-0.0332199652280644
-0.0857106389609523
0.175458891648381
-0.0265076442337312
0.0815074834245148
0.0249875142934536
0.243258453653132
0.0635668128292846
0.0199616620050449
0.0340064763660292
0.144769751297522
0.0433212355188082
0.0439624218498613
-0.0423800978444739
0.0170759408152705
0.0567262410128164
0.0856088113980128
0.0658923833789176
0.0879357091971262
0.212336198162985
0.0899073910739352
0.00295732135941799
-0.0839357303910286
0.0459775892427593
0.146773357166131
0.0809643378779246
-0.049552014933254
0.161283008348371
0.201331203207342
0.0656545905330401
0.100681803585573
0.0744112853378992
0.204906616037211
0.265742971998052
-0.026957784698524
0.253311300478011
0.183401048773899
-0.0964156408170222
0.152051782360689
0.160321113751291
0.0881797427450093
0.162156114741381
0.206911431393047
0.0856128717926821
0.0302225378988767
0.080240144924269
0.326641428333655
0.257237935156349
0.144943347408081
0.169051471533239
-0.0531609390389324
0.245213870215172
0.228445882003913
0.0565353266130025
0.0785043908080826
0.0894496711096887
0.164896228665165
0.200886836882031
0.220593348249348
0.0795637672988127
0.126984419033705
0.275031944446777
0.131346020308173
0.224088706932099
0.0709290848636887
0.181049404358316
0.302874471273889
0.245153515975401
0.183916929094233
0.277456681563079
0.127274970778473
0.335573884179277
0.170465515701388
0.338092808557688
0.221141831419417
0.0151736167331441
0.163657921060798
0.280809371018625
0.277826363578221
0.348143790525308
0.177679278607168
0.198447442458883
0.351538828054321
0.297128525976498
0.293077287089771
0.15414383957531
0.100853445095998
0.261037316641631
0.276272779737807
0.0150296391317556
0.253013445143233
0.257877861083193
0.197397680048596
0.30333433986693
0.18450061984044
0.275858621589479
0.138131121089421
0.272598518425347
0.201032136771436
0.385985096229034
0.414719776110885
0.238520393607175
0.120841378664312
0.267322780756129
0.234462878763484
0.333613559700029
0.11453368885543
0.41906790947528
0.280148521939754
0.23064537366107
0.163361692885508
0.319008845941012
0.278905812920889
0.283595062367459
0.152930824086843
0.259108960701991
0.265147916162074
0.383216255628519
0.236550414676978
0.307997569818092
0.405787873670414
0.283215176352823
0.414036002586063
0.457880794460707
0.333252708193569
0.352391269484733
0.297723017814126
0.344680298826449
0.417672763077232
0.249845976113502
0.287795987412822
0.281051713997143
0.359073009815088
0.391619381159696
0.530194283881737
0.41618848261586
0.345975636134404
0.311839918285372
0.291394315744434
0.475106552876738
0.304625045782044
0.402709610216204
0.328788167566602
0.454454901842323
0.231216955216042
0.410977751731046
0.23561451997837
0.247471317535698
0.269559875175909
0.283288104426872
0.443141003109754
0.213629229384888
0.339920233011927
0.298472758300594
0.349929216441512
0.475738079994974
0.441793883937847
0.341803120290355
0.404822384682102
0.398435906133716
0.301256056432812
0.385904869327497
0.330516808739137
0.310026969326071
0.406962557649109
0.45334088952897
0.357901996189066
0.490530111992664
0.480323610971305
0.259994851788324
0.426414085495764
0.533633962381909
0.455388041844618
0.425838013698836
0.353855079670105
0.385688726801074
0.376203811317734
0.411105092321523
0.253771631946349
0.450592705706704
0.532717979301911
0.368261609015696
0.465494956516552
0.587802060077849
0.485622407744007
0.46069791874484
0.374421245680243
0.530174385223276
0.346307856318839
0.415703661240864
0.485286830928343
0.321364265018481
0.469612143161641
0.33507201765765
0.456964666419954
0.368925524692654
0.539551355924359
0.525138701380942
0.362229718642137
0.420827957896999
0.490868288301203
0.486922761092112
0.47572790845523
0.52729026900385
0.375094294124778
0.458837495470588
0.47079195574354
0.591935751288599
0.280318245996006
0.48500243730842
0.409123098217001
0.636985314234514
0.619207892990116
0.391077938582061
0.688358426927019
0.494680024867798
0.540792803300479
0.570410197531608
0.433742982448087
0.494911300719694
0.451876596731942
0.486466119411432
0.492592713332878
0.479195371306166
0.521067205042009
0.409098438011735
0.52230062772709
0.542920966118345
0.380916959224093
0.541071716118359
0.54672094498777
0.542481232462328
0.548781336805934
0.489663969683615
0.494590987825777
0.488887823093767
0.628805895446738
0.543838862551332
0.635687318825567
0.469633519715217
0.441075068437744
0.547299376205528
0.526457932095711
0.527391980335942
0.522698823660711
0.530825231112324
0.510527784394912
0.540329765294414
0.580715659687114
0.5727629989887
0.537883998567594
0.480648934779355
0.576469780299915
0.448151403938708
0.556937243795084
0.477080124335309
0.558097378644841
0.713922176793456
0.514429387771955
0.612067671743091
0.518622555233808
0.529483454397863
0.608010152709564
0.671965795838989
0.51213073265595
0.512725411159249
0.582815822857771
0.649449207983055
0.491554665871686
0.611582108131253
0.520190390236267
0.678043127001798
0.572612437629466
0.61706339981504
0.584444889706172
0.720281554018314
0.579574613614073
0.559783208968756
0.476770308946404
0.698252744859834
0.654194473757238
0.588936931161951
0.676869997469316
0.778077968597411
0.664356476645909
0.643560731034894
0.655362606133187
0.657671777747038
0.515729067809555
0.57157079116112
0.625669391099792
0.713612090143046
0.569410376059121
0.710472397068839
0.630549370598338
0.530588742263576
0.77056480201213
0.70343271823939
0.724772720039615
0.690508531656885
0.565409312581774
0.585543418371445
0.640727959802165
0.799647324852061
0.573337363680068
0.629745524865188
0.673643498704822
0.860676505543164
0.656346203634634
0.681326365808693
0.742047015296468
0.750733380223475
0.639384280092374
0.778898848680196
0.679122856202293
0.819829400316335
0.669093840819272
0.824437512389097
0.702401107289489
0.611576211859091
0.735594158069096
0.666557193352393
0.811751201802495
0.68270561952782
0.763941655015928
0.980069150326391
0.819216721304146
0.569423293496812
0.691422185310375
0.77855238919004
0.636603239648967
0.627831377937749
0.662796144241439
0.8886957664009
0.747154464922564
0.691271402051397
0.639487384157609
0.828432168269534
0.736936198470666
0.704056334068136
0.705442482916873
0.78057366263164
0.712421108866639
0.717538559288686
0.7831319910514
0.640702022630349
0.832601633746326
0.759919673461524
0.963325489733775
0.696004777280131
0.623736702915279
0.805047465206841
0.754988384451973
0.68181255279381
0.832566927786208
0.881097620703039
0.773572113086349
0.577626263861279
0.877476268241534
0.727691569693639
0.752659909400854
0.723772085198845
0.886877672957809
0.705506483684799
0.818994993191438
0.803958466438196
0.731055579569232
0.841241767515146
0.661977806725098
0.906509888667515
0.880294244351131
0.750303127115467
0.731687316118661
0.810522091347313
0.753234236978373
0.659546281363995
0.811273266539903
0.870646584157635
0.833984270361303
0.854951054381616
0.871550996022774
0.850072293104265
0.854945686863178
0.876060144900434
0.834086569011625
0.677153321688552
0.820595100288702
0.881281839892701
0.891515498017296
0.829671843179567
0.877958690514906
0.978600908574867
0.793370339231381
0.831103561436528
0.862191472757238
1.007335596388
0.792555441174168
0.832078899911981
0.799241154313281
0.813301726524044
0.860621087632544
0.729060621186712
0.827471791742929
0.876880758979564
0.818667737983783
0.687235778963788
0.758292140774184
0.818549538353302
0.797841949039468
0.780959649074743
1.02625749307058
1.0292863626235
0.920615677513444
0.845842002242172
0.756099088206656
1.03984177609678
0.782954586873472
0.990551019099356
0.917073881897956
0.762633728068993
0.964000713299227
0.87620760588362
0.81994862025572
1.10805352937211
0.75232252581335
0.861000606767746
0.877322926782408
0.916632579584536
0.906971287788035
0.874385896035059
0.941351921219709
1.01895615695195
0.920653686386928
0.769047985667385
0.923120456298784
0.829146089971963
0.776014483030381
0.973273832135106
0.879127762030354
1.06483722225746
1.03530666578997
1.03619525603152
0.968202497116128
0.831147966945592
0.912268736756444
0.931148525693781
1.06525699396052
0.795639668466434
0.909752589394153
0.911950297889733
0.890163178219945
0.882328036929173
0.902437336720987
1.0640433695631
0.990334683654052
0.917897888510944
1.01303247783665
0.985145566619966
0.853608253210551
0.946645247979684
1.01611589765252
0.91333297332524
0.969623151537469
0.931905904420875
1.03352400407132
1.05272047985864
1.02542089034389
0.971407356680732
0.949434426919304
1.213126234849
