-1.18680650994176
-1.09622136706719
-1.11095785642363
-0.893010945204498
-0.93850126440669
-0.957224477631033
-1.00285551901966
-0.902762954071313
-1.16368728513324
-1.02754082498315
-0.998419232671641
-0.989983439537217
-0.916150646517147
-0.849211881601585
-0.912766449680653
-0.989312521778034
-1.01972448399827
-0.97072749229005
-0.951455341340419
-0.90569880699601
-0.91866082984417
-0.976926807999368
-0.850674752591747
-0.89794210427667
-0.982333968874343
-0.810390032447913
-0.920102325606068
-0.87373113087387
-0.944327462760564
-0.943887492703114
-0.979995464119281
-1.02772955708345
-0.894821175601827
-0.904710740180063
-1.02678987403572
-0.933959829088213
-0.92394558738012
-0.931295585535689
-0.821007726161998
-0.833754365629896
-0.908979329024643
-0.783537944903288
-0.800170407412494
-0.811872280102366
-1.0037040816691
-0.887540117022254
-0.885278216344307
-0.93464729418909
-0.874505020491168
-0.866078465879601
-0.792283815863728
-0.987570986636676
-0.870945846724599
-0.879229790257972
-0.906856646659595
-1.01220096967683
-0.91297631197926
-0.89603135623508
-0.973999813733789
-0.91627695175272
-0.7247117717673
-0.945669602316102
-0.904615223300144
-0.762886014241166
-0.806785462938133
-0.706126340150335
-0.898842015933007
-0.850454488961692
-0.816375847871951
-0.822986372605102
-0.853034240768233
-0.841681249867202
-1.05778330415842
-0.940744718130045
-0.957326143662579
-0.92257681228216
-0.843630292272424
-0.714569688485395
-0.756051203038209
-0.831903941063297
-0.84661090168715
-0.825986403589986
-0.860433499718077
-0.825341497437964
-0.806011273966304
-0.732961762189244
-0.81917079431272
-0.862685132083461
-0.869340241107973
-0.789700294388869
-0.742598505637311
-0.741540926717003
-0.766966155970438
-0.625506143192617
-0.805280993700822
-0.904576201813741
-0.857446646749555
-0.70753515282573
-0.784510169662414
-0.7375981576666
-0.892851849597973
-0.779929910067356
-0.823016367267448
-0.879801882063648
-0.820242696244005
-0.882180268856073
-0.783422291795619
-0.790841613633151
-0.838850352942207
-0.758661467823772
-0.792382840558876
-0.803399357807859
-0.769958192450171
-0.615587052755863
-0.763546930020476
-0.860709009705445
-0.652878013668859
-0.696820146799719
-0.62769752711599
-0.668614652094827
-0.672103918135802
-0.796680161723938
-0.709116601582813
-0.780490419446435
-0.700572383111326
-0.674238167449235
-0.717876386092347
-0.587767452320309
-0.668311591254052
-0.780341761240987
-0.657256208953511
-0.855530761992283
-0.608003400284268
-0.639034703289955
-0.730472375582987
-0.787188751078127
-0.741292697494234
-0.721763498111841
-0.647967333435504
-0.760983929637704
-0.690835067811784
-0.755763136253793
-0.779494597743012
-0.854767652500813
-0.638671981054513
-0.759420049332738
-0.626355845001283
-0.763190740732919
-0.759402684944751
-0.752509357694087
-0.541279066886651
-0.643177104012563
-0.768848662885558
-0.581919253282248
-0.758046804243396
-0.708926310615032
-0.59408072562606
-0.722194635931876
-0.774518793230194
-0.751609115994069
-0.692229655558769
-0.778954259668279
-0.593693612746647
-0.593518477340837
-0.696126925782065
-0.564265135389086
-0.561132975557515
-0.709800348059781
-0.562146912034459
-0.756398752181769
-0.716120610345176
-0.652319881669202
-0.768269223027773
-0.544693442077667
-0.698422939653097
-0.664748945279298
-0.678968086558282
-0.626915756279208
-0.690585153778283
-0.661799679427758
-0.691249488249996
-0.60475121892488
-0.601080058697761
-0.591114122413318
-0.667700080470814
-0.631809864503532
-0.613300216873221
-0.654101504292916
-0.657943980203851
-0.838339608866359
-0.51628481505872
-0.681574896287863
-0.647995779293635
-0.632041867392431
-0.637322218582013
-0.690629131131225
-0.549019831723989
-0.715849451051674
-0.550649740038438
-0.57007825397951
-0.60051810655656
-0.694114158992632
-0.648524028537982
-0.653069625363067
-0.625130404705163
-0.654896072648366
-0.435155665558307
-0.513015551132284
-0.748421948004847
-0.669315054190885
-0.567075648460056
-0.4793133166722
-0.532109722183646
-0.50832591014687
-0.693756992223095
-0.434069185897127
-0.416410594267957
-0.727607229071844
-0.609234180610807
-0.561878436531009
-0.536919132771959
-0.509128827643877
-0.627698895404152
-0.438283076297427
-0.48699769281974
-0.64273116206653
-0.692396302183782
-0.461327545657725
-0.389521400392361
-0.438924242983653
-0.603250772078627
-0.556025003029324
-0.380741104892943
-0.57160022651617
-0.516496274936641
-0.576499522916664
-0.597749735579269
-0.403158778396814
-0.56966896637447
-0.552242208900012
-0.563717845670224
-0.399266672004782
-0.573421086920083
-0.500904169900754
-0.380113098962102
-0.506737040449302
-0.583840209415629
-0.567374950019316
-0.419563835866645
-0.481532554745046
-0.558882290141524
-0.508249830169172
-0.5428430533793
-0.545436885177855
-0.673736843131569
-0.475415400730882
-0.415116222183241
-0.3648140924064
-0.46595377705748
-0.54132418679948
-0.48235663433755
-0.433604609915466
-0.529468018716147
-0.384617357950608
-0.492804512842633
-0.428534920638006
-0.478260479852378
-0.486681875925801
-0.351421850974569
-0.352216271816631
-0.49659170594632
-0.553253327443963
-0.467873801920674
-0.316621928215984
-0.457152654140713
-0.422234731235976
-0.394965871690924
-0.493905578409443
-0.552156335456689
-0.485218435539335
-0.322867536338592
-0.389178270441726
-0.528891309302529
-0.437511911935038
-0.392039093262942
-0.353440036911728
-0.459708031774207
-0.468819688007426
-0.302576351072037
-0.372168845213702
-0.386752629952402
-0.565366836337886
-0.389538536662439
-0.402340985112296
-0.434273326278791
-0.306168396790534
-0.54477849689951
-0.351309028874537
-0.476368389169286
-0.473895527472501
-0.354225799532124
-0.391953431622642
-0.363510109158047
-0.394683065122125
-0.220476747061608
-0.240668685850631
-0.375775921954909
-0.432069581410706
-0.302842020404719
-0.479188380678558
-0.314858786502657
-0.575439102287676
-0.49035858169477
-0.275014443656047
-0.405786664608589
-0.28089084915774
-0.387364030119403
-0.533280914629836
-0.258235351804008
-0.288813248447482
-0.285269914964303
-0.33385226113664
-0.231120698033356
-0.221770939158826
-0.3338202529108
-0.337436610631208
-0.371249809888488
-0.314084547444267
-0.466547279997875
-0.329115232791301
-0.332408610592186
-0.314865194432161
-0.150349579927139
-0.415944527268516
-0.445331300403613
-0.448729717592516
-0.339833982223697
-0.364772790016469
-0.293317300979973
-0.414121214294677
-0.293634508998834
-0.414651308634597
-0.325729963169739
-0.27543035277134
-0.33057173016284
-0.271768724261986
-0.420808346796616
-0.294513977851842
-0.266395974374667
-0.268249874419848
-0.473443128023232
-0.339344667780474
-0.256789900461588
-0.217348725305562
-0.292721338387951
-0.340059205969737
-0.26225841020754
-0.356185105124039
-0.17534846136762
-0.306465836677559
-0.242893113304671
-0.379763793686036
-0.333576851557231
-0.325888973420912
-0.267278549757277
-0.376986020017849
-0.280794158736651
-0.249297330920099
-0.138027210461145
-0.11834421367252
-0.152208142244083
-0.300019466873978
-0.320731966988135
-0.209099587604929
-0.301719264864074
-0.147660042623927
-0.254800286884087
-0.0384874361156975
-0.261702098112889
-0.441811322958499
-0.338641478313903
-0.234895076221977
-0.156623796495518
-0.372872788042566
-0.381380175990632
-0.264081658962736
-0.1745209020916
-0.15486562760087
-0.24640952580246
-0.168442073508521
-0.298017113764894
-0.139034367126829
-0.138696729504241
-0.361266356263446
-0.156391969858628
-0.303038847909931
-0.186281803250862
-0.166751960618823
-0.194368570060839
-0.219947011954671
-0.10256407670854
-0.178914327527075
-0.353440053475639
-0.214052390084519
-0.0692479025481092
-0.332435791246341
-0.188625108376773
-0.200323160154143
-0.00745188542663612
-0.176122950752382
-0.173700196680377
-0.10437883297044
-0.220657772834266
-0.204968352545751
-0.164064883941595
-0.354792798255151
-0.114897337870438
-0.324544908372759
-0.153734920656161
-0.0866883996188384
-0.248091794408118
-0.12871322475398
-0.239973913857598
-0.256430052577422
-0.25334454500744
-0.0833459768438756
-0.106316420507321
-0.0160423164206943
-0.168975593238039
-0.0509869562243202
-0.242345774794196
-0.271270481321443
-0.221230237577548
-0.201027765933502
-0.244389757004032
-0.0774725276509258
-0.173741642325362
-0.0300754341685867
-0.0771143808669351
0.0474240118596583
-0.0359712221274591
-0.110730228595681
0.00649729458803822
-0.188157792980447
-0.194429957535179
-0.131438146955069
-0.120012056659567
-0.0136717961733229
-0.178752822720534
-0.0833973835677408
-0.114728920694404
-0.0224340399261782
-0.196447560571847
-0.178176255545521
-0.166723965265789
-0.0573604310466545
-0.0840591672205333
-0.0125987336811795
-0.195344515535559
-0.207764883496538
-0.127670484884755
-0.0353709586951823
-0.178031849059587
-0.183780834610169
-0.172200590423669
0.0412536771107037
-0.0695544233991897
-0.0407302932761233
-0.151294380500793
-0.169434420485038
-0.141451835919506
-0.157792464611223
-0.232328528507224
-0.117887282556907
-0.0579110153207808
-0.126007862953905
0.0990419324084437
0.0257869149333906
-0.153939448093234
-0.103733534859721
-0.129120271348892
-0.000570985186549628
-0.0914591444646223
-0.19933002871641
0.0887069311995038
0.111497076744988
0.0749051594547313
0.0468825728475719
-0.189632279015474
-0.0496241798782922
-0.0496966355396903
-0.035441400078912
-0.010417744778981
0.0541232406992485
0.0650487147076557
-0.14643254112533
-0.182448487488201
0.106629448725726
-0.0695810190639924
-0.0120848551771824
0.0543955733655725
-0.0915500858320824
0.0373278142179234
0.0453245554676909
0.0127042878268067
0.0290196288529917
-0.0978692536563092
-0.171734477985892
0.110859967125989
-0.119437678192875
-0.0280715000641326
-0.0287119552486519
0.0564003255414481
-0.101365143088814
0.0262426664033127
0.16558832781826
-0.0417872246502839
0.046592533538977
0.124747404648214
0.0658460991263342
-0.00341009132764182
0.117645530058548
-0.00305811810097813
0.0367527778450595
-0.0165123282061733
0.201141892718305
0.136341744585178
0.138768756199888
0.0642227804953524
0.0831870037865854
0.10689548665537
0.0709136462579262
0.0396253586060141
0.135801082319368
0.0528489257708496
0.124507250942189
0.023814057835381
0.0242034542611866
0.112827614977951
-0.00342309754903865
-0.028735804308725
0.145596905684479
0.0873550941551839
-0.00477129237954995
-0.0217189444869345
-0.00819001595790812
0.192723132902732
-0.0413309819397326
0.156609615371891
0.0144102196147544
0.0395823329773296
0.0994813041983716
0.0267421166993407
0.15792663281367
0.101294899899415
0.228438789731398
0.0572176794609389
0.186422175089094
0.0259953347047805
0.146541102420599
0.0426794359737237
-0.100149920996028
0.11971993835823
0.0829210733358238
0.216760351916023
0.232847934407529
0.241726010563558
0.0246506808320505
0.109771141909857
0.248266950280365
0.13152026573828
0.120441340555807
0.119511064079953
0.104046993799485
0.150282787652648
0.140479412585566
0.024510180840836
0.126713479909936
0.211583081051107
0.0882585211517841
0.348840115772769
0.047432068231894
0.219645702617769
0.190395293957471
0.176873682190231
0.0953989967991404
0.238124706347049
0.112687112127507
0.153467007559859
0.323180950798689
0.312051779152101
0.280659815588404
0.126936957705308
0.0860398926000005
0.131547284784149
0.198531259894981
0.130316124423042
0.210830656144248
0.14759254237717
0.301001871296947
0.109612371717196
0.0938534963119459
0.194027984375633
0.190004073263169
0.357287471491401
0.339395609268158
0.196043435685348
0.342852990197906
0.240583093136846
0.225574923122444
0.250487828018342
0.238907830380568
0.207299497046876
0.152058489483842
0.27778708604171
0.325034105611555
0.277773659674231
0.232490994182576
0.342584089203728
0.238114765713866
0.344416767430343
0.198565330952782
0.146055201100176
0.240399766193287
0.256982287870374
0.288097421491612
0.162774286217792
0.323764182680443
0.216320623352858
0.301230253087078
0.285161336935092
0.124829677872278
0.0928841686128621
0.178115264310013
0.385932853106978
0.282984772834798
0.243073825988477
0.311373789205779
0.341900843355967
0.227772602492603
0.0837656321336707
0.370312867346488
0.314682564397964
0.225982684962411
0.364098908847615
0.0683248220205183
0.343284294248065
0.189291314536589
0.257892535902605
0.282421830103548
0.295813008636341
0.266034204603366
0.381186389065879
0.332393239215153
0.420546533029788
0.404222119352732
0.442837860893472
0.209466008462255
0.377651203264187
0.274801968963936
0.337322077340918
0.21131808423015
0.380042258272005
0.207307540031717
0.533553105536414
0.467660566534458
0.301899889364957
0.332198925447146
0.368776120887782
0.357666228875084
0.248303551687608
0.26217637179674
0.312327856595047
0.33455509005126
0.426848981745834
0.407466557677198
0.256576100191021
0.475603170142991
0.457312307926961
0.428920316833582
0.491307644575166
0.497924257864077
0.345169948471917
0.405971600037522
0.517428605781688
0.186725408543047
0.367000858950209
0.413198404747446
0.265652848434903
0.293480584981792
0.238788403690689
0.525994904492967
0.401014248752548
0.325402353772593
0.478647051361377
0.393422518851005
0.391667204831365
0.385719881079109
0.435914322253721
0.330910403379694
0.495780712334631
0.428990286654581
0.464121095323151
0.387311822817568
0.428086348153977
0.359328362224983
0.389156924026131
0.453653729743167
0.403343102528501
0.413301238869392
0.414545800044371
0.29510336174863
0.404474689266385
0.394981717724865
0.503638858639947
0.377011620653203
0.457139582594034
0.376499868736925
0.440539550199599
0.45369095105921
0.281466867897645
0.406981155950261
0.546562124168742
0.468473594472704
0.554161770606546
0.612762387370352
0.438851941323502
0.46158166680515
0.326489061541159
0.525650655653552
0.495539143818287
0.34458595026565
0.559964918452701
0.516421256030151
0.468474873501489
0.581380029453524
0.424209170396378
0.535009858591787
0.525716077674554
0.590103569752159
0.439018200896711
0.55771414740383
0.425215080664808
0.561537409347957
0.412453442407395
0.400882759255333
0.447072095941014
0.721451502062974
0.510429305597895
0.49599755197433
0.418895052688346
0.518660379830453
0.56752699392862
0.565959420921159
0.375253550693288
0.581032677467882
0.677238147410717
0.454634135912894
0.440783412022388
0.453391339688688
0.376797427386601
0.540038648574196
0.543265087957769
0.473185145391228
0.518306633360016
0.502568175571
0.442342001055839
0.420625608294163
0.532354915941213
0.538785100167098
0.597239271820847
0.641235585298312
0.620308097316324
0.376064794276348
0.507639578798719
0.572498352995277
0.608625778784759
0.59006328504455
0.426071621058456
0.55633145402972
0.630432010674252
0.607337594258209
0.549570480087885
0.643559504825505
0.557744821412681
0.555275411750281
0.630280455023076
0.550830450196343
0.661536208169809
0.569262570711804
0.595423129739024
0.397578522676191
0.458265724522019
0.60081648474335
0.564659469925002
0.617464330927072
0.525248617458676
0.572924225093638
0.530494798621383
0.561480473262218
0.606335809175617
0.58478869937463
0.459597085167595
0.829171497458498
0.650693340278955
0.564185420933241
0.602656304714805
0.70113505420382
0.508272292367587
0.696329298868299
0.581285101365012
0.588282219783561
0.606193150005636
0.630433493789606
0.608338996853518
0.633085343192882
0.71694402925697
0.562894209215752
0.72660704858433
0.546337180487933
0.60569580595852
0.699731478043466
0.611722920635898
0.60301477039828
0.798014026636697
0.741765273568379
0.609971308200574
0.659615167086155
0.680425605156198
0.711525742663832
0.711091793758979
0.6635623703544
0.741047186113938
0.76274794974647
0.723463391772585
0.57543047240199
0.597013082904002
0.707607174473748
0.735248271391313
0.745192262238302
0.664891659744695
0.526586975727954
0.638687270949082
0.769667759096402
0.610233923121288
0.722846349730685
0.688181505048981
0.807291248087654
0.670099999405248
0.651257287965526
0.592385796014891
0.781219181768692
0.746971155980576
0.609932234177635
0.664888799426275
0.682210045017883
0.677219635548871
0.712903791564805
0.66622965426712
0.735868774460653
0.581235608977018
0.902208328360893
0.642909907559708
0.559935896904693
0.790382543244881
0.735257047361045
0.757588414599956
0.684917574325286
0.844900915915162
0.712361834933368
0.75971506284425
0.704179660940166
0.739206720765288
0.70323196209727
0.822131724215853
0.865493094619052
0.880749443035544
0.74316719734112
0.677592038472463
0.573003478020624
0.717687434202989
0.715561327028881
0.834914186167082
0.767091661522889
0.702504214044209
0.879622502973763
0.700883110497776
0.847306014739201
0.759917089242283
0.674637452979541
0.831226952793315
0.717940154075519
0.943831148889548
0.757683224204768
0.672168650184645
0.83249838148297
0.846688223618868
0.686492384412118
0.774646934972171
0.753903859750452
0.857171072074544
0.743487164881802
0.809149733522306
0.689192329322475
0.652816874415247
0.848084228897645
0.854898753659465
0.823562957403137
0.83243352736859
0.857616823472272
0.908574529770213
0.821877009207675
0.795972678090839
0.908827202622332
0.962030291853076
0.785466098814691
0.91028914605422
0.69282347135384
0.73836065472188
0.832884076231254
1.03415763148082
0.753897957147446
0.888444057204434
0.812930217740923
0.700031521411521
0.841409913981389
0.922325338929327
0.785254008641275
0.787462791771148
0.887535591852053
0.885187912424324
1.02016297527372
0.867394398627846
0.908621604666874
0.907871965666347
1.00510970500638
0.807736232283092
0.856487432150406
0.959193467446001
0.764166244640022
0.961199621776547
0.954794139242415
0.690933483548809
0.890392082147034
1.0323952116862
0.903951086848286
0.729111964152246
0.957328345569578
0.783639974209658
0.904654131214013
0.890210085440117
0.755140299757087
0.848926934225431
1.06156328813756
0.825871874663647
0.831211695321093
0.975378852473343
0.929176296194558
0.870397891909658
0.964327816924666
0.882448668539567
0.892702569231485
0.912237260792966
1.04052534478128
1.02846394007956
0.840981695117475
0.928346799360464
1.08024428303645
1.05335280114093
1.01167114674689
0.991173431526665
0.943063514834347
0.841186689413841
1.03519200284274
0.978409233331146
0.883191024826873
0.81865364945
1.0145853949798
0.988787603923378
0.789241522223988
0.762727318427446
0.818279114182442
0.971850147660206
0.833462622204269
0.9655775191632
0.836106043581689
0.984594751396581
1.00683251358289
1.06015574211997
1.00616427586114
0.98663826130363
1.00422864264414
0.993864849899884
1.02095974967531
1.04592040225338
0.99680834104918
1.0615689412689
1.27239079851781
1.16165401738561
1.00132360501394
