-1.13009793372452
-1.01789073261663
-1.03661219799709
-1.0091626284938
-0.923453939007764
-1.01134022484236
-0.88835747303453
-0.96586231948376
-1.10412183878661
-1.08298131208504
-1.03206154622286
-0.977348197870825
-0.923872730757871
-1.04791019435682
-0.892775820468072
-0.97846479770312
-0.901188613720256
-1.00968047135333
-1.0168810037516
-0.907020393120194
-1.07511850293073
-0.986153697949836
-0.8847934271274
-0.875351939054415
-1.03038953506854
-0.918795167073624
-0.899861480356709
-1.01106686768393
-0.964887300991991
-0.93215365764109
-1.06440266400422
-0.870748097985527
-0.895623775728498
-0.815596014304589
-0.843967478805713
-0.900340974408002
-0.80576964510664
-0.912016294378454
-0.858486642212052
-0.95245167893061
-0.885787729223297
-1.0667273790953
-1.08421641999124
-0.951284384271545
-0.826171271417807
-0.938774395060985
-1.00641713267827
-0.848718783284643
-0.788514905458198
-0.905592156153097
-0.861738650277738
-0.880169235620827
-0.828621196916257
-0.838325804917167
-0.853266217032676
-0.854183131028669
-0.921559636917303
-0.851772013821379
-0.961866781386293
-0.926626792693407
-0.846606269972464
-0.878212986950322
-0.911467032788379
-0.843052626914193
-0.900375373854497
-0.920484635089112
-0.895422755912973
-0.813831642039975
-0.912768261912764
-1.02403849346834
-0.953595922461214
-0.883706563687574
-0.986161102579111
-0.821684071321086
-0.829796376833203
-0.856159857038298
-0.899511121690975
-0.901342401548992
-0.8775051807253
-0.676844493728477
-0.888381327141304
-0.82654931496507
-0.821519328615601
-0.839528293672023
-0.917028928351097
-0.838436489709034
-0.78398566269131
-0.889849944463806
-0.801151843843164
-0.917340592641742
-0.819424998414546
-0.723785059065194
-0.857388216472023
-0.844974499815888
-0.774263091124287
-0.857736721025529
-0.859181440983494
-0.730943902999292
-0.78453307607614
-0.70837708279031
-0.855588480179895
-0.725897026989112
-0.747659735638525
-0.686726907394848
-0.73582648233819
-0.897274123120786
-0.653609451640536
-0.706501342418445
-0.739427435811908
-0.792888300986281
-0.846402277355693
-0.87050141367366
-0.790535302517661
-0.80552763837275
-0.856481968651297
-0.822678921620118
-0.893565875267995
-0.591684153034082
-0.77474479597353
-0.743027917447506
-0.75959151501595
-0.87993684754113
-0.804194707620977
-0.588648176316795
-0.48325984874656
-0.66549294705507
-0.70506199008963
-0.747607560986856
-0.770311137943362
-0.814483610530469
-0.746660029818284
-0.729525643289713
-0.729548421631424
-0.713359538806242
-0.656621162751896
-0.809838574048246
-0.809799029702243
-0.833164046806324
-0.570564118451102
-0.688059016462793
-0.652642890082784
-0.730926160218694
-0.710348852543526
-0.681452541931054
-0.630578895980063
-0.744219926385739
-0.80580196588807
-0.764666647540179
-0.641219510257028
-0.576646898958765
-0.546746782296025
-0.642318776751573
-0.668709205993957
-0.59438198003127
-0.719328917287562
-0.707036768441645
-0.848596837216816
-0.783352668825709
-0.589293580705326
-0.640729745682223
-0.709952292665952
-0.690073841882761
-0.786436317113712
-0.787662046130136
-0.701181406762518
-0.804684787633223
-0.609497313580178
-0.5304878449037
-0.672106254194108
-0.551534858763684
-0.641927442965625
-0.623814582291397
-0.674253712789106
-0.610828838686829
-0.636476308019242
-0.647239903593706
-0.526108189419444
-0.566404419439959
-0.550124717175053
-0.748177594694283
-0.683701982813291
-0.681851713423969
-0.619861331456658
-0.605412866774641
-0.590906716442816
-0.600893375998406
-0.65365290088247
-0.673417649518168
-0.577657384058369
-0.705198081358401
-0.605076134019543
-0.610921020449481
-0.618061047316209
-0.466814048838736
-0.593243861686173
-0.617811285596031
-0.622090971404773
-0.618167319130464
-0.668076885920194
-0.548539968023075
-0.56858649641015
-0.583928362416665
-0.67077903652193
-0.619052403957781
-0.515546588273735
-0.640893084605257
-0.555901031585523
-0.546813535120189
-0.444581453727593
-0.550916219316085
-0.594578571885864
-0.531854141912304
-0.443282269433589
-0.502927011100846
-0.550200902053286
-0.507799144564731
-0.36537646142059
-0.555757447418122
-0.560558047378371
-0.481907467929188
-0.582524107199346
-0.548176391089168
-0.707565359507388
-0.553817515522241
-0.569694151374241
-0.432895562919311
-0.463297961406155
-0.67385122620265
-0.428317327227596
-0.556814755403234
-0.558999041585097
-0.58633269886557
-0.431651139384905
-0.572308169773461
-0.546825658996568
-0.525641235488214
-0.360112682743678
-0.421531829659137
-0.512983764150356
-0.528292454037918
-0.489094456466146
-0.546501975250952
-0.662489740710534
-0.548210261498924
-0.439658544003685
-0.676326103300674
-0.321842471040615
-0.588091009886386
-0.496625186124272
-0.543402912548281
-0.41215363631682
-0.636904867270403
-0.308501618143437
-0.708230353820554
-0.59498678068196
-0.466118227066546
-0.50080950975917
-0.525478019088431
-0.47809543694328
-0.497463481321602
-0.402851735194025
-0.503871831761476
-0.480108027148684
-0.287001069514739
-0.526558893314415
-0.607011445291276
-0.43733838189893
-0.42280254253368
-0.495187232475659
-0.480155945335664
-0.302684199987439
-0.366966299480971
-0.53499426428965
-0.570144963783346
-0.340639614587269
-0.365815273878756
-0.382892008129457
-0.419854224453017
-0.594090576986241
-0.507896481343643
-0.546641397678811
-0.300328806229224
-0.553156631729513
-0.373026642954288
-0.340639179232629
-0.326891704824111
-0.326175668461984
-0.635772061527288
-0.360298108760733
-0.516473483256119
-0.664585297879659
-0.321760408394138
-0.548605638528665
-0.441908500349181
-0.422633315669754
-0.411015867927078
-0.410820599428622
-0.442879535686245
-0.4103791773363
-0.286141883294316
-0.327503864808227
-0.541018575789662
-0.410648204614049
-0.4974298817404
-0.495757491004356
-0.390065682183939
-0.369226651053665
-0.297353042731969
-0.45300098153712
-0.308925447673349
-0.452650731473519
-0.403597957737142
-0.360451308815781
-0.428818231169978
-0.31755680539416
-0.481823476168889
-0.233861335775995
-0.224426145507841
-0.312085073201729
-0.513462935835101
-0.321244409694228
-0.443032095682365
-0.434308789800754
-0.346724195448685
-0.474298323619791
-0.312758053209556
-0.23355140066021
-0.292960817851842
-0.397966948189827
-0.305560395718494
-0.34411665161563
-0.33623718421625
-0.298104380138459
-0.1365859970965
-0.40548487842267
-0.293266827402453
-0.328685249645219
-0.414402215963539
-0.536242472398493
-0.372066157727256
-0.431941274105857
-0.183050071858873
-0.326661500806707
-0.357865981016568
-0.203110534671424
-0.143067850379204
-0.342587553722528
-0.143305588708201
-0.391545676327366
-0.310431772860546
-0.295070080413464
-0.415668091188539
-0.110772183992997
-0.200580177179046
-0.346343540582277
-0.310844052070076
-0.325271349565138
-0.341873145125388
-0.3417984250125
-0.317149988269951
-0.279167027257102
-0.428749879236626
0.0322453135666813
-0.418661317441476
-0.208757873836493
-0.330858566226798
-0.317213133803392
-0.0894572863543918
-0.377533025223982
-0.316975601088579
-0.274711029015232
-0.106998905049575
-0.185947238569457
-0.154061403980682
-0.214711051521351
-0.202085978890422
-0.210131705132811
-0.241183674819769
-0.25208911241397
-0.450413896542666
-0.229382256563243
-0.281943214571001
-0.210660033581472
-0.0743285313260612
-0.319305689284782
-0.173047968823369
-0.340744891754716
-0.246159522216832
-0.275712204445932
-0.283198864690395
-0.268238130489053
-0.0932494166676712
-0.0918692429487938
-0.174896947555736
-0.244902572564753
-0.171708537231611
-0.252264429767778
-0.321812823738304
-0.197424255754333
-0.257481628638293
-0.180902868668732
-0.285347241715101
-0.12111981560942
-0.34030476041381
-0.19416054083109
-0.206606460860862
-0.267196294346775
-0.152769231432928
-0.198590393151676
-0.154489532316633
-0.171348230931388
-0.0814778637694465
-0.0313437369931718
-0.179277425973854
-0.143832435822109
-0.0172689906902585
-0.226108848255509
-0.215628108518879
-0.182281467032637
-0.182523672563684
-0.067588324371476
-0.241663360047821
-0.157210814600326
-0.0856096582938089
-0.243221384309124
-0.203515763909631
-0.0590379541220137
-0.0559551651560364
-0.146272024684257
-0.145772591771881
-0.137667805856085
-0.155124945781925
-0.257094540055621
-0.0972871389514698
-0.0757097207171117
-0.165087381514733
-0.201141337325042
0.0243564868529498
-0.170671999498701
-0.170592968293975
-0.101170736936469
-0.0997210633054633
-0.0486233077615532
-0.00865771702574357
-0.145932791505628
-0.175101796036748
0.185824264882956
0.000286397961579205
-0.0729238632363632
-0.27368389420097
-0.208096442449583
-0.222588220926119
-0.150355482288044
-0.170925407399134
-0.100255084995448
-0.179827849714195
-0.0451841713104792
-0.0871276781236005
-0.141918100780621
-0.106611083797113
-0.0434538906254702
-0.0128644325019508
-0.14195404628977
-0.147851363299752
-0.132693663988228
-0.00651177881713904
-0.0239044649463937
-0.0945577134116286
0.0181216678735615
-0.0986903939902591
-0.0238406420802675
-0.0726970987325176
-0.136814976597516
0.0629728641204289
-0.0515774775061043
-0.106584948283059
-0.0449816952414462
-0.0205489450478805
0.0508897380798989
-0.12606588891656
0.0774676258643794
0.133677084200853
-0.111871023845509
0.106731726070825
-0.0628159371349276
-0.0139420344050038
-0.066903866208995
0.0035792010940283
-0.0468232448293601
-0.160855699684257
-0.00825251754262704
-0.0668856134526307
-0.0645260622144273
-0.0389792598964803
0.0912439319321655
0.0737782455251859
0.000810063006074134
-0.0827493712853621
-0.0276882502062817
-0.104310744007359
0.0189593267026648
0.120997991160778
-0.00403177111388897
0.0109421200097399
-0.141780868125782
0.187994341745785
-0.0915507388274018
-0.20215592044675
0.102975841590876
-0.00253334574397567
0.0448095581216707
0.0886149848036211
0.0327771478026058
-0.00459263927467587
0.0337895862070763
0.0482712665924964
0.093960714320671
0.113921243448768
0.0861984522844177
0.0433276872079038
0.070318560114892
0.0787688737511737
-0.101387047470827
0.19440699318314
0.0559357252340471
0.0293500266705839
0.147052012470002
0.0986842558675672
0.0456230880299313
-0.000528593927792272
0.120026621108571
0.110575113841127
0.115687604314695
0.0751996232666765
0.198283569005804
0.0176666195470553
0.0452108139827027
0.0308318781447161
0.127837260022043
0.153778067052804
0.0979301151273166
0.240310570885051
0.133851866573964
0.017425446806708
0.0733980860906478
0.16309646903614
0.0748553514906377
0.032300144881825
0.0244226069986637
0.0418991415640099
0.127480133222206
0.00415488386568351
0.0737221132005395
0.00522372061420649
0.18485225785451
-0.0373544008756127
0.158055427308862
0.161347839113333
0.116914292021356
0.277855653537522
0.267763153272077
0.226301871677094
0.143689626763004
0.1397862016596
0.0571246328020058
0.188984559130649
0.0695004249991139
0.0392391897010714
0.176028625731273
0.0106562240829274
0.16542590812846
0.134090791966056
0.0447660559445191
0.138727966516635
0.152760328331376
0.0616314231429109
0.246067597480093
0.248294283280717
0.117420428625261
0.114126094055439
0.0837125535990318
0.101704491003192
0.211625149811069
0.196163927265079
0.140777592373624
0.261449391657355
0.0754761789105844
0.339156979137918
0.230515297610194
0.155247077272167
0.192749522117634
0.124756358640513
0.197105465090074
0.272476046355892
0.044035616741785
0.250463462953972
0.179378178168356
0.0388696185599451
0.164399979591895
0.118575113286507
0.234933837162438
0.175028027363845
0.29775516954781
0.257910271594357
0.120898096387491
0.396578865477915
0.293531502202588
0.0888549241655931
0.166115789920568
0.114481543767175
0.244418673573458
0.278358972290821
0.236390125586632
0.307275632789222
0.326685022560032
0.25216794272554
0.270826955381884
0.306932028068586
0.273081833522977
0.136996785257686
0.180878068616039
0.237795046022978
0.191754112411834
0.295724280313256
0.289415331573736
0.332499952884568
0.263617530955697
0.273443943337006
0.261323336507456
0.318715140772574
0.286790030888191
0.339075885778003
0.282278653365385
0.298047569027831
0.295453056378126
0.234781611428741
0.327439224259791
0.319154392842548
0.268517747741556
0.206395897838446
0.279691589680743
0.330218688817284
0.394796181706282
0.440800583863752
0.278932770806002
0.262163141625051
0.31204040451301
0.385610807861564
0.32855254505286
0.153584326387012
0.346110494942606
0.191350243995759
0.286928110660451
0.265331936923612
0.256351305324332
0.378087141158677
0.386717344649712
0.440874208088945
0.218514113093427
0.342626063017367
0.278090935835915
0.29702740891209
0.260391790006217
0.252692221016545
0.245066880252446
0.410695198622057
0.420584139768223
0.216689301356347
0.330865789713585
0.240726269074856
0.245221767008593
0.206090818058545
0.27984174847827
0.404744890274872
0.373345789773565
0.340871473212599
0.304732583172846
0.262638006309774
0.484588121616681
0.435594686449017
0.549426568332289
0.51273045873452
0.31343580257382
0.382634103437946
0.471733571889759
0.340102385941199
0.427977543866323
0.51507384707849
0.290683560377991
0.342789000013369
0.460539667040478
0.354334201122808
0.342963337267044
0.507001339231594
0.381496559368289
0.277777689212906
0.225391520946922
0.461603057651664
0.29101541569472
0.309061290215161
0.368653641852245
0.313523983671797
0.434523703120692
0.431348159417334
0.337525280009036
0.409522889685792
0.252073108640534
0.380819415529222
0.350691854535075
0.538164946945346
0.447503179878209
0.496167449995191
0.41931837547077
0.378007647918604
0.267019795506567
0.420047076847987
0.557875256097781
0.389311610584425
0.347343855597467
0.472946912199828
0.493378879572344
0.459783393303539
0.363326666583926
0.496288846867919
0.484659347384421
0.470103475494274
0.292245647633467
0.431495980453482
0.424423759741297
0.591680995795085
0.534265089953223
0.403073533655122
0.407367940880603
0.461028036844168
0.433086800281381
0.476485631557991
0.362369430469576
0.464717374808808
0.478908740002917
0.606435904777041
0.520568875730728
0.58303740678866
0.428311463284215
0.554056377168461
0.520581129635205
0.547303432200734
0.481037966182257
0.614759806369325
0.555292437593963
0.496689074753212
0.352481986110717
0.320059334366931
0.492227647092595
0.409231097957275
0.558045736048312
0.453623397751742
0.608370866213383
0.528109671902221
0.48883737039784
0.720883494943791
0.658845218080764
0.638458236364094
0.468628759539481
0.52373669352607
0.423805548950787
0.560444172499994
0.525167436130043
0.53378943667767
0.621726234402565
0.575292560107431
0.532707424512799
0.498568517052669
0.655000115782125
0.605068248539557
0.512134611190105
0.502219014759881
0.636721555311026
0.59942991317616
0.637215434133911
0.356200706709229
0.515880214589656
0.692284926027392
0.545159941597945
0.674371849983482
0.580321522443222
0.622100588178083
0.604153069742154
0.692091655910485
0.605828971878042
0.648559424679656
0.701714763681549
0.538424270851511
0.551415580055574
0.579161136079955
0.491562330422248
0.511832348139906
0.530008758596117
0.648930689359224
0.637976951318907
0.476999630258733
0.625019637925269
0.486689341303494
0.691703421064763
0.638977659483551
0.51978425995858
0.596042757577373
0.480768984475931
0.52635166105387
0.634614638894837
0.640846670030096
0.56961267864935
0.652884057069898
0.555336993628276
0.698380860706005
0.785736350848769
0.424665636158288
0.507078611310111
0.536778506677099
0.652078308041393
0.607392041480353
0.563224370838839
0.588331438380135
0.625306468020786
0.652092046438362
0.674962885456771
0.755806151265839
0.600969784514807
0.734246814459022
0.48792095224748
0.617749635218966
0.711542999870422
0.693561337382306
0.620004037519819
0.555875658565251
0.750391503500703
0.831986653497149
0.589271629462556
0.82359504064756
0.764906855533452
0.626777753907709
0.670010383749648
0.835156921286927
0.767813747118953
0.629339812018914
0.650586878099721
0.660946606221905
0.667926044895473
0.650569468508269
0.577490021801553
0.716717248976109
0.518134083402574
0.795477148329362
0.827571125273684
0.672813078017378
0.601218548821817
0.656015699189453
0.704877493334459
0.64566313705794
0.651413737992936
0.622493883678847
0.671995927729846
0.617698838590721
0.785641603202287
0.697132521187549
0.662159885718721
0.708601632378406
0.614744541503225
0.554919600265615
0.736676254805008
0.826414568780622
0.773187601820541
0.745742326652408
0.638565948400397
0.774638912733326
0.50853083321921
0.875028631803881
0.749058286448338
0.774940471598897
0.636046492570129
0.638367980159127
0.608568867823595
0.850278123930903
0.658403513202145
0.862469373968261
0.771653971665271
0.721928079818088
0.776003638181314
0.665341889446016
0.75779546456683
0.765031850020506
0.721111281189796
0.690778940180727
0.787352634588174
0.742332182132475
0.733506440632251
0.799447829996802
0.810949641846401
0.798857263133533
0.909719369644419
0.791603334914836
0.852914084962232
0.866437390249582
0.858376457578558
0.79859507808439
0.763035129112432
0.616773142855323
0.913109840180833
0.870002155606188
0.876279341794938
1.0682054800888
0.886648789473184
0.854295140022454
0.765457980749755
0.796824094524915
0.930444056777572
0.76176993601756
0.782338225810461
0.869483203094718
0.976295342104786
0.841275390302668
0.839928761662594
0.74536270246225
0.850226661384297
0.88599101134636
0.894958026647948
0.879022353843278
0.717830394973032
0.733763333698116
0.887768388910806
0.865932979292656
0.944465486741652
0.826822340021644
0.942071709936194
0.860400713392753
0.916461381537062
0.800300517873006
0.990530491790934
0.846121590102001
1.03707337155204
0.769941862273819
0.822705574077743
1.02527404099525
0.846002061366169
0.990398657577765
0.90229074137535
0.837065355658485
0.778118749269475
0.961614213841105
1.0685608998457
0.78748347803012
0.932842620816948
0.886021185452106
0.830305240691533
0.984832881474418
0.987066878704629
0.906274908403481
0.86911660154583
0.891274260168918
1.00619720059625
0.876354347492648
0.848135628230596
0.931333681794417
0.932298759380627
0.810786066651693
0.929257774280776
1.02345275236398
0.94259606344517
1.0277382129095
0.878708240790748
0.826743375243406
0.829003766630632
1.02775555397158
0.98923557304691
0.829174053942688
0.93486100545206
0.920259730142616
0.908719766492607
0.932045099445759
0.927509526401739
0.922181235927105
1.0702532857187
1.08408119842172
0.900514778698168
0.983059401592557
1.0285374446225
0.893068792046945
1.08967203565337
1.0050785406795
1.08743743389271
0.975834305035507
1.05997717739959
1.03544774921524
0.920305631356811
0.952428682999452
1.02428370878256
1.02215977514412
0.951782687873845
1.05592000941626
0.967911217912229
0.906001085113493
