-1.18792193124589
-1.0746159303896
-1.10223901915614
-0.890758849030683
-0.918519800859126
-0.957837017937937
-1.02096850772168
-0.904627612845846
-1.13782080089964
-1.00195788695556
-1.00780660640954
-0.993953604065476
-0.919325290227933
-0.854596631136196
-0.917318024502478
-0.977107065503433
-0.996624962294517
-0.987551754060249
-0.967038972246992
-0.905332209330335
-0.912752898826152
-0.989299313429729
-0.843460267183222
-0.918642257985574
-0.966040895371114
-0.812139922224212
-0.917987725495904
-0.882001038061193
-0.92550256077006
-0.965517837483293
-0.956007472057688
-1.02520505102832
-0.920313533794267
-0.911814839595709
-1.05309028591269
-0.937779143136847
-0.908929788086307
-0.911143520401131
-0.814472083498726
-0.827907695795669
-0.891298940499861
-0.815160182940325
-0.791639595074428
-0.837840149475538
-0.994483433218411
-0.914240451449304
-0.888257811474325
-0.962393343731938
-0.893345396679489
-0.874410734694689
-0.783186928852497
-0.969225919486346
-0.849940080626113
-0.879947802556264
-0.9127274161271
-1.03362148654887
-0.916800410412984
-0.904386336252416
-0.963227543521485
-0.923619312962263
-0.699299161415471
-0.92921509491821
-0.907608346400353
-0.769365992695616
-0.797789165192502
-0.705411115610555
-0.918352447709922
-0.834352110940173
-0.830020320095159
-0.839430656140816
-0.853180539584719
-0.825675897627913
-1.0607005771405
-0.961023103973749
-0.940911659727484
-0.948266090067727
-0.854682067218917
-0.731096930493431
-0.76310586351773
-0.826047779205961
-0.837021221056886
-0.850016671956047
-0.876903204708267
-0.834513732677721
-0.802870001205682
-0.731068849661478
-0.795907463339717
-0.893407631669281
-0.878500429825142
-0.788842621950824
-0.727098477862395
-0.730449114480849
-0.754252582960671
-0.649922115152819
-0.813889938643114
-0.926928576196294
-0.851250611168664
-0.720782034865417
-0.767946551290601
-0.742538764584488
-0.860778567094542
-0.804551031501812
-0.827398116438315
-0.872613128401349
-0.818563873717841
-0.877209789482086
-0.780119254121893
-0.823861245283735
-0.818324235559676
-0.808824357526639
-0.795109391496286
-0.810092208700517
-0.778833352525433
-0.627826160880098
-0.792626014137969
-0.874143925039611
-0.650336276814638
-0.695224675915114
-0.620741888819821
-0.6590733403113
-0.654701644535153
-0.773173647670092
-0.713425376588744
-0.802923204376373
-0.703619151728527
-0.686448502348014
-0.707598670973555
-0.594372838222326
-0.680805210927885
-0.800135507705538
-0.677022156867674
-0.892071921316731
-0.618699379977886
-0.639683101829903
-0.738365479136745
-0.79338635352879
-0.745154534381319
-0.736411717546468
-0.666168292108729
-0.772237506303635
-0.673493298777789
-0.769371710559627
-0.795998294284852
-0.856838164520043
-0.614799137024831
-0.758244446803367
-0.627836177625244
-0.763985311367811
-0.766731413087425
-0.742510738176573
-0.545778373724088
-0.641371168774736
-0.764137094986675
-0.615035626678184
-0.76762042875439
-0.727996680134604
-0.61630291968859
-0.721896187102923
-0.777781860460881
-0.751064120227399
-0.69842334646483
-0.788824516305104
-0.588794991439475
-0.584542590880444
-0.695168449944712
-0.564275231686455
-0.548730540539473
-0.720967627951858
-0.564042964126673
-0.75957493427872
-0.714872523007233
-0.649789083025782
-0.740067712600786
-0.556226817520039
-0.721934429701618
-0.66203366422054
-0.690117558669083
-0.609381673291971
-0.675205138357395
-0.666114488271742
-0.687850739098624
-0.606260313481101
-0.591116338107342
-0.575809666220574
-0.66654656816023
-0.636875048433806
-0.601405610388577
-0.666684703452729
-0.641669394559643
-0.834553836389406
-0.519291755866326
-0.67274788263366
-0.648912945897868
-0.625361486465864
-0.61991949260458
-0.675790182642057
-0.55341616634803
-0.738512482982148
-0.558848604678164
-0.591368795763637
-0.594061994883889
-0.675002723897998
-0.632971500984877
-0.633977153532704
-0.633486508710337
-0.671031892279579
-0.425109683371607
-0.514383152719026
-0.758248432445155
-0.658147285520964
-0.573135474148097
-0.479054395741099
-0.538433143179761
-0.502316917649132
-0.697070863447648
-0.424219074871814
-0.428756905189536
-0.722088402218732
-0.610353256368561
-0.553538538095735
-0.523135419196027
-0.495174239108301
-0.625178333124355
-0.43605658400998
-0.497189903249773
-0.652719911763117
-0.684439537525139
-0.477892507433343
-0.396808109936317
-0.42840870185708
-0.62384955483036
-0.548362203630452
-0.378460217081294
-0.573140097834977
-0.509547943608086
-0.556574485813035
-0.577420555166745
-0.429474694832678
-0.57735940273681
-0.513296217278758
-0.567298891599896
-0.421567382564094
-0.5726424754538
-0.500603486938549
-0.391070980352537
-0.515131810368616
-0.596916653860776
-0.569809878508701
-0.443335407803761
-0.474157987784535
-0.560817206615891
-0.52855693075176
-0.523072818424081
-0.546030026666739
-0.670229329384424
-0.480583459969
-0.422656213980543
-0.359466099062153
-0.464753725308073
-0.551476491898563
-0.470725428655478
-0.421434511227271
-0.529732216077613
-0.387654808498433
-0.501251163383369
-0.421579164505249
-0.481980431833874
-0.477618737859608
-0.380001206000193
-0.355529591582595
-0.48516835931496
-0.537901250841279
-0.486271305829365
-0.312230529549883
-0.450108806532534
-0.421258687200927
-0.398276564216856
-0.509456474849645
-0.551318446385272
-0.449255865054402
-0.318770021676156
-0.382870948840775
-0.531668934085004
-0.414198507001295
-0.388562579617783
-0.382256167466907
-0.450963505373116
-0.493046947918177
-0.296004440432187
-0.349088800484742
-0.414073023959115
-0.553631997073439
-0.377748778829644
-0.390547163022667
-0.411342750236985
-0.307287160794124
-0.546407325712575
-0.366110202840262
-0.467113404170985
-0.483176091969139
-0.338328451335493
-0.389435813684628
-0.357669979871996
-0.394601270697027
-0.221650303147937
-0.240294821616047
-0.384903789637647
-0.438318279409946
-0.285683262151561
-0.472749250689588
-0.307892372279999
-0.576509074054837
-0.473247087921
-0.258210722076083
-0.408585289275097
-0.291434139342708
-0.387208876609064
-0.558699953547666
-0.263574497177087
-0.283897888680944
-0.296718801520706
-0.342710898985082
-0.239691346491212
-0.212646969777647
-0.328199110392013
-0.325872254916448
-0.346419111889348
-0.288695864566084
-0.457773520097332
-0.336480024718067
-0.3460499755436
-0.337593366676582
-0.139709226385779
-0.398828436533317
-0.431087505633215
-0.441936871607289
-0.346572946402948
-0.393130921799724
-0.282245310999886
-0.396486657306243
-0.288871376402482
-0.404434767561949
-0.327770988085058
-0.247724435348386
-0.337286483596803
-0.267919052352348
-0.418758722729362
-0.284972393166262
-0.266424385710699
-0.283390522294059
-0.488549205495584
-0.340903230394521
-0.252740052081519
-0.222296845500469
-0.285319220055826
-0.327806571719892
-0.29043709415567
-0.367393518915262
-0.200776530534225
-0.328388193513952
-0.2606176349276
-0.392716182212312
-0.348253038895884
-0.334199591984516
-0.270656906272789
-0.374368175382145
-0.274042920447348
-0.245993343089741
-0.127078162866871
-0.131844059585026
-0.156862580046477
-0.321554251222296
-0.312806106855357
-0.203091731717391
-0.326597850353276
-0.157881131482721
-0.277546816612396
-0.0471385385871319
-0.259717892587053
-0.433285866273589
-0.337321084325065
-0.230466856953726
-0.149451428932551
-0.384986380520953
-0.389499896066183
-0.251011863486005
-0.160933888376678
-0.153326986275964
-0.272310023240867
-0.158805990596453
-0.281152913447485
-0.129155042130845
-0.121485250125725
-0.372190547625527
-0.176375925830667
-0.30644104640213
-0.214289173977031
-0.17238210755443
-0.17926599672084
-0.223871572006373
-0.109773248359676
-0.199231750921705
-0.340910334666072
-0.224924620097483
-0.0724180895251353
-0.314993095843088
-0.170681502849915
-0.201773695094719
0.000797208454809803
-0.183980958251164
-0.15121262607354
-0.0748810171979484
-0.235422785811553
-0.210833058678369
-0.148246165527367
-0.361984493925863
-0.0869372757867675
-0.309774809038528
-0.137776359726075
-0.0998028054332655
-0.242326713185492
-0.141060169706073
-0.21347272392749
-0.243238213606892
-0.276431043849371
-0.115678093374398
-0.127750420160195
-0.0277312793916089
-0.174256067035228
-0.0542608133282805
-0.242636766649749
-0.290944988521828
-0.231468518469993
-0.184099911515195
-0.247595311531142
-0.0663624288474587
-0.167810475437379
-0.0124896350685617
-0.0848850792183631
0.0433489442860858
-0.0206200839682166
-0.102623618149605
0.00603756390318931
-0.187179135650545
-0.175410090084952
-0.121715444163786
-0.113163800815772
-0.0188568656489185
-0.177565676842336
-0.102225034061886
-0.115928984723126
-0.0246190025112043
-0.178122000799837
-0.172934430848655
-0.123015549466678
-0.0493302599779821
-0.0681111712980557
-0.0157045984784492
-0.191360254502127
-0.190715751062192
-0.128136243068065
-0.0194797258372912
-0.188192879000921
-0.197222206722346
-0.165753597957153
0.0408782862771012
-0.0970294566350277
-0.0542113990145094
-0.153252674993751
-0.159018053163869
-0.145952387508567
-0.155314288468737
-0.211827814661513
-0.130493893589124
-0.0696913997499196
-0.130434696071818
0.0971173571434103
0.0267332230113203
-0.148332453293811
-0.102457267364268
-0.140585428253131
0.0006085552874308
-0.106062536703464
-0.184838815910593
0.0794707919563252
0.125481728428526
0.0537112622200648
0.0266748056711266
-0.173551752763647
-0.050500905484607
-0.0323762040975509
-0.0283199865341156
-0.0264086028785942
0.0483482063153856
0.0451951582651129
-0.135222794066646
-0.185979021964407
0.106552275288994
-0.0915441030745297
-0.0204906493045456
0.0411773737494434
-0.117836365217478
0.0418645482237646
0.0422596015332109
0.0357310141048921
0.0270510896541899
-0.0956113582091301
-0.175850114390456
0.0927442738718524
-0.0937276511137801
-0.0235424691507035
-0.00383786913153794
0.0461531645796561
-0.0806095611094033
0.0268615238371532
0.173022273421351
-0.0308369931049339
0.043682066418484
0.124892139033637
0.0878448555041513
-0.0165282861966609
0.11035045330126
-0.00858042393540593
0.0406356572993368
-0.0203038856174735
0.190004407604829
0.143058425322045
0.127774126614802
0.0520321674787857
0.0806356008758012
0.106256384302886
0.0541956334681541
0.0455447073015399
0.120914554147393
0.0349031675114395
0.111437293354892
0.0626487103119622
0.026100699092716
0.090676195612843
-0.0309792119405105
-0.0313179983467484
0.147261145643242
0.0882721556835406
0.0331666214383844
-0.0546615972456527
-0.00313175873815996
0.189244110971594
-0.0288544860479015
0.141351279497756
0.00981135357363495
0.0384999698187906
0.0761169258140696
0.0227077670839803
0.193553267435129
0.0990946132810862
0.218623852892181
0.0513418465308784
0.177869162842592
0.0314859626792548
0.166361708296346
0.0385973157404871
-0.0949205455232006
0.118696669363436
0.0991434168912241
0.201588000103688
0.241988768789246
0.251671304534057
0.014276067959277
0.133848565082278
0.253578688771401
0.125357856922632
0.126189975894754
0.118813817839823
0.0939359838294857
0.139341837862312
0.155450662128615
0.0316704513999772
0.120726014132006
0.203480141210637
0.083399155497061
0.334851074873093
0.0175525492628869
0.201574739223596
0.210677915267164
0.158560128198648
0.114608406115091
0.224896784082625
0.113250852831639
0.14744346329092
0.321233385729477
0.304172432315906
0.266512013380636
0.135860424867538
0.0884170817385516
0.129068095530225
0.18064494955702
0.121355711016819
0.204352119294195
0.15117017695843
0.294592486360649
0.102093956773897
0.0748400505056404
0.19436201293468
0.189662308833229
0.3792483804821
0.330527845442136
0.217222959129303
0.349832639550774
0.219633093416882
0.239832689135981
0.268112124786875
0.235745937695609
0.216008998275984
0.142038248926886
0.241032020793814
0.309251776970126
0.286242336337978
0.236003141621545
0.358997049218257
0.252228507274984
0.352485124736323
0.215095729351424
0.155845733306347
0.21734920741567
0.27389476478306
0.270671309374805
0.152759933085083
0.33204511915661
0.251482759930545
0.286485023206678
0.274214460420396
0.129561858649741
0.074008581155005
0.195666217511196
0.403282576184842
0.265465338742747
0.259044253223377
0.297344366863535
0.346626298704984
0.21545232282564
0.0953844518900394
0.376943273239904
0.307198072997548
0.234115828345272
0.361259234053283
0.0760052088072226
0.336407410825091
0.19289443304715
0.230195340747226
0.266864586361603
0.280326605475433
0.257995792413444
0.36470019928103
0.331350449531055
0.391879620537782
0.388767698213287
0.454457297145021
0.224597297747382
0.397571398501893
0.273224178765017
0.342761695880744
0.214854656501686
0.361599589593384
0.217558850802566
0.524747519810154
0.467746098563989
0.267444059126746
0.314812110297833
0.378059136468969
0.349482272501254
0.245701464469083
0.26110361148393
0.311118365310474
0.349961616136893
0.418200522969826
0.407116701458127
0.260639278407403
0.46652759969608
0.450058183790162
0.411981684211069
0.486363559671406
0.492907679996612
0.339065414639773
0.409660908533534
0.547800693728613
0.173054613836725
0.355233828126386
0.418684526986789
0.27479743995346
0.290764502232707
0.249242864182144
0.528113818810688
0.381202793646747
0.312501175013302
0.484494056753019
0.39262968652656
0.394057753660005
0.380241499478697
0.436791155775347
0.325632125207575
0.51226353785579
0.421035740736412
0.440802022745816
0.394677973691825
0.434258944181431
0.375666778365668
0.394976420965655
0.463334190146602
0.371539839904786
0.411533919037126
0.422647322227153
0.284978549390872
0.377740776889113
0.390749843576821
0.48619318386572
0.398027306646586
0.467503129688507
0.369288907551364
0.446213171502717
0.438235520767953
0.287778199554395
0.408501609965471
0.545530987013112
0.475193906744583
0.545647970301327
0.621205251442082
0.443925468906751
0.480691640661407
0.343870208296999
0.534118203329253
0.473998584701588
0.329827009124091
0.574157706351342
0.515516591858209
0.468681527841182
0.565314549154564
0.449744538387267
0.526771774769993
0.560688334561315
0.567748266440091
0.458982449840513
0.564434326852597
0.414632127552686
0.54810461715081
0.423513435624923
0.380738594166755
0.433335656820597
0.718927332688294
0.511325694018454
0.493054527908437
0.43841774348056
0.502449889143599
0.542637847797286
0.534983968923199
0.399226254796043
0.582338298094152
0.671404360206349
0.445533199967663
0.45001356294661
0.448703349775515
0.374858115398067
0.532894696670085
0.552946136658532
0.486788342142508
0.528668794052514
0.508914418961438
0.439621169411194
0.438540708012747
0.523322081925878
0.530167952963542
0.607569521394091
0.636874610915375
0.621815988470256
0.369035973344219
0.508670197913995
0.570926230363884
0.600277052400258
0.596712851755803
0.434100557188746
0.551834298397326
0.610321155145565
0.592549999442397
0.560803200176392
0.655028651375966
0.558289969324428
0.522242518342192
0.601920622407499
0.547390263069531
0.671230799285659
0.572618465354239
0.586666431108461
0.377951484439205
0.456238912875732
0.584730698275231
0.55810071950856
0.612915958479434
0.525114631064439
0.567721432128129
0.531146440288708
0.558966668008664
0.61181215932205
0.579080471077796
0.440854025806412
0.834839347934669
0.653325993271276
0.583518007783317
0.591041781217731
0.708288047825701
0.509959978845231
0.703468438668939
0.603276700420989
0.62182855186706
0.579113812174883
0.63023960055014
0.621976167185197
0.643721609266995
0.747993696010191
0.563542027630612
0.732045543079078
0.548091929993274
0.611969514443596
0.686277572954003
0.60528996365229
0.592734384961362
0.750371425413502
0.737570580700716
0.609642673777651
0.665623413822403
0.679339910049933
0.720928789965727
0.701392849588391
0.67006581396617
0.768415081043322
0.771270443099878
0.724749844114145
0.579245862572903
0.590870523334333
0.701834271586312
0.755362674555501
0.745600751889237
0.675813305445262
0.518969879799065
0.637098600830317
0.762818122987342
0.615730864637443
0.715993861141487
0.710177564820879
0.801799590861091
0.656072743937753
0.615160070789605
0.584445613778582
0.764423676027929
0.736326887592284
0.605568877939101
0.670883018441997
0.689499900536391
0.684470296836543
0.707686357826444
0.659738427105951
0.718693098050869
0.603108260045381
0.877891733403066
0.628977893661204
0.543121844590774
0.779884891857252
0.747076243498741
0.766006916054011
0.68401369825341
0.845358531015805
0.705377798666779
0.71447921319279
0.712990634477785
0.746399226792201
0.720013425942204
0.868835786390949
0.881572284888603
0.893225216919775
0.729794590342883
0.679730520690563
0.570200420517802
0.712804919527539
0.725975884339762
0.835129047344257
0.745482987933566
0.693886547555542
0.883910780105137
0.709600122609522
0.846958434066022
0.763192207364106
0.657235278123682
0.84308829932954
0.729785381069063
0.943738849871308
0.745315933987171
0.665563137410763
0.833485856977799
0.8354643205011
0.700876183671332
0.782807616770266
0.733841876966223
0.854451591546135
0.750020261533482
0.810622360634871
0.66440428040054
0.655349969181247
0.873695941060666
0.82912509519042
0.810103391988452
0.831004748798093
0.852499019226079
0.920238210005095
0.818296011076115
0.794543113149561
0.903855657093294
0.955843742019522
0.751962648542348
0.900952331466955
0.668324388038129
0.754468192817515
0.835454777781117
1.05011139732574
0.75279919773815
0.871367600744408
0.822059991533721
0.67676499260062
0.841888484133275
0.919614833859188
0.768886693030114
0.771759133698076
0.886217010925726
0.891144963290719
1.01678685801764
0.86294500802605
0.895184192474903
0.902312191583328
0.97617704102615
0.805146338004493
0.866486254119966
0.955219692109833
0.755297643462611
0.976878969102959
0.945081315712833
0.679848864424422
0.863789982288316
1.02768138615139
0.902658570891435
0.753971643186469
0.938795760876731
0.788263751143085
0.895564276127087
0.873782666371241
0.767161211776391
0.853426511109661
1.06859657424926
0.834645941165736
0.810333502868038
0.972581849469588
0.92083716787344
0.868286461285389
0.961394181988247
0.87435322901246
0.882320742005745
0.917935033698501
1.04276453757017
1.04117284126212
0.840045557666114
0.911390435027103
1.08593153948795
1.07179873318914
1.00880323043658
0.978387679679341
0.949898191448371
0.819981752558095
1.02554738444039
0.973304284992023
0.900433690292926
0.802960452172981
1.02344710709172
1.00387365004016
0.786724590889384
0.767106550522975
0.81735871086145
0.963279424124283
0.829787851736922
0.977675495283138
0.825331977474157
0.958988995658763
1.00981765971841
1.07615289119387
0.991144298850521
1.00356738381073
1.00059397803856
0.972754006221734
1.02525473456357
1.03833113184544
0.971183920664707
1.06179981920206
1.29007050578433
1.12777368286171
0.999547439547425
