-0.937457949952105
-1.02630623981562
-1.12206167102861
-1.08941147332636
-1.06778876665309
-1.01284133820734
-0.916281576954121
-0.900270301351421
-1.04993645275554
-0.941400898141105
-0.925874692043626
-1.11505697099344
-0.910729446470846
-0.867049569158957
-0.802123072933378
-1.04186319887351
-1.07100232071605
-0.915473621979745
-1.00047987039095
-0.80511974359146
-0.834599020002617
-0.890641442845544
-0.964978860046068
-0.974848256498986
-0.84201614239381
-1.09859812921031
-0.968610292310327
-1.12036811445127
-0.947750848283076
-1.01860760091373
-0.910334991610577
-0.897671035803136
-0.959262007368063
-0.990373177940825
-0.886820909338337
-1.00514817828557
-0.882626158140377
-1.07568374628272
-0.888298951704316
-0.91212685488974
-0.945085128717001
-1.05084138772388
-0.96305868531414
-0.975549496725491
-0.883119258143042
-0.925982125678166
-0.914936953152856
-0.663985906990466
-0.899170745596399
-0.927647344591488
-1.01288866891011
-0.887221340025905
-0.807425840041519
-0.817326471249865
-0.913719303816364
-0.916117088868715
-0.831035814044631
-0.903185071456752
-0.869091503291685
-0.788814154360589
-0.866134331948151
-1.0378669869428
-0.90034567683553
-0.829363633560473
-0.901474987448808
-0.870137168125785
-0.776891958217036
-0.877161393508384
-0.841469096559643
-0.965062016130902
-0.706844992504451
-0.734693218862544
-0.996482184513891
-0.905989640648188
-0.7891844445223
-0.8636089512576
-0.957401384280585
-0.727808905549238
-0.891509773314146
-0.779524487727269
-0.821024399712664
-0.750956078006685
-0.989798027916315
-0.786700079860398
-1.02013873141009
-0.80480578773188
-1.00609216769028
-0.830301050593376
-0.742233759962128
-0.736884737368911
-0.783485679019366
-0.832482246801147
-0.826300048783521
-0.81181730885219
-0.791658570568024
-0.791425209464316
-0.767202277001772
-0.667152830103352
-0.897270575617594
-0.726867335073969
-0.762286932940658
-0.81760269345423
-0.588772876015957
-0.68904474005622
-0.789830604023051
-0.781885780510227
-0.715424686362249
-0.678205392779033
-0.809088314901086
-0.766047090298624
-0.586591189986329
-0.827910185640142
-0.829442711262952
-0.774857666300079
-0.852206474974049
-0.847913423866857
-0.766607428584507
-0.756401967233792
-0.607788460201116
-0.774552727067984
-0.631897266781357
-0.893123465496304
-0.824268969435164
-0.864394173022783
-0.853253904809742
-0.695611765751673
-0.870633642673949
-0.75469293780458
-0.806907613853481
-0.674216000901401
-0.678441710486916
-0.722659764660415
-0.653981631588894
-0.82915462789098
-0.743187354355161
-0.758136438629426
-0.652162754506075
-0.798483668618071
-0.662586620584193
-0.654390902349373
-0.644614463765085
-0.56950084634405
-0.881767019403951
-0.560959041635234
-0.664031591192377
-0.755136543540223
-0.763328614713495
-0.692604086813373
-0.666466673554783
-0.647811226103046
-0.579441976781684
-0.571148241658904
-0.668095794512976
-0.763820144701308
-0.741755585400756
-0.638916537283268
-0.705536314771929
-0.614776272711495
-0.671084461147401
-0.667848768968165
-0.774515536656197
-0.638234899339939
-0.669094712952824
-0.565842330919992
-0.590859145641455
-0.733525720537055
-0.748010228003372
-0.629047279904655
-0.74394723970303
-0.732750863449635
-0.594163669881296
-0.630477519651105
-0.552147584530584
-0.679436867340973
-0.722650553471414
-0.652463996486423
-0.726746528851841
-0.622771239960814
-0.810382586102314
-0.65191240005187
-0.723820524993521
-0.626406144216231
-0.631253564800043
-0.6564929358894
-0.681044790108953
-0.616372041205874
-0.633530016036126
-0.576622090297574
-0.617370111328571
-0.743480134992686
-0.640603987270568
-0.7409024810624
-0.508021298240377
-0.63635350968556
-0.661849496931243
-0.583569160469139
-0.659357385178147
-0.57520237134492
-0.631761775737768
-0.663671930086581
-0.715777550438108
-0.52419155607376
-0.553772030320983
-0.517294239612252
-0.68804770821208
-0.640171040327155
-0.388806640476544
-0.593695772841471
-0.480787385402742
-0.305796139127481
-0.505937730860767
-0.508445870075094
-0.635440054789233
-0.52201667701961
-0.643564618533614
-0.518269549963117
-0.363737505845697
-0.487821695548032
-0.703292526559634
-0.70498440727504
-0.603908077085227
-0.580480882043606
-0.402152246727584
-0.803258816392383
-0.705140378017914
-0.606288588532755
-0.447117375361526
-0.514003592099209
-0.386036233508748
-0.55803508114685
-0.658585055565554
-0.669215663228708
-0.601615927383112
-0.583021115485957
-0.538855270204664
-0.448840599940622
-0.716253057551083
-0.439214822736422
-0.549681075474806
-0.46949994704151
-0.524541484550978
-0.576355440495165
-0.486181121162142
-0.599712465012899
-0.577849441995837
-0.3680141007768
-0.526226255798392
-0.446437187528901
-0.434662710119255
-0.643221278794377
-0.388000500864875
-0.482535368053165
-0.43908295562835
-0.408508315739485
-0.628352310260566
-0.467763997133974
-0.492022081001183
-0.509197581614513
-0.470078553286461
-0.370356076080771
-0.578745755508688
-0.536001306563298
-0.250459690654133
-0.530600832555174
-0.620323957054167
-0.568501528247882
-0.433318615387794
-0.530230106354266
-0.546751701764156
-0.461878341027627
-0.476421495527003
-0.349913713764424
-0.4223073731647
-0.394416471513427
-0.434750324874248
-0.642526114001339
-0.440313680675872
-0.473819060494117
-0.464982257663391
-0.457946566455306
-0.432481705879436
-0.439034722030451
-0.513840078768434
-0.428873378935015
-0.478143944809044
-0.481062831798422
-0.376560285398461
-0.413204980790987
-0.360086437438262
-0.648956618999529
-0.451213863817704
-0.40745213716392
-0.591088194412658
-0.466220346802242
-0.373655360845818
-0.447752048602738
-0.443431346560594
-0.456187113816799
-0.313545646604788
-0.531798115300421
-0.458852345289432
-0.452864559673988
-0.347151976421129
-0.394794799584399
-0.256156962030263
-0.390200597348404
-0.551129024120414
-0.206032625643408
-0.331628245730376
-0.329788819426346
-0.346341735642492
-0.319941065242821
-0.396489756630364
-0.2324046737819
-0.414080207503208
-0.369444162290963
-0.35251521911044
-0.186691206659366
-0.466055302814669
-0.415063811297735
-0.315088280083668
-0.362255842170009
-0.319785805839526
-0.427847742761781
-0.422624581910717
-0.418404666153097
-0.187555530174045
-0.291369602659623
-0.358788913727913
-0.477941967251093
-0.183664806415093
-0.213338354254233
-0.282063995985222
-0.290373144283423
-0.299335597491813
-0.361382955976957
-0.268647517269934
-0.260294361878405
-0.332867983393636
-0.238457403575525
-0.306466501658929
-0.272271386196116
-0.367862888482439
-0.224904652165241
-0.343952848637252
-0.362565200361483
-0.291845728204924
-0.373587766395928
-0.262751383877442
-0.437086479099348
-0.212609299150434
-0.291974111982741
-0.287408912187765
-0.166837260239235
-0.427759795268975
-0.296585793933067
-0.25853099377113
-0.318037959797666
-0.264507819904055
-0.27800297182481
-0.261094399872929
-0.344705331171157
-0.283303158970934
-0.138896515978572
-0.192581595255612
-0.288683035173253
-0.295798696153425
-0.209642335259543
-0.19799676942979
-0.293755991548883
-0.208954819116643
-0.263710184917014
-0.156575093021775
-0.155193309914318
-0.283210409187792
-0.280584466734278
-0.184272689550382
-0.339178643217169
-0.163180063795856
-0.254834186182818
-0.252968775268142
-0.318919084039405
-0.164136380194509
-0.192940941666833
-0.168899701793177
-0.274031295873567
-0.277598556856066
-0.244163564608473
-0.266356367107759
-0.153716871565411
-0.285818612571968
-0.166680816170707
-0.221625298660042
-0.261197407509027
-0.284728397840348
-0.226081244696214
-0.0461079767702237
-0.295501768040553
-0.234788589107723
-0.0248891109274008
-0.144144887580831
-0.34093234799579
-0.0743738909341346
-0.154537839635969
-0.276479233684587
-0.279918885752594
-0.00478584843100674
-0.327827184495897
-0.22132097501133
-0.103175704626682
-0.194412111671241
-0.0954176021209648
-0.18795954933433
-0.18313788963562
-0.126607173459962
-0.140622097738356
0.0963717032030663
-0.0522087036857896
-0.0780527588715491
-0.165419923696256
-0.138800573511711
-0.146278400731772
-0.160193728356451
-0.135227437042761
-0.12867010179191
-0.20596136387772
-0.0128988226355081
-0.0530022918520233
-0.0517402485077001
-0.199385161481931
-0.234496601253799
-0.18092578896798
-0.101417543557369
-0.075635470306142
-0.118068868284153
-0.101032015998587
0.02824795705012
-0.0749601390551472
-0.133512355239938
-0.0995278088905785
-0.119432353534416
-0.194295158219374
-0.259910477727938
-0.200585610151254
-0.17522429006343
-0.221153993933227
-0.160061910939584
-0.279552258661251
-0.205570241958678
-0.130543647442
0.0791456769841438
-0.0656159174582551
-0.0327655354138921
-0.152196300660348
-0.0312046434422262
-0.131298454431122
-0.000908145888834057
-0.126688600391902
-0.147345784988798
-0.165944681361304
-0.0613037064503215
-0.0271280499199866
-0.0831258469992733
-0.0603485225267929
-0.168607703379473
-0.16761960142503
-0.123490959045605
-0.0233355241066178
-0.0219411451624216
-0.00163646152219179
-0.0866490369733177
-0.122804325846379
-0.0204927726807715
-0.00475098736058583
-0.328536194732069
-0.113311405709516
-0.243887037748606
0.0116086439674106
-0.0702584431707824
-0.0430469132564443
-0.0149594632921706
-0.0849774042742826
0.0431864555967482
0.0159909225595702
-0.0543180830879393
-0.00372716577593101
-0.181369227529314
-0.0424748994966102
-0.0954071005606437
-0.189927142342827
0.00983071299932938
0.114395852215758
-0.0266171722860116
-0.134175265280736
0.0463098125739426
-0.129580617042965
-0.178437078256447
0.0311065825183016
0.0255606653796519
0.0308800719888275
-0.0395881914956598
-0.000256791847884438
0.0183663117405596
-0.0351351496049552
-0.0701287205376605
0.231250593990818
-0.164965689453624
-0.047366121790991
-0.0419003928005213
0.0540314751655988
0.0306380571008688
-0.0616007858062477
0.0186786868972377
-0.130171375128128
-0.0405246409854199
-0.019857729066212
0.0512420883425901
-0.0107941538293567
-0.0237613889973623
0.185513975316853
-0.0868004921527553
-0.0250016893539655
0.0244175044568067
-0.0837062834413294
-0.000317213328299009
-0.0560413181507111
0.199853318404202
0.0778167716472634
0.0690723263034224
0.205352177806051
0.042719540523433
0.00584653449302388
0.160908601267907
0.149508017508967
0.115109283716854
0.203795091731268
0.111268403352396
0.0363103987212085
0.168591073693661
0.10454774458512
-0.0493225957960843
0.124352347807575
0.0945494986933885
0.0389021487071996
0.0229206959127706
0.112863381194981
0.0597956229002518
0.138437702886859
0.0211778762642319
0.0877826097988548
-0.0102607549098504
0.176233309039865
0.104260346186766
0.122771367350858
0.214030049597121
0.0570950045818044
0.128155443255821
0.140908684500572
0.113700351266057
0.20559930672083
-0.00936030659920099
0.013076669342181
0.0759601492357084
0.0610926650731487
0.377586716891419
0.250503007700148
0.247398083206031
0.0321557783082348
0.168973630674441
0.00117032883864362
0.149232654739633
0.246117830926229
-0.017676537842933
0.00729906187901169
0.130294302315654
0.206695672368084
0.133376259960797
0.134968666522117
0.205757982058807
0.247857644663601
0.182296248398284
0.217735291748033
0.0695365887455516
0.197492396664551
0.0990570521739032
-0.0129086056945867
0.130408298446436
0.0811053110183277
0.181369314543701
0.259466883693855
0.205524551511669
0.185666230584858
0.267758719120621
0.178933516000901
0.178784313936056
0.188478934448583
0.2431562667134
0.202604033855001
0.14860003587514
0.110126620374776
0.213274298266679
0.233976909514533
0.224566726175873
0.35923433721206
0.23487180176222
0.00751061395964605
0.216274983856573
0.210429704773336
0.366497499076664
0.149100145193496
0.244512395801258
0.256816887737614
0.138887044831975
0.373849733757056
0.29138094490676
0.22208070848391
0.267029186468413
0.150093576102502
0.302369019611442
0.448159741909585
0.358169756405278
0.165080466321136
0.266844750187478
0.21992070538001
0.313090840063372
0.280272724008083
0.372331036035926
0.184707681935198
0.324305635989135
0.335128232451519
0.214976905163182
0.200612220865057
0.262977697948304
0.346218574168267
0.238270088519272
0.413954371058608
0.29114350080011
0.457186484489865
0.251858154447348
0.272524799653738
0.2963815934304
0.287755923720476
0.221001115220172
0.241294220704802
0.217902687861728
0.375162435507672
0.389686082529326
0.348003327323637
0.236759580115515
0.454618986726332
0.518273354316361
0.40752749181745
0.362895596678151
0.358633661096624
0.0840595047147324
0.362382540189511
0.374104459368285
0.176229304476582
0.43934731891837
0.342640411340647
0.350879635458941
0.387264872065346
0.32976569194127
0.432413700638096
0.296446368464712
0.335510643877753
0.30034279030414
0.30873568605487
0.367720122235268
0.329242265700584
0.361356436583848
0.372950485991526
0.265630413997052
0.420564187085955
0.326093028377721
0.27187466780505
0.321918295543286
0.362233764657342
0.379007403444081
0.482734614123247
0.308805377215723
0.374181863124045
0.384644728611746
0.513296852409328
0.429524190350792
0.395018270096179
0.388250101205931
0.408299335712345
0.348903715609171
0.393084121727469
0.467782221448907
0.279423908346724
0.467356491772668
0.405694145132026
0.390002468477611
0.358619039091228
0.374553848828791
0.461828664888298
0.439344549366513
0.495364906784793
0.328321967317501
0.267424965106193
0.380522649422949
0.614207577156929
0.370960147618227
0.553974399699103
0.361760421248174
0.311205348663039
0.340523352467778
0.43548766401107
0.393426312420306
0.405522949043989
0.358309788659992
0.465249627234782
0.464729324909749
0.642389185662888
0.478152077211947
0.489794171314624
0.468240543015641
0.384292903133884
0.509391711639472
0.440502941757824
0.376949991877098
0.550208212639132
0.615563965324841
0.266411465519571
0.521892562267742
0.4527312426267
0.60718109993362
0.345620727127627
0.419156333382205
0.539956746958063
0.445811714442051
0.503151951957779
0.501585132529625
0.385116068773404
0.56831777190598
0.517483573343741
0.533275266531537
0.262793022992894
0.421066121767204
0.42180216788654
0.352417455153839
0.572328905379235
0.431329643743038
0.487535959227732
0.545646575139118
0.427998125289495
0.343040825639648
0.589046212250677
0.466260337789532
0.415240947753567
0.542807482584215
0.492286297418253
0.496122716850422
0.336664263264693
0.484135090257787
0.573979853694848
0.485115895012698
0.55197173961618
0.531922035706488
0.466054119969509
0.444272212474752
0.569641114437433
0.432625652075584
0.548190632296901
0.544506856697062
0.566845289262593
0.509024402479991
0.495768603164979
0.500932977706928
0.400673015819241
0.544770221005474
0.549184754176612
0.628369704154247
0.644918394177956
0.580397083447988
0.354618228949329
0.563101747311049
0.508357521687011
0.610452427266256
0.495062923792704
0.4922499307581
0.596125172251414
0.571910025266397
0.444339584652656
0.563070541881854
0.502501519980466
0.638750063892157
0.570616852516273
0.454295102171809
0.733484797004194
0.623840106874961
0.605971924589143
0.584595161947231
0.62584576749598
0.527805184057097
0.613790478168684
0.451717089735979
0.675108676117884
0.557991092479273
0.580949518615908
0.640793794718978
0.784681708329718
0.613460824122483
0.723442741836347
0.577238063259226
0.538107379114757
0.670968334106503
0.663381571175322
0.760903950613723
0.718313655588751
0.590314369689013
0.610739205536262
0.704668494054763
0.506156067698299
0.656261359190963
0.563672412641181
0.589068127089911
0.540266188636292
0.533886299394084
0.632822489687569
0.522522789427387
0.643526128569877
0.765496599836282
0.573775949361088
0.74025909490246
0.757076957928111
0.690401787760006
0.666196030552709
0.634708915541814
0.609471150686762
0.659210520106089
0.810904734178782
0.665941161115279
0.553576884388562
0.70342368985934
0.589779397861018
0.521192645861457
0.637127187502715
0.607772175132927
0.752859621140757
0.663055602238924
0.625133940774115
0.538653725623482
0.615831174403415
0.731868710857884
0.686900941769421
0.765412404025711
0.670422504797312
0.736383637291928
0.881271042670032
0.827229123187464
0.567334905974065
0.783960094081366
0.718620655130585
0.796239343563773
0.657807541774932
0.72963207924156
0.765097072537867
0.73757701509029
0.761594928212767
0.731557057373181
0.67594826767528
0.719632468641858
0.765671728593791
0.698394834491488
0.696626647474388
0.730981587987832
0.652827796406224
0.708802521605336
0.763944270891396
0.687487448634544
0.664235325263956
0.661308049324017
0.817744620511697
0.703259561895642
0.647289878627635
0.731261933249649
0.60965171751297
0.649545039955445
0.739965197064321
0.729483557808556
0.784635305664971
0.61806711889624
0.650497857543037
0.627313235816621
0.782124334590636
0.726568442783992
0.873928878197878
0.782377277795348
0.736443014576448
0.884017424177202
0.695361810641539
0.731400721450449
0.761008546920454
0.789553831669911
0.787562432209837
0.902335957256169
0.760212111232905
0.85127115489525
0.760494950245499
0.812637805354964
1.00332977999676
0.923884267090637
0.857423160619224
0.839933577478195
0.922459039138085
0.77409634664381
0.80390031049192
0.812569084774746
0.831574376880293
0.936122800440671
0.763028569609885
0.782123228558406
0.827989235188424
0.998839816884618
0.634453150843393
0.840729151071959
0.785907872303822
0.862753183690803
0.83043445518184
0.831564053093412
0.794487065803579
0.916799057652159
0.631059410001009
0.936003720276918
0.863411023584289
0.660736300460636
0.91327135779504
0.929394595697573
0.948096355741334
0.861120739234246
0.952996115929943
0.787831389114583
0.790797078690915
0.887102552119968
0.977921668460374
0.93054164831524
0.858537927603938
1.00064219860618
0.826551256066953
0.776114166194126
0.961370556477909
0.962208854316222
0.818962089143892
0.840925672908444
0.890516153023907
0.966033343959093
0.92321064195386
1.003453422119
0.98564831598672
1.02334610011502
0.925857544341322
0.811651342788836
0.90746800480462
0.967164377140743
1.05300045952137
0.929442308605042
0.927139413839745
0.971845211496729
0.927759337440936
1.00517662292794
1.07244005049948
0.905274357644506
0.900856086985418
0.81948111300785
1.00405736089621
0.958193864416464
0.925523419991106
0.884649920174056
1.08848996765566
0.95403292560364
0.955145457486679
0.914133625279793
0.920281001232457
0.867635712838949
0.936945236207325
1.04773804114286
1.03240854922538
0.853367907356418
1.06381332905313
0.982764273837042
0.839953289809696
0.929265722567552
0.914698949748818
1.11077181136198
0.982073938254578
1.09190338664116
1.04844657871349
0.917182426525881
0.78783531281397
0.99025021805783
1.08780093891218
1.10643577696015
1.07234340911444
0.933142249988818
1.07801818835186
1.03849252439003
1.00827908834604
