-0.939048547387242
-1.00916045175825
-1.13563533651339
-1.08820838872361
-1.05212820112611
-1.02304448622509
-0.949493534895991
-0.888585585276863
-1.05285182957019
-0.95590911599518
-0.943479557816267
-1.11597356762683
-0.930774257091039
-0.835513119261836
-0.792917957428685
-1.04500440329159
-1.08725271862318
-0.928764628178103
-1.00362986260846
-0.803524161282781
-0.821681972327081
-0.876958035059287
-0.976750970173521
-0.989464716812091
-0.842728201444753
-1.09884933066952
-0.968384186269937
-1.12947637378647
-0.942598606154272
-1.04292435960667
-0.924591912019296
-0.889714837211368
-0.951676844278078
-1.01408538932324
-0.871162707941775
-1.00935672727049
-0.880368499466785
-1.10051001108367
-0.851321656006236
-0.899899026174492
-0.96810432439143
-1.03682468431084
-0.963623652645767
-0.965902785832134
-0.884091330524607
-0.92702004400359
-0.935384528133805
-0.699771656973384
-0.901932013632107
-0.976878340820887
-0.991128578429299
-0.89212031307567
-0.833134686398893
-0.822052674734386
-0.888106742340014
-0.917836834293218
-0.83072487183673
-0.903048827411828
-0.8968733781796
-0.790446889573792
-0.873520807407328
-1.03567879721997
-0.903908401507213
-0.838231553457991
-0.890972490651664
-0.869908784855161
-0.819976274310221
-0.876333303874244
-0.844861077408015
-0.958402085355641
-0.706303027002046
-0.744153193923801
-1.01442284088571
-0.886334621164138
-0.796728886404176
-0.85548578422582
-0.946633370959781
-0.748854981287221
-0.903023086900628
-0.795135860970336
-0.824653632754478
-0.756322576918918
-0.971138665363786
-0.762103317619186
-1.02360228561757
-0.80993761900978
-0.99514277516336
-0.845973356904722
-0.739865288758859
-0.740294843625058
-0.785481230521686
-0.813187501375447
-0.82579109978354
-0.815608028097892
-0.794974818290001
-0.800595178043137
-0.755325400747375
-0.695888847804865
-0.881583867446748
-0.718912086125838
-0.769566193213085
-0.804020948565719
-0.604089962867356
-0.674999747255997
-0.773785969958153
-0.809219045826715
-0.725971518155582
-0.680907668179989
-0.825531991317283
-0.757017000995924
-0.605466339813882
-0.850431440562813
-0.851396271990821
-0.765116702222158
-0.85753078014721
-0.853726516594161
-0.765723766913717
-0.775344045207484
-0.617456286262046
-0.7636618271537
-0.636440986829145
-0.88659762185941
-0.824787058887396
-0.851403162399688
-0.846600576301956
-0.694767958393268
-0.846892501743868
-0.742424578574961
-0.801560456831041
-0.679206763421862
-0.674167723058978
-0.721045836893575
-0.655112701748752
-0.838521368629318
-0.742793313143902
-0.753088308281039
-0.677196459884259
-0.805638152064072
-0.651410466401114
-0.640102604466361
-0.641550176134282
-0.602188191939215
-0.885513296353582
-0.561026728021811
-0.658821688179331
-0.800834544081655
-0.765972661367148
-0.694801469219203
-0.659442609772596
-0.652254702062566
-0.575765902016064
-0.587084257191862
-0.638834858719985
-0.768575448674494
-0.725639456016902
-0.655489968356748
-0.704514898317804
-0.619218986284597
-0.680134868115479
-0.66273308990503
-0.778376261595425
-0.629309515316844
-0.68995063220946
-0.563181043479222
-0.589569429583308
-0.74387671877665
-0.740342916847753
-0.619473728396812
-0.760254725759305
-0.730593380303303
-0.579897397981357
-0.627165613860893
-0.543538999482424
-0.670213996831422
-0.707370283152088
-0.630793087555346
-0.71578128889762
-0.638268711084342
-0.798224563336164
-0.651363287761958
-0.75532367812125
-0.614863524644065
-0.653906187093355
-0.68429718357094
-0.665055086692544
-0.606094302115754
-0.638095357244217
-0.5765105292759
-0.643644756563453
-0.735796356192021
-0.632928256126792
-0.720260969391814
-0.516686070816108
-0.62711638592393
-0.652623608550894
-0.600888924275982
-0.67798992222179
-0.577180122269787
-0.632487070371044
-0.682904197701197
-0.693035058112912
-0.51608907789799
-0.553651738869747
-0.500347385853307
-0.686846804168562
-0.601887641012068
-0.3820539032433
-0.599055351931553
-0.495241806282851
-0.317344767297653
-0.510132477758621
-0.495702556748335
-0.664604830406828
-0.51370671810074
-0.639791036675353
-0.541536696425726
-0.357536252729027
-0.513283541940868
-0.708960487420997
-0.722380599619296
-0.604681052308273
-0.608449968939385
-0.401943256878364
-0.813124771027236
-0.682996414775885
-0.600610941479732
-0.438015718594505
-0.517292263856156
-0.399940031135032
-0.583181560590108
-0.664630328301566
-0.666642609196246
-0.590596296866074
-0.601403857787511
-0.541279316606501
-0.452484720279749
-0.709063283472442
-0.448084755909559
-0.516358641547264
-0.487652164503681
-0.510742533029892
-0.584345201819283
-0.502708957615176
-0.584055393168081
-0.584980785163785
-0.341301609451955
-0.542222799861231
-0.424696889795859
-0.450021145177315
-0.650309847970795
-0.387860706775804
-0.49281763944258
-0.423436115055778
-0.393646646711772
-0.64309629412467
-0.470052860867422
-0.492219845637446
-0.502554436059251
-0.449107220083088
-0.366840904807676
-0.591187632203704
-0.519400505295637
-0.243818447901344
-0.509138379414409
-0.625170737439114
-0.571560418431698
-0.416558974592365
-0.536657925202228
-0.546590978561084
-0.457459971729729
-0.47475874639363
-0.338007051348851
-0.387053743434391
-0.411034346127637
-0.419180100839741
-0.641869415441516
-0.453367405070924
-0.482597072404368
-0.428793851248215
-0.441140438469684
-0.418809019622768
-0.435842121486803
-0.483660552584533
-0.407972495553036
-0.474046609919061
-0.497442473504334
-0.361727295091459
-0.415398065516975
-0.344058095765427
-0.654689300077045
-0.490125002807024
-0.40127676999867
-0.594078412519774
-0.443827167335527
-0.382315593988833
-0.44200460128301
-0.442559384892073
-0.452504403295051
-0.334754625370747
-0.538498002028162
-0.444640781117237
-0.440411650552778
-0.340452893839078
-0.399964718979463
-0.23290527031372
-0.388678988055866
-0.557899751834714
-0.191585726987509
-0.33409106601835
-0.296601341934407
-0.344283305864379
-0.304913233932111
-0.401515307364174
-0.226210566149711
-0.420858104124492
-0.369332891451745
-0.342094415908899
-0.187636256448054
-0.447194556492525
-0.402365179601769
-0.30523664304361
-0.368424383451033
-0.319501669725139
-0.423612038506093
-0.431016722268973
-0.423863378410808
-0.183259042171508
-0.303377967104534
-0.388342740789695
-0.457012078222271
-0.202380333184773
-0.207015821923222
-0.289361712541562
-0.297047320749149
-0.296666148471239
-0.355905712610682
-0.294142532319677
-0.275824887161227
-0.336131470684286
-0.220029223751147
-0.295676624276113
-0.271780842415199
-0.334851226080618
-0.214027545748209
-0.359304371997132
-0.350328101222304
-0.265917940280495
-0.374784411092464
-0.265210778703591
-0.401651508124891
-0.200957238417662
-0.305598357180553
-0.298765062348401
-0.169363125295244
-0.421218160571947
-0.290288366573075
-0.257742172775871
-0.33294299992112
-0.233430168729779
-0.267194451156597
-0.250954526901586
-0.351463903322751
-0.292085702994583
-0.126196992189367
-0.191144146682531
-0.283425014583388
-0.331862078698869
-0.212969044698265
-0.217786792292269
-0.270605889017576
-0.223692581514138
-0.276067121022524
-0.159414275516665
-0.13898813019135
-0.282723491427759
-0.274022413179222
-0.175161802633552
-0.33379546479495
-0.174175186731452
-0.244412735017912
-0.249593373416047
-0.31540750757802
-0.152184904263288
-0.201660565054753
-0.178844264424421
-0.265620237756753
-0.284432311113826
-0.238119750030565
-0.259888866454471
-0.181532580164848
-0.29222954042268
-0.139459147832222
-0.217746870166118
-0.265039001643267
-0.283550011563312
-0.243940461813896
-0.0313763150257043
-0.315585775639054
-0.242398387927205
-0.0137360333083168
-0.163827745397678
-0.31999490558786
-0.0590343948239111
-0.177838291350824
-0.275011337590693
-0.255686201240195
0.0130083030528241
-0.320445739748061
-0.222195695161718
-0.0961331222540525
-0.193521935335318
-0.0869342608491754
-0.196568935513254
-0.185455529766595
-0.1511017537931
-0.110685196212433
0.125760954671653
-0.0509958694353021
-0.102112383054529
-0.168338673646079
-0.132599909553578
-0.145706143375352
-0.136353788971049
-0.14609588524507
-0.115592458122746
-0.200164039093544
-0.00239240603601979
-0.075474140801963
-0.0502907414406044
-0.18308183091024
-0.223835504958763
-0.157650768515979
-0.0899434122211659
-0.0903842526994713
-0.110212380345818
-0.126744297128879
0.0454844353692032
-0.0838483952365015
-0.131918439582435
-0.120373063533602
-0.101484218445648
-0.223113102072882
-0.256629293607038
-0.199286870880015
-0.169268653499273
-0.219368087903257
-0.149291639769952
-0.272182024797479
-0.200124620524055
-0.131381100184589
0.0602024942818931
-0.0600836866369704
-0.0411695409133036
-0.13981933774543
-0.0124029422256348
-0.125282701118793
0.0037849142584049
-0.126897966670221
-0.151343199565528
-0.172057960097908
-0.0721363156877938
-0.0451656973593469
-0.0931011309985932
-0.0640130001327377
-0.163688860290083
-0.184138189708305
-0.132984894249894
-0.00860957939470374
-0.0377807651124008
0.00218428449858812
-0.0899322242025734
-0.111472567024105
-0.0149991287776785
0.00142198943627454
-0.307297484689072
-0.132609691029467
-0.260612516261797
0.0136163564455243
-0.0588520001979019
-0.0557442268326234
-0.0307048549757563
-0.0958378100303444
0.0551442243364505
0.0310107921981753
-0.0621249545090768
0.00746998688873645
-0.167903063251004
-0.0332383601818034
-0.0879084339662409
-0.179862588088473
-0.0034095026461139
0.112349165143847
-0.0273498594459186
-0.157852848695866
0.0924673305634615
-0.131269077357651
-0.177703263767619
0.0368178505482845
0.0073153458226569
0.0296207337223112
-0.0273033678311994
-0.0415966206524361
0.032491279454884
-0.0327187589854497
-0.0805182691980277
0.223286087842617
-0.158939870178738
-0.0360979899291193
-0.0454776113824279
0.0535860774106283
0.0444231845670851
-0.0729716641312439
0.0302645597593908
-0.106773489485216
-0.036021630264234
-0.0204500887763162
0.0616432776246477
-0.00825117599996942
-0.0239434423147723
0.182265460703395
-0.0900854081183945
-0.0236858548389812
0.0403924321669773
-0.0722558061990691
-0.00815646984628883
-0.038019668249568
0.175632841428814
0.0832972520673434
0.0743987667805652
0.204336610038119
0.050912966111989
0.0336441844801198
0.151800055547534
0.147577725278536
0.116595721460715
0.192432700810934
0.107168476408847
0.0682006914821579
0.161240194199715
0.12152918197803
-0.0765786360904587
0.12908633827421
0.0837890819590511
0.04926864126228
0.0236749877318192
0.112251114438151
0.0965786000015734
0.128669424234468
-0.0195358011238452
0.0775709227203455
-0.0227663939544567
0.215152473565273
0.0884633733546625
0.137234212961552
0.198225578423594
0.047114121890768
0.122124899593137
0.14345711280555
0.141292957978192
0.212422027747281
-0.0190204124289129
0.0118030908377767
0.0675773520514162
0.0450145437613134
0.366857513338271
0.253390572427526
0.235190054526573
0.0189016951116905
0.182552240335389
0.0157113178374469
0.123436274270955
0.264546262562598
-0.00935302054359403
-0.00117033251627071
0.121499002783558
0.191469654372962
0.147095442369529
0.13779681051571
0.196186638210844
0.2400462367425
0.184722849727687
0.209812954292752
0.0638882190749577
0.185333106649083
0.0982504394949436
-0.0299644367136726
0.135322729491534
0.102712491190263
0.187418380461192
0.270316819221708
0.224332069908469
0.17572098214549
0.258508333291503
0.156920186426149
0.183623004414155
0.18816649676811
0.235911566121127
0.186608477201566
0.148207593061012
0.0904008184770639
0.205762615220705
0.221536044828507
0.227233083251601
0.368422130660745
0.244140156357154
0.0220689462296059
0.229979120145441
0.223229879255863
0.37625978289367
0.146215162071264
0.248250769347932
0.254409469330602
0.151639930807144
0.380964467973104
0.273355074418209
0.243301936561519
0.233163483447708
0.161756792813692
0.295304448613588
0.422034354432812
0.354861870713007
0.149099803985602
0.261531800181863
0.249847928627195
0.316698990465493
0.280547716918338
0.385176920583255
0.185894810079032
0.331155530784822
0.3519647424354
0.204276897886189
0.189234083516215
0.253680605497661
0.343077854609689
0.255303769831196
0.413581239226761
0.302947373744885
0.433719136808602
0.259618104778882
0.255993474687442
0.290236598584923
0.282596915412516
0.213364371562488
0.237950718695923
0.194129812244551
0.383333834340637
0.409203916130738
0.350415585952447
0.220275601680942
0.443869490894753
0.507687520086492
0.401703875474361
0.369081145361656
0.374906102778559
0.075847307950516
0.35155888185192
0.379154081320445
0.177990291771192
0.433469170519987
0.354023585566546
0.341523475240246
0.37343106289941
0.301189167799374
0.425117751371111
0.290180163849898
0.352620466111155
0.303823393618549
0.303753161917328
0.38998023178502
0.316887704575604
0.384231121760382
0.360685107893725
0.253662264013186
0.440029005835507
0.320291083828033
0.252544789081881
0.310928262616162
0.347974963962525
0.387635129061263
0.475504313778006
0.323298078088939
0.388514234568868
0.383956223700818
0.496159327980694
0.444079198667759
0.411964048854914
0.371856371273755
0.413647562989853
0.35726544247921
0.380336885671969
0.471484264662507
0.285457259265589
0.478907734930803
0.389326557771594
0.386248874860921
0.355146890024957
0.38512278247449
0.467958226770872
0.424070622455105
0.507138073417869
0.342088999465691
0.294864142782098
0.36885685422668
0.602510171617043
0.37736140939726
0.552388293190572
0.36448073543781
0.297724197240425
0.324932694213282
0.449086116042025
0.432565860496835
0.371291047376693
0.374958613019399
0.47127910160527
0.450900036456832
0.664463132690138
0.481026982178532
0.494658500142942
0.479587954733788
0.397957848217021
0.513174488470845
0.429033702943641
0.386038738610583
0.558896158083687
0.618048048940179
0.264187968162182
0.508718897843292
0.450830816071103
0.604117093764474
0.313125165666325
0.423017221976532
0.540745449443274
0.454110068156046
0.507350263478582
0.509373860605776
0.397335726885514
0.559786314833823
0.53790686210443
0.56012285005066
0.25312964633639
0.440508993509044
0.441905599653559
0.340348575114893
0.576268904706406
0.422759788957699
0.484923046847778
0.549376123993638
0.436758017660225
0.357202407541793
0.576457208662653
0.45660824907633
0.384257011096191
0.563781018787442
0.477137028579585
0.480173927520193
0.329522561439789
0.459371311070657
0.565735533499787
0.470173831950389
0.548567583927539
0.52037729501757
0.44951658800295
0.448468540458671
0.567974767102853
0.429286360146539
0.562799890644957
0.544765991341911
0.575730008100676
0.502794341543386
0.496394385507102
0.477668045696417
0.401606847180962
0.536757761514884
0.538704984628956
0.653251285750872
0.643710873578806
0.601710819755202
0.371055607922128
0.568129047622225
0.5224596177407
0.596279022500444
0.504549145287776
0.477072965190891
0.603432302821742
0.590667427009007
0.459890824255647
0.577136062064014
0.518727083756843
0.629403452821716
0.555895367845663
0.478660046934114
0.718152282345776
0.604098988484801
0.635843597506862
0.560733555185836
0.633161301517081
0.517277672300458
0.595703101755594
0.440728442985569
0.653676375685862
0.551302670910097
0.547462868554815
0.621975866514829
0.757625565034357
0.61236461705904
0.736345329518834
0.548055621296256
0.566136008245686
0.675866646070105
0.660147375162738
0.758859923968534
0.715065126529349
0.602751582673224
0.647221356639472
0.717166424569002
0.522212041772626
0.648915019113968
0.541443543518698
0.59576470918691
0.537757599581038
0.522594587022003
0.623347501399043
0.512037932909453
0.648039448168351
0.789796568270789
0.558853720560395
0.728387745327904
0.758865731343365
0.690459691567275
0.676235222527356
0.63817980471838
0.614247949026378
0.678875129545469
0.786457905415997
0.655825011039016
0.549196866073249
0.7023765824003
0.593109976114492
0.508165406455981
0.637565372659234
0.581941548574949
0.756773516038109
0.701311899673577
0.616428583161691
0.550451654292388
0.619852840703546
0.712226051312512
0.672781881578831
0.751500337528923
0.68164934699511
0.74680613846879
0.854818701442803
0.822962297847839
0.548772300737941
0.812680944014272
0.724024921484448
0.785092800824794
0.643403361189126
0.695452040189754
0.784630625400659
0.727165384660688
0.758375459792825
0.73304786062009
0.698130761419536
0.730469960954575
0.77025684905321
0.700273306724452
0.70557108434019
0.725224514553307
0.646582794913239
0.737602124094206
0.747524084028532
0.68685097562755
0.704426756312314
0.682960587438279
0.845136186556529
0.693034748264743
0.649987326153386
0.739228765614068
0.60292040100177
0.669316923026589
0.743125100818104
0.731228865575077
0.748251836077957
0.623286310962309
0.672154267830174
0.62277802169634
0.779986144976106
0.720823323085741
0.863293806948687
0.791894665527929
0.750730882995199
0.875580454712496
0.664989418272213
0.715625347547363
0.778322158591826
0.79473331329579
0.774728539464492
0.896119180947607
0.753515926643944
0.817505698623315
0.752479336522905
0.834157470807912
0.975927476673624
0.894434497573699
0.851192156672544
0.830693237065913
0.938145433461411
0.76795745386656
0.793946931429335
0.830407593389435
0.808267339835278
0.921524503101923
0.781656830300276
0.799960115009927
0.830897273579809
0.998768405231184
0.636605230630462
0.83113255151537
0.783909439602701
0.888371514131183
0.836859562740583
0.833361686332933
0.784505524806529
0.9576545982477
0.645145113517397
0.943034749463157
0.864672783251747
0.642502589416601
0.908763521490105
0.90349538709454
0.946052688002891
0.859669642226069
0.937204849841769
0.788940029084364
0.792756169971862
0.889836197553732
0.974010973672158
0.90671444606429
0.853725141519928
0.9856298597326
0.813925457023806
0.798822256385031
0.96124964147736
0.9571884170763
0.81822337232479
0.844976611675925
0.899819841395795
0.967472080668696
0.936905486034576
1.00284184519041
1.0060609476055
1.00991033248501
0.935333505184335
0.832703179699307
0.919369117230498
0.955296264159553
1.05430735040746
0.940246358274497
0.920640187696088
0.970783091389203
0.944328581656544
0.998731006318288
1.06314202637319
0.916441302794804
0.899622973842638
0.825030222147394
1.00510555658316
0.964964844109899
0.938155178267378
0.907475069138855
1.06942704062853
0.95948866282643
0.963177172782887
0.92587473934841
0.93777287588211
0.879206212196258
0.930016654809372
1.05698866522643
1.01810413454002
0.859812237084876
1.06838070500653
0.997800224662146
0.830980546648284
0.927224844382254
0.92292877068991
1.09830655145913
0.970263354717075
1.0565718746672
1.00695446533949
0.911876257635639
0.780018400443085
0.981636673795011
1.10941356042385
1.13202796332292
1.06936911173217
0.926732004915281
1.07483049523479
1.02825630701017
1.00363730316977
