-0.952998789502052
-1.01106833686097
-1.14974871743454
-1.09655937009267
-1.06385540752233
-1.01617632051334
-0.920954098040807
-0.895897766175916
-1.04473630524614
-0.954757498914322
-0.943811934282307
-1.09432585535773
-0.933801403934315
-0.843976960667634
-0.796848191556853
-1.04814498596989
-1.04830342228872
-0.920414257001358
-1.02034130011231
-0.801183832208467
-0.810756846972833
-0.893723593858056
-0.967039623994716
-0.982370553972257
-0.841883135784716
-1.10390481411792
-0.987792622676138
-1.10432601282585
-0.9307129994637
-1.04598678205982
-0.90455024821088
-0.894621491753257
-0.949688482458528
-1.01010013070262
-0.873044338762248
-1.01480574818769
-0.887268897929578
-1.08324082298689
-0.834625552492896
-0.929627651793329
-0.959529672755856
-1.04274546741156
-0.986990450112758
-0.973825699545174
-0.865989292795755
-0.931350122074409
-0.90024583213273
-0.681506493407681
-0.901735925833247
-0.950171862922871
-1.00354905667042
-0.90638616453352
-0.814975719700773
-0.816066419199494
-0.908285459274522
-0.92638253404711
-0.819351983855575
-0.89585441553955
-0.885088243666647
-0.808580917526589
-0.867257786715656
-1.04402704354567
-0.899481234266213
-0.835072977942183
-0.890131299024366
-0.874033269697994
-0.827124110687902
-0.870415945047314
-0.833088607287996
-0.949887436192898
-0.714919033826261
-0.735387350313786
-1.02222383684433
-0.899468588578597
-0.795430343687606
-0.877536564010403
-0.962837524606479
-0.730729002677182
-0.857624556046136
-0.776783668197143
-0.840961898625904
-0.760304014641354
-0.980459582001032
-0.754309041732741
-1.0255654424007
-0.80615267643232
-0.991773388194507
-0.817430599060389
-0.754718355002235
-0.709227482155406
-0.794774201165788
-0.826684110805658
-0.835625517871503
-0.803185778505344
-0.800511840736451
-0.800126931425709
-0.78755749113646
-0.679091313934958
-0.895498872873841
-0.724303702707427
-0.739964931259995
-0.812840385738673
-0.60075466906164
-0.693846995540225
-0.762687608325658
-0.78455856230566
-0.714056984275
-0.68587687509739
-0.845009535942242
-0.719577803250942
-0.602607971482694
-0.838753799645308
-0.836376676672693
-0.778346693061207
-0.852309218852377
-0.847194488836723
-0.750642214891955
-0.777134510526363
-0.606301688807686
-0.762720327369245
-0.639428261468964
-0.88056023316496
-0.809741240732258
-0.855130084168787
-0.85121484324354
-0.708186127874853
-0.8695988037023
-0.756737048103693
-0.803040326155706
-0.671100607993579
-0.691353573074557
-0.721066280413363
-0.661757755968041
-0.824289844029554
-0.748502136466132
-0.771248002912022
-0.67569419938015
-0.802487129861283
-0.640473221888969
-0.663428261459322
-0.645467803744572
-0.566595863931633
-0.881869429483876
-0.562171178609043
-0.670172053156126
-0.766151867256353
-0.765929848100854
-0.689450655746054
-0.668877946224664
-0.650693680613502
-0.571363331100083
-0.563298201913096
-0.650264182883288
-0.777004534149194
-0.720283483106572
-0.67085699883357
-0.683828303151429
-0.611619861341063
-0.677324972862378
-0.656729438406936
-0.793980220885257
-0.619197879700203
-0.652196503102683
-0.566761595538474
-0.583486083864983
-0.739986271516184
-0.751930348873458
-0.625229278567593
-0.745347338197756
-0.725922603514729
-0.583465539818493
-0.621058242475377
-0.523278377049978
-0.691817821678883
-0.717621050836261
-0.653461206302063
-0.724282818034746
-0.643986841164241
-0.814855786793585
-0.653401560747496
-0.698860707713721
-0.610545290295666
-0.636598253531672
-0.683704917429486
-0.676534092588023
-0.604607100334424
-0.621070895285903
-0.569811120280845
-0.637972799365245
-0.745332284595362
-0.630491108903089
-0.741378371611314
-0.491962921660961
-0.628555534544063
-0.656904472394706
-0.596341687331564
-0.680193295269026
-0.568977366140505
-0.631090857052209
-0.686657595578352
-0.71421727594152
-0.526383368330577
-0.564138796811987
-0.512503993148042
-0.668413908962269
-0.636961766205317
-0.375944794843624
-0.601952148230233
-0.490203764584452
-0.323540317381035
-0.517847461846128
-0.507817424547095
-0.636809984706622
-0.518543165740826
-0.616695898147462
-0.529097933165767
-0.342117174785605
-0.524720762093819
-0.718066325502813
-0.723514297579113
-0.610649126366824
-0.600516820742302
-0.388013846137372
-0.805422870681736
-0.687791386705541
-0.630279723024959
-0.445970514849087
-0.503291417034252
-0.378735616278493
-0.566331199620265
-0.67336152439267
-0.668152937297873
-0.585067432776492
-0.585642196400243
-0.54693085546115
-0.432389786819879
-0.703034904710338
-0.470888510128684
-0.519253611161058
-0.471678015794606
-0.530954683780337
-0.591547016641194
-0.504855568552414
-0.573901493032893
-0.582854878359728
-0.355171919952619
-0.514743390272466
-0.430365755932496
-0.412114894689611
-0.656670792375746
-0.389605851187616
-0.477982632578824
-0.428204422727901
-0.395207631078806
-0.633894539736666
-0.478470456699429
-0.502962794271211
-0.494891060659279
-0.460195553126871
-0.399556880907246
-0.593502873311673
-0.531628379659948
-0.267165619441593
-0.515070957404942
-0.640686125143705
-0.557548370819813
-0.408056325854357
-0.543307471722366
-0.547343580175944
-0.468052152798812
-0.463074358984509
-0.354255058871702
-0.402901641067816
-0.419089998136234
-0.420616030573782
-0.680673616791094
-0.457208267614495
-0.472113551653743
-0.438623283419313
-0.468747537361886
-0.431567085829496
-0.448905143521021
-0.482777170327415
-0.407899754983041
-0.487100525203648
-0.495259071368104
-0.379179017992179
-0.419762637789896
-0.332729035383527
-0.650038168819263
-0.473974860168557
-0.403591992289647
-0.603147384376016
-0.448908097424978
-0.38191296136899
-0.463961307679961
-0.454144704720244
-0.446677614300317
-0.317101671484587
-0.547294589277151
-0.464562983124502
-0.429352196868787
-0.344452908762695
-0.408537509632044
-0.245187210164854
-0.400079738467378
-0.541579533708334
-0.179966795934613
-0.320350475759169
-0.314827087367633
-0.350829836772342
-0.311749809469622
-0.403922008868689
-0.209059354288622
-0.397019222680121
-0.352612381491578
-0.34872380316028
-0.184171869230396
-0.466989596845583
-0.411824582539388
-0.29076233145967
-0.370484630500559
-0.327868736840648
-0.421057988027294
-0.425715543063276
-0.431747853868417
-0.19708429702103
-0.288279924732067
-0.383824336728971
-0.487146725994978
-0.180415281127656
-0.22056218592444
-0.27902377976912
-0.3133455761348
-0.301438752548711
-0.366813933827717
-0.304021571314184
-0.260730875959461
-0.321679946349597
-0.217521644030636
-0.300426249915592
-0.265776722198318
-0.342896209834101
-0.253122154029313
-0.337641152978791
-0.368137842670159
-0.297258816107443
-0.376583085997331
-0.272702128284688
-0.425600056230036
-0.190782581872336
-0.2974864979453
-0.315337257295499
-0.147279146187881
-0.418612093366833
-0.299121953765575
-0.263524406573183
-0.324508088728515
-0.241479642703067
-0.255297398830206
-0.25636390615594
-0.372005293836892
-0.300374074494872
-0.105610612776373
-0.192745914879211
-0.297509596340923
-0.313844025043379
-0.220222324080287
-0.194507535540834
-0.289392151772244
-0.219240569488967
-0.283668124258128
-0.143879669903208
-0.159030723597821
-0.271222171847298
-0.2978827723031
-0.16220525340621
-0.338987583805041
-0.187471677680191
-0.249351211409933
-0.229936647028998
-0.305204702332408
-0.154272238023449
-0.194722069340068
-0.195949378971958
-0.255558739823728
-0.292865606551689
-0.248686600114122
-0.25456009119514
-0.166763796538098
-0.282809364191175
-0.150131710237112
-0.229195850593503
-0.275616333143126
-0.279636940703195
-0.229891263512212
-0.0482113967914683
-0.330473949244121
-0.240773533045731
-0.0211227812886851
-0.167740931602356
-0.314421244263112
-0.071024758006135
-0.155608768725044
-0.287512096230534
-0.255142845596214
0.0192833849402419
-0.30868562724791
-0.22978917112238
-0.0969956837373241
-0.199469959623671
-0.101281505536364
-0.173455757764281
-0.191266321028848
-0.134876298526635
-0.133252072820021
0.109372046310141
-0.031199245299076
-0.0980372426978418
-0.169922785310268
-0.162589602810492
-0.141930671523877
-0.144888940878353
-0.127189302508985
-0.130201675323631
-0.207377872369788
-0.0234747516044706
-0.0302559226766528
-0.0575288545588027
-0.202178366991761
-0.231863100636453
-0.165352914283753
-0.0981090622549604
-0.0798234110670381
-0.11486992135802
-0.117927616445163
0.0423326331499598
-0.0604961525878707
-0.116882610419285
-0.116274008612942
-0.106949003945535
-0.208104647834109
-0.232348560997985
-0.192006711785962
-0.187321757523117
-0.223702823049251
-0.158381235743864
-0.274911846806258
-0.222196819793533
-0.119243534186404
0.0755140523947731
-0.0640942128381938
-0.0336851747616694
-0.120796140233673
-0.0638008538974934
-0.133486278884391
0.0144625852808441
-0.119200716956663
-0.133442178534138
-0.156134192648623
-0.0728005032319241
-0.016673744533017
-0.0996629678091703
-0.0525313515164688
-0.17042854412701
-0.166350613056072
-0.127898475577449
-0.0100602984686546
-0.0318055014906391
0.0170239563207833
-0.0759426790133619
-0.11855487661383
-0.0164699516092314
-0.0146996809690168
-0.32634421851234
-0.120902328140607
-0.260954809516343
0.0164961779502219
-0.0750094560519649
-0.049354601062676
0.00798155426927754
-0.0995160966581849
0.0373864455983038
0.0154170923360685
-0.0446533085774353
0.000128862340847708
-0.183467809549453
-0.0393898710763869
-0.0792086301524912
-0.181190340760791
-0.00078601954862204
0.114508390028949
-0.0231125270898179
-0.143222506453929
0.0718721304579696
-0.147011015423374
-0.170465816773332
0.033513158472727
0.0287168397599052
0.0283208770789042
-0.0242921665028418
-0.0163050349756225
0.0219753275040328
-0.0371795620088977
-0.0690183948984619
0.236955405171521
-0.14427722790766
-0.036556515982599
-0.0443211019043284
0.0578969973443516
0.0282921755217817
-0.0742099369495068
0.0256315939206679
-0.113277941252874
-0.0291785203239388
-0.0253930989270783
0.0483129277473465
-0.0168262272853345
-0.0138006075530117
0.182490712565213
-0.0987695738246316
-0.0213919597346548
0.0416514108129909
-0.0819264172535589
-0.00571473950581832
-0.0547538129337652
0.19903977349428
0.0996832150634853
0.0702512458439803
0.195155525108215
0.020551681716176
0.0213913878094405
0.149865115345355
0.15213816640623
0.107321790125956
0.198586411464834
0.0919869820660852
0.0529307924180302
0.181589945122833
0.117432755054824
-0.069252867673112
0.126274688237315
0.0746499140127026
0.0562140318425775
0.00333389666980953
0.0992386565038463
0.0757516594873526
0.125429764062892
-0.0103014562308532
0.0838670756384221
0.015254486998367
0.183855747688764
0.0975648794887204
0.123446390302436
0.188572025547655
0.0587780472422684
0.133303555169543
0.136130569073011
0.125057049831937
0.212237191381902
-0.00777620030183663
0.0204577121535533
0.0636795070039463
0.0445734495147397
0.391643774869184
0.240618413730781
0.241419424358771
0.0470568046270854
0.169878356405295
0.00142604920506073
0.144333416936248
0.261002680415608
-0.0203859049663462
-0.0142417567889736
0.111075985434376
0.209960694566516
0.172315760969541
0.137165908631122
0.183235229937337
0.248902223549096
0.181851746998534
0.231027711373146
0.102278988534425
0.172756181142076
0.106631381517012
-0.0128137830501983
0.117132913164941
0.0845843557556125
0.186352686301969
0.266497212321883
0.200073106419153
0.183480006474744
0.272589862694373
0.167994733676118
0.16785950917358
0.209295153078716
0.245416277063162
0.206187349105399
0.151286938672644
0.0872229139142667
0.220949781512553
0.227156474441205
0.231803925037168
0.361996604880128
0.230024999795203
0.0197927986658713
0.212304168516172
0.206888533451154
0.3756505975435
0.147798837126236
0.243754768557597
0.260664913911075
0.160761568061579
0.376277809406559
0.289559567770293
0.225010384791279
0.25449581914431
0.134920823368151
0.302218375087944
0.440644038675095
0.35114410142247
0.154650804346596
0.266210664595651
0.228309277800134
0.301652612225571
0.294782753052
0.388895383422391
0.170123589024914
0.302495137539933
0.332413651266678
0.189904536570069
0.197257451272375
0.254962954267502
0.35574642958451
0.244254266058696
0.398275203544924
0.307609347528007
0.45738403648215
0.261472377840152
0.255547595199271
0.29783854912898
0.28720102361016
0.22791379130321
0.235851378153533
0.194484596222518
0.375085210910473
0.400560608487113
0.346927197706374
0.22668750955992
0.455135463876304
0.523177481145181
0.401961688027991
0.363108232272747
0.345804333030923
0.0768552468230281
0.360593017970343
0.376179383449873
0.18607689882454
0.439801425640442
0.331745462008437
0.362302908203854
0.376873580586179
0.311436754331651
0.425791498478824
0.302853962720598
0.352052249474167
0.296426763817767
0.3199552665086
0.398525356676497
0.322806064551043
0.376612584343955
0.358556092862396
0.258385722822629
0.433826737484541
0.332883560485137
0.280834840278755
0.327532929282894
0.371173593693169
0.405713969173212
0.482788829200718
0.319863989232623
0.376093371227164
0.375963442255074
0.494262927642914
0.423551948873345
0.389167152996657
0.378109405486477
0.424146475873451
0.360848558862837
0.376359177705024
0.480289772689698
0.290660365038478
0.490402176051576
0.368805574262856
0.388379050699113
0.363724351660035
0.35400541752114
0.467001711312333
0.441401404517138
0.507907656081661
0.327463603412757
0.28628591398881
0.37127322279702
0.59182241430778
0.381364336280321
0.570141187434865
0.356285320077161
0.288338458689042
0.355777897779953
0.432331287384918
0.417202676079661
0.389994911058156
0.346612830713061
0.460382933668686
0.457290953788994
0.66327721407132
0.471359408317633
0.486332288077918
0.480113307419252
0.375518415307738
0.499757701507546
0.450796029281461
0.364064508893909
0.551381778830956
0.606396969721152
0.265445535473321
0.502399439365666
0.448612100401632
0.596319522968555
0.322957306494596
0.406657840557532
0.536804975553213
0.446376058933823
0.528716049488267
0.523490520799905
0.378308577681984
0.550529593103029
0.506077853441017
0.522108900454676
0.259667057360798
0.433311836083909
0.433701926577895
0.348570482431308
0.569043715688765
0.419022227184902
0.484573469325194
0.546255035902417
0.413663698887709
0.352086075846548
0.576787394775957
0.472188197463076
0.387448631377032
0.547258035838129
0.49312445511859
0.485329400617313
0.347163878892924
0.472770441647525
0.571425615839727
0.498657379898072
0.534081649419281
0.538018476450524
0.454092257425237
0.443580594181525
0.553810793542951
0.433150855166893
0.53453996300732
0.538203659141149
0.574681521559306
0.500115223675097
0.477322439724973
0.485851421253016
0.392381364818915
0.542106311117448
0.560934574631158
0.654145949294852
0.643271644201689
0.587539103926667
0.376623711312599
0.572076991473199
0.520410565826267
0.589373838418564
0.486716963116948
0.480490938012812
0.610567338337254
0.572811815218706
0.444205662491307
0.555277905395649
0.518788610441334
0.611048419317203
0.543585146162656
0.449548312907107
0.750217921456966
0.612962698398676
0.604676190671861
0.568818153465274
0.626941556212943
0.518942003562573
0.59219912934071
0.455289945085221
0.65889310586169
0.541890829674719
0.568012553640246
0.641294623878825
0.797143562684285
0.62035194837759
0.714664138326551
0.567421950515404
0.555600270247458
0.689152851088654
0.658097716718525
0.751844649796607
0.722361413871902
0.59148532804792
0.637582009828924
0.70351908114162
0.504155016775997
0.640897144647652
0.563128509987381
0.604292983990987
0.536203865823972
0.537445497886698
0.626572289193572
0.513941428841675
0.63580408743738
0.78202660786902
0.547028278200594
0.735547698038096
0.76248333760622
0.687849139615917
0.676711214959558
0.631198356175441
0.623047846318246
0.682040482424971
0.804511162965112
0.656064883028835
0.559846477924657
0.700351807679205
0.59180681634047
0.521775050033323
0.633136246283255
0.618936214906653
0.754356818874698
0.69893148579455
0.61155280896525
0.550438439678069
0.6175447971552
0.724896166442686
0.662642964183737
0.734101826252635
0.694088528894869
0.719736754849497
0.858524118919294
0.826706580090281
0.563755335331563
0.797043787170121
0.715043451053426
0.799767033430775
0.658488424427868
0.707346409131584
0.780199968034233
0.731140220698729
0.749831575831861
0.728735118478402
0.686750350089437
0.735826274079477
0.767755835080382
0.704941954306203
0.693993318412299
0.726319312300777
0.653667458644227
0.729144824574427
0.749403758929621
0.671048112263582
0.690817179240618
0.662452354565972
0.834487556317588
0.678483962167504
0.661852173122359
0.735013414973998
0.618081680516544
0.665182107391004
0.755272993798861
0.728618798588962
0.767552901975598
0.617938479150562
0.642135511020387
0.62610041257733
0.786485388787113
0.748824870484053
0.888701743539415
0.755455314000995
0.759354298535974
0.892331460769534
0.669887733068654
0.750743705029449
0.77017464398834
0.78532959289945
0.782071385214258
0.88472029432219
0.768942225375798
0.829274396913368
0.739879432137258
0.811768681394167
1.00309770114921
0.932610173648908
0.844745783706687
0.839997558459995
0.925030751624671
0.775897685431416
0.796991307269102
0.79069044113421
0.815464682273695
0.937541015685562
0.775589547752245
0.80757840628134
0.844061168396728
0.996104247667946
0.648608481626222
0.824022448429481
0.778058197380196
0.878040345368379
0.82250877640956
0.80694861203378
0.783924414957851
0.918456047634012
0.627984220215854
0.933439202406631
0.880430172718363
0.649860814959873
0.92754431200073
0.927344536337443
0.935093208545478
0.856120104296297
0.963312302483135
0.770108341529622
0.791774562172035
0.881394970856255
0.974423977253661
0.928201072358838
0.849748864979241
1.00575889069247
0.811992268357417
0.790644453039203
0.973568936929454
0.964705155775409
0.821395780630904
0.843155855155237
0.88057471113323
0.959562379972168
0.936722271043039
0.995187874293012
1.01615316190329
1.01713201810915
0.907364618194897
0.843538777780809
0.906157430816546
0.960280840270208
1.02992347277544
0.927227201452956
0.951279940033345
0.956777278400813
0.953524952573162
1.01241926599784
1.07457012705586
0.921117102644574
0.89752469733952
0.845629982997772
1.0038541437571
0.954575734885032
0.932670630423137
0.904706290540269
1.06540994190549
0.977553141629673
0.935289377121528
0.913283775416253
0.948591763353106
0.880667718947704
0.922503366333011
1.04349111358999
1.02161720700247
0.839784308195133
1.07051743879243
0.974228709318574
0.818651036052134
0.932622820657118
0.926188151487247
1.09529026003716
0.965757700667925
1.09263898602472
1.0236491623239
0.884091363238945
0.793760686736489
0.993429966121365
1.11019006849881
1.10862130292069
1.09294436145945
0.925762514907124
1.08063718304513
1.04037054401269
1.00838362809818
