-0.952903488549655
-1.02098744399636
-1.13862604026701
-1.10192388918948
-1.03920898598366
-1.02540729235394
-0.910963042514833
-0.893694119665393
-1.0464251202086
-0.966996467686761
-0.934366288063386
-1.10015134602152
-0.940677137050938
-0.865876203309216
-0.823372267786671
-1.0382414115513
-1.06042973167454
-0.917471179875351
-1.00685812951712
-0.806236493656915
-0.837618507145842
-0.883678761921113
-0.977238282600028
-0.957635040376403
-0.835662937348876
-1.10151848709814
-0.974394444094001
-1.11364293675304
-0.96151346956133
-1.00325088704549
-0.916274981436499
-0.887409962334335
-0.960883758489947
-1.00285981735065
-0.875243168768088
-1.00558363905621
-0.883117299197615
-1.07478937326969
-0.863132829386941
-0.918922089811073
-0.963035471934477
-1.02867024864394
-0.972325328616201
-0.960664341586659
-0.881974969717631
-0.920110035739518
-0.910380452960638
-0.683689906630891
-0.880843616186822
-0.959312775046706
-1.0084020459874
-0.904498481791586
-0.830835857444909
-0.812912033238472
-0.891886069578322
-0.921068283009935
-0.830404501005276
-0.887149936384017
-0.891040275995635
-0.781681492802808
-0.876697130719894
-1.0360782843327
-0.891554570229564
-0.837092757418898
-0.889779736130237
-0.884293337816042
-0.786529851828246
-0.858026946535255
-0.836345548909433
-0.961107278931971
-0.703522469738379
-0.739126928548344
-1.01079039222717
-0.909650998562147
-0.775516026323542
-0.881229133283676
-0.953838863232163
-0.738014053801377
-0.880961317471999
-0.811590074079197
-0.813404175768704
-0.760802826683294
-0.974186989280347
-0.77127705452298
-1.01539501357111
-0.834003440767275
-0.995964286544313
-0.828074729476652
-0.741410821730113
-0.751542069721647
-0.796658997207961
-0.811936136376439
-0.817178699737784
-0.808203226065851
-0.786911105012006
-0.787700517751323
-0.769397609644983
-0.69128904698378
-0.921517332747531
-0.723047473382277
-0.749941773769633
-0.822453977805944
-0.586737432948808
-0.677447628044593
-0.765478225396308
-0.791498485337641
-0.714690870005855
-0.686773969907395
-0.841787164483129
-0.736913118238635
-0.598189013064989
-0.826643719278856
-0.821343707702148
-0.767397397224522
-0.863384114451779
-0.85185201439612
-0.77139560613272
-0.766762781555902
-0.587003614270931
-0.76885723829486
-0.649198729794751
-0.890257906188874
-0.833990857814688
-0.872413379903682
-0.872534898644757
-0.706817203746526
-0.8801792032186
-0.74919538142492
-0.825719477028945
-0.682344514500464
-0.694983814454826
-0.723508296705616
-0.66954634717731
-0.829583326164113
-0.756201655609706
-0.761908794242126
-0.662796801838041
-0.795078591934608
-0.663758283945012
-0.649041338590287
-0.628547013780454
-0.578097958316105
-0.899277537492923
-0.541509347517611
-0.671254536354099
-0.775323213714208
-0.773911624319673
-0.698431675237368
-0.65261675032402
-0.631267172945142
-0.557937147261985
-0.574763567119872
-0.643674788573487
-0.758839393542873
-0.733154649764015
-0.648693494212497
-0.682122836188189
-0.610543627295978
-0.671786453231242
-0.661835788535012
-0.784775502097401
-0.627323789444865
-0.679832622067887
-0.561119482016192
-0.595434758097499
-0.751071163967453
-0.735748879555764
-0.609217651000442
-0.742100161815099
-0.726257757162351
-0.592455055651599
-0.63907227297264
-0.532548382741772
-0.698951474708507
-0.704739374602222
-0.636564148952471
-0.706967457398478
-0.64456930858921
-0.811584703503403
-0.64164910882915
-0.744192145608923
-0.607307754546708
-0.637877114697415
-0.673870632210986
-0.66904451064166
-0.619897200256428
-0.617683757873841
-0.591819378849574
-0.632753965255367
-0.76296456172284
-0.636472941403678
-0.730152537403206
-0.506424995198919
-0.627578898893119
-0.643708274646584
-0.598294583602514
-0.674306941953903
-0.577524242489235
-0.613016940935394
-0.676000494977572
-0.700741278059771
-0.51902417126527
-0.579557056297911
-0.519003486049163
-0.672966231077744
-0.64139249469742
-0.374958621669117
-0.598202135863838
-0.464658256679929
-0.313410839546197
-0.517100509383331
-0.538454160910409
-0.652655562586127
-0.503779343186177
-0.624821431484146
-0.534509254420863
-0.334386134117548
-0.512662340699259
-0.686605814768279
-0.722536609378523
-0.624827324759423
-0.599027304925236
-0.399000308944253
-0.800922386782641
-0.708394512342153
-0.625391454897435
-0.440792785721862
-0.504434884557897
-0.388530386214089
-0.576561047054719
-0.642622016882192
-0.661005000524415
-0.587488625428628
-0.6022682256265
-0.533245767912136
-0.4644102280978
-0.716639832943983
-0.454853537921437
-0.51923536966
-0.496485178779528
-0.522832644499095
-0.581710584948276
-0.492900388687832
-0.593674655506973
-0.568958736044877
-0.362577586176156
-0.535830122297605
-0.434507753384937
-0.444608396850743
-0.638296790656936
-0.399065217672394
-0.494263831239734
-0.456914932919423
-0.399228506252789
-0.61945941946307
-0.478078854429506
-0.47947458903554
-0.49433673289897
-0.444608276444584
-0.37598020009265
-0.573491741590862
-0.524856403538745
-0.254811503372147
-0.523588391275136
-0.622325177767646
-0.565190017821042
-0.414060871417792
-0.536159097317709
-0.541318339170857
-0.471653150887534
-0.483458800334886
-0.341635155592979
-0.423164626607448
-0.390204167603581
-0.446474334350493
-0.67778748937917
-0.437797330301983
-0.480325081167593
-0.439907642888909
-0.451362611863246
-0.432508135177955
-0.438283906162174
-0.474817327643479
-0.420661919774534
-0.494663986642316
-0.485395008780148
-0.388218746962345
-0.411135102047564
-0.344312387553742
-0.624345530578199
-0.481472435532001
-0.392354188752468
-0.586836246124061
-0.435823209803472
-0.390849083581787
-0.45486972451251
-0.436788718891526
-0.450043677835552
-0.318619957563714
-0.552742339202668
-0.460362996806239
-0.435391777813457
-0.311177848753184
-0.407620149529555
-0.256584377274617
-0.392148345331015
-0.542672272731868
-0.188315245130568
-0.322940538562648
-0.310942071633169
-0.356202428666842
-0.337840729544792
-0.383726701363907
-0.228115172326896
-0.420357385843328
-0.348114429272286
-0.338478757370219
-0.192191310238255
-0.475570202243681
-0.421239177417883
-0.28982171262163
-0.350842885576438
-0.329469364132282
-0.413330615143613
-0.42928516175683
-0.410568240062728
-0.191803684251378
-0.287235622614288
-0.38456773491086
-0.46465214866121
-0.18247627789298
-0.211233493018574
-0.287262642430956
-0.285670588038892
-0.288032787677323
-0.356714211060936
-0.281994371345809
-0.267442846290859
-0.330385051718022
-0.24965608740199
-0.296098698286335
-0.272530311776919
-0.358921971939081
-0.215306569852236
-0.333988516125261
-0.36930474827136
-0.306535129518611
-0.377243825420857
-0.268045088377586
-0.418737975538209
-0.214538278333011
-0.293719918387942
-0.295145398245224
-0.157633401995586
-0.423207190160353
-0.289779486325437
-0.261636557810028
-0.314701549344584
-0.249193453719767
-0.258969117773676
-0.238043524736414
-0.370242469565
-0.294624452628517
-0.133576854611577
-0.18760030241297
-0.279644948598531
-0.3136594341427
-0.218916297828941
-0.205802715139883
-0.296871161634521
-0.231389330335508
-0.268220185720261
-0.169005630659731
-0.145859359610665
-0.276239675779614
-0.29046930968596
-0.174692096772801
-0.341672766628844
-0.171584915813039
-0.227199091870167
-0.233336768860628
-0.291873628532284
-0.165546678287416
-0.211496206799641
-0.193202886493868
-0.247373387197893
-0.289414134978444
-0.251744746690808
-0.267470874096763
-0.168637644248144
-0.298211069423736
-0.162207713909956
-0.223386174821763
-0.277729502008687
-0.289692152274691
-0.249981349388017
-0.0617066893775004
-0.312589823668321
-0.258290143997187
-0.0212910201814435
-0.133245700035868
-0.318026707016914
-0.0764986188936466
-0.160118782325376
-0.291787241951485
-0.280218314633517
0.00650843344846069
-0.30811455223069
-0.236001692495028
-0.109599725748845
-0.210910589895628
-0.0926496291982631
-0.182758339574827
-0.191942707907466
-0.129986077265792
-0.113136432991134
0.102799666561143
-0.0328922519990077
-0.0814755888654761
-0.183005992787851
-0.13929961437575
-0.144044909136973
-0.151616674113628
-0.134879261998778
-0.152821705459667
-0.206744305452191
-0.00866141987134352
-0.0442240301663792
-0.0273959567585697
-0.196013493227466
-0.247783594654055
-0.171751511423499
-0.0928529428212715
-0.0885927319664118
-0.107707316567811
-0.112537923688185
0.0504827286278281
-0.0668651379099969
-0.11341798282094
-0.102180823641741
-0.0967032662664536
-0.198784201702565
-0.24083319873969
-0.204660170155364
-0.163556343686851
-0.225677363215347
-0.153250166426562
-0.277501128315367
-0.19107469044284
-0.13134846451197
0.0992129263199557
-0.0801716368174811
-0.0158955855533495
-0.131701664907589
-0.0336795761196692
-0.111455603462491
0.0153523941517859
-0.102786090163713
-0.134798446295697
-0.161245941411808
-0.0703129394672923
-0.0191031920039456
-0.0712116833419108
-0.0692935336743249
-0.156082569308353
-0.181506673456967
-0.146478815653969
-0.0141578827493833
-0.0386909545749268
0.0105472403507734
-0.0796936382859441
-0.0998759227664693
-0.0251813205278921
-0.0132277384691896
-0.330336240461079
-0.147932782121512
-0.253093876755911
0.0329395900882121
-0.0682463303443939
-0.0391590126549352
-0.0138161685135325
-0.0927992920192655
0.0457072050575063
0.0389605677865305
-0.0550677018745714
-0.00445745854809344
-0.164916928386316
-0.0345073681597196
-0.0762893385594249
-0.184349376807191
0.00846459903311383
0.121906798129939
-0.00767091077086992
-0.144519715209767
0.080276419932987
-0.126273718306867
-0.170882068967359
0.0332146409979111
0.0076746100410005
0.00997631505360237
-0.035940275987124
-0.0267694261685839
0.0102983022740998
-0.0264332094377645
-0.0836571373624759
0.228429390697509
-0.168426169049354
-0.0479202966605262
-0.04295428871927
0.0651813445375441
0.055058846580473
-0.0480273746473035
0.0153319877190222
-0.127522618355716
-0.0354141899998564
-0.0396430721803777
0.0713431686497791
-0.0144677960279802
-0.0106772404188091
0.166285618066817
-0.095524658417778
-0.0180178790285946
0.0287660893781354
-0.0874449593485989
0.000677312862855371
-0.0612662884018058
0.178730161036451
0.0783822389720829
0.071379158303189
0.186369701110604
0.0577021845251405
0.0250625064608725
0.16374558071188
0.143369103175412
0.0994599435391863
0.208673789173122
0.100068679546092
0.07142512855418
0.178761982551167
0.137154781588151
-0.0679246009462685
0.12164340503868
0.0780098828940069
0.0580906690178948
-0.00676437487193748
0.117538378359225
0.0953575988025023
0.144308268898032
-0.00777671800236648
0.0685876529990893
-0.00483255536788748
0.18046117299267
0.118498178917729
0.120327943325293
0.173355730405998
0.043555165379413
0.145620340572286
0.159537975767631
0.138881201435989
0.206211263841021
-0.0054700117688785
0.00221738821779224
0.057964268640873
0.0349508516949788
0.36710851530815
0.25728729162409
0.250439862494993
0.050691911288953
0.188351899045413
0.00642343828859946
0.130111610570013
0.261560279859626
-0.00683536582468414
0.00933710429726828
0.105132785999697
0.195261312405745
0.164642101684659
0.137656621506343
0.207479569268241
0.254099208944268
0.192117343601862
0.218160588692923
0.0811249444790457
0.178859827634422
0.0917941932095825
-0.00781139744889119
0.142266841699757
0.0695599114239251
0.179604541504269
0.270628425372007
0.184865391633949
0.195198319496154
0.260331897224547
0.185063094079755
0.178953199309941
0.196666537234503
0.232532788212661
0.215745602346579
0.133219297622082
0.0991457274704275
0.213554498819766
0.227660245748665
0.205688983297317
0.367358948070412
0.244035786217224
0.0197057803395248
0.221268625882628
0.216619899859413
0.386571953008995
0.144911875811838
0.245014295355753
0.27920786804224
0.144003121508365
0.386898077742788
0.282189971157377
0.217647031713461
0.271629043921922
0.161787864262336
0.308699260550649
0.440604779009521
0.344726458168365
0.150894909446653
0.277349053370968
0.228510135467064
0.300775461008748
0.287733072767566
0.378108915960287
0.172942711815982
0.295334509593553
0.343115832233574
0.205634680202248
0.204824739859841
0.257014181471203
0.362304523594544
0.224072197223743
0.424102452837492
0.279011068958145
0.452207602633102
0.260187813634075
0.26145851539605
0.296867260568026
0.27303903251139
0.231395109732821
0.248772318501831
0.174450000888781
0.355506131828598
0.401048692618479
0.353787766059415
0.222420959109739
0.44675323970306
0.50689506673612
0.419792716278362
0.358480954071498
0.369223638835403
0.0876697373160601
0.366269805813303
0.391800547336378
0.168797754391663
0.42852935695586
0.32808734845374
0.35744588944832
0.376749550379635
0.312423037024373
0.415125583936339
0.288638907308914
0.346183817753062
0.300918468031506
0.299850551087566
0.403472170664477
0.310268712319338
0.369167312453534
0.371444262092927
0.262080579628828
0.428309700369429
0.335533860155516
0.281231528950758
0.331601986056823
0.354388962331158
0.382897669175595
0.463350996335535
0.297493515462885
0.385627825138697
0.372677993023068
0.504011266985048
0.442062137077921
0.394911366999062
0.386176499713143
0.407877749640085
0.348411308132233
0.381422510102141
0.477522973256682
0.287363286932748
0.48178671886561
0.380766227415925
0.379904964977381
0.367421460616782
0.366365217721903
0.46063720774421
0.417423937438058
0.51128287494564
0.329900752950549
0.254146410917364
0.381775730882153
0.621362947447889
0.369804751443718
0.569242461763283
0.349852553190009
0.300700775653875
0.34895340894906
0.45228237821509
0.4277572443545
0.387032950363441
0.363097123673077
0.459167529827993
0.452174014844607
0.639735522978621
0.474801844219693
0.492339854340245
0.461014875473511
0.374256379016998
0.508998100147832
0.430170651898639
0.368783433941308
0.545984257920611
0.602526666695093
0.275774151149119
0.508884067653043
0.465700314788945
0.610206153372764
0.327672045431063
0.434258332351129
0.548682010514934
0.445504574201589
0.523586108649397
0.508033486002728
0.384469890749372
0.558893423859363
0.513269199667618
0.534651339234849
0.269899678140072
0.445066572765022
0.423377567228372
0.352040405632473
0.569137182974315
0.423720772110977
0.475928046876472
0.533321132473352
0.433359629724173
0.356857144734922
0.568639116524857
0.460512519412611
0.398842002172981
0.558606310139892
0.47708909368821
0.482995093300373
0.340122262761549
0.473049338675046
0.575899858678995
0.480858104946343
0.547194300013135
0.522808539904745
0.46418004372267
0.440377426984032
0.573946496370867
0.408679276963034
0.544657661874599
0.557237509848953
0.557975120803859
0.476751397062173
0.477581713653509
0.498475280262877
0.37711403288604
0.543426630308524
0.549286912568124
0.67281319259559
0.668408285753128
0.586575090399635
0.358430379867931
0.553729435954743
0.525135867415124
0.577898108121449
0.468850146765185
0.498326328294579
0.593213948728194
0.575472597222967
0.429242140929512
0.592889250122044
0.513152525387146
0.627349074249739
0.544334390991261
0.462477262057502
0.737066358775679
0.610389401526626
0.625604941164926
0.582598998087035
0.628333760237959
0.515463676772818
0.61010487821913
0.444075494288553
0.668272264585549
0.542635202911123
0.554388188858303
0.63320238929298
0.793877105291371
0.640981120557205
0.706797969364925
0.565520923278138
0.566060788969889
0.690379907594148
0.654202774995875
0.762458592505886
0.722371554948986
0.58496357542706
0.66016395188507
0.699124932000854
0.502581748012011
0.647500210279205
0.553576579192872
0.595099185835297
0.5298950679855
0.525083166880056
0.641860129519003
0.510801794112851
0.644539617282485
0.800156043305975
0.588465963650023
0.735341775126969
0.741184850863129
0.700998343712294
0.657017247707327
0.617966071687802
0.617588742420197
0.67047702672843
0.807968161039427
0.658082811611336
0.551155490034196
0.703076924532957
0.591018797268
0.512416690448219
0.63609951245364
0.60942656361892
0.757784875439557
0.68407733602225
0.599640842741138
0.543574396443013
0.622110189632886
0.708303327835831
0.65306051255606
0.764793294767373
0.684832906356892
0.721201953880033
0.8649381405543
0.840878868530222
0.556747607803521
0.793775992256134
0.705365188155322
0.789187455808044
0.643715078847498
0.713734730843191
0.781182282050891
0.717819367578911
0.748126360347132
0.732600457590597
0.704333451380634
0.710497514176152
0.776242342668907
0.700594642949019
0.709729069609843
0.719212417395727
0.643323393541065
0.719667684330277
0.727835152696107
0.690058265589936
0.681841165252144
0.684139679347577
0.814740726107715
0.687361919498435
0.658226469064747
0.736137502596591
0.620330236529149
0.657224800806697
0.749365518595841
0.739025239813683
0.765391664268631
0.61934430949086
0.636086040035583
0.623123650563152
0.762839365956871
0.717977030510603
0.869386286046069
0.786587799742201
0.756047869675467
0.877267174136532
0.68936510147057
0.735520910013876
0.7704604035137
0.775025298394856
0.787666698955745
0.890716051211152
0.782202694894232
0.832868766892788
0.751868209758007
0.805752304882063
0.998333946492448
0.906718801606992
0.851539996891313
0.833294694509036
0.937579601899354
0.757498687608377
0.786731979481168
0.805377169153382
0.839966712820787
0.949184424116232
0.777902963050972
0.80556945009191
0.839838788133026
1.00636571035814
0.652870669080725
0.816483630198979
0.781830376342526
0.853796033633
0.809397721386507
0.81962858006879
0.7945403271276
0.925868538088158
0.625883705019791
0.92067493416354
0.860386672231022
0.65450156696519
0.915198968452682
0.929840660643477
0.949608782803281
0.857145902090056
0.949314191595714
0.778582538665122
0.812783983361726
0.867686960729796
0.995668987018409
0.900218216108236
0.850733752413926
0.987992275524044
0.839687146853348
0.784716075107816
0.957390151266468
0.934525148219967
0.823109644813236
0.838644168229778
0.901121867426582
0.957525104727813
0.936401007199423
1.01111897067334
1.01109621347778
1.00508504340714
0.924550945354511
0.846776310367189
0.891495712837616
0.947601324158806
1.06057936841476
0.928243885720764
0.929727463248844
0.992207022452786
0.944303108143795
0.980565342294737
1.07797736837328
0.937546232829898
0.89434505847737
0.828740766291226
1.01080095698679
0.946510452387818
0.941446508157959
0.895456163168481
1.0579171339188
0.966776059570964
0.940797892001386
0.932765469515194
0.946846049831377
0.880355201630552
0.943128728211802
1.05013000905113
1.02645690901356
0.854113864013499
1.07228139986475
0.996341580282089
0.823584753040847
0.928518512097277
0.908877928181641
1.11693209237005
0.957763771813455
1.06734016611561
1.03328253074347
0.912813297921325
0.794759891151899
0.995942576978541
1.10585384864521
1.10523134297134
1.07793937231679
0.919039812841378
1.10077683288975
1.0216097426503
1.00226107802802
