-1.1110143500291
-1.01418962683494
-1.03660393477771
-1.01889295561603
-0.923722509785194
-1.00668272903431
-0.894605396564008
-0.95507203041059
-1.07775195401821
-1.0826172085908
-1.00169959093454
-0.959826195395562
-0.897297626593812
-1.03932967806658
-0.903327256872198
-0.989566979358001
-0.901340790434542
-1.01135751033035
-1.01116760591868
-0.910998103612997
-1.11712909486971
-0.995655090420667
-0.891932116854375
-0.852332832968661
-1.02281887714939
-0.909145187619323
-0.89540976083043
-1.01474960965255
-0.973679251139287
-0.928223277864316
-1.05790881680517
-0.869249119037921
-0.898262175892211
-0.798034324437991
-0.838832870226977
-0.890699426006743
-0.806455849678288
-0.931784182797566
-0.8888324513865
-0.963441361839279
-0.879721252677937
-1.06389256776394
-1.07865229060646
-0.959290479888707
-0.819943359851005
-0.948089619499756
-0.981545495074163
-0.84021518414071
-0.796034759498522
-0.915238250319493
-0.881535421299122
-0.864782716628979
-0.870880466583739
-0.850851339682084
-0.861881413902753
-0.836296781690779
-0.911267229808567
-0.825487221338075
-0.973775162022945
-0.941517448566106
-0.809628893907661
-0.87436261266769
-0.918509717979583
-0.856995929709591
-0.873454415548417
-0.924069899454446
-0.905526655035586
-0.827551800013587
-0.904197450627289
-1.04913298139335
-0.944281314884369
-0.884472444380104
-0.957911547257206
-0.79893114356392
-0.838043121432449
-0.864327006500938
-0.884350132402581
-0.896322481526954
-0.869280555583072
-0.654329447940808
-0.895661002394708
-0.826589754779967
-0.817204112706121
-0.860128088213452
-0.914158555466131
-0.849856505970402
-0.807021683969222
-0.865787169286356
-0.808087420589431
-0.929675307850325
-0.804533211561955
-0.752353738973824
-0.833498737605103
-0.843528741001853
-0.767175967141154
-0.85345852932218
-0.830135934482056
-0.733451569124674
-0.776906694072821
-0.704922946079511
-0.832286544868252
-0.757993553982189
-0.75137014916206
-0.688378477102809
-0.734892334193032
-0.900294445120565
-0.626998525418013
-0.703667735257888
-0.748030310634004
-0.791150616385351
-0.843581659892981
-0.858293990731259
-0.775671654380632
-0.803259755623876
-0.870987051618962
-0.827834160878664
-0.856724282850823
-0.591740541805778
-0.77402786791339
-0.746034802156315
-0.753924678140673
-0.860364022726346
-0.822007406727882
-0.574085736921515
-0.482091480446172
-0.675198445474265
-0.692023280038575
-0.768427440449745
-0.754715502554512
-0.846324151933406
-0.755951820335515
-0.74009440741177
-0.756395828543646
-0.737398020736676
-0.662610871630139
-0.792715637612832
-0.794329880680118
-0.845705674712029
-0.562763279695852
-0.679108187599981
-0.649921328604452
-0.739815933369041
-0.705301564467228
-0.679235029725612
-0.612498248948289
-0.747296999342053
-0.80099365929013
-0.764559312374534
-0.640011153190166
-0.594525753482666
-0.578925499094344
-0.657636449643796
-0.682894026423724
-0.601502391958871
-0.714151471273586
-0.693866647038241
-0.839019756649672
-0.770443768658687
-0.564625687783364
-0.676152780799223
-0.705673150932032
-0.692232537777762
-0.804617008594219
-0.783178464153261
-0.694042058024554
-0.816976172852567
-0.633012463007096
-0.556727490427088
-0.660652440714225
-0.529920833255961
-0.648996338005664
-0.632286220841404
-0.64754053738778
-0.589480727734992
-0.654341339761456
-0.664197867053588
-0.527486770116054
-0.574971087519686
-0.565007034749051
-0.724527632647714
-0.697588000278856
-0.682119188039131
-0.625174086981376
-0.604866027977574
-0.572325303565416
-0.611174402494958
-0.644154357844137
-0.675007235203362
-0.540084295811925
-0.700511192579696
-0.602651073226303
-0.607665880465683
-0.619267496170828
-0.46060260720051
-0.600212896996071
-0.626494270714301
-0.611362831932138
-0.64562067487559
-0.670578009412885
-0.537015406849832
-0.557433458442239
-0.593490014319393
-0.648731875729957
-0.619979231503782
-0.487367917285704
-0.653903825644017
-0.55101037157599
-0.547796225345571
-0.468865494523813
-0.555374183315065
-0.60363341672237
-0.514181640093111
-0.448430253502313
-0.480445234852363
-0.5748221883619
-0.508689771096481
-0.377737175199727
-0.542840999311773
-0.566108311977618
-0.503041179407159
-0.585556096353311
-0.548292250636772
-0.701263906130867
-0.553325065046434
-0.578129872564806
-0.440998824130318
-0.470303713910194
-0.690028941564306
-0.451068467106526
-0.54389128209859
-0.558095437206046
-0.588807936641697
-0.442655479212198
-0.58178668403594
-0.536072740642832
-0.521721539365673
-0.374758818833226
-0.42476080120528
-0.51357289321797
-0.52871337935733
-0.49340186191976
-0.558381196530072
-0.675742029348239
-0.55739782115599
-0.433671969811928
-0.676913568546839
-0.3138845727429
-0.577128447748631
-0.507343236079661
-0.529493009003516
-0.404812489596329
-0.64193520813814
-0.330802303976971
-0.721033790539797
-0.610996934604562
-0.450495184790304
-0.465445395995981
-0.518040572178
-0.48624298040821
-0.508946966687145
-0.396109117456486
-0.510805478922938
-0.474687062685659
-0.308024445926212
-0.524975393802165
-0.597399495575547
-0.441439721272487
-0.412339087645534
-0.486842006457683
-0.478649004423836
-0.303426935433423
-0.371912954189371
-0.554961608302466
-0.571680522618888
-0.350341599164876
-0.35833786599576
-0.370984596048305
-0.39627575549705
-0.603208357726482
-0.489848209089394
-0.541688956582019
-0.31651302419274
-0.54974623652604
-0.380565750839016
-0.351679407587299
-0.318087689181647
-0.336036534943468
-0.632479537754899
-0.379730083159567
-0.506289325682302
-0.671885890649415
-0.331188859901633
-0.54479867676639
-0.447726089115907
-0.435947767674502
-0.42432241132097
-0.412169179383359
-0.457035204792337
-0.42119172594857
-0.292621734681826
-0.329214631762019
-0.555735262782513
-0.420487577364804
-0.491178933455412
-0.516298492071906
-0.375865105415895
-0.365539416513933
-0.292819520624086
-0.453727708618161
-0.312422652337627
-0.449441403061601
-0.391119456036774
-0.363780718249607
-0.432107336927812
-0.29951949755837
-0.45721468568795
-0.227625547294039
-0.231463011555312
-0.320982256241596
-0.469596321036281
-0.342945544975849
-0.438212524693485
-0.430115485221659
-0.345862831462004
-0.483362004551019
-0.31876779050439
-0.21882489624534
-0.306795565089666
-0.392834659692867
-0.32358085251485
-0.354687958400554
-0.316045006655616
-0.307211170947901
-0.138183075083885
-0.411649902441582
-0.28213778820601
-0.345046304414943
-0.402790388410518
-0.532633739030374
-0.354614664840397
-0.435663278468387
-0.165422478139168
-0.313726665966575
-0.330201907379478
-0.21402310389446
-0.129788512714624
-0.35354176612629
-0.182654603094206
-0.395951639153298
-0.309517328664963
-0.289175589863223
-0.41780439398849
-0.095587011018293
-0.199627316309537
-0.345117182904079
-0.333816657644362
-0.312961516279939
-0.347150307460085
-0.315868184992213
-0.318818654975507
-0.263608858836409
-0.419830466286673
0.0197210658092269
-0.424535052958107
-0.202837986447466
-0.352072638471499
-0.304291198875507
-0.104989366994288
-0.359818435543121
-0.287030246179918
-0.290624302233558
-0.133350316865519
-0.193299837967464
-0.143340605076737
-0.195308814431818
-0.191595469919446
-0.187737108965618
-0.242852394133215
-0.249830441645748
-0.431681504002481
-0.226850606174867
-0.291740447449384
-0.213494717727793
-0.0638907224924994
-0.351731328583632
-0.175938450983396
-0.339100304678221
-0.258742950973263
-0.289451208963815
-0.313576311454323
-0.262061127109252
-0.0838273876555478
-0.0969867769900429
-0.202109458822174
-0.258581529517399
-0.168763014916088
-0.258559524887818
-0.331887824590502
-0.183326218013152
-0.270168902424456
-0.171608283430958
-0.278206664206879
-0.123048748396219
-0.336877667353214
-0.19613090398414
-0.218296377442954
-0.265974447334621
-0.154901622882535
-0.210999131834766
-0.126195280139651
-0.178356050175192
-0.0920007448825202
-0.0274337628740829
-0.163694278811496
-0.128733409053628
-0.00151728762433567
-0.2312303354122
-0.213673822338782
-0.191035909909788
-0.209393775247847
-0.0751665989114482
-0.239149074173969
-0.140591270400139
-0.0733201319642027
-0.254991441153831
-0.197548806350981
-0.0738067795238461
-0.0390205017963969
-0.130074675721597
-0.150317895122133
-0.132859418791886
-0.18536104480131
-0.256665977131027
-0.118585726489377
-0.0879179229828448
-0.184204377361852
-0.221521974797345
0.00535829933482673
-0.184976170738157
-0.161324542710985
-0.0931917981660546
-0.083086618734776
-0.0329540734586516
-0.0183104438590225
-0.147740812534182
-0.178420740142018
0.19524041084615
0.0215303591293392
-0.0512326399162418
-0.293347033032527
-0.221513482878147
-0.22911340808868
-0.143664062399606
-0.177567838325178
-0.0790422969150109
-0.150588118548399
-0.0252351682845208
-0.112368608101116
-0.138251408656804
-0.0982732409855467
-0.0684571811167931
-0.0263280406788394
-0.131880058204177
-0.15172246892019
-0.14233287732157
-0.0285089980372966
-0.00461051660117378
-0.0741940641269272
0.00450483909053224
-0.109128030360385
-0.0186059779511409
-0.0550408450862397
-0.13135823721185
0.0609082917083358
-0.0615356596978736
-0.120402422357934
-0.049981766421598
-0.0454679178473326
0.0320762411390436
-0.117791901368584
0.0509315720841642
0.132687214202404
-0.109210863080298
0.106827452394266
-0.062262711067284
-0.0170130574624832
-0.0790646009448152
-0.0164473958465464
-0.026641183179302
-0.159941784449733
-0.0161349405370703
-0.0602430450912359
-0.0359053282109535
-0.0171259141230227
0.10090572039196
0.0652190403401027
0.00361367415414798
-0.0847117657747049
-0.038996246520594
-0.0971220233280389
0.0110042160561193
0.116187625789961
-0.0141274662626595
-0.00173579614696738
-0.14128462383038
0.193310727569738
-0.111841341936892
-0.179898943688274
0.102658252415725
0.00126812454531641
0.0600507405132552
0.0885289600483661
0.0319415489183696
0.00313342673994349
0.0472434515107665
0.0283265927630934
0.110357780117612
0.109685652756666
0.0874248048481473
0.0303308304122723
0.0822188192314625
0.0879222106264574
-0.123502191216163
0.176897820727064
0.0640958501296614
0.0401515012385081
0.137390027869218
0.102915653575454
0.0521797548226837
0.00595932479399204
0.104667526795402
0.105979808150901
0.122674401843121
0.0987419828500855
0.186791374071967
0.0110064953275753
0.0467187090193802
0.0223359471936193
0.120448464241446
0.154566033097666
0.10464047523659
0.24298594682801
0.123575098805225
0.0245325702874018
0.0630936034841146
0.154141214110535
0.082256014535031
0.0509362636380913
0.0270050401312261
0.0511002523871065
0.143225113526209
-0.0274835411680736
0.0865690125679958
0.0117292280648371
0.19756979205231
-0.0350472787489049
0.161858816144267
0.188273958732877
0.0916579499861193
0.26000154879988
0.290487203484057
0.226609290558636
0.157020011044829
0.129873704320367
0.0421172439948691
0.191288047254114
0.0664987896813753
0.0512189926404504
0.180851680481452
0.0229446557258243
0.168238262219358
0.121253100754238
0.0768024879460215
0.116194150868672
0.170125247157906
0.0470870282327595
0.262938124890205
0.281207909684127
0.135377551791596
0.0998425226499835
0.0957993737111935
0.0887384165653188
0.218016542977129
0.185648585407202
0.158643655464089
0.232755104873136
0.071809117766926
0.328415067897633
0.212636398505363
0.136379046148108
0.200881654009097
0.114390995060311
0.200437620988664
0.264816194034976
0.0601181657228222
0.246378292843688
0.175461636403746
0.0436540418926185
0.149582099287297
0.136971950064916
0.225940048558805
0.149472062368641
0.294995375155636
0.253362764156944
0.119834857223072
0.389070687663619
0.308920483820349
0.0662239595569088
0.164719116656769
0.117688133456738
0.230482608374754
0.274323154339014
0.244422686907439
0.332960279244065
0.308337955819745
0.248201550392947
0.262768277902991
0.303388221823901
0.27054828654349
0.145768436594562
0.159301708347607
0.237368643332325
0.185035894631188
0.31710112011098
0.27181297319633
0.329577874796809
0.26823895878327
0.266847076155929
0.268874969136285
0.327088792913232
0.288885737049885
0.314770371562325
0.295101363604738
0.307339226495785
0.311189752873874
0.223767253957515
0.303781766588547
0.327669512871523
0.249980686055812
0.208100876668542
0.27090760757526
0.344912045140455
0.382698749456254
0.445874408445495
0.284050819772098
0.246536665490083
0.29082196492076
0.367893058451538
0.31246082770725
0.172693711661081
0.335665945328995
0.183727304066843
0.291346100887453
0.264115752239022
0.24161170688566
0.35500897433814
0.367508219540527
0.443672627029933
0.216179083344211
0.346849163619251
0.308012319203526
0.297451134414144
0.274401955787932
0.253494885271714
0.238855530357175
0.405384844634871
0.423542979318266
0.218038056468926
0.342838246528998
0.239275054700003
0.243906723057522
0.180403195979176
0.26752622270912
0.419090899171759
0.379776639293666
0.343863596508593
0.313216234660699
0.257797702286164
0.451726615055924
0.44767726685179
0.561216342266905
0.528056981032866
0.318293456720774
0.390694751170427
0.448151279661615
0.360493272620122
0.438144859414433
0.510938695300586
0.304362102294656
0.322140989505774
0.442522230988114
0.361799636883774
0.335321344792175
0.526316284493718
0.401649616328498
0.301466773616631
0.238195639906723
0.451448271815079
0.298512378324442
0.301548603279247
0.365584258672986
0.307457554575428
0.450680032578966
0.434260321832436
0.326205212723801
0.399150068130252
0.245882764952336
0.404492558494833
0.339793057611122
0.536977366774167
0.442758368529712
0.506354777029032
0.416132327863926
0.390212401216678
0.276480147918977
0.442606779229279
0.527539253063354
0.406339021784193
0.369052605775027
0.451428597015579
0.482266117202936
0.453337631149591
0.373141149796457
0.480020796810195
0.512683322392163
0.487821839547422
0.292139182816366
0.427015822019707
0.433810077166654
0.582252053513247
0.531229781535495
0.375226204337855
0.404084731649293
0.473519112731102
0.438963416924005
0.481536993720238
0.387093544129865
0.458954104990686
0.482673807093666
0.597617621786407
0.532241361132296
0.586124903257017
0.418873703140146
0.556369545424104
0.522696981655848
0.56055808669052
0.476720003544004
0.5871255218261
0.545340590168282
0.496479189715171
0.37095641308647
0.351893296585265
0.46102717782686
0.396992299801035
0.577385587097086
0.449831130341089
0.591836376768786
0.541800080973343
0.476308588017362
0.710397131728818
0.631515144458009
0.621744103187831
0.472735619103104
0.529164307586256
0.414835213688633
0.561776616479252
0.527788840924802
0.500347559985263
0.617277509722916
0.601111908414646
0.528498040337139
0.502514090062703
0.67030612288883
0.59865640340675
0.51548250679078
0.502966118840184
0.615201593370233
0.59193888087402
0.637117012115707
0.358125904591708
0.499574910608419
0.691043069608515
0.54605577592083
0.662838817001745
0.586956086490815
0.622777012629769
0.593120511466719
0.690516406455751
0.611849998832246
0.623247694143218
0.702571732427016
0.525884286688699
0.541010580880666
0.5771329166645
0.491366428045219
0.538715416832183
0.536550843042034
0.615328235703538
0.628037581645214
0.489094096249357
0.603398326890065
0.48869173751687
0.688204550330745
0.646586503650266
0.539186079572052
0.576826298744808
0.497282962759685
0.520972201231833
0.626617923957087
0.633058837481658
0.567637486944226
0.646125735428349
0.557097801999568
0.692586991633506
0.767825081172814
0.425272058055503
0.51015080735116
0.541486027305782
0.654075121973392
0.627729346503159
0.577874603580542
0.582951908365434
0.639035250253795
0.656463802179789
0.67939692626984
0.7494779354034
0.619641311176444
0.750756754757884
0.501221539683018
0.619394537747802
0.704441613368046
0.702462825831595
0.638065261187454
0.55525570351439
0.732282857253753
0.836577527741987
0.601346412410277
0.824859441290843
0.756835139964522
0.626850781631499
0.702963708955264
0.855036020290464
0.753841915013546
0.614346231959732
0.633179310779494
0.674750657997888
0.666873703289306
0.655064203828464
0.578254748747888
0.716533723524275
0.525707743065093
0.796915640861244
0.841673127112607
0.660533891063512
0.612022927106515
0.67261880387378
0.711796993396342
0.676788330468183
0.646372010601519
0.629578480312409
0.684645716987136
0.613309782178493
0.780040237871346
0.711165708000387
0.664511784345112
0.703596377395597
0.61594051072334
0.56799868608858
0.715733416568127
0.822012978105221
0.778814213429661
0.76900050263577
0.627453151707059
0.8038009049488
0.537392192245558
0.876437889641107
0.748150793350426
0.786814067469777
0.62985655767419
0.638406969975467
0.61035109561341
0.86930593803081
0.655218243955813
0.873726473087186
0.77660248567211
0.736535704452978
0.785328495497136
0.659363961874704
0.75927500735549
0.781809975700889
0.712401401405221
0.688514549433094
0.781584136005618
0.738239462251579
0.736226378165658
0.794031590756819
0.806457951712113
0.805296108482805
0.925294504897927
0.809495963341837
0.885076574121263
0.841966690997885
0.836251153911022
0.795796654127596
0.742473807937088
0.614215309023655
0.898778028529703
0.865658591229941
0.899048284850207
1.06177681343163
0.901512786858251
0.848130631189962
0.773695650960865
0.840700225250855
0.921999468425048
0.769314115178474
0.776131868541422
0.84542070793375
0.972459098580036
0.852121067009018
0.843242591934844
0.75577039532527
0.855593022379998
0.889756239121225
0.849107632203726
0.883545561258518
0.702406298348766
0.732223795212567
0.881691203917662
0.885957916355443
0.963365480262028
0.828076487836058
0.946579515296744
0.871059539026456
0.894609099419112
0.802827024137506
1.02017215173309
0.854971363230314
1.03308450855057
0.748728553037967
0.819085462052816
1.02164642247567
0.837129547047588
0.977960331252226
0.921226916531386
0.853914552076855
0.770424283066908
0.948028051124145
1.05123890021808
0.790158957901322
0.937287343531703
0.880599436894804
0.856901919559751
0.976597812210176
0.985138414347091
0.932389785292216
0.865106356768011
0.893089094184398
1.00752729200124
0.858353054063081
0.838270457949567
0.899330182820203
0.93079487954105
0.824971505080516
0.93787701215657
1.0352642586933
0.952693151944868
1.02391726804416
0.876152422276604
0.831681875961253
0.841320074695534
1.0340676973698
0.980250380662981
0.844608533552952
0.92999419395803
0.933707722274247
0.901808755879916
0.910342245318003
0.922251568449898
0.913442813372463
1.10458006838616
1.06303746969551
0.878096466052323
0.982923507744627
1.03682078468928
0.904129438406759
1.1006199693629
1.02288051299585
1.08423441271066
0.969069428644048
1.08108054195533
1.04444094888993
0.895928493263129
0.940919538589985
1.03520643313927
1.01287396196222
0.951289376782824
1.05565317746198
0.944617368479906
0.908505830533735
