-1.16612051598543
-1.0824246666215
-1.10144203945757
-0.89038090803226
-0.931093103137402
-0.941415757649023
-1.02407393587853
-0.908319518282305
-1.15634342322895
-1.00235015825891
-1.00045723523116
-0.99049327079421
-0.895521398663173
-0.8663263792556
-0.906965579702216
-0.975535573254358
-0.999174937383683
-0.970428755300387
-0.948876876641202
-0.898515385009695
-0.911962907233739
-0.9705911495188
-0.838562162304481
-0.899353535716585
-0.976979774495845
-0.813431518995788
-0.922676608766887
-0.865256829694667
-0.931779348626902
-0.945615183544914
-0.976188590964588
-1.01570052564105
-0.909178091565932
-0.895665181041774
-1.03138520073252
-0.955264543626327
-0.911500402347125
-0.907235682402275
-0.821234607828335
-0.820838956384112
-0.894804720834409
-0.785875192073065
-0.809597955429598
-0.796667801817007
-1.00800441930859
-0.897798991403085
-0.890734573564473
-0.959217621115524
-0.885693493465493
-0.856421364450365
-0.801837589058693
-0.978777133360875
-0.876712705273893
-0.87015607422427
-0.900166601015805
-1.03292147067642
-0.935225731436219
-0.919033826112436
-0.956094617949669
-0.911955799377626
-0.720100625206461
-0.950347219258482
-0.88685455146058
-0.776289013039402
-0.815732613530416
-0.688240721611748
-0.874783340984899
-0.845199932478799
-0.815772552341094
-0.827124090962395
-0.861747325388982
-0.846287435016543
-1.07106944002052
-0.966004034616715
-0.94272418832465
-0.947060918180181
-0.844006216492416
-0.724956469149551
-0.744149238493756
-0.835870883547007
-0.852244446258721
-0.829576360941258
-0.870024064935849
-0.82162388874642
-0.781409073044686
-0.721550613162427
-0.821921491001904
-0.874162754548561
-0.862764790227337
-0.794727539744148
-0.726978608549614
-0.711266952342667
-0.747077328215043
-0.616208043778936
-0.806837114556204
-0.920002775957054
-0.842123367819878
-0.705437540208238
-0.776293211849348
-0.738185246774472
-0.872805013602052
-0.786819733611349
-0.827933667024304
-0.875694472941949
-0.824845113678376
-0.874292498166096
-0.776113080799614
-0.800551519152626
-0.806663900840088
-0.782020943048159
-0.778055661604988
-0.809503608271485
-0.757986859611961
-0.61356058930857
-0.791798596961225
-0.888223037039038
-0.64346876139358
-0.709093774073982
-0.672598575790999
-0.663161626815591
-0.668052028226598
-0.785738991979334
-0.717661468672161
-0.804531690294252
-0.72321139084213
-0.674669219702371
-0.715733729409905
-0.580845131444525
-0.679691980356085
-0.789275395084721
-0.668195331391387
-0.867147745433875
-0.619520702672076
-0.610718078923495
-0.719400448767251
-0.800173185186554
-0.760167703635578
-0.724829916761797
-0.651071466694864
-0.773767203597259
-0.674578116046783
-0.751249868368234
-0.773375509472359
-0.854291902004254
-0.63446594885965
-0.778600421887498
-0.630112071062435
-0.774206917478905
-0.748989527541316
-0.738361371792191
-0.555133932788236
-0.66062414418561
-0.761988273474657
-0.581027788356968
-0.741027803012074
-0.72521375961421
-0.606581566723587
-0.706309299558081
-0.758446540220161
-0.757006448684568
-0.688561959789567
-0.802311804392727
-0.593537216253214
-0.594907970807229
-0.663387553100777
-0.583003696634704
-0.574750024220683
-0.712262614146079
-0.558762254892519
-0.761777214745931
-0.734739261592941
-0.655540262614783
-0.749315102030024
-0.536313645939324
-0.721740952631813
-0.664377769129436
-0.706487323950064
-0.615377761245314
-0.676259381760457
-0.668650379777535
-0.721494186502572
-0.612270092059193
-0.600300410023741
-0.567868389453906
-0.674071241978023
-0.631315279166439
-0.61733534642409
-0.65212834847324
-0.669417761047029
-0.8373012139529
-0.526031498409459
-0.675842240966762
-0.640785139963591
-0.630149915958629
-0.642068711377748
-0.684774206610946
-0.556426014468323
-0.737896040296084
-0.548675484975695
-0.595566699670537
-0.583279793067616
-0.697364987525382
-0.647377146955419
-0.63199239467961
-0.624646198954579
-0.661958086804011
-0.412006496140951
-0.506973667136165
-0.748917152644211
-0.646063723525745
-0.558509698617096
-0.473481677633453
-0.537961698584534
-0.521168505303779
-0.696901822308996
-0.428763406816105
-0.445300975901339
-0.709421440945121
-0.607797175922869
-0.5650269691241
-0.518576325272788
-0.502191186004057
-0.663801045184089
-0.43305374910234
-0.496382320340831
-0.621192664033318
-0.699675025964717
-0.492244604603417
-0.389021169276997
-0.436416221808897
-0.632117768131083
-0.575440377078199
-0.375336409859314
-0.588899684360331
-0.508891547775434
-0.568697264342072
-0.579145804621525
-0.435644669354444
-0.578774112572922
-0.509349330887205
-0.569080757050588
-0.394937227705644
-0.566751788495684
-0.477442501822954
-0.394395319570986
-0.516258362471788
-0.57956188571893
-0.576775716509975
-0.441266123631005
-0.483973272621836
-0.586402885462663
-0.534893794517698
-0.534380103626508
-0.545560585605131
-0.674505217844627
-0.470021713075313
-0.432805988999543
-0.359168476241455
-0.476549508252519
-0.544501064784506
-0.476213528042977
-0.443068079646941
-0.546356069059233
-0.404142129439261
-0.49503258318155
-0.429733637677594
-0.468098077247406
-0.476061068967052
-0.341072753303104
-0.355169430183208
-0.487507845985981
-0.543373176835214
-0.483191872066641
-0.323239270341538
-0.470112093234026
-0.400014442833326
-0.392648697262621
-0.508852667604985
-0.54934063610614
-0.445682131526151
-0.323146098074498
-0.366800885640728
-0.533401042787496
-0.416904621453059
-0.37593600872842
-0.353555909676076
-0.457114069247901
-0.483852829323982
-0.314981806415891
-0.373049817359695
-0.429878106778001
-0.577436200891037
-0.401262562359548
-0.39869240123247
-0.440149649086345
-0.30769147167168
-0.542566612128984
-0.371723107967745
-0.471470566987206
-0.492712877380371
-0.340113312193583
-0.419699622397986
-0.34382409516922
-0.399156791372945
-0.207264883837289
-0.24387490506433
-0.373000272891709
-0.454157470157508
-0.294043046980436
-0.47694262385524
-0.336876548584249
-0.565456882071573
-0.469960604544616
-0.242681739319255
-0.40930410907569
-0.288738994065807
-0.398512600642339
-0.529575048384028
-0.27145345634585
-0.290613654581206
-0.313309563958676
-0.342845023567784
-0.21889005257629
-0.210916570016975
-0.338653268267563
-0.338104450834883
-0.336516105500569
-0.323078678691755
-0.482178127546825
-0.348385604424671
-0.347626564135153
-0.330139858216149
-0.144765562434805
-0.428590473971378
-0.458951854434845
-0.420342599820907
-0.322446283664593
-0.384097289584026
-0.294854870498227
-0.400214962765456
-0.28432056800648
-0.399479484530758
-0.331626731964884
-0.272706200423158
-0.315297302807483
-0.264925774811809
-0.434717875674415
-0.307657921106475
-0.260686022324105
-0.280640850446189
-0.479454090071907
-0.344655607269457
-0.269574754188119
-0.225138634790035
-0.295212613844665
-0.345104781589884
-0.306351334530966
-0.336907437755747
-0.186499317822151
-0.335703231121738
-0.237755447619959
-0.393934287240667
-0.357709052526338
-0.337006617345884
-0.273558575841947
-0.38625807385493
-0.28511740694238
-0.273011915110288
-0.143058102777903
-0.121807848408407
-0.169441547880373
-0.306881828886782
-0.321058088705768
-0.208856426761448
-0.319666473025708
-0.15959417025131
-0.275137548623034
-0.0500608281473646
-0.282141563665312
-0.453838954600925
-0.332208320267661
-0.210172207488934
-0.176782697211131
-0.384432289221282
-0.377540481368321
-0.252719325707165
-0.154088886758691
-0.142489151214279
-0.228489952582543
-0.18936022522084
-0.275326541270892
-0.140430609802687
-0.133285842264761
-0.36300895980165
-0.166081415640709
-0.293045843743044
-0.188446677838899
-0.175609288772479
-0.177993054606794
-0.216964554087081
-0.11367767542303
-0.189280883626386
-0.324987187098433
-0.218726564521018
-0.0564210861990597
-0.32059164960395
-0.172993373398626
-0.206370409638273
-0.00988505168413598
-0.198360573891496
-0.161660287400808
-0.0995812681163255
-0.227694347537281
-0.210345599828133
-0.152653730173941
-0.343582120884758
-0.118718141210318
-0.322928788854775
-0.147125013878771
-0.0896465031738795
-0.246655614446488
-0.145854329642161
-0.223472816779131
-0.259990549293941
-0.259452843149283
-0.0992922505583502
-0.123125630113676
-0.0161944922223309
-0.174618957943494
-0.0626326023391425
-0.230545345893392
-0.299821726550249
-0.230315033186943
-0.18470541582766
-0.239778569543799
-0.0534531822698323
-0.169647505663856
-0.0231318379646832
-0.0723446912610477
0.0592931889649824
-0.0169364489749909
-0.107787753558297
0.00561390790064933
-0.19147154288168
-0.198612319691656
-0.117794405661703
-0.106726969598472
-0.0130832990260034
-0.197163076698989
-0.0734418973212885
-0.10907765272553
-0.0175752964912373
-0.17753552435898
-0.189905227635251
-0.17063043268465
-0.0739706338931494
-0.0807976278350776
-0.0251300992065962
-0.185470288518536
-0.193810490428783
-0.132793884611926
-0.0301719822256258
-0.196100233343032
-0.186601625118297
-0.145428765360709
0.0443396650689369
-0.0772087544786281
-0.0517560639158408
-0.135145230031914
-0.165401851097428
-0.151277532781858
-0.142466024116075
-0.21789597304167
-0.125651894926011
-0.0721358495588224
-0.115667991529325
0.0882102684910162
0.0283727937671952
-0.149801509150875
-0.103307270149796
-0.12167718191694
-0.0115943729652763
-0.109750426983091
-0.180381291802658
0.0737369051254079
0.124981627198372
0.0491099736631074
0.0464021999054277
-0.175755661756432
-0.0528199398153664
-0.0616982448470889
-0.0291714708695003
-0.0233842501575881
0.0552891446045887
0.0495756671618661
-0.136569945212465
-0.175118066499218
0.10343647009011
-0.0779743859131603
-0.0224693783667616
0.0413446551753097
-0.0974719486713736
0.0544999400800994
0.0477086630536459
0.0142532627094961
0.032929325597382
-0.110301129014703
-0.181312321363159
0.0745364661119416
-0.09407675152504
-0.0392057138678593
-0.0171220757519055
0.0691974278216329
-0.108518168192927
0.0233676847455481
0.17699598222487
-0.0328941457037211
0.0474800830220242
0.105599710490222
0.0823518670396128
-0.0260240604121907
0.116959228645035
0.0191664186367826
0.0370407961847925
-0.0156971080205128
0.210524650103233
0.13937404559186
0.147669431226551
0.0427915285137346
0.0900157554281801
0.107089430513316
0.0476101955098098
0.0457149163869927
0.143307534240486
0.051056426247707
0.115922854478
0.0344167712593151
0.0221673770829504
0.12677734938519
-0.000413976767800901
-0.0164374666222329
0.143390824786521
0.0985417370691586
0.00628201447518616
-0.0499356411430818
0.00548791864607389
0.190570046946128
-0.0158863151933862
0.1446363003172
0.000743197570977552
0.0439177801348473
0.0955235442485637
0.0180747446928649
0.175377875985287
0.0825872805850068
0.236341426483865
0.0427954884293959
0.1865387779628
0.021962452620139
0.173807719232009
0.0329455654175985
-0.106639838047176
0.102294150496348
0.0847842229692636
0.206146860850618
0.224163979229674
0.257730652137946
0.0246324523484709
0.130630138843469
0.245809737839829
0.158085439122495
0.116751403094078
0.127693802319697
0.10766375995893
0.149959232008942
0.152450475960367
0.0288193697513722
0.130000100530539
0.1975502275258
0.0738290272917897
0.341052670300886
0.0297827217358104
0.213827568574017
0.219035327133415
0.163077288352359
0.100354884555206
0.236421438648864
0.123733959455892
0.161424871831995
0.336642801842526
0.320497535793232
0.277901420067434
0.130097498157067
0.0942659571530923
0.118987225126207
0.189621000399709
0.128020985785368
0.21577258367112
0.143844706353269
0.315420009079702
0.104702581243199
0.0784330229441335
0.193329127680068
0.1704271111106
0.39366630369332
0.332846013231029
0.197507035747667
0.339866050474835
0.239565290931362
0.232367184888259
0.263638529761132
0.226352845188388
0.213620395403428
0.146305411887657
0.259649234443768
0.311250865701902
0.298878624202285
0.24186123471567
0.347813649008449
0.265133260468118
0.343574039430386
0.205173865161955
0.132159220331288
0.238751604009262
0.27467634960197
0.279699369296058
0.171244414815457
0.349915182443451
0.241335895063534
0.284643938349635
0.283261196688907
0.127443960095728
0.0683585813355269
0.180936468994387
0.400352232752186
0.282638288834418
0.266873723551939
0.317020945064378
0.343032567725168
0.232930015040246
0.0875262146374058
0.367180728333127
0.314999168810415
0.232544726399291
0.355704893202058
0.0582472602027418
0.335167580061786
0.209345561116163
0.251447197421488
0.286229549599496
0.260872484621577
0.260041680173468
0.390688650006149
0.329718356260017
0.408507914447732
0.399830377637291
0.426722984821186
0.231437047699203
0.392598481149341
0.286397305251204
0.331293357281188
0.2092943163319
0.377558139624705
0.200228828900254
0.525639899568644
0.461140878287896
0.303346221448646
0.334397207499507
0.365088536950651
0.364238284643557
0.255491557514712
0.261801829713114
0.310010622992204
0.312616353607017
0.416684899143427
0.393113749862861
0.271759755413169
0.453211547698856
0.446617108777075
0.423434197697081
0.463526884596147
0.494456644364619
0.330765235177785
0.409337038260092
0.537776186986519
0.175710999942644
0.358209087697965
0.408533130058781
0.255589476864266
0.289138289947823
0.234493404992196
0.523875653058578
0.410808546014847
0.318114900037038
0.495897307494011
0.417171106441384
0.395304751013695
0.388482390468212
0.430255462074639
0.346159263148224
0.494693055890344
0.412381308297859
0.441071698251247
0.403551144305264
0.445149414562227
0.371416347449033
0.392424757076061
0.46635970308997
0.384381352878814
0.406700080850202
0.430947065134839
0.275402224194024
0.400289923224542
0.407854506725655
0.491749846730333
0.397743863671449
0.455125801186024
0.377520641920185
0.460100597001703
0.427961917175674
0.276890441346264
0.395356021880251
0.544480315194735
0.47095173874224
0.566355358114978
0.613341254327639
0.452071813213673
0.451413151530487
0.327006822430483
0.540163726239462
0.484344114222481
0.360828001378848
0.555953403353222
0.500679291410268
0.461893593900962
0.58817662339504
0.426637958595147
0.529657821126222
0.535928503563869
0.573008625429241
0.453170994374368
0.554346060305207
0.405793103237283
0.540984852287532
0.4022363634818
0.382841551062624
0.43082636242156
0.741567772605984
0.516192880753204
0.498838569268976
0.429752394705173
0.511064486403073
0.563015425999331
0.548299053317334
0.412262419983614
0.584113542373062
0.685745759797063
0.451030232495461
0.44404401232862
0.450545326455934
0.383456603309929
0.530981117911964
0.575091161698926
0.475695299673141
0.541200852414198
0.502241460632602
0.445595716058378
0.431020161402119
0.55325517270068
0.544084666449078
0.609650102906156
0.644576535576726
0.629935659560886
0.379902537930443
0.528433636143283
0.577839227000473
0.579153483053451
0.586494558236954
0.431654832051275
0.556311250916169
0.619575161663181
0.606296195853305
0.555222256628674
0.646983025108124
0.556358446249114
0.519661077906361
0.625575500303954
0.568858704877026
0.670845934626655
0.572065565148515
0.594600628493036
0.375674697914908
0.454688096811065
0.588480571072041
0.55602363150673
0.629966135690867
0.54037971093532
0.58072914920497
0.51808546532572
0.546247939518843
0.636680812168892
0.549826908796837
0.459838681948298
0.828905505835197
0.658518340194354
0.576323356645385
0.58884782117237
0.711269325125203
0.50668668649454
0.702489723294466
0.602666653708202
0.575566735169442
0.583462069633581
0.628543853108841
0.619110898059593
0.647500358758401
0.722758495632501
0.572731590395329
0.735273410199586
0.56294060741209
0.59285200016446
0.696674602121171
0.584405317823468
0.585286456747415
0.763068862158333
0.737855900309438
0.612542835707336
0.656000801725331
0.676136417298802
0.706050810244986
0.704722578187266
0.687317435984769
0.739467211916997
0.774447936921121
0.732329108713137
0.564262305829571
0.593341463932082
0.713660964140155
0.734455212851271
0.735385906664819
0.650500714232602
0.517523322011781
0.617622391550901
0.768893912004519
0.611896424703873
0.725358930904192
0.692426760679112
0.821086917394533
0.644318966587406
0.623809081493716
0.583131850707386
0.751624934115263
0.724824676001584
0.602386915320127
0.673162563066477
0.684325546926066
0.712335533915431
0.701193185025309
0.655207790910977
0.726679774234203
0.583842056898797
0.878736437280909
0.643409980071277
0.540512870967297
0.781225230879145
0.730180239307757
0.76275329171782
0.688935070325927
0.839601341714205
0.706827710617893
0.728437427708509
0.710998153693194
0.752345303800045
0.690527746075556
0.825071536451824
0.880077825304412
0.884706592216901
0.745931586096617
0.672295231369913
0.553332337424407
0.718607906726491
0.716929349727754
0.827799194798965
0.742293339861076
0.710953428185596
0.91061119488924
0.700532142285646
0.853171089225685
0.781796315349497
0.651983643221818
0.83399851786221
0.72364276575626
0.978398074626367
0.752911932290464
0.660251419110341
0.833869881792552
0.842330765442385
0.687576849064994
0.755845224199598
0.745787098280782
0.859843301683347
0.777734453424156
0.819152977851454
0.68674574600488
0.62463841512188
0.867945688751039
0.81830942861791
0.786721839837836
0.821802707091095
0.843975653455003
0.941564973257647
0.836309686079562
0.79665200423646
0.884224532374373
0.945692853332229
0.767824368653639
0.912541799131576
0.674884004304921
0.749031466908708
0.848694615609115
1.0210005464423
0.755184675810452
0.895553400057497
0.821206241725679
0.686817420506752
0.819377401525605
0.918317858282086
0.801563690665008
0.764466309736059
0.892247875008865
0.876735025956532
0.99177397201152
0.864004309634296
0.908162835104984
0.912428662580638
1.01062756718586
0.812472296097993
0.86160551389583
0.955999817045519
0.762901653372482
0.969330954881013
0.93918113274825
0.667512755634423
0.895349438135734
1.03465135205243
0.917559669879965
0.748222486018204
0.942036315292953
0.808635660274671
0.895382942876236
0.895335961166988
0.765828647860581
0.865266958557996
1.06562700849516
0.836166739549799
0.819799178734123
0.985703483326498
0.960667490980889
0.882240874961774
0.947338542147414
0.899136056705258
0.887847710662828
0.932821998421091
1.03283880134058
1.04527046261852
0.836902968052395
0.916236063966847
1.08028770937758
1.07879570880105
1.02793388861291
0.988196875520162
0.945955467036473
0.826175809259696
1.03098246287771
0.980642126049395
0.878046415530721
0.805926611032189
1.03740450642594
0.998716182005429
0.780157292179964
0.758058426506448
0.840903986305861
0.954907086586681
0.845420877532524
0.947538685482593
0.826767413950531
0.984813022811745
1.02049764566286
1.06539091661897
0.99457242102108
0.986499679419585
0.998551648795338
0.979103013725471
1.01654798048402
1.02525412565937
0.976135489918634
1.05436579333351
1.25972263626134
1.13381359879306
1.02310681022975
