-0.959221425507251
-1.0219043152815
-1.15055087839807
-1.081383091586
-1.05009818029623
-1.02530661123951
-0.927861979101964
-0.898741342266862
-1.04703781278814
-0.952188078841866
-0.922902146575995
-1.11003935450967
-0.918309546360823
-0.849730083832816
-0.792429874222599
-1.03890141458912
-1.06032974318765
-0.931619232144435
-1.00240706139113
-0.805572905858514
-0.823967452386135
-0.893289598559253
-0.959444940481056
-0.971148228299349
-0.841043235752718
-1.0859290368747
-0.96704516034805
-1.1068683136861
-0.954380642530739
-1.01957285415794
-0.916478775665847
-0.876266964140244
-0.942508395749195
-0.9880357945834
-0.870695142643007
-1.00223736470732
-0.88924607699477
-1.07227432413102
-0.852354758007338
-0.912906218874493
-0.982461934775527
-1.04048086688769
-0.977340680610265
-0.971125204049579
-0.89286138562815
-0.936002914429541
-0.885191624040717
-0.707020434978125
-0.883699585381894
-0.964490010421005
-1.01467139118338
-0.910725449734166
-0.839316502613316
-0.820389924092259
-0.91261987117545
-0.914630338833038
-0.830290575806173
-0.876894241282189
-0.887500215154915
-0.794362581942625
-0.879676170003707
-1.03040465604577
-0.895950231060235
-0.823970329142274
-0.91241704519567
-0.869148484788636
-0.815401366796296
-0.874451499492813
-0.853719141932206
-0.963858783375871
-0.712731236611985
-0.746190141884036
-0.997109770599968
-0.888118303879617
-0.787724604203127
-0.874407193841534
-0.963900569918505
-0.721761675312935
-0.880254262194883
-0.780340644541116
-0.822403902524396
-0.757964667279398
-0.962872044457322
-0.736251204738926
-1.0298487677245
-0.814929130072463
-0.989453201786209
-0.837501392595698
-0.745261489983676
-0.732447709578861
-0.777596658290407
-0.811704360838431
-0.803321051427592
-0.828954924712514
-0.800105037474315
-0.784700267527134
-0.757220135321978
-0.667882578264578
-0.894307405722586
-0.715640184792981
-0.746130443257193
-0.813040909745726
-0.600365616778089
-0.699456279808815
-0.747064767815601
-0.787787046205016
-0.718751232981126
-0.691097049243047
-0.828092427129486
-0.749472600977684
-0.602741526080611
-0.835496695994962
-0.847391179284634
-0.764911827369386
-0.857406760804497
-0.869946498693213
-0.765992516169269
-0.770106116731969
-0.602064754183663
-0.769153313800169
-0.655395086310777
-0.89092756064305
-0.815848963074358
-0.836185522565052
-0.853408563846328
-0.708774068624206
-0.842205907506956
-0.748051848325453
-0.807856250083265
-0.68072991039703
-0.680248301352844
-0.701297939686247
-0.663114568160217
-0.842902091365676
-0.731326281729527
-0.758568447093677
-0.671273278266155
-0.790569713615237
-0.649077976508981
-0.65092595453738
-0.623275295803641
-0.571448985266127
-0.893510960032727
-0.541161710012789
-0.658835665963382
-0.780742468622855
-0.77232754909386
-0.69806298470744
-0.66502033451737
-0.64264274968169
-0.55914028747884
-0.579718214579082
-0.646885879324617
-0.785051325550373
-0.746255348406841
-0.651551249980171
-0.679291964710193
-0.598392687513698
-0.689467792036985
-0.655053648003842
-0.771864572245956
-0.635889719380736
-0.662491390170988
-0.553521633652812
-0.592866016544466
-0.727368995265059
-0.7355945418271
-0.61563294570649
-0.757991964276677
-0.7281872778758
-0.584235757091871
-0.626303977686667
-0.538996966586703
-0.672710980920014
-0.712417956550858
-0.632631927985113
-0.714473817724295
-0.637306465629075
-0.811255123736828
-0.63730952366419
-0.743477463067343
-0.622740584608168
-0.635595660497785
-0.67509905964934
-0.668938931113478
-0.593353416324238
-0.642567600993361
-0.563397308818928
-0.622507134537264
-0.738322533607436
-0.637585972036155
-0.740865831205659
-0.509754074264583
-0.625080377587057
-0.667568561933638
-0.60123481220773
-0.657453170577215
-0.556844225399393
-0.628508418280479
-0.700684169748164
-0.70420491225521
-0.508717578758526
-0.555322377705316
-0.545340444698179
-0.676694859462366
-0.649119974087343
-0.391212579852721
-0.605661663466683
-0.458169090090956
-0.321798277768679
-0.540439640117077
-0.522054379628439
-0.648377131604893
-0.535653726535051
-0.624741218434392
-0.530817557029492
-0.334038007240165
-0.507866895957664
-0.712095457397508
-0.706036021518199
-0.625036137041284
-0.602514257987071
-0.393762883236171
-0.807812036294617
-0.685028349450841
-0.604745472019576
-0.451181268050779
-0.500840819292328
-0.373814052261922
-0.572864899451809
-0.655966065298654
-0.655222088252389
-0.599203289758687
-0.573475351787274
-0.535961444379757
-0.477321129749442
-0.703020451024185
-0.449744003244613
-0.546047886345126
-0.472145165852353
-0.530950699464109
-0.596274307714673
-0.509384066488714
-0.588233706604993
-0.587429141604662
-0.361944550794673
-0.535987742241163
-0.424804641665858
-0.412486983851936
-0.669189643032691
-0.410429463158742
-0.489381756888367
-0.433943095258806
-0.403894570681543
-0.643293840531992
-0.481310230430441
-0.498328919953253
-0.475037438219205
-0.454652658536042
-0.381812146657257
-0.581499589589079
-0.529584396953142
-0.253881348277155
-0.526994218163366
-0.626678542351638
-0.561660458361973
-0.418965274205213
-0.535746542507692
-0.555679477227781
-0.46056994875694
-0.48107749339502
-0.347916609573168
-0.412108601319707
-0.413362764705537
-0.423448283447743
-0.667071200483283
-0.447163557865253
-0.477152786600088
-0.444004233096718
-0.457446813605153
-0.435463314413076
-0.440374502626949
-0.500075886348837
-0.422394116136405
-0.477886724733694
-0.496034181329467
-0.375513990271099
-0.430481789712024
-0.342770816212429
-0.626155133033952
-0.48001526944341
-0.397877685297101
-0.585585129339439
-0.449128296837631
-0.393109780926056
-0.448853110280372
-0.455002357610752
-0.4574229098671
-0.336054486483046
-0.557342354531732
-0.460300134660008
-0.448599130310116
-0.321355478820701
-0.39649498589745
-0.2600355442963
-0.378117766140754
-0.546116433398469
-0.182510038247673
-0.331748113593593
-0.316137727931432
-0.346944603801693
-0.326617724017373
-0.383303801479523
-0.221578744679922
-0.404479719791892
-0.377987712690938
-0.338282884571262
-0.182833650105557
-0.457863997417671
-0.402753985337096
-0.318843947169662
-0.358450834558681
-0.314756160040909
-0.42703129400282
-0.418355777401112
-0.429969520290274
-0.190588968597591
-0.270957927350137
-0.387609477169763
-0.467057180234347
-0.188446118385115
-0.221797544524899
-0.278630309853553
-0.294094159420672
-0.30109815049571
-0.357321234020084
-0.280575932790247
-0.267404942247527
-0.331676852344739
-0.234192340815426
-0.283635731246441
-0.261595466274654
-0.363334234527008
-0.225093229003823
-0.336946874898531
-0.358651502976294
-0.282162224739344
-0.38356915711516
-0.284390171816297
-0.421217197386369
-0.204404075188176
-0.276621517257448
-0.299596148045455
-0.150429620828381
-0.397476490964834
-0.301333882796067
-0.258631311684421
-0.325075290002854
-0.228691060196789
-0.27470513629617
-0.256468995834982
-0.366971182600328
-0.305496958557201
-0.134340754445917
-0.199408359404395
-0.277191013622074
-0.312396946007775
-0.190651383410683
-0.202931402111777
-0.285356075112222
-0.218867311635374
-0.274901212351451
-0.165533507494135
-0.149056395580059
-0.265807826392185
-0.279627215562479
-0.166644273975526
-0.351553276157002
-0.158976528257313
-0.238177754097435
-0.239105091748158
-0.317873667414514
-0.163555194835246
-0.204859061174536
-0.208922754562602
-0.262018163986517
-0.295332462427924
-0.258488637855431
-0.269563760247099
-0.170098625240638
-0.278020292051263
-0.161484727754655
-0.234071320771375
-0.273830087032497
-0.268535792093316
-0.240952439054854
-0.0430097087940132
-0.327390834739293
-0.246981805050826
-0.0266211355164172
-0.145265216878042
-0.338246846149125
-0.0771692912211308
-0.164443977218564
-0.284129345091727
-0.258936077406253
0.0339645070687313
-0.308140918878917
-0.202260525078495
-0.0830612931057307
-0.196939644828656
-0.103739519188541
-0.188842117949784
-0.167723754510139
-0.13931918424049
-0.119278713979481
0.112330136837393
-0.0406412528823583
-0.102294198981775
-0.18274282871929
-0.150177886654422
-0.161909154819128
-0.140151748585987
-0.12497187671031
-0.116310274918509
-0.200221607495037
0.000445599883457639
-0.0548833384461032
-0.0481289034765376
-0.183029717911589
-0.217863418584838
-0.180968021703344
-0.104528721187043
-0.0952657679360918
-0.110713907933307
-0.115844698866792
0.0433993660351197
-0.0587823292680776
-0.116924340551544
-0.124938310135356
-0.109947169350333
-0.216151908830736
-0.247079548356611
-0.19371544475775
-0.170145975903842
-0.217612441540177
-0.144452969409866
-0.282846076403119
-0.19082946985814
-0.135996136537508
0.0692785173371055
-0.0542318991297135
-0.0282365688164389
-0.127401726958274
-0.0427845734028718
-0.134240491042661
0.0202887250357907
-0.105948071048208
-0.118638707293001
-0.170014813230277
-0.0780189609829584
-0.0162313563135402
-0.104509505856111
-0.0655191612145637
-0.151119444357469
-0.177665439330411
-0.137571194237551
-0.00992233711380444
-0.0401119373997867
0.0226212278700076
-0.0712985745847117
-0.11299085496976
-0.0084505118464934
0.00908417954988293
-0.319487927617269
-0.126057683083469
-0.253826200435971
0.00971636304148708
-0.061682844810822
-0.0459604677885883
-0.00803870629622462
-0.0838208808625914
0.0503775769711692
0.0304324549663494
-0.0571318282367246
0.00662395697511577
-0.184633948150448
-0.0155614157570261
-0.0696015898524095
-0.175871917504844
0.0156679596915992
0.117898546012421
-0.0112970922407561
-0.142126162485361
0.0732064930376238
-0.140570199445365
-0.177696799960942
0.0494014033370129
0.0181812384403432
0.0303977665241777
-0.0353071367308753
-0.0206329083217799
0.0255313107141209
-0.0348621449791512
-0.0598431231412215
0.235834789809312
-0.163222188138438
-0.0594765791482122
-0.0698297825792302
0.0535418434078053
0.038198220392706
-0.0652585190297526
0.0170784603557252
-0.132840716513327
-0.0278277381704348
-0.0240313090143705
0.0512173810906044
-0.0327751561390851
-0.0221412556697255
0.161357812469591
-0.096477712289228
-0.0542676411073539
0.0281169156863542
-0.0638185892491334
0.00131070416567221
-0.0416559376936032
0.189127208220511
0.0907671260824603
0.0596351724449294
0.198337509831242
0.0530811370506306
0.045837381063619
0.142625785023278
0.1368193182463
0.128282235792523
0.209602294133206
0.0926453886437284
0.0688113056751793
0.157821667972507
0.137165839875298
-0.0617183848165761
0.108569742222682
0.0814225650548422
0.0409584398600861
0.00219539868422844
0.105004061672338
0.0905641756898206
0.13507662450173
-0.0123944288906822
0.0667712068592663
-0.0257320247667844
0.206229941918664
0.105960338554577
0.110109034291286
0.182740647132692
0.0434561919418155
0.126967918906035
0.16044034207451
0.125237269204267
0.188280409289238
-0.020959892810025
-0.0120369051977735
0.0484978623269031
0.0466258926454516
0.355511880691262
0.228861878271005
0.232764320248421
0.0425516452149183
0.186369493476022
0.0175222975603947
0.146030067103012
0.254511229679625
-0.0178386871944464
-0.00146007595057531
0.110192880686188
0.185586712356481
0.152418413674569
0.148971672668128
0.197469900287754
0.242487550702824
0.163772440060932
0.223239873134253
0.0852976840805605
0.197963907039722
0.101693305634699
-0.00908488121927048
0.127374995815036
0.0828957216293475
0.186148030324635
0.268489471235151
0.205750067721072
0.188674426850362
0.247756155445091
0.194755656129918
0.165036924761565
0.219545348469757
0.238172588688348
0.200689301743613
0.172111322655821
0.0946343258976589
0.221920150365809
0.231459248979805
0.219667315554962
0.357344206878648
0.23732009103499
0.0208919344489075
0.232367786796187
0.191841284825136
0.371357603435224
0.124696666344102
0.231717724896025
0.27491348631578
0.144398293998592
0.3828294850063
0.296864748794874
0.223827041460049
0.244093289682773
0.147746634283047
0.31544436628162
0.466387399701798
0.35580096346232
0.151541013122518
0.253387519332479
0.246170643914951
0.316759026363294
0.290993913216869
0.392984350436531
0.153902708926756
0.332413530968149
0.325773377156702
0.189653188795598
0.19135647285153
0.262609216351338
0.353621231292566
0.240728660566186
0.414870362541253
0.290317073648945
0.451984756908222
0.237826661272363
0.266458696162204
0.296000388528367
0.272828332931598
0.226470598304456
0.264595648826807
0.206065855352791
0.365175581965164
0.409460714132237
0.357086767067693
0.223588672839217
0.44448896573688
0.52588830520985
0.388275018132293
0.350203050266122
0.347771825779884
0.087381898700227
0.347185129390736
0.403247858040557
0.159943758475741
0.439557598880965
0.321195110449523
0.374115500623208
0.388649111208726
0.310577253864585
0.414599907117713
0.290361433075845
0.338509723567999
0.295233375018983
0.308997691248124
0.378257412969758
0.306597520024344
0.390308009790585
0.362608031164282
0.267264957797884
0.438226291846923
0.3334868227734
0.273997149713267
0.333248991985814
0.360613749066693
0.381951589089469
0.466003703026616
0.319270490133953
0.366773134022175
0.388978241388135
0.478497208887961
0.419154280742159
0.391866022407721
0.38876696811328
0.426371310313453
0.342338520331235
0.384805266111682
0.500306051572053
0.280138399590062
0.468605249879333
0.376940648414859
0.367110433352409
0.34630207637204
0.364306755801287
0.48017432020959
0.423849728949495
0.513199712943197
0.332138747860017
0.262858643147201
0.350667773085146
0.60898372049209
0.381706480056394
0.572988138184894
0.342987472174902
0.295261784204112
0.33455356622069
0.453919311862856
0.414144292800552
0.390269776403213
0.347216626216694
0.457957787621388
0.460844659863511
0.654209957582909
0.482360857222
0.49003567573517
0.458749369490609
0.38348972868955
0.48579133606622
0.424723814713218
0.364102111528234
0.541745359318083
0.625197255841483
0.256602883421586
0.509528311245318
0.446393123973449
0.621716534644809
0.317803949983371
0.414690116842519
0.54649519790318
0.442274759647727
0.517370840401446
0.513992992907899
0.390917016753109
0.565931939356686
0.542663008902406
0.541223155769578
0.251745582618488
0.445504607450429
0.429939002531902
0.327805164766585
0.53703959229853
0.421077309938389
0.47629605915826
0.541326609135807
0.417796800897777
0.380598738585799
0.564979781248981
0.445023918776194
0.384660074602668
0.543755192483303
0.488679156162686
0.481053996839802
0.339897494608638
0.482114832583349
0.551055902527732
0.483656492318704
0.537859840045635
0.522501983299884
0.436565129352869
0.46621313502542
0.567311956910382
0.424034036477267
0.528838340215472
0.541758458817797
0.595194892856101
0.510763025227747
0.49423864144839
0.482835042245154
0.417767744018838
0.529031475508772
0.537383073416687
0.647602254231103
0.654178505337316
0.57347630270065
0.369200545900714
0.555664632785206
0.510042661817247
0.598304621203686
0.48913554032064
0.487148614972552
0.597658424507268
0.593615351843242
0.446875827422254
0.578007549230741
0.520009161877578
0.626989353773937
0.540832254135686
0.454396759210514
0.711847442497454
0.624649580179011
0.628273029520195
0.578363146566589
0.645153786019267
0.515606886301944
0.600733412883503
0.464416122593147
0.641007917609067
0.541214602372993
0.56431176878903
0.635424200271417
0.782033592351873
0.634254359153348
0.70886366781918
0.570213247048232
0.55698287949339
0.676801243694112
0.65481812920502
0.764650394010213
0.736512353521578
0.595749639867367
0.644869491722691
0.695930925436349
0.509193013700588
0.658342820562441
0.557194715480596
0.606333824732359
0.539860919857246
0.527819837399987
0.626254706543087
0.520108245099162
0.630403988564366
0.779410236665053
0.572177863997382
0.755631998730536
0.773685404790402
0.693160997409478
0.666177053836796
0.61290386436045
0.621365001855468
0.671328971485292
0.804221293647363
0.669263503856564
0.558880814453481
0.707279215585608
0.600886405623083
0.521078468840003
0.635068418131149
0.613260274725533
0.755692077053124
0.696442305068528
0.614502729744229
0.565359728769749
0.617276193290256
0.716837930381221
0.673297513639908
0.751784956920023
0.695238473040012
0.745674078164361
0.853914963617419
0.844469743851565
0.559778298380469
0.806471785814918
0.697777157849497
0.811229491065518
0.669398913666675
0.705835330423098
0.784889392644413
0.727284465139453
0.764558535643607
0.741827422287228
0.702446105655419
0.707357331157355
0.781656276364484
0.705583863382977
0.687457736779973
0.728678774635579
0.642301078008195
0.725097153178064
0.757103133216256
0.695276908782129
0.699536106627334
0.654674318966704
0.829346201215694
0.687605540171423
0.647432498896588
0.726686589707836
0.59039520685566
0.661477459035133
0.767511534160449
0.714610522369576
0.791095500314453
0.63537571270705
0.674390015644094
0.616800415257916
0.762660838175965
0.734670459968154
0.858364179251473
0.779074000121148
0.740274353177703
0.892725371929984
0.689109163454516
0.73838620587126
0.781594235188035
0.795039984807919
0.799359460523068
0.873001472160116
0.771268092804458
0.82179569471774
0.763064525183908
0.823866176157374
0.985686618741098
0.930511988833888
0.852432069158368
0.809529952852084
0.939692539419393
0.789123625420037
0.808708435283214
0.810860679682807
0.801912691468895
0.946341320802162
0.770417440850085
0.794087227896917
0.826681935233894
1.00607546418856
0.636095757838174
0.841839629433699
0.780567647078379
0.866816384847438
0.817011453292183
0.829127359311343
0.783814148205946
0.93071520474793
0.61427913296223
0.928958354987554
0.87400260635137
0.672234290515909
0.906027762224203
0.943198944459609
0.96025606869271
0.852118201214124
0.933433124571068
0.760758436425459
0.80552035989608
0.873115570955738
1.00252690706343
0.915693628482557
0.864766708242094
0.998118328264356
0.832976349525337
0.807391902030994
0.963069042342382
0.932778325509022
0.806299333288568
0.822749525452665
0.895171096484481
0.961021348925838
0.926650111309627
1.00874022512299
1.01083561474003
1.02800430468348
0.919138470342849
0.841440066964198
0.902459751847732
0.958653136436517
1.06299527620585
0.940181747463816
0.926587012055004
0.979347692266377
0.945346754120227
0.99739237948995
1.08127844120497
0.924870559644313
0.895557168773765
0.828441967641503
0.998954629533574
0.967286667285818
0.933420752550612
0.896773462166557
1.06977836139153
0.970991542174907
0.939453171778872
0.919039392983849
0.940461616154498
0.878555492839485
0.916107087447419
1.03780785508146
1.03149037844537
0.874778119708914
1.06330794074425
1.00635522827702
0.827685323142312
0.936358298262557
0.938420860752956
1.1091887175731
0.957102182588868
1.09832843558047
1.01440904831057
0.924553813256284
0.780966676683605
1.00976815499178
1.10638842236391
1.12254782718623
1.09576371675342
0.93107054593588
1.08965958977872
1.04169830622211
0.981728788009666
