-0.961282619844499
-1.00485173573931
-1.12104958042305
-1.09064607333436
-1.0595018981006
-1.01576622394031
-0.93396256627293
-0.880646729204722
-1.04819741525985
-0.966032499583097
-0.948014035514451
-1.10603778416376
-0.932563444190654
-0.852843511566123
-0.800703640446053
-1.0413792432848
-1.07088084968391
-0.914262400433734
-0.993786782491159
-0.813657653449539
-0.818545493377624
-0.894950077837001
-0.965192584792854
-0.973465858781959
-0.844126666611982
-1.12016620698736
-0.981382293950635
-1.12841032860407
-0.925129731921733
-1.0086166226982
-0.913380463655497
-0.887004088779015
-0.960926449577717
-1.00259219008126
-0.865028335290622
-0.993015052910366
-0.873662128701698
-1.08465634396338
-0.862859379877017
-0.91445631467932
-0.965966448217914
-1.02778096196324
-0.971178235425304
-0.961568163615095
-0.866689904309826
-0.942100871404095
-0.913656667548773
-0.690679850345111
-0.877700679586162
-0.952129322839984
-1.0034330398234
-0.894479182648196
-0.807227613909185
-0.829013563924953
-0.90608313035292
-0.917828972761287
-0.828799318963486
-0.886385148230974
-0.873681282065444
-0.784153880657212
-0.871937497718401
-1.02091754611413
-0.896991251941255
-0.837819041709242
-0.899623540692936
-0.869806775017661
-0.805102003653161
-0.88537163218626
-0.851080691298192
-0.967155567479367
-0.69967194990735
-0.735891320537993
-1.01897785869062
-0.916343813789775
-0.794899802473124
-0.872925881467819
-0.969452087273539
-0.72123160094945
-0.888634480885693
-0.772565421470881
-0.840374116513904
-0.767638481161198
-0.966366195899018
-0.768675588332534
-1.0213600160661
-0.828340498793337
-1.00504253385702
-0.843798828897409
-0.734321798025219
-0.72526978795638
-0.776553720165012
-0.818748019493169
-0.83285327436607
-0.805122001035311
-0.794167304052941
-0.774356985036149
-0.782193733582151
-0.677199322717044
-0.920500822020602
-0.730754817152882
-0.763356004107915
-0.829822686422023
-0.601048376387302
-0.672940345609772
-0.773744773937897
-0.782563539299304
-0.70936889975082
-0.698711716470099
-0.828340239619351
-0.765879942536892
-0.605771220217022
-0.831045269293636
-0.836156289611499
-0.759625012274996
-0.859603951405327
-0.850123656547536
-0.758121686399739
-0.755644314164302
-0.59500462929405
-0.759544137212656
-0.652121595818
-0.879604675951961
-0.817768611219164
-0.849890834989438
-0.856890856725605
-0.681174166557282
-0.867684660903959
-0.743836665002212
-0.809898128603355
-0.651909375395196
-0.689002176689677
-0.720864056630167
-0.67625099066201
-0.866019712266906
-0.722752430200459
-0.77185789804747
-0.662283416020077
-0.790525103096214
-0.673215784196183
-0.65444554340471
-0.625786985594109
-0.544708587919171
-0.883294599112616
-0.557053952066001
-0.668332497648282
-0.766322186720333
-0.772048705910012
-0.701173060838335
-0.65906732423568
-0.649328978408593
-0.581586100226319
-0.587071273740413
-0.633743949812564
-0.753610865599151
-0.741547145209059
-0.667721068135997
-0.686860386910739
-0.611384609465026
-0.686863657226763
-0.63762932886485
-0.77966334927929
-0.613806211416668
-0.686405075366407
-0.558007501380255
-0.595068262826042
-0.743205206200102
-0.762498186385858
-0.631350024825971
-0.753611795864666
-0.725969935249626
-0.600530395447318
-0.630018072543963
-0.547812242015715
-0.691628773238454
-0.713850639919277
-0.632004318611377
-0.719235715947431
-0.639075375468992
-0.821360821901727
-0.65460235796722
-0.728347751314608
-0.614264364335508
-0.631111751372303
-0.690794453322379
-0.663727057104184
-0.601508046342628
-0.603152329856707
-0.594880174493746
-0.60420634600014
-0.74424987715741
-0.633224001953021
-0.747932407380022
-0.499437861818514
-0.625324397576976
-0.647481780479066
-0.594046304044647
-0.684931040159477
-0.579269032236595
-0.625091399579343
-0.699880928373078
-0.69788088872739
-0.519441748819211
-0.5618233213487
-0.517923775638582
-0.67949164900997
-0.64329609855018
-0.392164181015229
-0.617194801898297
-0.463908497113922
-0.320999503094946
-0.499153316537295
-0.512807732014236
-0.647260189469896
-0.521383515014111
-0.630091298342023
-0.521401269850193
-0.355036265190983
-0.528545983239961
-0.719106967375366
-0.7237812921356
-0.612496875774232
-0.582691176936033
-0.399872049020675
-0.804828073952898
-0.691318737960466
-0.635175153436286
-0.457081880734762
-0.509956138395864
-0.377368012043163
-0.546836807765254
-0.653447636765265
-0.642136071476746
-0.62024852181308
-0.587711768815811
-0.535037076015454
-0.45069064873823
-0.718698623408455
-0.455561278688578
-0.548510969329996
-0.472112812272488
-0.520071760440808
-0.59241665114479
-0.507854744610787
-0.583700354478298
-0.590209493230746
-0.349851874621252
-0.528146459404103
-0.434346267815697
-0.441438495149946
-0.651713422618175
-0.387812950592891
-0.466131336879175
-0.426416807166172
-0.384426773865078
-0.637079307792568
-0.486966097674635
-0.491699903614366
-0.50553191514362
-0.477632347146669
-0.384557697219763
-0.571841211682676
-0.532064945343602
-0.237739624270624
-0.533914462823599
-0.625369001048781
-0.568526385143196
-0.423747520285889
-0.539233321663033
-0.543613242271632
-0.470044130433861
-0.482623065438368
-0.360741634898077
-0.411642235944928
-0.405137350136887
-0.438268328815452
-0.643038028509246
-0.420240217559453
-0.467864150681573
-0.429434316438692
-0.449847185168238
-0.425348639859195
-0.454745166436555
-0.490854800344047
-0.421848909869549
-0.491485348971812
-0.50342402604787
-0.375434861593207
-0.442750382038237
-0.34905378348673
-0.628733612692648
-0.45773787393327
-0.393170001743238
-0.592216487731058
-0.458092475228752
-0.388140901589546
-0.435833640917746
-0.442938763981167
-0.448109798185021
-0.324088779308574
-0.553807490254899
-0.482132162737726
-0.43771156521284
-0.316481534647394
-0.406378267430476
-0.226284039792152
-0.373935240250383
-0.558395363898366
-0.197286349763378
-0.341004671275509
-0.314376925998679
-0.349803673722713
-0.319262999961379
-0.400304140007892
-0.228448540947436
-0.397298138578124
-0.355292536377477
-0.331669868281567
-0.16810784326454
-0.462597171891916
-0.405277269828744
-0.318713075874769
-0.368889451013846
-0.345860575388598
-0.446865660327697
-0.409021255694063
-0.429851607725618
-0.199261652705872
-0.302588657154849
-0.379600153102378
-0.481690313908295
-0.193843605022121
-0.216942518619635
-0.30421019480865
-0.295309726861433
-0.294728196806122
-0.360882286219373
-0.285692936973329
-0.263629909679381
-0.329189575058529
-0.255434125667355
-0.302398927089629
-0.253345150723189
-0.364183043001294
-0.222356117309798
-0.349926627167453
-0.35869530260312
-0.30341131224909
-0.383258113252093
-0.279883180832143
-0.441532964536897
-0.204051936289661
-0.308933682588531
-0.313098857915475
-0.150190178912601
-0.414765667479247
-0.298707062840371
-0.255850856159801
-0.33493861586393
-0.250092826044526
-0.261519076547134
-0.281245801326279
-0.360330069432892
-0.287259684504173
-0.130363530741921
-0.182889994800978
-0.280671072202747
-0.290501617301718
-0.207207527536203
-0.206966547921977
-0.281746067575271
-0.229088285148624
-0.283531187008736
-0.142846342585902
-0.137733341725568
-0.290992272052909
-0.272017108829124
-0.169518353298595
-0.322804487414686
-0.182991045327409
-0.239225529829015
-0.251418396457964
-0.312314773789257
-0.153137343848943
-0.19788928801346
-0.182996167264576
-0.269183001507555
-0.301252082917325
-0.252192212702052
-0.248454792876596
-0.154087796802699
-0.269388564019471
-0.152114066645613
-0.241986821444307
-0.269548710741077
-0.274084550262008
-0.229282248683417
-0.0390814253193257
-0.320625405659837
-0.234345112387534
-0.0454687134532268
-0.150950775240443
-0.331686519457712
-0.0570033863597475
-0.15809489858993
-0.294578909525254
-0.278649229945942
0.00457210455177874
-0.32325803969389
-0.214241378376071
-0.098472841090056
-0.194142288274147
-0.103301082335149
-0.200892577993068
-0.17654827452121
-0.114578751247015
-0.129020413471297
0.0941773482543247
-0.0291865157320606
-0.0825804250966998
-0.18222410165554
-0.129244057630277
-0.138309887592867
-0.152006069907452
-0.129081422497327
-0.132397743267163
-0.211221590328155
-0.0182155388055054
-0.0481177809510865
-0.0430399649803135
-0.175510274776235
-0.227538456158131
-0.178567789049743
-0.096664536369997
-0.0648268627019401
-0.112693541932167
-0.108890021833391
0.0452966521125398
-0.0638555489095141
-0.113426583237452
-0.109748423902178
-0.11235609588098
-0.218320978179405
-0.250057858600529
-0.185981623983796
-0.171908140186505
-0.205584686303243
-0.138802714343594
-0.274982478437715
-0.194407066655709
-0.153960871472722
0.072472009614631
-0.0699624952888737
-0.0364939570890525
-0.11674616792559
-0.0258645858222075
-0.135798439088418
0.00751819805230846
-0.115720970912822
-0.112946592048456
-0.162623297953152
-0.0745995941840206
-0.0140061271976971
-0.0647771391275329
-0.0560219943463496
-0.151134397210018
-0.175299879019367
-0.113877060049802
-0.00366578117410365
-0.0406775092824816
0.0142843330781976
-0.0857829845672782
-0.116889457559602
-0.0185859671311827
0.00069818701444815
-0.308585375014731
-0.118926078311616
-0.232251949707491
0.0350966845134367
-0.0482349120554161
-0.035719820689817
-0.00135713146110946
-0.093418349805015
0.0456455770482873
0.0282785648731038
-0.0697836424078886
-0.00765075260432064
-0.169448484653262
-0.0214106250195648
-0.063722840026541
-0.189355716574117
-0.0163788818222437
0.121028388949146
-0.0191637086018773
-0.140747832597668
0.0710398563116536
-0.135283676636963
-0.190104596850295
0.017746433770142
0.00692887461343263
0.0455886515921036
-0.0225343547149423
-0.00553165216863943
0.00705638362587441
-0.0276097651047236
-0.0666878742773891
0.236385274409604
-0.151344717784771
-0.0294624137034796
-0.0655574144993148
0.0484333832393312
0.0254317034373078
-0.0593354676997599
0.0238848132157103
-0.126427518703659
-0.033554275134731
-0.00896131495616787
0.0598815916757662
-0.0217285265858473
-0.00521355765284848
0.174280048224028
-0.0774858859078662
-0.0232764104341881
0.0372868979151444
-0.0644195934904368
0.00411711145966157
-0.0631297408688277
0.183487522284862
0.0883399734878535
0.0766386888959733
0.19877274047952
0.0653308522612916
0.0261942266029808
0.149409423466406
0.154748094598619
0.0993325136239956
0.201023350791016
0.108063984597671
0.0625127275727025
0.174876683209263
0.12587329668528
-0.0495318939044465
0.120811871930718
0.0848970327520519
0.0447271896505441
0.00696817338693293
0.103919376966236
0.0885455777000289
0.137869521359216
-0.00985009213235916
0.0631701022240518
-0.0041836548317465
0.197734311701018
0.113306886921962
0.117165256289783
0.193058980999085
0.0455729817296551
0.139866083835903
0.149257555011924
0.110432608241732
0.198227119478373
0.00945741738594263
0.0236130156234481
0.0626024979931644
0.0631973327617097
0.370518599692359
0.23932485985267
0.2403289013502
0.0534399234358868
0.18025705594164
0.00746378274200887
0.152556871096949
0.238136866196792
-0.00910221959631879
-0.012403539742562
0.0988144430096577
0.200012118045576
0.149234440667814
0.141961344312697
0.202141065268634
0.257124784650029
0.176309443578458
0.204411010919856
0.0831449699678646
0.200361534191837
0.0800751406348275
-0.00251926844303096
0.130911430704312
0.0868529725950957
0.187751651898257
0.277673898077826
0.226532111587586
0.208997851494765
0.266869993214821
0.166781180933165
0.177552813748561
0.193579303642941
0.222825497115954
0.224264694562548
0.141345819715101
0.0857858298504615
0.203239175577939
0.234630391931928
0.200161516907594
0.352602084649219
0.234566765737078
-0.00086618524244732
0.225724751540016
0.230098978095009
0.355532704720423
0.13270110124654
0.251110810779308
0.257754923073923
0.162193548343424
0.377545868213327
0.306169670756022
0.234354512066123
0.246708795394717
0.131153676579144
0.29694195218855
0.439987490610281
0.341254053399083
0.164190148478395
0.283428528479965
0.256712751436446
0.32630849077946
0.281614188423955
0.371527601353307
0.185103480625431
0.303199445112754
0.334708706937513
0.191298515235201
0.206097344277972
0.269380121711209
0.346703070202209
0.235212952573247
0.409060228345535
0.292005624948868
0.43367186731772
0.249628620236482
0.275812014646487
0.317249493386985
0.285196729343153
0.210928189680359
0.240931244963699
0.209861798161783
0.382693674870571
0.408676032652753
0.355274184767383
0.230615817520389
0.443839907229949
0.515884041721032
0.412353455762024
0.37924352192209
0.369861485726118
0.0527430483788819
0.368586689101557
0.382054760077404
0.147892454205905
0.456524500283552
0.335624757940249
0.337930832150392
0.37269144985883
0.331421718660628
0.431995979205002
0.274534951244924
0.331961590932334
0.301791247090564
0.302915692424758
0.401953665362355
0.312409566579208
0.389138945816296
0.36935624736644
0.255752634519184
0.4143245741078
0.347029524505696
0.278388292136239
0.326895718225559
0.36732265860005
0.371971428196641
0.475576164388994
0.329304481916981
0.372704888709787
0.381550982598938
0.482667623423312
0.41003017738964
0.395410074448539
0.363739254408747
0.428350628821673
0.335160509439629
0.408514726052886
0.486400037348271
0.278242370142308
0.458311245918803
0.394178371273594
0.395765485748532
0.378294229675017
0.368703807827353
0.466467563761442
0.4222069836774
0.490472434480013
0.319038067239793
0.285622584731584
0.368934643147714
0.602119059769142
0.371033898689876
0.569311432764021
0.348311024873672
0.287834903397102
0.355348952832332
0.446712628327
0.42618470536486
0.384888072883112
0.363348626018122
0.477466377626923
0.444012437484134
0.632092447863151
0.470702455309566
0.51470834393825
0.464473008247214
0.39756392002271
0.49082017243481
0.423819905629954
0.382752931420342
0.545814394138064
0.611082874545806
0.255790082468003
0.509424696012178
0.459344574565844
0.607044024895666
0.322036459597089
0.418837825868523
0.536548050102288
0.446155092302716
0.51384386241381
0.520577856329223
0.361510329140875
0.571487560428596
0.529314325232531
0.542540605839089
0.282871432645531
0.441153083788589
0.416704180466371
0.338325081403918
0.547938834974044
0.429400691889403
0.483649606677444
0.539413161393826
0.409880418378477
0.373889445931681
0.593144954998624
0.445828768603925
0.402000017807068
0.550281453264719
0.467986972129266
0.48665085151158
0.337026579158314
0.468113272595569
0.584538208459297
0.480450586030563
0.553649736251087
0.507594157146699
0.471886716554128
0.453007499258778
0.559071892215622
0.421971448280093
0.565647781726431
0.564727599774996
0.575073802970678
0.496785762664913
0.476806201526403
0.504628307485041
0.412745299873455
0.531068793049859
0.54268501556731
0.64769883420766
0.641868859917556
0.590893390543567
0.359303514605904
0.569118471291547
0.521098983284022
0.598686588249176
0.480578890018531
0.478888804151204
0.61298716436272
0.566791010718296
0.444956532769517
0.557297402832087
0.520211912686167
0.637919169655263
0.548874096659513
0.452351004005205
0.728719651082623
0.628132352417597
0.616610080277698
0.575520619482492
0.623811989833614
0.507031544351071
0.610549161969061
0.455604857598332
0.649373484273733
0.541426319898759
0.55481201217007
0.625979452419087
0.789333851917453
0.614294170405869
0.720783686952814
0.578239213222987
0.559822406482597
0.675729223253466
0.661988530903655
0.760988442466493
0.728524959998869
0.583708703255475
0.659246489523994
0.700298970414159
0.517802000127986
0.658383532270565
0.547034958110569
0.593621855017445
0.537277025788509
0.529132836341411
0.635077864594393
0.511999127817149
0.632026831933302
0.796996613762742
0.5575374403524
0.7245431497836
0.76516295708319
0.679085835307446
0.682156725559641
0.625282060232068
0.601774250746366
0.655681386248287
0.800311495208859
0.656018373535693
0.546357792830665
0.715462555273793
0.60116649183435
0.505295145865196
0.629722989560944
0.617260983451136
0.733893217512084
0.685642108080166
0.604462652681498
0.562106579182829
0.61005931647722
0.714144647478317
0.668703023262824
0.742125654070804
0.680217003307637
0.720879340502019
0.85772028225018
0.843664291863407
0.55842450790621
0.794792907400313
0.7188813718594
0.803864720898843
0.656332965075441
0.72864276524037
0.784929871060594
0.739321912966679
0.78130267989842
0.729188262339592
0.697414104487377
0.715278585955755
0.781129197793406
0.702637907746409
0.66010010279836
0.710538428161223
0.644330850316561
0.706258818552199
0.756269074479149
0.6823983871884
0.701456216369802
0.654719622247821
0.832368855904532
0.694863387206942
0.656116030109532
0.736662713976857
0.604297945275849
0.66657583543638
0.749013763542345
0.70503677785931
0.76383294452407
0.630210696855653
0.649707682867227
0.639513864477944
0.788521187206437
0.715516914446386
0.86431695415252
0.784630294832275
0.754072981435179
0.890780673223412
0.665891460714236
0.748517069101876
0.780081515244082
0.786683634882825
0.795351429071305
0.873467391715101
0.777823869290993
0.808705423465879
0.73628008553289
0.823257123932434
0.983495734636984
0.918548034262743
0.842361038680257
0.832366258449597
0.925906891470233
0.76817384531912
0.816619024264245
0.806647084152208
0.825465299990809
0.932059097850883
0.779939284334001
0.789013680712601
0.82678287808543
1.01133742830106
0.647455279596396
0.834845414219567
0.783845042751393
0.872010244577666
0.813738150202552
0.832859115942185
0.786440013335398
0.916847849179106
0.614043909668663
0.932396845387645
0.859356739603637
0.65615609831755
0.934557274815775
0.914443764821847
0.952917294352518
0.867177136229142
0.959877558508692
0.783628825608158
0.807305863172459
0.87376231490889
0.986161095505521
0.895314032341034
0.851241423101958
0.993080441298689
0.837227009288368
0.782620298196708
0.964279326570278
0.948529924759716
0.826937070242981
0.834234153513167
0.881134983623328
0.973651046893459
0.941983892723445
0.985660560060407
0.998495952834143
1.00131191627962
0.925340675118413
0.834521807062166
0.898918926493208
0.94491515932677
1.06364125561734
0.92011842421879
0.947151867516794
0.972934905876661
0.939351397929331
0.991106053756488
1.07593256414032
0.929996630164788
0.894599258844742
0.825437716201851
1.01612962238658
0.962274413100162
0.930543492148516
0.903853040615658
1.08227969526117
0.953223297332478
0.941534725625939
0.921957835733603
0.929232195287169
0.867702681847437
0.944941573120867
1.05340862712046
1.03018304917008
0.835856148042494
1.06089417198139
0.997585326431841
0.833426266851882
0.928147971844509
0.932601592714336
1.08584540112334
0.957926020223235
1.0758987538103
1.02876724845359
0.918301442965093
0.80906009565467
0.996382645701225
1.10743452407189
1.10720546626124
1.07900156882789
0.939281656390702
1.07993713877131
1.03323309821022
1.00355917054886
