-1.12319059898064
-1.0074956457096
-1.05380466206097
-1.01506734918828
-0.932563402961175
-1.00995633558178
-0.905480767361409
-0.959488889041318
-1.10790042719167
-1.07488956210131
-1.01686305797098
-0.965766920511314
-0.91905529385867
-1.05765463004094
-0.896631586726578
-0.968667874638328
-0.899967450520153
-1.00969418885543
-1.03713466280618
-0.899046710810129
-1.10572627285831
-0.990180824553599
-0.891323526513815
-0.86262313304045
-1.02374366156224
-0.918911964110301
-0.905471200264076
-1.03468777517366
-0.96984609301578
-0.922292848428403
-1.0579702569731
-0.876622186123736
-0.905679350019522
-0.797721429989322
-0.841468775954369
-0.898416968520718
-0.781048912194868
-0.933483102641242
-0.886522715120883
-0.95536031856883
-0.903697268726485
-1.08217113513469
-1.07104532968369
-0.971298898121831
-0.849765303972978
-0.936572290219989
-1.00853532700074
-0.857866293627459
-0.789302346730643
-0.888311114796025
-0.86328395510777
-0.877697282363064
-0.859930335260115
-0.851825743260724
-0.861478755437234
-0.850182175982737
-0.911389248449664
-0.836385571628587
-0.982055311535537
-0.934879734036227
-0.852323328373643
-0.863202241103291
-0.904854032261392
-0.863814549140578
-0.872222011368077
-0.94370374464277
-0.902276209536071
-0.818750174046396
-0.885459385651274
-1.03350055527536
-0.960706677397995
-0.88090566406392
-0.941045006282945
-0.821748456204295
-0.835283315551058
-0.873967429980283
-0.893652816727137
-0.898622667007578
-0.88926310310371
-0.672912846897333
-0.880047518098549
-0.83042982362817
-0.809176045192475
-0.845822456811244
-0.906518281693964
-0.828717658865133
-0.793519108150964
-0.865900389621785
-0.794129540760043
-0.91728349300659
-0.822904121793798
-0.73085687297773
-0.846763551486629
-0.837400577020098
-0.794730788240257
-0.863100766824274
-0.841238089265356
-0.743154605903383
-0.775515227206066
-0.695266994815534
-0.832498556993629
-0.760179336350068
-0.754410346466539
-0.693980284943632
-0.72310764749691
-0.897415547711491
-0.629923603643085
-0.710240207656335
-0.734744386843887
-0.797076402022095
-0.826387522381523
-0.86274378263204
-0.782005373519277
-0.819218357936798
-0.874558495882456
-0.820324374840217
-0.884436722967772
-0.587348521673976
-0.791423962596807
-0.748180622498824
-0.777088561364116
-0.874527610083129
-0.824909888221576
-0.599465884683565
-0.4814355945754
-0.656398225097822
-0.681087577621697
-0.76168219675607
-0.763448733231105
-0.800070108350356
-0.752097797793631
-0.729850172887889
-0.75948902834931
-0.720514560466916
-0.642648602544096
-0.789324456393085
-0.775803562319872
-0.82811373707732
-0.55833733299117
-0.677423912153555
-0.640055226269399
-0.727209301545233
-0.712995955693497
-0.704243600222561
-0.62611576931005
-0.732340089036753
-0.783124298557802
-0.753832496454774
-0.667042553923993
-0.583376309171294
-0.561493556682444
-0.648680050771971
-0.660449046159476
-0.618837118339923
-0.719779333136512
-0.686939075165375
-0.823987064991954
-0.780249677848795
-0.571603189868819
-0.64943325063118
-0.694454833420213
-0.69732777148593
-0.802110640501496
-0.801793435034342
-0.683021457802358
-0.824044892021009
-0.610781521791454
-0.54521311845247
-0.679417518815351
-0.534152638730707
-0.614149779886732
-0.618011969069174
-0.658720831590995
-0.609996421232608
-0.633733520707279
-0.654855782827074
-0.520479267442205
-0.580012501089776
-0.546708748906111
-0.737785653530348
-0.69203058938007
-0.674375415050662
-0.624402524705318
-0.605262640409265
-0.577113271389309
-0.596487721787736
-0.634860166458855
-0.693327001842376
-0.550299313280783
-0.696044473249685
-0.611816823417772
-0.594717607517659
-0.620319617206709
-0.470834293163474
-0.586150972121058
-0.62434267609431
-0.612214544432948
-0.625841786608174
-0.664540073820146
-0.543406709751979
-0.558210723230285
-0.591958565599498
-0.668976252975436
-0.608006037742923
-0.496791905030252
-0.63779242667825
-0.562531497137931
-0.537346458240953
-0.440687133064296
-0.552823655494198
-0.600358607396758
-0.542480223539933
-0.432561355548486
-0.496140157362931
-0.562969239949711
-0.502567541097856
-0.39367582615928
-0.554732861307429
-0.563419909882146
-0.49658454424645
-0.595014806414582
-0.54238337117372
-0.690462981537796
-0.543132790097693
-0.566722757945879
-0.453927312865237
-0.47619607958354
-0.676694205434115
-0.455891073424612
-0.542919481170583
-0.54382478457811
-0.617863132243154
-0.451856150869406
-0.572856640775594
-0.530067037964905
-0.514653181803396
-0.376178248157143
-0.418452558025526
-0.527564854770214
-0.539876374354679
-0.500901615326777
-0.555131384231622
-0.674493643714323
-0.556262632839643
-0.441324003726811
-0.683668249208347
-0.31557483653543
-0.593565496936659
-0.500471500021405
-0.537942179410785
-0.404669745443741
-0.642020968512856
-0.321187372130923
-0.710749604989793
-0.614390731354758
-0.463374624501749
-0.473749104805934
-0.52034351235871
-0.499379574536382
-0.50137852018816
-0.396368043144355
-0.514648264814905
-0.47704924913086
-0.292550168426609
-0.518261627769649
-0.609595010779843
-0.460027412008579
-0.41742443449352
-0.515897499931512
-0.4794885285737
-0.306739910661684
-0.387569895783991
-0.556936440669555
-0.572514891515827
-0.356148638154984
-0.3495767192882
-0.375231659737558
-0.410234635594264
-0.577004864264934
-0.512852749229629
-0.560608137373194
-0.288430020093225
-0.540023506262942
-0.377750041891698
-0.358771734000476
-0.319915360547924
-0.320132161313114
-0.625307413179117
-0.368012619062264
-0.5269974045465
-0.669350677815101
-0.323516777898592
-0.554346145633448
-0.465534934895848
-0.445355766800092
-0.412595697391527
-0.40891846360616
-0.451261174151894
-0.408653445480618
-0.293349309753589
-0.328541746588425
-0.530434647986265
-0.41520088288396
-0.522701772176547
-0.490412695481801
-0.390512586951276
-0.35558792054563
-0.305520506407352
-0.449212395533796
-0.313742200936632
-0.45876356101026
-0.407181290984656
-0.351251881423189
-0.427704892892057
-0.307806388758115
-0.464222588606554
-0.203954949472418
-0.223854585481646
-0.315369252994159
-0.466829373301308
-0.328959578503146
-0.414592765339713
-0.416315543994463
-0.339444535695409
-0.483574793471098
-0.294805093079991
-0.227076042832343
-0.311733350625141
-0.403783427103051
-0.319735499231101
-0.33898309484994
-0.336687691000514
-0.301839124221283
-0.127771190358814
-0.405123355675292
-0.284970411656599
-0.319517357117376
-0.397256946897428
-0.544689536479719
-0.342905156563285
-0.440855338422023
-0.189577705603783
-0.319047262734381
-0.330343425144042
-0.214439808786984
-0.153336135719413
-0.335520726402092
-0.153365305966308
-0.386541965371404
-0.289120077264383
-0.304509237720218
-0.408355594655903
-0.0996099652686216
-0.199801869014659
-0.336393208581125
-0.323301221405396
-0.334983148990962
-0.357968747568865
-0.302320517761006
-0.31902013065853
-0.267494211049203
-0.421202669333414
0.0364112701491766
-0.425112838788735
-0.21392691698269
-0.329752431627643
-0.306448378609713
-0.0770529875245883
-0.372772003628218
-0.311175809780995
-0.287543264928877
-0.11068554675479
-0.204233373202035
-0.161208043484764
-0.198240874686324
-0.190093489035474
-0.212086503592495
-0.249719478347896
-0.232941780242335
-0.440430583971283
-0.233498085875651
-0.295935206023821
-0.199437173590088
-0.0773520792864769
-0.36680000160561
-0.18713831060832
-0.346160496293947
-0.238884964085289
-0.292817857075472
-0.311985238010185
-0.251308579676379
-0.074113351367018
-0.087784574483605
-0.179626138713519
-0.265166661385132
-0.190098178377273
-0.264513557476397
-0.323255399021012
-0.206323774453483
-0.25996357838284
-0.18939381541459
-0.278161783217744
-0.146550411071302
-0.362525702070658
-0.197665273794177
-0.221891527592453
-0.265337224157888
-0.140714493464785
-0.208758178605728
-0.13699595379277
-0.183130796274774
-0.0667383487184881
-0.0342008686157772
-0.178397402251819
-0.142992877228193
-0.0327503149776772
-0.213786808689084
-0.235008589897855
-0.167886467639257
-0.195454140182914
-0.0822445233544942
-0.285468587610646
-0.141873970215946
-0.0674218117354496
-0.232317875319366
-0.20628686354493
-0.0689029154210849
-0.053264489179268
-0.132785697524135
-0.141380598594865
-0.107236615555296
-0.16163602312
-0.277644115214796
-0.106918105980342
-0.0716634731889302
-0.144980039037088
-0.20318386222831
-0.00367943678305829
-0.185775113389694
-0.165435999893872
-0.0882812357547134
-0.0829590626167942
-0.0373081649418426
0.0153667537579107
-0.148183509362704
-0.152032177057812
0.189392131556997
-0.00491647088780997
-0.0620734457796661
-0.280520917254315
-0.206872178313095
-0.215769681419982
-0.125160906854137
-0.160115583720277
-0.0778084295159763
-0.144747223740175
-0.0521292268092501
-0.104759775219257
-0.143392871844398
-0.122971433917507
-0.0508056694119732
-0.0327238576756858
-0.140947543218505
-0.153956486239555
-0.118473174097085
-0.0274872851311201
-0.00670243200348906
-0.0924200908332518
0.00865589147579067
-0.111071411967576
-0.0254620702696427
-0.0608540540519624
-0.130859585875892
0.049487735863306
-0.0727046407804719
-0.0933115442174118
-0.0437606915305237
-0.0349147870177961
0.0429706194355363
-0.119145726345615
0.0687373323455483
0.141528799940642
-0.0999437132067199
0.102514932590277
-0.0595552629848159
-0.00398894507738562
-0.0670096590093202
0.0105011771660634
-0.0451056007684216
-0.137767500806774
0.0131954183683371
-0.0586970592732152
-0.0313068090413795
-0.0172646616876059
0.111116372985472
0.0801964066885595
0.0162192099074295
-0.0840644726424351
-0.021976821799039
-0.0974838065609675
0.00869553904232325
0.101649247137513
-0.00365784177350802
0.000969739025989021
-0.127864296384772
0.198301269834019
-0.0969988471642852
-0.183893466517226
0.109708795681262
0.00634373191920623
0.0561509466428677
0.0705702194343119
0.0446932922948044
-0.0165359156536215
0.0568933634840636
0.054317771383695
0.117133802853264
0.115429096924281
0.0766800610944064
0.0113674335651791
0.072106150675835
0.0879590115702792
-0.125306260760483
0.181203352823285
0.0646390212458475
0.0284408182365995
0.124957642704088
0.100572314805317
0.0463082915007365
-0.00460510826363197
0.105947310764799
0.115117395804636
0.105706784078938
0.0806835157883321
0.189928471335291
0.0114047454298349
0.052008234865921
0.0109361901229894
0.122699054108777
0.136546669939482
0.108761982779262
0.232002775646988
0.130508020937179
0.0375673541083749
0.0743317042114942
0.149589977820764
0.0906249213437119
0.0524555373242753
0.0231639536019244
0.0230273620681793
0.119489275023768
-0.0309465807783188
0.0839758098125515
-0.00259014313119123
0.199008765649201
-0.0413698442758188
0.164829531988297
0.150855468438494
0.0963875674242556
0.261390729389705
0.289553211969986
0.247494810982689
0.150275938286512
0.130457464366271
0.0392581762057936
0.196088618562419
0.0689730262915924
0.0386950387525297
0.186279334009248
0.010646023344795
0.184843887271232
0.128127184602811
0.0335347142757432
0.140634692944285
0.158394002261359
0.0865350136564078
0.268606323880271
0.260854479623313
0.127420924544218
0.121758146333183
0.0899254808258741
0.0956680493347467
0.217914127363249
0.164346223590087
0.149349944802629
0.238596880416096
0.0720771427607879
0.344447580041485
0.228218230405427
0.14647760779979
0.198405214421482
0.117509892509928
0.181260101394812
0.285654554781021
0.0650057896754759
0.260639868387852
0.193463997236847
0.0411583197633292
0.15209896674483
0.132251215380678
0.215929389016639
0.154863273522563
0.284270930924808
0.259525485108068
0.139795239867316
0.412914252423815
0.294312871452822
0.0923342250703504
0.159371481585309
0.114035283307417
0.226863111991547
0.279238760032183
0.240222676361115
0.311992133452879
0.315835628854957
0.259124110931915
0.24954532431676
0.303296191566225
0.262683716790597
0.131201465118352
0.158704346990729
0.248477836956463
0.181790705114286
0.315554776096706
0.286239358747037
0.328731653383644
0.262707465966963
0.263740865967425
0.258351895473367
0.328803328658086
0.298311654772998
0.310683913440916
0.300645412888271
0.314272218191214
0.291378928657145
0.243941701738968
0.333803851300387
0.348389062680698
0.252635911087459
0.223825267110435
0.269939606668002
0.339259557033389
0.378653824179201
0.429115222264986
0.275549794281918
0.262290725403414
0.310346637948962
0.379413880934561
0.318959314484918
0.137344067261146
0.342251494231544
0.182616593991553
0.262303985146393
0.275756840631126
0.250023839787486
0.366558932294228
0.38095338183953
0.444839830978998
0.197324360506425
0.327514068299051
0.295233156965717
0.306578624656134
0.253638282473332
0.267682303085459
0.235056284957704
0.42098455916746
0.411911420512968
0.224955093576582
0.334811498007481
0.231711462326348
0.227022675731964
0.204172792117216
0.283464738528173
0.39857684994524
0.364333421944488
0.354731950094395
0.309331748502312
0.254494132355288
0.483450371768092
0.442301434873014
0.580229621695336
0.514365687422461
0.299679485491916
0.374253561802247
0.481125565531523
0.355571747527884
0.412355802065031
0.513775965733872
0.301964007911057
0.343165413719906
0.44643870847051
0.367695974968461
0.344149923021934
0.51311585722676
0.401237577022199
0.287552065090667
0.227168805694086
0.450966169733506
0.304691812594827
0.304556367934513
0.371998654547478
0.307415369229485
0.426850925472779
0.439404112083558
0.325806715252267
0.415227152443972
0.250279509147698
0.396842463009455
0.33543611113264
0.54243517801653
0.452715661130951
0.506554119993887
0.394125764690713
0.40110034986898
0.276284223837874
0.4294221712725
0.537861707804379
0.379726087200557
0.342492853112164
0.446884362155005
0.484027459844037
0.458696000074187
0.386165098960827
0.471194562643704
0.495693685807703
0.466069970794538
0.284685685179913
0.443432661209749
0.425235484299289
0.582516750213658
0.540114296815454
0.395344098793328
0.412685055510063
0.483320502391225
0.443856472823201
0.48431323346046
0.389024653402794
0.454380468338388
0.447656631743393
0.589761269518537
0.537324555598611
0.593324029771991
0.418979358641619
0.551598005679867
0.524559345735051
0.532960858980051
0.482280312152237
0.623791602022794
0.546020162606451
0.503323422611964
0.365207006542874
0.349023262319926
0.463274405288628
0.409580025424899
0.58244164404314
0.442050508149225
0.601703328289212
0.513355513576883
0.470702607132543
0.703889549896397
0.652380266493655
0.641411893515143
0.482949770004911
0.523629160350723
0.420676883033711
0.570683709972848
0.531774657009977
0.533251175053555
0.641487109066191
0.588711325061234
0.551657439593893
0.494963761439137
0.666958797363193
0.600976688283125
0.528294114111299
0.497453475341541
0.626351954610122
0.58812498636308
0.629745843368827
0.364279964854261
0.508052911091293
0.684016763916169
0.534575843075247
0.655144355487451
0.577775514378429
0.639453352890555
0.604738884757967
0.697021243570303
0.596603942290802
0.615575893468813
0.713906656817599
0.539966009422519
0.541256228318075
0.574589951098634
0.49687709357164
0.514637673496878
0.522969560414944
0.610227496258424
0.637572725201536
0.488010689454267
0.61026806354446
0.513493406112665
0.681615291000175
0.651614241450682
0.535823187490817
0.572361026398434
0.476913064598558
0.531680197938603
0.637930278541581
0.651390400462447
0.595621433570766
0.640720008693935
0.545001199555367
0.688352908623999
0.781523592266739
0.426431220183898
0.514719101589529
0.53504665916792
0.646566729371463
0.622621926989222
0.565420784324093
0.575891480394952
0.596236329520733
0.653938606478869
0.673000246496547
0.735896808792276
0.613859836752631
0.754698687784888
0.478132697586071
0.608673347581927
0.718109346083192
0.714925067332274
0.633411920999236
0.54531075407511
0.75542454023141
0.818447243575262
0.586510756468525
0.822068876886855
0.75559917586925
0.600125486411659
0.67534958224902
0.840543855978985
0.747778235845057
0.613993682889305
0.627508289954217
0.678922967678305
0.661780698042362
0.646937955886948
0.603362806278888
0.708500771746316
0.518925581156362
0.796063403757112
0.838094733940644
0.676769489126017
0.632652569508406
0.66322102941853
0.718389830897013
0.662577245686338
0.662642576777413
0.62838432054656
0.672303171118499
0.607214741881939
0.789247666200624
0.721981676200596
0.678381696703461
0.717362298981219
0.610541787789893
0.562304840858553
0.708136248570392
0.813601627112231
0.77537769312289
0.752243717546873
0.633045477169261
0.778018561811214
0.527347272937459
0.889714370964103
0.748338206358174
0.764216446024601
0.646077347227115
0.634767466501585
0.608179695887899
0.878074812505937
0.65791493402791
0.874123965770693
0.774302660795468
0.718603401233494
0.79124576156585
0.669975304722527
0.756879950566459
0.803832260498407
0.72287847122042
0.6853022735077
0.784205886816513
0.748223049618575
0.734398520235987
0.78314185506281
0.807866556455566
0.814071140255876
0.921189761054329
0.820080698702184
0.851195307401599
0.856990758145921
0.834080582896683
0.777188330789723
0.730724265260527
0.629490559999315
0.928954613492388
0.873322746896741
0.88468713073291
1.04913986134081
0.891323222747423
0.840545093825449
0.775810788028368
0.813547730466769
0.923437993792249
0.761030714971864
0.787786171439014
0.861211553651813
1.00043697794814
0.857404465145579
0.840403691521975
0.751970205396683
0.84867759090665
0.865287192669117
0.866060944458801
0.90321188248003
0.719520270899398
0.733360941177245
0.876429956298661
0.888624519359007
0.962883703821952
0.813670745563304
0.943112692207494
0.874091277599891
0.906308010776693
0.815551303093389
1.00431260443056
0.858761056372114
1.07218750124243
0.786874031938039
0.815379109882294
1.02568328977735
0.85522366032785
1.03492976334972
0.914220581949035
0.84297981882854
0.783003183096029
0.953957819797928
1.04836880716744
0.781545984549876
0.929210086141179
0.881402779182577
0.843868870636384
0.962700172571886
0.989209687915944
0.921574377050926
0.869520476975684
0.898548275067114
0.993074587019252
0.835665751708649
0.81476622850067
0.933020394314711
0.947689919940239
0.812561031789213
0.917379531664239
1.01107645960685
0.941575859707632
1.01907475189657
0.875721344174235
0.850453643767494
0.842042511076947
1.00721841221543
0.966984648265901
0.812444892694552
0.941492716303599
0.934711475668786
0.900217978583947
0.911439226270174
0.919221546748878
0.912435178045924
1.07861198175468
1.07028139079591
0.882813645228465
0.987049808500153
1.03897760689898
0.912757049717411
1.10494489213965
1.00823205277072
1.08034678095396
0.997891607879746
1.0527871299782
1.06252393070168
0.899678213269126
0.942904608300413
1.0385105237626
1.01851216124687
0.952958731250508
1.05220155063623
0.96118082190857
0.899905759331726
