-1.20058846795148
-1.08347254625297
-1.11708615417043
-0.893220948596991
-0.926545017328641
-0.953303631757505
-1.0135745324336
-0.915442475008663
-1.15592908970322
-1.01070054398131
-1.00344766708538
-0.980827180351513
-0.902857100943159
-0.847294636129439
-0.934105127740525
-0.992641302043119
-0.991518796368831
-0.976559823692117
-0.947545607584777
-0.900001535327822
-0.936481416625909
-0.9649241172105
-0.862735261990994
-0.910392311949958
-0.964680412236626
-0.83892875645699
-0.900875156198953
-0.868162238410144
-0.927735976851025
-0.960584103844274
-0.975041527252431
-1.02361228118055
-0.914439632067904
-0.921645209923806
-1.0281150818732
-0.930004657206232
-0.90599079171491
-0.904246183526884
-0.814671570529961
-0.823270691543555
-0.89403254459723
-0.790062042716423
-0.799110724890173
-0.800387510461285
-1.0247330559321
-0.900924655569532
-0.898335011752396
-0.952951871279655
-0.879093022085357
-0.881083429114554
-0.782654787066685
-0.977056082674018
-0.872055571852349
-0.871296340928595
-0.913484095196191
-1.04136396623484
-0.924387802816965
-0.919384788399338
-0.956417789615352
-0.920739891602078
-0.724507682464512
-0.939484762819954
-0.909156190643086
-0.773166375626648
-0.799817761643377
-0.700231400161693
-0.908550980950758
-0.839453462321912
-0.844828657846422
-0.827169180535904
-0.846575597193295
-0.829090907885722
-1.0564503120726
-0.944707449494964
-0.951766158158468
-0.932520659696579
-0.838151606665009
-0.724332639698798
-0.778208631189931
-0.834777828259287
-0.851526266387433
-0.820787185884217
-0.884908774659195
-0.822153763732584
-0.796140226659107
-0.734760218559913
-0.809467987836509
-0.899135708624132
-0.859435414264894
-0.785177668230801
-0.738765186657404
-0.730876360220909
-0.775860045930804
-0.630377161484294
-0.812717936369829
-0.914214398401366
-0.860380057410501
-0.721791537932213
-0.788843280033734
-0.746789321598959
-0.865536005913324
-0.788178738141854
-0.818257260093956
-0.881066986565572
-0.827910268038485
-0.876558518486476
-0.757546189912539
-0.786948215579028
-0.823967258193756
-0.7626015191781
-0.792684271409379
-0.78674656980204
-0.767888230134207
-0.623153676788353
-0.794466952476172
-0.881921746492962
-0.643236190705234
-0.707766279813215
-0.634133961860976
-0.665705359838898
-0.664288079647269
-0.788182276356529
-0.718558824446559
-0.797902338692589
-0.727109753392281
-0.663735093637385
-0.702644430323493
-0.58340143400536
-0.694082121930145
-0.791009184715965
-0.700053828129836
-0.872122088652341
-0.62539906137764
-0.629404314361098
-0.750414476568582
-0.803002790703858
-0.744480490130844
-0.733139156515416
-0.674599810576111
-0.772038752389849
-0.669739409942056
-0.757284287840473
-0.790647319575238
-0.856658161111796
-0.632471169697127
-0.782594051486489
-0.628482605843993
-0.749499030616151
-0.759160999960031
-0.730168566147147
-0.546708192011723
-0.653225031398754
-0.776746666681486
-0.602646298779482
-0.757242971427832
-0.727229009931266
-0.594895132598836
-0.731513087243872
-0.771015263370435
-0.757049241433004
-0.682814097274107
-0.77849028880011
-0.591722831025365
-0.592709711687475
-0.679606456589351
-0.579132532930671
-0.564104826544891
-0.715588132477962
-0.556056943858601
-0.771700265339649
-0.719421904692611
-0.66571321646037
-0.761355754411387
-0.567656695415775
-0.71544486705663
-0.653800369565403
-0.668906817492809
-0.583413088389842
-0.690345604936685
-0.667997174682764
-0.686280450918391
-0.620477144119669
-0.599889763840464
-0.570225115685445
-0.687873838419317
-0.603875098010722
-0.599366467087588
-0.645914664837227
-0.646832363651981
-0.853074107811031
-0.515953023805681
-0.683508415359817
-0.651331109970714
-0.629441782974529
-0.644037651211676
-0.677759913903465
-0.561731309754056
-0.729288509584353
-0.546881133339251
-0.569291764198955
-0.573453599602042
-0.685096059589123
-0.632523003761014
-0.649056450588147
-0.618449466637543
-0.682202631637414
-0.438752282730905
-0.512167463936536
-0.757217863449088
-0.658594409413374
-0.568744875905483
-0.476225815840947
-0.518790834431244
-0.512954240229249
-0.690798230529394
-0.428398600932052
-0.404134358077274
-0.70809389757412
-0.593866314026071
-0.563961171210412
-0.528000815803541
-0.481089329868481
-0.644232452211832
-0.437605603100438
-0.491725307492242
-0.616762767883455
-0.678039685126041
-0.45861973800674
-0.377860027156749
-0.427391818523865
-0.625207217817652
-0.551327142599088
-0.367349159072396
-0.575236910561606
-0.513666934988526
-0.569271053792429
-0.582374304470542
-0.432387483426083
-0.581550447455928
-0.499551338882307
-0.559290739892791
-0.405400941455298
-0.594297307886948
-0.492863225786314
-0.400399934921902
-0.526029473357652
-0.580079710740201
-0.563059620662981
-0.440971196657925
-0.491146797408583
-0.576593373259501
-0.516952630057193
-0.520052557176588
-0.53893993156259
-0.67621093978474
-0.475572524327954
-0.430315994995345
-0.369350987457578
-0.455382493221577
-0.537689389073435
-0.461241496482078
-0.412765703541156
-0.536037742887792
-0.396790056827606
-0.50135631427507
-0.432429757861432
-0.476175428522922
-0.49321010576714
-0.373938884676033
-0.346901992814758
-0.483475674837985
-0.539541693824723
-0.46503878932275
-0.299267712021687
-0.45077035261217
-0.405747535161193
-0.367939656663599
-0.511569387102623
-0.536008801179474
-0.457183644640259
-0.317002102731404
-0.373923276508789
-0.527333978860336
-0.429503084420666
-0.394705775100325
-0.35547034972427
-0.466513534532543
-0.456901993896562
-0.308744585535567
-0.370802722808276
-0.429034752787003
-0.570935950683138
-0.359301331777971
-0.396641767738185
-0.425188486535355
-0.329735242548854
-0.539167677351711
-0.361085427900511
-0.474128650163104
-0.473824194423437
-0.367260330695452
-0.405345111564638
-0.343918658889087
-0.38150246079077
-0.226775867741785
-0.241869988585564
-0.382249624301185
-0.434451296664132
-0.292828120863024
-0.468072258767105
-0.312340580379342
-0.566095554736109
-0.463496770225011
-0.248633796759972
-0.407572198720015
-0.277678643136768
-0.389293380326867
-0.535971887320276
-0.258020002835704
-0.290271401352558
-0.283336034439242
-0.353166986356443
-0.249922177935354
-0.22086537053832
-0.350254735798067
-0.312899623108218
-0.366669869461493
-0.312911777931049
-0.487954086522786
-0.330725534013072
-0.360942643019788
-0.29264186390695
-0.152056829274463
-0.396673074283494
-0.444601127695527
-0.43895251192414
-0.327973661005222
-0.376262172737767
-0.299241729854678
-0.395797785541563
-0.289402126457465
-0.393344249327485
-0.318273797341622
-0.254390544591997
-0.34610258367853
-0.257437299934047
-0.425184316785915
-0.301413995619517
-0.241066256010611
-0.27440879129547
-0.470373719067417
-0.344840580270058
-0.238490965210848
-0.216166655838678
-0.283095128223867
-0.333245826194923
-0.297911413226841
-0.35163457897812
-0.193521951671461
-0.334127769393852
-0.24168329399154
-0.404057631615582
-0.3598310912172
-0.310333133868989
-0.292363627994269
-0.385262405312306
-0.291997696038708
-0.261496259704249
-0.129910618883501
-0.127851553138238
-0.150523011175744
-0.310417737898953
-0.317559015753408
-0.216583126734362
-0.298212331986668
-0.17020118410708
-0.272731202976194
-0.0524567965275252
-0.2742751961797
-0.45200227259406
-0.357223065711954
-0.223884293607363
-0.173912723077505
-0.388190131939833
-0.364723219323088
-0.250407784908829
-0.171036373090429
-0.145532590827338
-0.264960986511218
-0.155351320275872
-0.27428610707698
-0.14984039142881
-0.139200187209113
-0.364865261051213
-0.16352872798099
-0.307332206557658
-0.192355889673342
-0.169059361823465
-0.187247589486734
-0.217399916430603
-0.120696503707821
-0.207427028129222
-0.339963438422381
-0.219205471586841
-0.0796453137888237
-0.324445401780623
-0.162802759369511
-0.20834780614579
-0.00795483601833852
-0.191095730950766
-0.151689005416196
-0.0729159743688313
-0.246668627395707
-0.215865318160496
-0.150874983513787
-0.369726054855735
-0.0925897828003
-0.308085795592231
-0.133940212380776
-0.0947654047577467
-0.244674078145814
-0.141992144154599
-0.20528787781511
-0.242258275203236
-0.266637132484587
-0.110481431865454
-0.114201302732328
-0.0285710591307156
-0.171873150896565
-0.0471208649169723
-0.228124568713971
-0.283010640620289
-0.239872208580828
-0.166547584011469
-0.250772790404556
-0.0667059276343376
-0.170318425384379
-0.0194666146100756
-0.0670414502261701
0.0574050462387154
0.000348273990376509
-0.119039056520906
0.0273657765781788
-0.189393859507148
-0.18597670755942
-0.111971212875857
-0.108300496065569
0.00582129281096154
-0.190261055831119
-0.0989070782547129
-0.103655087443198
-0.017865788482204
-0.188962571628662
-0.180253708241939
-0.144397710910751
-0.0760178717001397
-0.0967913981458225
-0.0250549373744954
-0.183904187792893
-0.182229354284855
-0.122105064033148
-0.0327472209550427
-0.182799792506942
-0.187279246428776
-0.170255443927564
0.0521214523905364
-0.0854782355526201
-0.0258130429813517
-0.144792173080179
-0.167345814721163
-0.143562002101063
-0.155416503940831
-0.211318969310679
-0.123516165867083
-0.0738660521241012
-0.115236115691199
0.104977076620301
0.0213537809866508
-0.151802048433444
-0.105020647543874
-0.124733223267272
-0.0231143768808424
-0.109664478880003
-0.200839839164237
0.0918800558719039
0.111185891996287
0.0577374136359783
0.0329685130252576
-0.176108091877141
-0.0426103065571346
-0.0393275682084925
-0.0308013508011871
-0.0292687035136878
0.0478907459541232
0.0429765789219396
-0.143249511553965
-0.184115137096876
0.105717500323327
-0.0940917086291379
-0.011887607773509
0.0501344534077388
-0.11465057097104
0.0549392389842142
0.0486683702898326
0.0355599879818054
0.0366158488876097
-0.0782995721731694
-0.183768443731688
0.100296953184388
-0.107408156373127
-0.0290456918442427
-0.0245960296258264
0.0659537598635557
-0.113494082447846
0.0258796622697294
0.186929461346359
-0.0242211481023535
0.0506675556437691
0.118260769438083
0.0786157484100561
-0.0140351282482016
0.124383004462478
-0.012195456933941
0.0304002573932994
-0.0121321961118636
0.1937367925175
0.146430929864723
0.130861041704472
0.0808920624267659
0.0803235630639866
0.127198239628915
0.0684976463993545
0.0591734971941679
0.139236140389138
0.0395277815296519
0.128703209648947
0.0382297482018602
0.0188722518573087
0.104863537628979
0.00790123306893709
-0.0373240242874123
0.144221142304045
0.0796074706981879
-0.00849329728871653
-0.0581578665393237
-0.00841100401785822
0.171392605855901
-0.010541132015239
0.156554146718737
0.0136928835903926
0.0336793808627721
0.0806333091297128
0.0114246794630378
0.181002197686839
0.110452004528189
0.235997856349768
0.0302656000607815
0.183153417676155
0.0183066296514399
0.159805610352265
0.0428053199943271
-0.091356782230601
0.109176999038153
0.0795090250725808
0.213054214346796
0.234591111148184
0.249349831660443
0.0299389300443961
0.141806653440529
0.23918347448984
0.125455463220704
0.128315034314122
0.118089054475759
0.114235534248373
0.15383208301867
0.155540444260389
0.0300333119081496
0.131059359693506
0.204155947735162
0.0723874269366989
0.348622138089076
0.0497952806966014
0.198860003750043
0.208199280828369
0.171649867990118
0.101714821943438
0.222055322178299
0.119346952778008
0.154383004567028
0.315193507815051
0.311199805255495
0.27313319413226
0.117863494808448
0.0895940091363964
0.126858451327802
0.186756939397987
0.109130467511965
0.207680666091962
0.145180672215614
0.298205581694594
0.108422465490023
0.0659425383150018
0.190028947572959
0.162028437593817
0.375775253128528
0.327261977971574
0.209255778026269
0.337703435586303
0.230013596924591
0.231680289903807
0.251433765182988
0.222535727855431
0.222219390748994
0.134439383143895
0.267460132847408
0.302563490901631
0.288172442406697
0.212378813206045
0.349184332481323
0.265302186212169
0.362793620629131
0.215141360956031
0.147317173951575
0.246025457228434
0.287214171922934
0.278948799987051
0.173455969907627
0.350571094993881
0.225384648135601
0.294535785795652
0.269638679153785
0.125977334535519
0.0633227644498916
0.190438796123868
0.400748272181249
0.287938245783432
0.276398405661922
0.28216079686725
0.347136513762614
0.212476545164749
0.100190112825119
0.384323135893312
0.30230418998426
0.208437469022461
0.36074456612012
0.0771548334839187
0.34819705513967
0.190828409284303
0.216952675436484
0.290923927743316
0.259949285423731
0.271000265609838
0.384525221780937
0.311055730582832
0.41996405414789
0.395461054752546
0.458342888383924
0.231758601512988
0.404434295236929
0.288913147246917
0.323253935790801
0.222932502233098
0.369562482637554
0.197382758195053
0.506294902784194
0.466699114923818
0.27553150704083
0.326486719804236
0.354199786975444
0.3507518372313
0.252606723921286
0.277387997718982
0.295993483152929
0.350336867344802
0.415229346180134
0.408866619386256
0.280600187967177
0.47696862514937
0.454171763855209
0.425740263213124
0.491152102061399
0.485795216037871
0.340020837856523
0.399003605735162
0.55156070820608
0.169417412419198
0.36190789186019
0.419840926505039
0.266548805999452
0.297194526166566
0.242857988089594
0.527174883159252
0.403005878225303
0.314625351661962
0.493243378191586
0.393748700181838
0.387468059179045
0.373207884027971
0.459611737306011
0.353877530012687
0.500188713451821
0.416646487858513
0.436215929998528
0.386169105035791
0.444363093276393
0.376866764234943
0.386986086298096
0.427042073443718
0.397514460258529
0.426156511410608
0.423389259740525
0.273806008390392
0.385910765527768
0.39282502544398
0.481171071680345
0.396636257288627
0.459088554443358
0.373659525190822
0.432112503788754
0.426595187373574
0.281982046060245
0.398076107584714
0.571780117187375
0.452354834874227
0.566997069267915
0.623933513719268
0.431430039759021
0.46639469501235
0.342067670656898
0.53921033205872
0.4784692828549
0.353974301582637
0.564342111650602
0.509508217715332
0.479248913806567
0.591293296561442
0.455729860898294
0.541216071691617
0.547912993184336
0.563701155212163
0.449686707158933
0.571377355922173
0.430389583177482
0.542607501953592
0.422435340203177
0.375756049921092
0.422676660709986
0.709230829243931
0.51679966633753
0.506101563391331
0.440333823873512
0.497187267607925
0.56725732181165
0.541533746547836
0.387674903950036
0.556371642005962
0.676335196329997
0.452776633831204
0.469720855749988
0.427391301314544
0.375328209564839
0.515379854377144
0.564776593085779
0.478182824857493
0.52744084274839
0.509755158190586
0.439803775908367
0.444740452657003
0.54504618472222
0.54574249550972
0.612203981094717
0.648076026932549
0.626700133351267
0.383850619635928
0.508862938517089
0.586558144998586
0.616561867598826
0.591964082759653
0.439898172340619
0.558685019888422
0.621460320118439
0.599803674784045
0.566098428669132
0.65720486505059
0.564337048537053
0.54120675582153
0.598617546598597
0.550032531534349
0.659140012017474
0.561465929018174
0.594646221894041
0.372751543331454
0.452918032647643
0.588541283777286
0.546652357829511
0.60160834196052
0.5301830337595
0.57029044741188
0.537554804297216
0.558649151687148
0.613956941904266
0.577283684693026
0.448099849668007
0.82840212554258
0.680730907302769
0.587224565070994
0.587678559526542
0.701510272461953
0.52140284259889
0.698480631668181
0.623802086008518
0.578122265286969
0.596052574756577
0.649217994490464
0.615091234514582
0.626117893468199
0.729854274110106
0.580648781130711
0.741060921481271
0.553415730592561
0.603314583883824
0.681078227667414
0.586937987853329
0.578051045104389
0.774481087302512
0.745681216821247
0.596955123777652
0.66373063336752
0.669339477612999
0.708342702117421
0.722259723916651
0.664019288556053
0.761402386571558
0.756924376107547
0.725190990002787
0.579971470072396
0.609783636310107
0.713343823472515
0.727601136692808
0.734193158908701
0.682820164038101
0.517507871473008
0.632995128287051
0.771346205161064
0.626496919816211
0.721725575672
0.720193767842617
0.813125803974305
0.66583452729113
0.622777787259242
0.571169751526801
0.772624053168283
0.772171351486448
0.612986990082157
0.683687177566363
0.694549042219416
0.689717393041077
0.702785842852336
0.663139038826278
0.731226380254624
0.600585289570529
0.87583834355108
0.64081078151248
0.548353244888279
0.783578304717067
0.74163852008184
0.765855754015174
0.696647128768614
0.856774753547815
0.707285152496587
0.737677772522686
0.700110679549554
0.74651393645946
0.69852468464406
0.838913434914918
0.893695032690303
0.89407537482982
0.75453740384168
0.690239154040531
0.566531724782117
0.716775477349164
0.70783909394639
0.837098954164111
0.748442363065163
0.679058144489366
0.887553498648571
0.692453674855349
0.871599861774706
0.760789171578998
0.663103316535616
0.837419691551697
0.714866617321832
0.955998802449266
0.751910844905261
0.691398802445723
0.831228371849447
0.83333228355589
0.716240915820832
0.756497636978712
0.752107226564598
0.867929492526194
0.765704094037569
0.80061379948189
0.67539713943414
0.658386637703951
0.866115983353354
0.842574784047168
0.809694825424622
0.848446084147766
0.842028136870691
0.907273835306952
0.823522280713181
0.794333886339196
0.898565318365279
0.945604585561336
0.778031376438585
0.893623592355105
0.673102972964019
0.754848299124414
0.841749548744564
1.02395602589245
0.740878205593353
0.889786721102133
0.827917542126872
0.690676625759999
0.84534536623475
0.902740820320632
0.778777327200983
0.762474508684432
0.865403523383782
0.873024257221665
1.01234434006894
0.869519916802936
0.900324320487942
0.897166577766599
1.01340744737915
0.808854045808363
0.858216573658392
0.953448029751026
0.768381960449484
0.957367915012459
0.947208455236047
0.698246836935644
0.901205172804309
1.01857589905512
0.902605501361255
0.744207296955542
0.951714433849267
0.79848758471141
0.909840979750819
0.878368220393896
0.770121711892655
0.867842610669194
1.04602143763656
0.845260798099235
0.827006749835773
0.973338126837474
0.938404185166068
0.893679311341675
0.954993197905596
0.893307598755294
0.893075311357504
0.910273654715906
1.03318414766054
1.03658109269437
0.858405509351675
0.919535704005073
1.07611875296119
1.06265791927097
1.03355469799224
0.978032238058377
0.928270060884453
0.847442663751648
1.03990330874733
0.971299380967952
0.897634038982865
0.81208098242542
1.03231769167033
0.980376190437623
0.779641864893221
0.778182293376727
0.833140467126121
0.970971185925867
0.845570377657867
0.959896969893127
0.820172688534987
0.969390208099538
1.00999456306985
1.07619087820234
1.00632694856989
0.999945393824526
1.00055632081381
0.98777274513431
1.02548390855678
1.03516534372545
0.977713619167858
1.06549649067195
1.26726914037012
1.14491422119879
0.988837882878167
