-1.12715442517919
-1.01629175645467
-1.03426452350301
-1.00659263262378
-0.904953138260259
-1.02770234528056
-0.898117776465116
-0.959580190345306
-1.10144701888916
-1.07668810740694
-1.01409367401843
-0.964605937222711
-0.91017937786605
-1.04449166192451
-0.877732902477153
-0.986459073985309
-0.899193180696474
-1.00642781977858
-1.02876030504477
-0.914812149432381
-1.10733794761663
-1.00318652746092
-0.893610075386755
-0.858567904283148
-1.01112827844696
-0.916653907683343
-0.904225400343496
-1.03424094949554
-0.974395418663611
-0.914324937031404
-1.05792343291585
-0.858921282528071
-0.900556391423404
-0.808568206366793
-0.848680220185591
-0.872087230986996
-0.786643909699873
-0.91938435718944
-0.875112764075385
-0.943345982309639
-0.889034785176675
-1.07936786865723
-1.0692606656392
-0.964493100968193
-0.85271493485822
-0.920014038493256
-0.996122252360549
-0.85286536426747
-0.774780111057933
-0.894099462162479
-0.879624562471753
-0.878861131347393
-0.831209127351693
-0.851758137706676
-0.858379960500216
-0.844130599752018
-0.897473901741604
-0.825731093842683
-0.976511160645085
-0.953208271902685
-0.832024698189928
-0.896795530190234
-0.897712180305922
-0.851226611914345
-0.887225666349822
-0.935726607279362
-0.90986967247477
-0.808317673583461
-0.905457471825902
-1.04287103323354
-0.962445590966756
-0.891954941377626
-0.972377266286386
-0.798690761213497
-0.831426852087626
-0.879449879327985
-0.891621034457435
-0.907891475445191
-0.871505583656247
-0.677799617185226
-0.884104390256572
-0.840338424906202
-0.832766343758089
-0.866224345686086
-0.915104425104997
-0.833243581011692
-0.761032614858904
-0.896467253818149
-0.804997358108163
-0.91288455960284
-0.796274425783497
-0.732751380586857
-0.870423836130739
-0.825515918144329
-0.757149450528923
-0.85198239451668
-0.844713587553571
-0.713219625453781
-0.775064267199899
-0.702998424115378
-0.863740847602092
-0.749456405987111
-0.753521713166215
-0.688952572840344
-0.732848868869545
-0.898398088004828
-0.637531097059869
-0.700566254523169
-0.748556498300767
-0.802787495791846
-0.825558938631045
-0.873252495580699
-0.771824416254245
-0.819205373708614
-0.85680388460954
-0.806811522541996
-0.870910427117209
-0.58717399016717
-0.784905984178455
-0.756109115477682
-0.765993587360461
-0.862189942245336
-0.832599817863335
-0.603825766542884
-0.46088823718201
-0.646027372458606
-0.707619569407508
-0.745677001661497
-0.767268603059352
-0.812147797322062
-0.757734005900232
-0.730937088186559
-0.741489615864886
-0.708250682083071
-0.669893404499555
-0.799249075460802
-0.803678284499692
-0.833100167130713
-0.580537547628739
-0.668870379407508
-0.639503353152779
-0.712477609646268
-0.6771428291552
-0.693259501291323
-0.623737757733785
-0.751088536342262
-0.79146940806487
-0.749563141051759
-0.643165059035208
-0.573034875800195
-0.547726717874533
-0.65314970799879
-0.661997563017028
-0.594671445496397
-0.726928308020312
-0.690160452613041
-0.825969076088596
-0.766259511097928
-0.590293974692632
-0.659232848729573
-0.699996186139964
-0.694301201527449
-0.806246039745354
-0.808319603011323
-0.708712138813024
-0.781683088529624
-0.619921599345022
-0.544451852924298
-0.673794296419882
-0.541682016723362
-0.635226084804027
-0.634585480268585
-0.64135820648383
-0.597621082008016
-0.655082898109356
-0.656795363089196
-0.538614041228006
-0.57218127871549
-0.537073288831749
-0.750888137258387
-0.678388946984769
-0.689869701246831
-0.65641722522698
-0.601200478954068
-0.567222952174258
-0.587922452082025
-0.641495669130232
-0.678869124514481
-0.557188076892613
-0.692712911848561
-0.606752161815494
-0.60430842740517
-0.614620616674807
-0.445784941952963
-0.589355164459877
-0.634411755205989
-0.600693419960163
-0.643098615539739
-0.684491675636389
-0.524679480104532
-0.583243049418316
-0.596062827152545
-0.655527191375233
-0.595595542581294
-0.484835815769044
-0.631490527172635
-0.559808482274824
-0.54428989523916
-0.42195966524543
-0.539851896352558
-0.610736200123983
-0.507330433031531
-0.432101789400529
-0.492641820066346
-0.556049585654255
-0.486025090631074
-0.346995954181569
-0.548334921239981
-0.57103859030744
-0.491193854336258
-0.592530772601733
-0.538550672883373
-0.710349415842001
-0.56915479287567
-0.562139742341478
-0.415698122812694
-0.470012871878401
-0.669427962896705
-0.453770378462685
-0.556416669150703
-0.548458751773956
-0.602415639611438
-0.442464395576797
-0.558030302870713
-0.544914406778245
-0.530447155950118
-0.350815065638742
-0.435863577959104
-0.506680911989895
-0.526402989732743
-0.49284119700881
-0.539313688169548
-0.684274044103414
-0.553216929180087
-0.438049237200559
-0.686743082303893
-0.301843308671338
-0.589109596675076
-0.505805904198291
-0.545392944227719
-0.402914612418574
-0.649424474026182
-0.321520243893366
-0.696955958267104
-0.608377680720453
-0.465051046911395
-0.482718919240025
-0.532894004724872
-0.470631967047266
-0.501130976811671
-0.437578909599467
-0.510252302641068
-0.485876141250432
-0.277514000428123
-0.525837931457429
-0.623763356407508
-0.433652520693069
-0.424632728029824
-0.505465179195874
-0.47650595183613
-0.313491109184539
-0.382921025153807
-0.547427449615536
-0.547710756522287
-0.357041377009699
-0.379586101426731
-0.369610976934404
-0.416240169319635
-0.602664153658917
-0.500677392208096
-0.533380218154272
-0.293216718962138
-0.548696986436452
-0.379119396336961
-0.36345921223516
-0.311038133246232
-0.329568078226384
-0.642961572407946
-0.368022159058448
-0.531785983511863
-0.651674390589095
-0.334049318453522
-0.558529060721712
-0.470840852946718
-0.429652058000398
-0.397276108355305
-0.421496405124038
-0.460664064364195
-0.428561176173113
-0.302591118938204
-0.3294536719648
-0.547035482554638
-0.417856338971546
-0.477676329900476
-0.508641609297393
-0.391047911688843
-0.354484360886744
-0.316711772822447
-0.457682871230524
-0.317362348005553
-0.45035054707711
-0.394584043522652
-0.353181291904233
-0.424335605595946
-0.29682001531562
-0.479914365690393
-0.221745893259388
-0.239485411988247
-0.303916841355881
-0.467860887636039
-0.323491855686971
-0.449052041112522
-0.401615479606949
-0.368972447780769
-0.469499985647127
-0.318161492984356
-0.223031050458587
-0.268953097348429
-0.390229977206693
-0.321864661658755
-0.352740679040612
-0.333406008288479
-0.297167479154077
-0.143711342667199
-0.402345845339762
-0.278755065865899
-0.343647422918716
-0.399591289067234
-0.527376654983508
-0.372353631943755
-0.447356322503175
-0.176157172437656
-0.31776812173181
-0.357773479717995
-0.198364737674677
-0.130363997910016
-0.357016656607664
-0.154479416440578
-0.372499115292873
-0.300769719496424
-0.299706907492919
-0.410812600544278
-0.102596393870965
-0.192269138480452
-0.346004834643241
-0.321457184209304
-0.299781390017749
-0.341268021988205
-0.335176624058123
-0.313289144708559
-0.282300955813297
-0.417757132520457
0.0340808596194252
-0.43460350001033
-0.210684443535665
-0.347910057444953
-0.32335593040239
-0.113764913380799
-0.353466218921093
-0.320684827672079
-0.265345334695107
-0.104694621444877
-0.199565170850852
-0.128924982318321
-0.193396195406458
-0.192035369763834
-0.197168511960802
-0.253595828081698
-0.255694799393652
-0.446170989765939
-0.234474717371359
-0.284747434650412
-0.195781286328022
-0.0586792527132136
-0.332041357729248
-0.205099949886341
-0.348252521257301
-0.249549270371349
-0.283986768128954
-0.296905114909066
-0.259008430591206
-0.0703899301017736
-0.112764575388965
-0.176929313516112
-0.263753255625733
-0.172188217328576
-0.243107732494585
-0.310310625220255
-0.175312321649204
-0.277016333701327
-0.197604577125445
-0.313484652536112
-0.149704117943799
-0.342500320908104
-0.18977327243419
-0.213584734903359
-0.255205582408646
-0.155143978996431
-0.212972387205344
-0.143669183138112
-0.171147667660109
-0.0860021575152758
0.00649731877714894
-0.169664844374719
-0.125832399788399
-0.0345159490309851
-0.218833101188775
-0.216474326080687
-0.187236257240203
-0.190049881558421
-0.0651135407790572
-0.238359829680886
-0.15446078256496
-0.0634213446151339
-0.262764741901909
-0.215453199460677
-0.0663737542435305
-0.0417918878073512
-0.152520721711497
-0.150925906338016
-0.148771610412314
-0.179636731207957
-0.299068471866057
-0.0951312787300905
-0.070892109864903
-0.159147502055985
-0.220473076438104
0.0192442791988366
-0.197849760366064
-0.192499925263605
-0.0808887971899456
-0.0767211146490005
-0.0190495470614689
-0.0030091920229874
-0.117782103901369
-0.173672786015176
0.195389152954472
0.00411044990654355
-0.0606891735516398
-0.272924901987996
-0.211089825355683
-0.232265291058363
-0.164988135665044
-0.180580971902075
-0.0789589547301323
-0.144103017438404
-0.0387566474914729
-0.108311318139072
-0.112573442772532
-0.124812040247298
-0.0547121448496122
-0.0262742638301954
-0.134778035036043
-0.155037141712785
-0.118457743492631
-0.0313261059264615
-0.0246486637421372
-0.0910221965735655
-0.0231973499732892
-0.111682586030396
-0.00845087393016647
-0.0846124634353771
-0.137682674987635
0.0468711908774607
-0.062524628914515
-0.120245939005927
-0.0634951361977942
-0.0278578149833727
0.02068662812136
-0.106720472606599
0.0798919463940769
0.14827973523923
-0.107389749968933
0.103532366392249
-0.0776827491051373
-0.010993393570855
-0.067775591153307
-0.0107772057365924
-0.0659813265501917
-0.155145179343917
-0.0203365012777383
-0.0685833951806788
-0.0443688680151889
-0.0278062058477477
0.102157077058093
0.0773053239399191
-0.00712216904273544
-0.0797944982700578
-0.0327170087786951
-0.104428616714966
0.00735037623749867
0.106723840044719
-0.0128528406709401
-0.00406789563400931
-0.133651362674416
0.200176943333557
-0.122816254695652
-0.188562127879134
0.0924637561338072
-0.0214625357390756
0.0554401850532908
0.0962427041652897
0.0515291645124845
0.000416181310784108
0.0439019229793783
0.0480313173567348
0.0870941147273518
0.131272142907113
0.0980449971036373
0.046945389301927
0.0758301586378159
0.0798477054112736
-0.1222346928011
0.195338056678503
0.0396696669466371
0.0280846640876356
0.155097733172789
0.090761668836142
0.0581740391050686
0.0068903978347017
0.121810496228302
0.113439067551637
0.103489144144735
0.0654163985377696
0.211367396644085
0.0234891336278222
0.0415900933967766
0.0226027208650667
0.120836896968957
0.14569781231081
0.101669827047118
0.246051645449456
0.140838203069845
0.0150955623225746
0.0686169275815827
0.147385550246075
0.101749710769128
0.0385425218055618
0.031563234276006
0.0547722267801175
0.133579265851197
-0.0148977439467488
0.098758056660799
-0.00358980985693252
0.20670033647653
-0.0459601660167888
0.157474856819964
0.182585778816035
0.105708871888081
0.264034423751508
0.282987255384258
0.216309829540166
0.124158002897979
0.131068382806662
0.0517597372102922
0.178288662040846
0.0482204188745824
0.0501712616926876
0.205033758696036
0.0154159344572276
0.16623113448508
0.143320369663696
0.056389411809415
0.112481510695056
0.190319531326308
0.0798870964654473
0.252200085439852
0.253347077749203
0.124147823915804
0.113159554245985
0.0994210980002747
0.0870089842920884
0.207364480555122
0.183771926622544
0.154570618012008
0.272807313600699
0.0550658250946202
0.345326817152413
0.224880957495999
0.149274284859119
0.183541663775154
0.109943087751303
0.187494937124644
0.256548418645383
0.0570825318269211
0.243040149981915
0.19012948269631
0.0386619821579667
0.15870142669318
0.122268700455124
0.238233117481219
0.153121405653039
0.27741148464118
0.259756473504257
0.110951732129031
0.383555235807745
0.284960843153924
0.0798016805004133
0.165494530856361
0.120257974934682
0.254108747048652
0.272540796212954
0.236625088999845
0.330763624787927
0.323048529348614
0.242403077177433
0.272710099412834
0.303506975209015
0.28259419044778
0.150895356325045
0.172301238035394
0.260271608261111
0.189546588913458
0.289561780402498
0.272144696545777
0.321312586691292
0.276680982605615
0.272312738827118
0.277113178635828
0.317953659190745
0.285190730027097
0.316407179121234
0.299044695751057
0.300872751932499
0.305973695333459
0.245530832281686
0.308900439449833
0.332809268020108
0.261953863021526
0.221705538202612
0.260396012210735
0.333513665717494
0.392947591058651
0.441387463232732
0.268727700594066
0.2579761482356
0.305865762112281
0.365339115166355
0.308168489322084
0.132746606135681
0.334855012466357
0.186268952765513
0.288396297773635
0.260772767903651
0.248177225207119
0.373252379482103
0.387071749318209
0.456211465718645
0.218646316939324
0.349939813089822
0.276943545031305
0.329263337676677
0.246755886633214
0.260661071415991
0.234736377934812
0.39131523840284
0.417862574224435
0.2081183358656
0.331906642172229
0.243104987707183
0.250772592538673
0.19205068349544
0.268881410272482
0.424793084795902
0.382428918035109
0.362016504258714
0.300742847182826
0.260907584751648
0.464267436694884
0.433215498036267
0.552494493724256
0.513376605675044
0.306569409662297
0.393205135810842
0.471578530291274
0.352578694155276
0.425453184952775
0.513468545294194
0.300377117421159
0.339768240563178
0.46326375287302
0.362345161187936
0.347607838962216
0.501392482986725
0.388730629009981
0.296166699379463
0.229098261551125
0.452896251306683
0.298711673705551
0.299325658617041
0.371988905517532
0.310449436983451
0.439698714331756
0.430252328927041
0.318199774116403
0.400067295508168
0.236510115274941
0.39860447273583
0.32722044326762
0.507766063141768
0.430738750758777
0.513183551498495
0.415672636430712
0.378679852051068
0.256309533667588
0.412613785595383
0.528235861795902
0.403466582402112
0.364663690260614
0.466911673253769
0.481851801779285
0.461452601939521
0.361657905978101
0.477566837673511
0.513940056688402
0.484280935595428
0.286442560044127
0.429970525863839
0.413609578575491
0.569314068217731
0.523940877186567
0.382487133239672
0.40375926959329
0.467877202459531
0.449275146298651
0.490360266722115
0.370814804980899
0.456459369889096
0.472314490092066
0.585780973784097
0.53860215337859
0.58240178505997
0.435805163964149
0.572087051374833
0.519115522110046
0.541276631345052
0.485761675084153
0.605902971041158
0.556266652700957
0.499109471914442
0.346623067009432
0.326781863063621
0.486178385898467
0.423954626779856
0.568888312279139
0.430795887472764
0.593816402284005
0.533160376003156
0.48022594633756
0.689745635701175
0.627063823682533
0.627512953515697
0.46936250272955
0.532036670371038
0.405028938264725
0.565913403119346
0.526827999493712
0.509583375240621
0.645641832099745
0.569496695708091
0.533419876867931
0.508164518958806
0.65382172911332
0.607117125607738
0.518903581135223
0.50252650837301
0.651317093543587
0.595280023262282
0.616741045966463
0.354744370697467
0.53032644843121
0.686085132569871
0.531094260008954
0.660288126179634
0.579073827159251
0.635168299792765
0.617350270649807
0.699747320917255
0.615296233438934
0.641687036106532
0.689729079028718
0.528143369795419
0.545817678018027
0.586201102907818
0.508700719172557
0.5367687699249
0.524724509838467
0.626582882514361
0.642508058408055
0.508981017097865
0.611119153615828
0.481271802858923
0.687388321814806
0.667845247180224
0.53562569212821
0.576211060786711
0.477657420070146
0.536536840407256
0.637348920364059
0.644722560857184
0.556303549069846
0.655672231438677
0.568326476634344
0.714964010811077
0.766205199434543
0.423912408085335
0.517921933848727
0.542451118371281
0.646247703582382
0.626617585030459
0.560523183633338
0.588177176893298
0.631135105345261
0.630106150138014
0.686397520159791
0.741283082956038
0.598183105164207
0.742389449979745
0.488453302936475
0.603321952729854
0.729951218471816
0.719540713007174
0.621220546219608
0.548991578332662
0.745680769266527
0.816463454257732
0.612938319956255
0.82730144870062
0.790324761691841
0.631076807864783
0.68886090168734
0.850795494017987
0.76101445144097
0.628957382811398
0.661855475837622
0.657425751706758
0.665520451601704
0.665269154341672
0.598588858582191
0.725708778473172
0.509762979238617
0.804007402948151
0.82147177097193
0.656652344899529
0.612415909863273
0.655085187560881
0.703169231311827
0.649401211342702
0.644380149451426
0.63728250849917
0.666377774493191
0.62242129626875
0.799292506466401
0.712848077594506
0.658591608669938
0.685690829800433
0.605027138263537
0.555250300336796
0.723990408741753
0.841339896971765
0.795660735814657
0.761033984750481
0.620800304241543
0.791857147166703
0.514832151906661
0.867721614694812
0.756540505153069
0.81226141077285
0.640859354106962
0.625079639429629
0.583146368205939
0.837482174305392
0.649375017619223
0.884704796444675
0.780449732332922
0.720094574184238
0.770782786330971
0.658366101426666
0.759226458869964
0.789172851607693
0.713541957796675
0.68829063140785
0.791373171594342
0.753272178955814
0.731172346595849
0.796085079182721
0.816386272044443
0.81150841880227
0.925846288295802
0.806723124616165
0.851812617481387
0.846644789374699
0.831193330627776
0.768489650405269
0.764792401876065
0.6159930379782
0.920277105984279
0.859318025065452
0.877596733951485
1.06479131085853
0.909270096898947
0.86036881828041
0.774423966366221
0.828408630262162
0.930299018032307
0.742961993186805
0.774809162526048
0.861779531939141
0.986715935531387
0.858036872197615
0.830790749629277
0.732144050514404
0.831483644411208
0.894903830127063
0.855459449786488
0.896622057872925
0.726763307266723
0.735957944958266
0.892703591748209
0.868751354885058
0.955003071217025
0.815541976847034
0.944755137003444
0.885177626545149
0.917619214214222
0.813384696949512
1.00811049792871
0.847942945566776
1.06388238804718
0.742873287114859
0.796629932218556
1.02694585235377
0.843595664335009
1.00956370162724
0.904581817901171
0.829789000977701
0.758700354317397
0.954443851434136
1.05155844832229
0.79028430710247
0.937834700402777
0.87573261047824
0.84255636075833
0.976742664612917
0.995878636060109
0.917462100415071
0.862030141127061
0.894590675778841
0.988910203267102
0.833544131375127
0.827253655548748
0.915678515512797
0.933255622519466
0.802419518888005
0.925835416051286
1.01455170321225
0.966546025503786
1.03474986423064
0.874791921491851
0.825223820019812
0.834847463336341
1.0087004042154
0.967040897468405
0.83024264199845
0.926640236654539
0.945505681453627
0.901631201587151
0.918222140131006
0.924487902751174
0.912783211743452
1.07279865524997
1.07999358259151
0.89470200566747
0.980887790574066
1.0333896894217
0.905359339263
1.10726197505394
0.998403046419982
1.08345966111644
0.999772697955675
1.06164113643431
1.05203939472686
0.925288225512471
0.943997918404867
1.01593198053636
1.02547008577452
0.939790791522933
1.05530364633865
0.943562420939088
0.907040750094875
