-1.12075583451987
-1.01378349602949
-1.0549468629726
-1.0169951072722
-0.933850404814221
-1.01524583392823
-0.912838402605042
-0.980437621979691
-1.09840136907796
-1.08878438983325
-1.03107459511428
-0.970176813973535
-0.914531927316069
-1.0516004102011
-0.894307779147706
-0.981118446187244
-0.884579405739084
-1.00483899543303
-1.02141284248859
-0.91605609259067
-1.09184311235501
-1.00373053454753
-0.874590656525119
-0.853041234480385
-1.00560645384951
-0.904054911620861
-0.881718997515319
-1.01847170740354
-0.966302906564074
-0.934294686080783
-1.05445854037737
-0.878232582819142
-0.914178300819372
-0.802768395323148
-0.849721049024766
-0.900028787723446
-0.796036462937089
-0.898455710145803
-0.875554918252016
-0.9779904954027
-0.87548622760002
-1.09107718876202
-1.07633526738887
-0.959453271162015
-0.854630027164416
-0.937811476275806
-0.997277874117815
-0.848103358343304
-0.778560102153869
-0.896723869106254
-0.88359440643559
-0.902049309922415
-0.858728539912721
-0.852700787036147
-0.869317942930144
-0.853214352013493
-0.915646061799998
-0.826614057110836
-0.966344893184788
-0.964441362000862
-0.834814596584644
-0.870537020312901
-0.903145897349144
-0.836373537848439
-0.888954183099729
-0.948066370190608
-0.909004542235914
-0.831885038482928
-0.872644026492035
-1.03993084233873
-0.940102910961284
-0.894077990955093
-0.974514533216696
-0.784728251510333
-0.830919866887526
-0.862521776117532
-0.895635388183879
-0.896176653310177
-0.893348316296625
-0.667569459255509
-0.86888905113645
-0.818472941094869
-0.822320700683747
-0.854233746266819
-0.920661038227565
-0.850484045972022
-0.784351121911999
-0.888938802881703
-0.789798224003932
-0.918622508325855
-0.801298445607487
-0.731634499491104
-0.857232544626123
-0.834313855047112
-0.769978938103752
-0.851901521076705
-0.839889719213162
-0.718690488338568
-0.80435234360437
-0.701620140148519
-0.829250742811086
-0.745468027664203
-0.75120959759839
-0.714530181375956
-0.742277849739766
-0.910392282463269
-0.631608762936541
-0.716692308745998
-0.711694783023352
-0.822707226754893
-0.842999298267472
-0.872437015773876
-0.792417460108096
-0.811911652678388
-0.837755072897932
-0.828552587239156
-0.894750811083135
-0.601833299659455
-0.789387895303927
-0.769243574491879
-0.76723232534941
-0.870288203780725
-0.82985227158494
-0.591273591883306
-0.476170824710786
-0.663517382235837
-0.709021521737533
-0.760153352464394
-0.760193580159017
-0.817269804198502
-0.772641925939811
-0.741711310580362
-0.747561180126876
-0.708882993817225
-0.647089885929937
-0.804319847384512
-0.798751610061796
-0.842573066039462
-0.578159206582762
-0.675356217819439
-0.661769181930058
-0.749329474725977
-0.684483961194323
-0.676252985418893
-0.629204678952254
-0.766125055182867
-0.807818913874301
-0.766685438448545
-0.668822421478342
-0.585728437149224
-0.556150762199662
-0.657442100503141
-0.667569877846307
-0.609286413821488
-0.728655905363693
-0.697487017025859
-0.831744112379585
-0.770177349181873
-0.580401111085625
-0.654150449030959
-0.693557298693694
-0.679745450477149
-0.792706945020029
-0.790066068388144
-0.704372390028271
-0.802762244621064
-0.612322744482992
-0.550918128154281
-0.68766205043453
-0.54342660836007
-0.624853856248644
-0.623471068906216
-0.650442250203585
-0.609437292301298
-0.649376961890616
-0.641529971042525
-0.541193754788806
-0.584152329747411
-0.54474483102478
-0.736526825228638
-0.677763786018338
-0.6641741820245
-0.638824525357923
-0.59859714245104
-0.592120140485188
-0.618396574022175
-0.656046488719164
-0.685442058288303
-0.556154002588277
-0.691621412860441
-0.605569608868149
-0.610968073963729
-0.606764658495401
-0.452022944827617
-0.579538272993512
-0.63821589465863
-0.625416703956176
-0.645206820108174
-0.696624693691815
-0.534897248596778
-0.55547753588988
-0.57896060612136
-0.652281862737779
-0.624482335366202
-0.481748806703247
-0.669860363464646
-0.553310772649111
-0.563076975415183
-0.425307276394621
-0.545622611266752
-0.59286151050524
-0.529425412300138
-0.43902124457393
-0.510889102196857
-0.55810129358464
-0.494862540460993
-0.37695349281064
-0.557312525422051
-0.56306994985557
-0.487951980485156
-0.574291120893293
-0.537145718795414
-0.70317866989072
-0.556606653503328
-0.570211006708592
-0.428199601974093
-0.463375077618663
-0.66788200627156
-0.431154749511921
-0.532632546608955
-0.559323622239966
-0.608018406260277
-0.435403165401445
-0.572924199376248
-0.539982007269939
-0.533851389834232
-0.378479755031004
-0.444035034606251
-0.513905669686852
-0.520298440382595
-0.488816300463183
-0.518887898100735
-0.677493286642257
-0.571462175489282
-0.427946189157778
-0.696041337753832
-0.325249487310515
-0.60662472481612
-0.506083346383436
-0.541239678962386
-0.387888627389092
-0.64728015993449
-0.314896252445387
-0.700301416568469
-0.581918111314417
-0.451843125705119
-0.474375244653106
-0.53391795948833
-0.48111880062881
-0.50531917305654
-0.429874148815704
-0.499094283282052
-0.496125899035508
-0.281363392772621
-0.534009150699915
-0.614852949956105
-0.455407127609583
-0.415089136140655
-0.49783829816569
-0.486522945529643
-0.315289165280991
-0.371457618646003
-0.55561451605397
-0.560034433983352
-0.339299730364956
-0.364853437992362
-0.376701894391663
-0.420017297663766
-0.604521284256251
-0.521556201861646
-0.556159161273435
-0.288663048389296
-0.555116248272083
-0.377625401211722
-0.358236470919641
-0.334258380963545
-0.331229266832166
-0.641986860326668
-0.373558861307114
-0.522723294009276
-0.661919571487333
-0.325950318017024
-0.565443110791057
-0.446569845072296
-0.444903341658766
-0.397643405939474
-0.400941533216552
-0.442827266083054
-0.413082604605903
-0.303884774112407
-0.328948171224109
-0.518167836364206
-0.435611144713033
-0.483706600440712
-0.501356751053483
-0.391225305607781
-0.356577576978622
-0.290619863920035
-0.443745911948479
-0.308170878139829
-0.446663549196101
-0.397413665865924
-0.379101783027419
-0.439699270349551
-0.308477416494033
-0.464346541191818
-0.226037345946819
-0.229445843110192
-0.324504993577029
-0.470366033078224
-0.348316211614361
-0.429574881847444
-0.41083737752766
-0.358054833069177
-0.477277651615622
-0.317329420694018
-0.2383065783206
-0.311296214359566
-0.404601717568558
-0.309652188665952
-0.330139877366094
-0.339608920402624
-0.305477320339306
-0.135894061377156
-0.394005002873698
-0.300102526498009
-0.330565574950215
-0.411022174887707
-0.537302478396649
-0.34945363470224
-0.438018600994118
-0.184981871546506
-0.308738667962544
-0.341258324909449
-0.208187563367073
-0.131682598914281
-0.358738344187404
-0.149470549163781
-0.388513827878585
-0.311841404863608
-0.295135667535598
-0.406968606590887
-0.0867207230949932
-0.200836787224304
-0.365571294998147
-0.335425521707196
-0.318158883784383
-0.373814556536264
-0.316814885608027
-0.324234772495818
-0.273221188515958
-0.416649982610245
0.0103836515179179
-0.425259363701946
-0.210934656257673
-0.337321602976564
-0.313395975888055
-0.106736752337835
-0.354616154405199
-0.320951973095325
-0.292800110727705
-0.104596233381081
-0.208558209710958
-0.138615477322541
-0.195732625482249
-0.184669077127169
-0.215772613117992
-0.245229420391682
-0.267557840130624
-0.439341202471261
-0.228191443101057
-0.275159564367474
-0.201243165478701
-0.0776896660298404
-0.33507141291118
-0.198620330672731
-0.350946152257481
-0.246724221594221
-0.289576911029583
-0.310766817835252
-0.254472765516665
-0.0719497789920486
-0.0984742279221776
-0.171340483798742
-0.261207993396738
-0.185901388027566
-0.271117019470616
-0.32256154688784
-0.195023288320859
-0.273495449408989
-0.189026826447534
-0.287108951241392
-0.148775202786846
-0.360884787176121
-0.180440083164437
-0.223798604861415
-0.278668905055794
-0.174869606850645
-0.208927453587131
-0.136510990207703
-0.181916188069839
-0.0691555421123611
-0.0234597193184256
-0.165999746828793
-0.119227192565908
-0.0352286217431395
-0.221216428736149
-0.229020881096693
-0.176342909479322
-0.179515562988821
-0.0671775349159537
-0.240858742657819
-0.1474045555597
-0.0548176736147857
-0.269344091112781
-0.213284410260674
-0.0655973763136578
-0.0536124812755209
-0.152034421120344
-0.148893532339627
-0.132523084455729
-0.160375437536572
-0.273166928617696
-0.100297817349652
-0.0728061193741819
-0.193860445834929
-0.229481341963333
0.0153645543188576
-0.197655526788807
-0.172461670196864
-0.0868454068786381
-0.0919225383319158
-0.0282772203792027
-0.00597360733900963
-0.154420163072316
-0.160200679482769
0.177924923776178
-0.00425913804608999
-0.0728330399018459
-0.278326630531067
-0.200304978957124
-0.217975734663492
-0.143594561955131
-0.175896620897877
-0.0915079178976149
-0.144218140688092
-0.0590977715156856
-0.109772873413709
-0.131439695991358
-0.119215497029488
-0.0647163968268936
-0.0222375945489843
-0.141225586173124
-0.140969973770644
-0.0968942436604649
-0.0283263075960984
-0.0213096467183378
-0.0883205886690663
-0.00133019788086479
-0.0896725856808624
-0.0104494047362458
-0.0593061225636186
-0.147678953895395
0.0527865067535141
-0.0518958730380141
-0.128087024294539
-0.0427193038904303
-0.0302408257404016
0.0422899149979971
-0.141712636944389
0.0710516612797074
0.127151403973788
-0.0901808690012861
0.0964273128137884
-0.057612668505073
-0.0562720742410676
-0.0711817276784913
-0.00171868546515204
-0.0306410633094772
-0.143466623538101
-0.0127186787770177
-0.0570949438894663
-0.0463736464562789
-0.0464264412345518
0.112371450854217
0.0750378933732101
-0.0196680269451033
-0.0652299651640504
-0.0539297315989709
-0.0970276021927009
0.00872018728164983
0.117618194596376
-0.0211365397969375
-0.00883126711535918
-0.105993049754123
0.209666883656951
-0.0855793344863368
-0.209248766600739
0.0917841655714003
-0.0280512026858306
0.0520149779616381
0.101415651499103
0.0529382072384682
-0.0168525621003392
0.0605535150311868
0.0600348718472187
0.0860441612072714
0.121476749937028
0.0846988914964274
0.0325979137589758
0.0592819187218783
0.0948238196501424
-0.105677862969281
0.167539188271919
0.0617851934322173
0.0261704014866015
0.129754975631781
0.11273501499411
0.0370627501713897
6.76023581851271e-06
0.113654715708168
0.103692097983616
0.0964621844423094
0.089082871639224
0.189208006756155
0.0217250718736409
0.0490404685672265
0.0077833870579949
0.128039179968096
0.142373281866084
0.113737533569434
0.243154920718277
0.111503431880874
0.0206490572051575
0.0755938767391778
0.154211206853836
0.0974842350277989
0.053733113731006
0.00736744288511552
0.0395523433487264
0.140458995810676
-0.0151820647101575
0.0906217612445992
-0.00303607257848376
0.201746572087929
-0.0665467198501776
0.168745795711824
0.182703947286137
0.107988871828504
0.257392416462927
0.283732913120571
0.241713011659044
0.143895934823074
0.116162988063729
0.0538583411868452
0.185406449019847
0.0629149424894291
0.051559552506843
0.168820663959456
0.0221713270385476
0.141688919955248
0.138739737116286
0.0543388504120785
0.131729010473406
0.18536869527322
0.0789411616024084
0.263052400687918
0.262186478688401
0.125456484970672
0.11777207719866
0.0997839509256937
0.113744565079824
0.235775988224212
0.189128854846323
0.15252074702574
0.232806648080413
0.0493912537508811
0.359420922664152
0.221135203025085
0.158501564322735
0.189704124831604
0.1194245922463
0.204558113357965
0.276437016576897
0.0479657276249873
0.251169496051243
0.197092305508467
0.0298543190124218
0.176927682287823
0.117872101605933
0.234864030656659
0.140823616731222
0.286683055909627
0.250714244780898
0.137414156359477
0.425637809705526
0.295728382981573
0.0978675480654842
0.172594600735524
0.101981213279563
0.251871577040605
0.286135875134371
0.221744247614731
0.312523278867484
0.323588994977482
0.242018398816701
0.278544857713749
0.303192602515153
0.2627011762165
0.14658600544509
0.185151129375347
0.258073374320476
0.192731334893805
0.314316544743811
0.280449888061783
0.329064816774306
0.261345652630241
0.254436026136973
0.258344876554772
0.298115560150939
0.309111951633708
0.320397695711182
0.280267126190187
0.305874882961513
0.298920893324047
0.241307972863904
0.321281493032055
0.321692116658598
0.265359277720181
0.19816273878159
0.280006225758018
0.326012685926265
0.37148259070024
0.438858086499528
0.263154953428252
0.250615622246821
0.28688494546077
0.352503409147062
0.316861194629502
0.165444207833582
0.350509443648328
0.178186856209437
0.258135939515153
0.277779833435084
0.266914825092502
0.370687433726846
0.365961481979749
0.457498611716091
0.221068121340884
0.346134620712319
0.280777493455569
0.292302636429297
0.27042054064043
0.259209403534574
0.236104481704661
0.395395908183543
0.428600323610808
0.190797763835975
0.327282767115772
0.224659301987767
0.248768304977447
0.195077604996194
0.264438709147613
0.408922965753906
0.371033263422796
0.342890729785782
0.313219081622549
0.254728499016464
0.485878797433754
0.439021108432735
0.556258789104202
0.499722090237029
0.284653954759181
0.400415853617709
0.474188187913215
0.34563418158819
0.422313443690346
0.522123484191852
0.293421282579425
0.348991531323055
0.45710236185129
0.361481375235914
0.340903321083029
0.502075078778358
0.40283297868489
0.283026305696267
0.249021641684458
0.435074587326374
0.295079290903792
0.305702151310071
0.377083722658839
0.313949482923191
0.444329768092545
0.443922149832194
0.331843263412403
0.405517647866531
0.253444286634955
0.399249101402185
0.338446059173816
0.543096610394065
0.466461737301568
0.517851452685152
0.408576838353969
0.372722120697463
0.277660368354163
0.42458677061432
0.520823422683838
0.380277945573426
0.365906676786681
0.45749194658253
0.489268401760613
0.439241445064288
0.377728246043879
0.472710740583163
0.51075578710031
0.48025472794556
0.277051316218357
0.423962574213103
0.434485133534927
0.582794140183179
0.542100155689469
0.386437073847841
0.431684927848051
0.471132765984641
0.45056691026862
0.4851721288112
0.361823057214952
0.442980566641346
0.458030973280849
0.591049980126226
0.531485661585597
0.58607982591684
0.426019904242555
0.545284232003743
0.528452152327289
0.521959446481285
0.502030212804431
0.612006281276068
0.533998714920161
0.513358874839981
0.379162422332056
0.339316651476561
0.474777784101289
0.41403296243052
0.564385200698723
0.453037522279408
0.582421638824569
0.528845417059688
0.473124404846568
0.689013843424066
0.631278265180234
0.626069101930484
0.466110792537937
0.538200598387112
0.430117834742749
0.564393312619722
0.534855619967695
0.518992663751182
0.641526521826605
0.576820476817781
0.527067020904808
0.517573001899404
0.665711243582739
0.593626694309401
0.505669937004878
0.506598386692501
0.638883300398183
0.590726016712082
0.638468673053199
0.379997288612532
0.499464295825252
0.695714559812288
0.548514449046869
0.651188258899105
0.59301394159518
0.634516684711072
0.59963635658047
0.680063038842843
0.595451928555026
0.62908091925183
0.707334460156953
0.532519187670745
0.551350656797062
0.573386133560712
0.51253066614059
0.520356893306193
0.533692297468779
0.615056728046088
0.624908198141821
0.485058817334479
0.619087267442335
0.491485491362228
0.671888860923425
0.652697506825045
0.529936489007565
0.596096196670305
0.471286385313618
0.546779219313353
0.652010694154269
0.635913158139833
0.586858507474193
0.656641437639307
0.556097575056158
0.706408759845751
0.751189356584396
0.422602407536974
0.495804315653526
0.557809094487195
0.638592943100976
0.632793773884095
0.571614823990459
0.582775658008553
0.627818556298481
0.629404487568555
0.677527219369966
0.757562794834433
0.591497523013243
0.742740312886478
0.473006652842714
0.632217670850411
0.714684611638764
0.70030796264255
0.629930019360513
0.55442759760246
0.758343951323668
0.834380051545072
0.603635297869198
0.820123092593358
0.782265293964991
0.645202751350374
0.708005513557311
0.818470496830464
0.761797494795166
0.616145511392732
0.63787253469453
0.685117199019848
0.648250131778387
0.648777176819675
0.587595642917859
0.722782165630158
0.529715366030132
0.782176522889361
0.82499868031493
0.667492130634634
0.600211695919552
0.651488812370402
0.704248204649324
0.670835995521777
0.661284498971404
0.614483696987722
0.673763376222112
0.607663026544988
0.791100682044741
0.70469235281837
0.672152100718821
0.706102076429571
0.595880416182261
0.571551941330459
0.724388375727443
0.84682210186368
0.778366007113876
0.763434700496081
0.618166038032587
0.787769201221976
0.523816580789991
0.871140220545652
0.768741113439329
0.773820192102492
0.64976829265747
0.633422922751596
0.622377235341627
0.858270417484758
0.651353300789747
0.868026448284242
0.773215736610831
0.729722852917761
0.776137450586188
0.675719126779951
0.757593563170756
0.783516295488235
0.715844480454131
0.680693843535164
0.77762884861757
0.749589342117688
0.753444057952682
0.807709475516719
0.822947459909687
0.797135148592487
0.902525440012983
0.797376283649707
0.876676931863876
0.856875579949056
0.8462545665741
0.783930562660765
0.76055181245882
0.596753049294588
0.913881079254136
0.85604512533946
0.886331117100391
1.06197691920471
0.888236117921514
0.852152359173295
0.76541396219974
0.819817144574882
0.915522225476511
0.763886957678953
0.807320851435611
0.868617197544396
0.978013264050604
0.823872467506455
0.825692326836379
0.754388894657119
0.841410738015918
0.890473547140232
0.868895775378386
0.901274760125312
0.713097879399644
0.746796041110841
0.889776092785507
0.888587614768059
0.952298766319199
0.823252915361611
0.948412974518451
0.856528372936193
0.9058855193846
0.802481559117724
1.00520247758391
0.836465178092363
1.04551894839404
0.775898344545338
0.82254604836921
1.04139433396907
0.843097478511339
0.995288584457149
0.92148532356719
0.839841735702132
0.755964293195648
0.951467995633837
1.05304214502923
0.767794204159488
0.928324244016289
0.855746272648709
0.817427195670914
0.952289275920875
0.989730065477552
0.923261558060395
0.879455860960704
0.892599227273849
1.00151011891142
0.843047112108621
0.826298323312986
0.931047290794216
0.925495210432718
0.823508984004223
0.919528806503012
1.02009182278513
0.93780996519418
1.02297924461548
0.894833246219808
0.835608865761982
0.83530179562107
1.00409732771502
0.978454294046849
0.822430458833414
0.943083463047262
0.93651573451451
0.910451418297048
0.907908727503885
0.931752807017667
0.889495562089034
1.08129312583399
1.08007278339274
0.885174513982895
0.994719347827944
1.02887504618013
0.917656648967887
1.09156273950477
0.998938249313357
1.05629000486216
0.973543688158606
1.05496056566681
1.05786984032742
0.910382742267633
0.953363779654966
1.02095301271684
1.01716280032453
0.96179069138527
1.03488126577167
0.960354310476043
0.89544763041844
