-0.949800624971464
-1.01989578020056
-1.13910506980431
-1.09543829858545
-1.04364754624374
-1.02104322936748
-0.921456801538248
-0.885323325170855
-1.06068810704647
-0.956781010278595
-0.946910783218941
-1.10628537693443
-0.945707298004918
-0.856137879815989
-0.808525988770002
-1.0416675829274
-1.08318092238138
-0.929814976322541
-1.00969474379718
-0.820225822076006
-0.836761361765844
-0.878577716033182
-0.96373068678976
-0.951422106326785
-0.837610145785963
-1.08006348171054
-0.979230097032829
-1.10597666955941
-0.935336893462987
-1.03485305647895
-0.920055649683516
-0.879746264266066
-0.949394810534438
-1.022578177872
-0.888801762209443
-0.989210228566323
-0.871896991904053
-1.07358220640187
-0.850448879620268
-0.924004618764794
-0.956153226344498
-1.05973827951183
-0.968539106844895
-0.967435098571181
-0.899467492558131
-0.935419700753075
-0.899442680253268
-0.678091700487532
-0.874327640697631
-0.950002687274557
-0.99231973066385
-0.903961632906189
-0.832805023195748
-0.816672813405272
-0.92219788478801
-0.929997281486711
-0.831549417267676
-0.884439158775034
-0.891879751029936
-0.792778560678534
-0.88007999488345
-1.02582885493474
-0.877277328655586
-0.831274172686519
-0.893407764466967
-0.876412953970246
-0.806998372156622
-0.870036709862034
-0.820331636702448
-0.95352352317857
-0.707382330993659
-0.746509439151438
-1.00540423335846
-0.900673400043791
-0.792006077288503
-0.86514392114312
-0.941838263417396
-0.729009810932847
-0.905674287070802
-0.782028874407893
-0.827668183874953
-0.768445300605803
-0.975905578003013
-0.776079885778991
-1.02494390089252
-0.820788862166022
-0.995981523959683
-0.824121724053044
-0.754499732920588
-0.751243264429338
-0.767580824847325
-0.811345256454758
-0.827397318044619
-0.799427013204738
-0.794644950761427
-0.806316074047468
-0.75406291375535
-0.665433064401388
-0.906983499600338
-0.708348387467962
-0.748813282872252
-0.823818553165829
-0.598816688617102
-0.683318923158091
-0.775425532221377
-0.782412465176233
-0.714460602501411
-0.688746631672381
-0.832096960066607
-0.726001565096209
-0.600538739749581
-0.837310628971408
-0.838114784093692
-0.788851037558314
-0.845421013611744
-0.835173463361515
-0.750802111973133
-0.773339461217275
-0.582864320581208
-0.76008511918628
-0.641926252240681
-0.898373527994961
-0.827592779287108
-0.837421082334191
-0.84302133450684
-0.696815980781238
-0.875869111137654
-0.744949069121315
-0.795039154629739
-0.673437293297578
-0.698129386192285
-0.725296839558498
-0.664387166598802
-0.841824796948379
-0.728371855546107
-0.762155309060972
-0.659824897679934
-0.797147727343779
-0.643740186394286
-0.648961097370132
-0.636710288963305
-0.556799862998442
-0.889629840441995
-0.559233023587473
-0.672694974233352
-0.772812772976041
-0.790727919102539
-0.70476007089636
-0.67036020725834
-0.635952125736617
-0.578229207807231
-0.555797133047378
-0.641029994297725
-0.768059240870859
-0.733968213404822
-0.636890979987955
-0.679300596089739
-0.593926003275353
-0.698708721977396
-0.638608332802277
-0.777362899467952
-0.639864392533977
-0.671880041515199
-0.572870893276201
-0.600973051790164
-0.73725096829828
-0.743630528360334
-0.623274937118707
-0.748188220713323
-0.721572241381834
-0.578066922687657
-0.632185548371618
-0.533293981638324
-0.696804971340402
-0.705613987528498
-0.646352554636646
-0.71167727065843
-0.631764242371421
-0.809624918871601
-0.659546642832274
-0.747588288129245
-0.620484396849854
-0.635896725526267
-0.671511460648767
-0.690951781340468
-0.601723949247932
-0.632924191590154
-0.584879393387298
-0.62443993399788
-0.738653766877231
-0.642512931515681
-0.757130109669427
-0.511724356938577
-0.620684601144531
-0.646794524943623
-0.596257046722428
-0.66846258132117
-0.564272710497843
-0.639828311944459
-0.696088928446392
-0.695892289482449
-0.510559044374982
-0.558773908004166
-0.524484530828372
-0.666189661088702
-0.627959714581857
-0.400927981958365
-0.611718920782749
-0.492316561905102
-0.315581286817704
-0.513886907222117
-0.53178032526333
-0.632600534010262
-0.513937068304587
-0.627590160547933
-0.530377638555333
-0.351647388767518
-0.504723695749475
-0.715002695063065
-0.733925745779554
-0.630668786821179
-0.593594572889698
-0.391223804394482
-0.807954311197414
-0.689054809623479
-0.605919377914824
-0.437299370096346
-0.49858666095903
-0.390952446973577
-0.558086679727654
-0.672408508049003
-0.658101380396433
-0.594149896010418
-0.584919253786152
-0.523232057322864
-0.429091884361618
-0.694685961219977
-0.466385727320627
-0.539981406118047
-0.492844066699548
-0.517280863465981
-0.58581163859377
-0.49625293728378
-0.590683945152496
-0.595703296762504
-0.348972606969526
-0.522293009117988
-0.438059852573871
-0.435279823130487
-0.630664478453544
-0.391498570915419
-0.474605741442164
-0.406226252661326
-0.379135982650055
-0.628721068462292
-0.462621593392053
-0.492097222543486
-0.492669037408048
-0.458094575249601
-0.387336771871726
-0.582538256774468
-0.536876573746743
-0.252949545058467
-0.536617275468565
-0.621839141174669
-0.563892392569938
-0.411600613555511
-0.518249419318279
-0.52862715655668
-0.47081128476522
-0.478827852904384
-0.362275115559946
-0.41528335836566
-0.392633258252347
-0.433127933490822
-0.671626701900096
-0.438058638374518
-0.482727676512915
-0.432886375530895
-0.459267855219763
-0.419932255950416
-0.436425382039515
-0.514004703217786
-0.438972490793426
-0.456701745711364
-0.489499056166047
-0.373656914988372
-0.421732458972791
-0.333313546862623
-0.637978321442098
-0.471339103384172
-0.38201740456547
-0.57917289410403
-0.446833350940841
-0.374556055071985
-0.424309765680429
-0.448381148568524
-0.451847839558641
-0.320692187217995
-0.540622193259389
-0.456442940236233
-0.44809300585921
-0.336287753263175
-0.397351211228466
-0.248462682156152
-0.379078406441602
-0.526623446562335
-0.186002373859734
-0.337306848315487
-0.312110787684559
-0.335734791770505
-0.324301344992139
-0.399004020226536
-0.228147001837548
-0.419329388354915
-0.350608797477992
-0.33425682572725
-0.170613027937267
-0.459915526384093
-0.410716299589936
-0.299400687231086
-0.368843125019345
-0.313625520747597
-0.421421746864951
-0.420638830368713
-0.427765128540654
-0.193533104855649
-0.30020672946867
-0.37269359046133
-0.46489673069354
-0.190110637580319
-0.205806882969505
-0.301919785310328
-0.298353502061329
-0.305789081496718
-0.368395932488427
-0.292563416598047
-0.262611004526584
-0.320381603330906
-0.246531543694543
-0.312560628138702
-0.249144947032888
-0.353893796878013
-0.226724859118633
-0.360877295695186
-0.354002450350844
-0.293745236077662
-0.373258300829865
-0.268065273364786
-0.411076540703005
-0.202820016398054
-0.284066146391651
-0.292145145210679
-0.163693988437287
-0.438646724880634
-0.298352831860513
-0.268459577178907
-0.325415261394203
-0.253063112254313
-0.260670103172777
-0.271026945474023
-0.353121766936553
-0.289469442242274
-0.156809335473326
-0.205162925163077
-0.284532192265942
-0.290498618658197
-0.21252989378442
-0.193767121956916
-0.274079579199238
-0.226424588057547
-0.270079249602397
-0.150256558854643
-0.134061765848989
-0.288763127831025
-0.280760707539102
-0.162762434760592
-0.320391243792059
-0.177696374721969
-0.258554500067134
-0.227930540080858
-0.318463052577704
-0.168728881928661
-0.19847072264023
-0.192181524353787
-0.266084736950963
-0.308365857678218
-0.256228520342758
-0.254573841349053
-0.177154089970044
-0.285898403394543
-0.153330432906294
-0.243794357006475
-0.288078253941438
-0.277236808448994
-0.256950676699011
-0.0668183629204242
-0.321362893992022
-0.259807177142573
-0.0230556512943542
-0.160431524382728
-0.331567062896136
-0.0646323947757374
-0.153426800408031
-0.291536757333714
-0.280322043054855
0.0366605950951978
-0.324742456164346
-0.217490272424754
-0.111992055139434
-0.204456940014311
-0.10415842798662
-0.181270462898518
-0.192475851957354
-0.127002759553197
-0.115444461147816
0.109430333780511
-0.0273900946105606
-0.0710080059709841
-0.184811335469478
-0.150016117690209
-0.136443288076327
-0.165985229963958
-0.153041117561086
-0.128990385078364
-0.196161467466628
-0.0129209641307724
-0.0664053692582455
-0.0355293682567945
-0.18513131555326
-0.237023436825932
-0.168768477623509
-0.0983162963621327
-0.0886223395216487
-0.116379949518518
-0.108215303141512
0.0425564546030564
-0.0637981474461459
-0.122345113238394
-0.113305188233337
-0.0873386059267342
-0.223502783597993
-0.231435010983183
-0.182125336840227
-0.171397297899097
-0.224386759470701
-0.149728588507245
-0.280830729603174
-0.192438490767638
-0.118518812271384
0.0605007414363011
-0.0720615248152487
-0.0380716421209584
-0.109472523453353
-0.0247038292599811
-0.120410379149198
0.0247824509520703
-0.127455792644573
-0.137162357585548
-0.162557998459864
-0.0719507531753578
-0.0299487898622273
-0.0891319665336527
-0.0572310614690093
-0.166721425749546
-0.184029827073564
-0.11831220300211
-0.0167689746250172
-0.0392175830108778
0.0241364572080759
-0.0742897315894518
-0.115089782097004
-0.0212824212098166
-0.00597598399722466
-0.317255404026818
-0.11948647535256
-0.245568561877256
0.0317982031717963
-0.062665043659563
-0.0475668405226831
-0.0117648693622082
-0.0866654502309883
0.055221187241355
0.0260795540375441
-0.0523465677387765
-0.00334495005775038
-0.181804156667287
-0.0428967028377743
-0.0649385232595488
-0.18554757407117
-0.000317702956734341
0.112229327506925
-0.0077351863892356
-0.148261021479173
0.0627046202403396
-0.125104874540544
-0.169131353360868
0.0324787391345708
0.0181061199194835
0.0164380652429005
-0.034462743603749
-0.0258829798676307
0.0117563302131282
-0.0453823285531327
-0.0639450857034051
0.207815085513822
-0.155077712706711
-0.0497713315507767
-0.0406217393008101
0.0404764976624599
0.0444677055818006
-0.0452988595024518
0.0266710338154256
-0.132222727805253
-0.0126565724457632
-0.0396861952673825
0.0640846266992377
-0.00742882129727226
-0.0250977293412688
0.20022206874515
-0.0948799374288001
-0.0379988379699499
0.0405355380357506
-0.08972538524688
0.0150430386543729
-0.0247844922681772
0.19808100349434
0.0801154198674138
0.0779169872592967
0.207688095237526
0.0453256874006019
0.0145030401397249
0.138092843844901
0.15481914626094
0.0869157920499476
0.194218970638257
0.10734846333755
0.0543273093446374
0.187276655206294
0.105830779165913
-0.0581060799827976
0.103273205203431
0.0770229022245623
0.0390261801483065
0.000490084507747955
0.104684033511492
0.0685076137328748
0.142616989895312
0.0118696529479641
0.0965680706133366
-0.0147054718156159
0.21144715729298
0.103988650739599
0.122322306018087
0.187874212992322
0.0621832429775083
0.129100156526265
0.127343851306023
0.136485818989806
0.207572674822503
-0.0143217398128932
0.0309050195504051
0.0869251206178737
0.0622519585896167
0.382901003974037
0.23821475205479
0.232967490568623
0.0422296256350182
0.19008966506004
0.0310263253698276
0.149152234793056
0.264084179833931
-0.0111162653400994
0.00828082994984574
0.132690250403031
0.192578139236865
0.132705151526665
0.134174948787314
0.193280939359957
0.22603470115053
0.170629676775037
0.208969116396922
0.0778073043593108
0.188187505705358
0.0812362927100213
-0.0159511777246072
0.145741769239635
0.0940771302308968
0.18257153320452
0.272455872748883
0.216790857605335
0.173974341599924
0.280959265034745
0.176630579362209
0.153035530003307
0.206061402008289
0.216376822713415
0.217190672602369
0.143342046329523
0.110120244704745
0.221783372484446
0.227337677344041
0.211700293964609
0.341104390597571
0.237882658568063
0.0158385662301438
0.239158633012328
0.217004564242343
0.354045210649796
0.115036373684232
0.248219537745597
0.25681107117399
0.154746143086803
0.378432412042547
0.285795574138798
0.218988563407942
0.247059371715609
0.142840350000187
0.304126055740014
0.452190092520079
0.342813600421615
0.179997331658884
0.263242311916948
0.244406731615964
0.317992019373121
0.285904608007071
0.392469458929512
0.185321358103305
0.326505318743982
0.335791966864427
0.193240249914673
0.204588877936591
0.260775229373258
0.349337243212877
0.256871185821467
0.407316357180527
0.283476118181951
0.451433042353159
0.26594623666101
0.290350219976135
0.289198499166882
0.272263047279676
0.227849247815846
0.256507810937363
0.215820603151748
0.374264182025305
0.409268074369314
0.374445636190718
0.223635293127178
0.451393457585417
0.516961014506834
0.417674028471695
0.35819748757183
0.350912805942364
0.0656224254665434
0.361803226540469
0.374407149283656
0.185531912471101
0.437461639904729
0.329051105523003
0.360896694009106
0.377019633130608
0.318503488139592
0.42684110754004
0.282410766789249
0.339871166325245
0.292893772102327
0.30236636372596
0.395716773802825
0.324459412686215
0.389201754815237
0.358555854562285
0.272711023808003
0.438257016108721
0.337505713201775
0.258955184637218
0.321437344659954
0.347793347693916
0.394477624441829
0.470395761955618
0.321341108752978
0.379617770966082
0.387927222742283
0.502045211905746
0.443003442455738
0.388320842833244
0.379079640360199
0.43733548967681
0.355869370595795
0.377462416811412
0.488948365470852
0.298456723455422
0.479280038638699
0.392743172136274
0.377817932145065
0.364276472552907
0.366026582163097
0.490789293258635
0.419049960030142
0.495854280811866
0.327194122508343
0.280982478727974
0.38122150534683
0.609789548486899
0.388304810435251
0.55692031008237
0.362021483342849
0.304559733576894
0.355797510584316
0.459519658836332
0.407891042784177
0.368359063826464
0.360042358747864
0.462375656546004
0.439668213409409
0.632159452204935
0.46718044973505
0.488245457978847
0.48983921696765
0.387738077870048
0.488289075572685
0.428396384742506
0.365254073936503
0.543188227655085
0.615034100595237
0.262779343855547
0.511721990524237
0.450093786087678
0.602468974910488
0.338352371163418
0.423841134620569
0.556098463992266
0.441799752990269
0.51900386472679
0.519377093202276
0.366963586678711
0.548137452688493
0.527857358266565
0.543175474427869
0.270794517313687
0.444004018459558
0.411907331328731
0.322368955680806
0.570412113169895
0.385004375348762
0.478331983238373
0.54376745217129
0.422334570036724
0.361532812031819
0.590159892861283
0.45428027583602
0.400185070956677
0.546622857760758
0.47195165344523
0.497879415887524
0.3406738367235
0.482201999566264
0.566082885341852
0.454623339644446
0.53436630665291
0.536252067941164
0.466800589241092
0.446222564724624
0.564138006101869
0.432684092737763
0.54680289352645
0.532255361329474
0.56895072376731
0.489741852388441
0.499080238958092
0.488781580054822
0.413185210430508
0.528728860856011
0.557004249899036
0.648521364069347
0.645249674350685
0.57597294743011
0.364712597710285
0.559951590128795
0.524038317208735
0.597854551062732
0.479847858854307
0.477176998056694
0.59589052706698
0.574897168666988
0.422632675667637
0.563128675355019
0.507806832865172
0.629105462427817
0.566515595543423
0.470870768746557
0.720277357426008
0.625117021835498
0.604833677941149
0.577551079797171
0.613052980509298
0.502149482226791
0.610629525800859
0.449332163345234
0.661625933622438
0.547914615437082
0.553315227611175
0.640622052904931
0.778748670441948
0.623902139188288
0.721981904287549
0.575617999857792
0.555942640818577
0.668017267998681
0.678572074144454
0.751983431749917
0.74121214257909
0.600594397962177
0.647721969754238
0.690029329819685
0.518721672866724
0.632363435815405
0.539309411856309
0.587902678018212
0.553582066676849
0.546824532469583
0.623583009051941
0.537964739680087
0.656473889586868
0.784134917047865
0.574789763833354
0.745037427804716
0.757354378765551
0.684244063327688
0.677197791585221
0.621685401133539
0.620743454446506
0.661943215769465
0.812398541646458
0.672290581610316
0.567484614694061
0.702759726121026
0.595130818796347
0.534167050001374
0.61959208167514
0.587437230577941
0.759697623279814
0.714561296392326
0.601091180641532
0.546207012742217
0.606150666652429
0.714247245730622
0.693944183348884
0.756293068416568
0.673664445404139
0.734685999333366
0.87751174530832
0.83884256809617
0.558750938451419
0.79576753697956
0.714044502830386
0.796876142353382
0.650223292908828
0.706511376017291
0.789529992981715
0.727701877604965
0.754273791598273
0.739846549367748
0.694500640481964
0.72847494705444
0.764112087832881
0.70814071986857
0.704234011850645
0.712529647938361
0.629819838026803
0.698524019707478
0.754277324624904
0.679940650914732
0.690243978598527
0.645342042989198
0.833262179842413
0.693264264438252
0.667280087558265
0.728653662941657
0.616374250027916
0.66769226826089
0.744200174286514
0.719543450175555
0.768260603359468
0.627032699433836
0.644502093426485
0.641915770372692
0.798316602570031
0.729836068671293
0.877879695471891
0.789814450013678
0.741916962970107
0.881085585879286
0.68516961437285
0.736896495004224
0.786726161576273
0.791474823048739
0.806543764971073
0.894217350921685
0.769469583140148
0.818294791084418
0.752849691602633
0.799091636815233
1.00072255951581
0.923918428123082
0.854786966012336
0.824743941320932
0.937562358317975
0.786691322710298
0.800476676202199
0.806125080650517
0.815368964512591
0.937133344846871
0.775139316429891
0.797064895456733
0.830984158312257
1.00551040369086
0.646070959506196
0.833537424194458
0.780250109975532
0.881383865725201
0.823798141674275
0.834713946433187
0.774957659643367
0.937400120194489
0.626726449050515
0.934329459750055
0.868307855697913
0.668522619587007
0.932106038795437
0.917916798484988
0.941068891700641
0.881067963512402
0.955906367114048
0.759673190554314
0.8047680381831
0.885989103327984
0.984460788281981
0.920935016777711
0.838294308749168
0.999434732403995
0.84280299853819
0.782856872362531
0.963498930590918
0.961245607655794
0.814226595819114
0.845857621260377
0.895249506925137
0.958688408183875
0.919387219766691
0.998759644515055
1.00403192505882
1.01995988462719
0.937272191272666
0.833887313808459
0.901949952662315
0.968940093774811
1.04088835759509
0.922657949189339
0.932372086523094
0.97293952576357
0.942509939477859
1.00473633679057
1.07487947307937
0.909359500887638
0.887178903870375
0.830521854160166
1.00003182224297
0.950782596613137
0.940592609430277
0.912674861609661
1.07560052035744
0.960371558744277
0.956511471421253
0.937091728159498
0.934068166005766
0.85904558568195
0.928229992969138
1.06013900054894
1.03647427215527
0.832269966705175
1.08176031512055
0.990483522245878
0.819755394698023
0.936665442482217
0.925271140925938
1.12013896671504
0.957672516270108
1.07840996567803
1.03106663929515
0.911065122068629
0.787159385433772
0.988421220650314
1.13323478094711
1.10855925209247
1.08402831403635
0.929779651583989
1.08675192196074
1.03593113258785
1.01220577518321
