-1.11956371006218
-1.0165828790652
-1.04761721758856
-0.998692456979873
-0.937927076033197
-1.01252551867843
-0.916897344311069
-0.961260052979374
-1.09938515693181
-1.06939338833899
-1.01288943507986
-0.982108129317794
-0.908483938236429
-1.05323037666004
-0.904495423136386
-0.994388158346334
-0.912956809885782
-1.01159571420388
-1.02453351386676
-0.911888350289675
-1.11059863981634
-0.986512812337507
-0.874297186216839
-0.840447944716255
-1.01605910333894
-0.907189261658214
-0.901720160252204
-1.0261966241064
-0.985043439311329
-0.944960631308564
-1.04303571854563
-0.868881538344814
-0.92638804579078
-0.799852519505364
-0.837811801489633
-0.899795581768865
-0.808001444482152
-0.908838385872796
-0.855280403783097
-0.961055781072734
-0.902279490779751
-1.07168516638229
-1.07866164213214
-0.952150390712359
-0.845835812215265
-0.91777386266104
-1.00870146475048
-0.853993056851471
-0.785609658693876
-0.908171771054879
-0.871980726950893
-0.882701859040824
-0.833573107982282
-0.855075397226347
-0.85041482312706
-0.835295943939735
-0.910483458586329
-0.839708815557886
-0.968662322238522
-0.961997932790264
-0.824508275752214
-0.883866735545982
-0.887762081777374
-0.827215283682341
-0.891108366872043
-0.93815171370586
-0.928419647831585
-0.83563457372325
-0.90537347062954
-1.02982664607096
-0.96822699053558
-0.907197471226314
-0.962716254878501
-0.790497668952307
-0.842644578744691
-0.870469087606601
-0.882336796260071
-0.900930208636463
-0.867784516687137
-0.671885768127325
-0.888226541909084
-0.843821178565756
-0.814625376411698
-0.862367769079029
-0.908956259728611
-0.840037273612198
-0.766712323101617
-0.884721704418884
-0.789054076791934
-0.934585155483812
-0.784630476619276
-0.7459278423418
-0.868101310250231
-0.846845769078684
-0.794778983875925
-0.85914057386967
-0.828720804641914
-0.733811594554641
-0.773684496327489
-0.695885190353746
-0.844528026939484
-0.757645718144151
-0.760919734415592
-0.698268233160146
-0.735497596086864
-0.892677611072894
-0.623160051125093
-0.709336260414584
-0.747131542087008
-0.788815760401602
-0.850314159121344
-0.856547214187736
-0.780562046065488
-0.825854295661581
-0.860265430950396
-0.812662567023534
-0.882594504372792
-0.603708930840256
-0.788933170549462
-0.764642164065486
-0.76155258901588
-0.871760585847176
-0.835474459555994
-0.586790772594745
-0.485714906682182
-0.664598685570256
-0.712994046236526
-0.741355930116082
-0.744627191790791
-0.81328986136164
-0.754334902539761
-0.739945739960276
-0.743851595465398
-0.735729342705838
-0.659941773297042
-0.792961064991632
-0.795219849181043
-0.802384905828723
-0.560550576816431
-0.699046326057465
-0.652987186750177
-0.738003808317083
-0.696100566670936
-0.685891352963029
-0.627630936881908
-0.747421848659294
-0.815515995824333
-0.756454681014262
-0.637563014656099
-0.570591090738216
-0.571233706411805
-0.676366852458547
-0.659526268266284
-0.615021381576851
-0.731193654808928
-0.695404281632153
-0.835944327138988
-0.77835279965244
-0.575534848055715
-0.665790149816692
-0.684629934076343
-0.697137422753303
-0.795645921564669
-0.793717493494244
-0.68688802367591
-0.797301081801165
-0.619255203681581
-0.560256542801181
-0.676225586127606
-0.552012964787726
-0.639619004571547
-0.629127121596751
-0.656594748774289
-0.586947827120541
-0.654399184559478
-0.642489109984757
-0.546224850348936
-0.587212515146046
-0.557920162022287
-0.750156502296768
-0.669439779474476
-0.686350012966641
-0.639819202945867
-0.602127631751685
-0.575058895933248
-0.594931457122567
-0.62001340831012
-0.679475761986525
-0.563984928859687
-0.689674196465634
-0.603640271404023
-0.610153176054024
-0.626403525790087
-0.483910116456275
-0.577167534105351
-0.651342139757663
-0.617172471401095
-0.628734652100897
-0.687530358114234
-0.535487730077338
-0.580640991669601
-0.583816381225901
-0.67307446581732
-0.611137098639557
-0.491495352866227
-0.65311516981733
-0.548297039667896
-0.559837325355054
-0.437317870371418
-0.524224413522191
-0.604288870130837
-0.532160574999955
-0.444655837461074
-0.493008913395197
-0.566943463652684
-0.508236525844174
-0.352459386092669
-0.550350330557859
-0.546712739841512
-0.474729459320563
-0.600206954745253
-0.556851182264526
-0.712329269538365
-0.547308035529409
-0.589262427638823
-0.431462411805385
-0.470135462587322
-0.685982308592791
-0.447108892546953
-0.541629709323667
-0.546463593435983
-0.601184855711947
-0.432277440198726
-0.575534414648021
-0.542172568609418
-0.549398115879869
-0.378477970131822
-0.436799407151058
-0.516129826774581
-0.539415854087786
-0.470087204202835
-0.540592724452391
-0.662302832152481
-0.573829867712294
-0.44775981381324
-0.676489989411532
-0.311578688255127
-0.589079140933744
-0.509082452888761
-0.570394531820541
-0.392130914918096
-0.648665467201389
-0.329672234824888
-0.686881959520343
-0.583612433308489
-0.442284031408878
-0.496848618846462
-0.50458865768383
-0.454337168827232
-0.506994610372235
-0.396885055310916
-0.507801422688589
-0.471419287851811
-0.291263282651773
-0.532104850876372
-0.620580713722464
-0.452947112549634
-0.410092205094933
-0.491998460417406
-0.458650961296489
-0.29838344539263
-0.386074480202568
-0.551972374943859
-0.587837047416923
-0.352979022015708
-0.362790689912034
-0.349353357512838
-0.423396770573576
-0.597810129557732
-0.507257016869182
-0.560102599309745
-0.300423532571589
-0.543364575634922
-0.384780837826138
-0.378015323203666
-0.310188361592157
-0.318585699450357
-0.624285486016309
-0.378686740524395
-0.51296884602655
-0.667763734070502
-0.327056195676625
-0.565813162823817
-0.450851009563645
-0.42967794449994
-0.411920426508756
-0.409379370204819
-0.45981870457061
-0.430439883812176
-0.315359673719317
-0.346280069919281
-0.5281327036703
-0.436949043765586
-0.515857537181842
-0.513215655265851
-0.404402300680453
-0.359757304980928
-0.304528287904373
-0.452829828441299
-0.298445750556501
-0.456051769469658
-0.40787939510709
-0.345567355120283
-0.42439499100508
-0.319889205103272
-0.497217580688493
-0.204162105148764
-0.211207089440483
-0.312486886745676
-0.46681143648903
-0.332214031826727
-0.447025601653877
-0.445065351247283
-0.349613340935789
-0.472085893497454
-0.311400025389616
-0.225503468238322
-0.31062775591213
-0.407299425270763
-0.304841460506262
-0.350804037236784
-0.33791020221516
-0.299444557762516
-0.127888095570849
-0.429255853851405
-0.288035864727031
-0.318850645123581
-0.39911026204029
-0.544566632679345
-0.339247196843221
-0.442759783179868
-0.150102439314936
-0.305359257570779
-0.337467038764583
-0.202922715679968
-0.159458047580752
-0.338901204660297
-0.152827695701517
-0.368800500691483
-0.291830819009084
-0.2818897816346
-0.391979659307956
-0.0803489640919823
-0.216193907736268
-0.347834675541961
-0.311554907578285
-0.350013267345539
-0.346146897703192
-0.316398559050209
-0.329224714874724
-0.27992018419199
-0.407851153465837
0.00881777163610898
-0.382957844234509
-0.188869676246357
-0.341024237665324
-0.315702967329649
-0.0970919413260853
-0.373454786505958
-0.309492164353353
-0.289359231639543
-0.118557272940141
-0.205558312004861
-0.151280096014422
-0.185773100202182
-0.199876144439271
-0.209002690266453
-0.241642343337905
-0.266153137198324
-0.445932801810729
-0.242322393500505
-0.267590352340798
-0.184383172155728
-0.0719216271396376
-0.333314007893173
-0.197120623493848
-0.32511551777569
-0.237545546258285
-0.300649699256847
-0.29820492025696
-0.240357782398881
-0.0683516123045533
-0.0850903886183274
-0.204874193648369
-0.261125577680246
-0.180197551742421
-0.252543007392063
-0.314377412373239
-0.20568999260557
-0.289755873620633
-0.170653636663796
-0.273863734679458
-0.138815998421614
-0.354110918740352
-0.204627683971698
-0.217211701744341
-0.262127197569051
-0.165797196279029
-0.216527322436357
-0.152352888109086
-0.159727681237377
-0.080555748325183
-0.0306899886504123
-0.168105835745346
-0.115907308480607
-0.0227413084690456
-0.243378830206858
-0.224635052694394
-0.208632804427985
-0.194010958245942
-0.0672237131931661
-0.246824834396912
-0.170449363547574
-0.0709583751242153
-0.259377015878526
-0.196313525169015
-0.0797118043814547
-0.0735266384034764
-0.144245897774816
-0.153818641601498
-0.140926738913663
-0.159324920973581
-0.283509548483027
-0.102702767365677
-0.0915270275990741
-0.199510859247775
-0.220420490599237
0.00893061094462365
-0.180630488059757
-0.168857873268014
-0.111780362536386
-0.0829561819593398
-0.0231030969926516
0.00278183733807201
-0.156250265849172
-0.174882777291535
0.193301554937322
0.0214987814630533
-0.0576753090828594
-0.283318447970744
-0.19596731263128
-0.215481071507018
-0.133655560902591
-0.162610359173386
-0.0731135355567468
-0.146573598147607
-0.0427102201024426
-0.111476609422328
-0.131333559683869
-0.104658605275484
-0.0599601023780252
-0.0211772122387451
-0.127954714278281
-0.162929040455799
-0.115736040832461
-0.0278585073010054
-0.0114376335458017
-0.0775628781618187
-0.0181029774866134
-0.0919250336446593
-0.0110009935812463
-0.0650882133788027
-0.16323546921765
0.0356596375545239
-0.0613120690044236
-0.109155807167307
-0.0586590731334115
-0.0312331252161683
0.0468561372798005
-0.140671367928652
0.0719808400414887
0.135476218922398
-0.104112140203469
0.0879316573883888
-0.0629442882871664
-0.0198646653078872
-0.0822174110847075
-0.00271382789448523
-0.0488797194139088
-0.140018577440443
-0.0108411931326298
-0.079425708265206
-0.0464451993915745
-0.0358027254324699
0.0979469114020991
0.0757082578189435
0.0050761933675267
-0.0974488547472817
-0.019102126179287
-0.0976510716571635
0.02541672170318
0.123087728008055
-0.00778268068581816
-0.0140255296796755
-0.117019479410552
0.201187981470486
-0.108024107311648
-0.170554766966302
0.098437974845622
-0.0107767891956032
0.0521036043494558
0.0929158472003341
0.0340375423171516
0.00581155658054272
0.0376330395721485
0.0520588549712034
0.0829845503584938
0.115126543524004
0.101733734592325
0.0321811279367173
0.0786864155752409
0.0678527289288738
-0.115872327900451
0.189356327490169
0.042708001889087
0.0126976662532653
0.166735154856293
0.0855187686517352
0.0461575958513263
0.024633085582716
0.0913103034668469
0.10219578100647
0.0983353609488052
0.0884678319272692
0.173135920075232
0.010089293066217
0.0473367746632035
0.014680749801295
0.126662960148831
0.165157720778134
0.0866343715139924
0.246883704210993
0.13313822784571
0.0279925525381861
0.0663576978124081
0.158926936564184
0.0938408519861851
0.0522397634564188
0.0184522511658952
0.0424540881599092
0.139020690089345
-0.00197116827003339
0.0909308024897466
-0.00699444429978565
0.19320402107621
-0.0551157538016925
0.146232930950165
0.172920905637117
0.11166666746822
0.26714684946311
0.297935997892303
0.192461232194368
0.143333982292135
0.129926688309177
0.0349430393010704
0.193638435350692
0.064668148037085
0.059154587814175
0.181258880466355
0.0270629924528775
0.159210094048285
0.143103223376274
0.0496452860414848
0.1381860742344
0.17295862854026
0.0519102421356191
0.278020734631046
0.276004531127527
0.129358171170139
0.113122578428518
0.110061733854532
0.0952206686785319
0.222672529873535
0.186797766343967
0.141706460070699
0.253527564700392
0.0677242445053328
0.343749381546929
0.230888474437134
0.143082588341979
0.199637821707025
0.0947527283241651
0.196451975896584
0.292979404582825
0.0538989473614222
0.243901470839392
0.181724429464007
0.0425421741075808
0.154773553455177
0.105624188488241
0.233820126763102
0.151690339012517
0.286653886613008
0.277446412405157
0.142961813981838
0.399350392824133
0.303938673256851
0.0986490260545936
0.167654642290258
0.109032796369722
0.230129924899518
0.281259389597957
0.243969023701079
0.295754740039003
0.315211874450979
0.250982171922144
0.278747898662451
0.333509311954906
0.276585484344135
0.13919439967732
0.178345214894664
0.247284550230462
0.189783550542662
0.316095945650391
0.291541344647775
0.327193104574724
0.265941115654801
0.249296332390567
0.259143176807001
0.312698589849079
0.302470483197356
0.309462465902279
0.28003276674458
0.2986105069502
0.295605941782806
0.230514330828976
0.328833191587973
0.334831313592393
0.252386377313737
0.214076986948298
0.275502060047764
0.33154794638169
0.369461268056258
0.433034776456034
0.271773510372947
0.252166692516179
0.28319250445904
0.38996336525717
0.311441644378641
0.146407424418561
0.350139853804747
0.193030576645788
0.286959915924772
0.269805793953764
0.256650024209099
0.378747377945883
0.38775672466426
0.468361054952129
0.227224237784157
0.330865956170026
0.290082529221027
0.303708788972893
0.27350070011461
0.269523925812783
0.225729649709991
0.381987839281811
0.4087406603766
0.200873176255752
0.336208244207943
0.223810494292945
0.250436677303363
0.195798591610246
0.282329531066729
0.415685677591618
0.39758111112737
0.355998404700673
0.323212156095624
0.257168350869018
0.475338947285921
0.444447769272601
0.564097887537138
0.532046912579252
0.313959571320881
0.395728663563355
0.462247693720269
0.369422574616078
0.425126702480993
0.522113034006278
0.296029358631219
0.332501493654017
0.446974290615435
0.350030015245379
0.332562837295924
0.514748520658597
0.40051043158708
0.293988267581023
0.255743906393778
0.463182675338102
0.282441144642856
0.321629848939959
0.385598442876433
0.318062070813792
0.441168515049306
0.421813369365577
0.327131071362828
0.408190939109949
0.230912123616989
0.398348610498788
0.335071794278313
0.53085516437733
0.44399903267218
0.502996831255584
0.410156314886851
0.366002343678258
0.273026412352086
0.431618213123525
0.537551247349924
0.381858045085557
0.356210956561692
0.447998972176846
0.484774600889721
0.455425188514923
0.368101419359026
0.4772291846518
0.514962434604587
0.482092439761258
0.267165366167674
0.448644561041389
0.422153842471431
0.572477529506825
0.516775382989043
0.381932629973058
0.405765753062668
0.480994066052781
0.432826235694921
0.483784620173058
0.391529721687874
0.446620771691892
0.484593661438299
0.608084036185597
0.538576396292803
0.574009481093228
0.413850492228134
0.564465179275683
0.549969063600352
0.53682373446004
0.510776647564252
0.591317214416462
0.561645364856676
0.495966672277042
0.362257215874678
0.351397623555316
0.487595213318797
0.408560297414628
0.582017482220689
0.432192850999794
0.599566171670288
0.513761042781962
0.484296651492707
0.712374403653123
0.615861971849019
0.650693033288381
0.476723128146678
0.51547019527062
0.423153829453407
0.573991142110689
0.530371316940947
0.519470474619117
0.63889870283464
0.581025540531841
0.541394896773062
0.490392573280742
0.648900379473623
0.609024054699804
0.524954794030728
0.499402299746782
0.629268575607995
0.587444741406324
0.630313385718726
0.362062397835748
0.506034886770787
0.689319823097539
0.517759167739612
0.656269500360545
0.576203690053984
0.631136548304676
0.605182064045842
0.693856856009338
0.605512174211885
0.653247986810531
0.69622652186997
0.546095861775106
0.582825995296121
0.56914413319417
0.517053821937482
0.53437132435708
0.505855720509936
0.614560012560484
0.651721584176811
0.488539333433191
0.611031858551562
0.487815698958901
0.690830429836519
0.655268201311618
0.529782943318759
0.602916838944502
0.481162597599036
0.520768449430578
0.617883421297893
0.65883293274777
0.576640616676397
0.657944218395371
0.546463025779568
0.688600634428136
0.787399309238166
0.422309015693704
0.488917954896631
0.519743861350666
0.629385915892984
0.635492197452054
0.564922790839175
0.595351378688442
0.615391835338038
0.662714383924185
0.666499389297815
0.759115441876422
0.602796967592011
0.743588126296735
0.486343763253467
0.626386090918376
0.709154387609967
0.697654429840345
0.609491162503677
0.552574802473474
0.738920885800894
0.813278104141624
0.590039284688454
0.83159266938905
0.787994080089029
0.629609368477008
0.686595606517051
0.837096382597303
0.751939978301058
0.619661013327049
0.621384214298292
0.66080464461803
0.664225033469969
0.654957342268274
0.579859315755899
0.723011720522178
0.544413433777672
0.786105462995121
0.829785996186374
0.671626051730223
0.608482953606629
0.65179161234843
0.707645719267363
0.652670490406948
0.650500854573666
0.641666334452015
0.671806401666251
0.623339804885537
0.794590923152477
0.718391101763474
0.668630356951502
0.716682696862343
0.585538610913029
0.555140652456365
0.708211202770828
0.831482159562204
0.801634659654793
0.757716769266001
0.623713997534523
0.791955000560504
0.507143843665162
0.888069011859198
0.742167337675451
0.788781122862907
0.645806873914395
0.636722103611214
0.617679305144314
0.851095878752781
0.660733135698956
0.861470447950339
0.769646709245023
0.725840231449541
0.77607512128503
0.675245105025985
0.751417192702089
0.803520396798101
0.698452063545934
0.694019832352987
0.788809280535148
0.763066629532998
0.748602176575801
0.801509833316779
0.823330778629807
0.837183322988495
0.915168475361574
0.80999989726918
0.859127058774348
0.855612282779066
0.837209278454264
0.787040453795017
0.744524019740947
0.616626860579939
0.927459553491497
0.865101963633201
0.902545357124926
1.06599930915723
0.895207754058589
0.848239005563235
0.784842191462294
0.815584574527714
0.917540540490795
0.748064602550489
0.777199395632317
0.846832998591102
0.965618552642743
0.829153858570397
0.832318146386126
0.739963839138041
0.859467486848587
0.882491848168614
0.892798592053607
0.875026933869479
0.715464879488437
0.725828319503055
0.870137227638388
0.896498590119104
0.950465712618022
0.805755321295851
0.957123641401432
0.857352831307607
0.89369508492334
0.801073968609806
0.997898357576407
0.847716138798705
1.06563288969892
0.759568999144681
0.828394449239694
1.00574633364088
0.846008143697783
0.980875298144399
0.901800512219934
0.842556983104104
0.775922494213414
0.979601544280183
1.03672816133845
0.797168223015613
0.928429451152648
0.893359012613915
0.827650343165275
0.976580754790375
0.980947230701877
0.923280976058484
0.890972989728909
0.879637254114728
0.990820957630825
0.866496501861515
0.830675653513336
0.930392389631543
0.934963331342807
0.817164910757049
0.918536100566218
1.03279020001265
0.949363437839971
1.03465426416391
0.887716447972585
0.837293682420917
0.826824693770604
1.01523423884007
1.00458400294327
0.830793216020006
0.919200379844492
0.932270838301002
0.902229239653696
0.88972951336507
0.929670574569255
0.883188653942194
1.08436881706062
1.06502299098533
0.89247415302379
0.993584624003216
1.02755763952763
0.910222066758987
1.09802571933906
0.988865427760992
1.06503148844343
0.985633943753981
1.05761848956893
1.03550137930115
0.911702700318809
0.932233167690404
1.02173059757868
1.01173255372246
0.940221642391023
1.05645029408269
0.963684242177621
0.908994651967945
