-1.02079067467691
-0.883859578363821
-0.960520444903791
-0.943632828485756
-1.01498683269999
-1.09310601905403
-0.97934673254785
-0.798193084382098
-0.916001981936134
-0.975789352830347
-0.985416170136622
-1.03345333771829
-0.976157075543272
-1.05412210869774
-1.05915880361966
-0.973798300005661
-1.00880628689783
-1.15800460689274
-0.985461180838244
-0.995215801117166
-0.984701271601847
-0.949436317808264
-0.843320787982259
-0.928906651327355
-0.859211061128316
-0.936034832423668
-0.891774042256509
-1.04701018025501
-0.954573111344876
-0.756396065398532
-0.903758276780176
-0.868571662099044
-1.14908286684187
-0.85748441762899
-1.08966783697558
-1.05378731009971
-0.839260729964423
-1.0694987828929
-0.931005177809026
-0.813093484635169
-0.956348185990795
-0.872713631258185
-0.701919138249116
-0.739039371445049
-1.02417576910422
-0.839787403944216
-0.988564637710951
-0.994205496044387
-1.08101842529353
-0.774451455399824
-1.1250294776211
-0.969578670378745
-0.95159006947169
-0.718732959339254
-0.938773863757914
-0.797618661931424
-1.03497743440731
-1.00220267321203
-0.762195174794781
-0.925959491463918
-0.798339851467213
-0.979035388234352
-0.855812199746793
-0.825537452564026
-0.853088112346129
-0.803395432596499
-0.797079679367518
-0.93579021757876
-0.836442500140032
-0.813683891181529
-0.935305997154147
-0.837853581873259
-0.936048226026066
-0.671576732118216
-0.74831756953321
-0.706917511393266
-0.847887334685643
-0.762550496856651
-0.841373854249663
-0.801090265478561
-0.846418662171413
-0.770876826951651
-0.882611743141128
-0.77337579173479
-0.783834905526372
-0.671581454933244
-0.741372761192219
-0.988843352249366
-0.850949441576447
-1.01994263462154
-0.838244365101646
-0.788016119240974
-0.917814042134967
-0.776089674774702
-0.823044949751559
-0.663151051505204
-0.77829544862144
-0.902241277012482
-0.717476185586141
-0.8226634134662
-0.783804641049476
-0.844154022019601
-0.84338141551475
-0.810615393945025
-0.802437411211131
-0.83424539976371
-0.799965674569742
-0.97388851380954
-0.756783458941911
-0.761185166368141
-0.776762933396175
-0.824456242105239
-0.699247305382166
-0.817347486429798
-0.746011742602545
-0.671808499265887
-0.784258174935774
-0.622087852851199
-0.770191352107692
-0.666282475860596
-0.769026216391203
-0.832889675755829
-0.723275357271968
-0.868881451494648
-0.65852156293959
-0.655713342636906
-0.812839443261
-0.756158157070988
-0.855102997713974
-0.689274832496315
-0.576720308135096
-0.767679008396847
-0.665655942276809
-0.870907818530892
-0.497271382898183
-0.753902730847418
-0.747611749536502
-0.800420640901919
-0.673621060249103
-0.647800963885534
-0.56188045549339
-0.588164633794362
-0.657283987330974
-0.643852748992993
-0.806004245611903
-0.793100071142336
-0.745417371295094
-0.713195906165915
-0.653088711485125
-0.845972854626035
-0.684495526695695
-0.734582839341931
-0.709183804991893
-0.785513255846797
-0.64527079027258
-0.611002636635173
-0.769072566526537
-0.605165252495831
-0.646772041184396
-0.696642945053924
-0.649752710894652
-0.678445296488054
-0.758654172128408
-0.706070084207314
-0.589870853846336
-0.593498543780646
-0.859082410543935
-0.53122255988178
-0.718626375247476
-0.637976463254113
-0.665301832882694
-0.681124804019257
-0.586206570280477
-0.651121403135161
-0.610005981086342
-0.679771759828533
-0.63050263247468
-0.482798395144108
-0.776274228318917
-0.646427201362517
-0.700741472475571
-0.571584348287553
-0.651079102584224
-0.513396120933212
-0.596842480675573
-0.570578954938845
-0.668569468891192
-0.551528589128591
-0.659892997514513
-0.572781097897678
-0.492197024157892
-0.693966084457823
-0.67580153493172
-0.625720657235074
-0.608077456199406
-0.734525223571481
-0.577346172981303
-0.599152902374301
-0.678958274954217
-0.706620703491646
-0.470885942256639
-0.554523687872805
-0.70935966192028
-0.604699030279335
-0.699249816385387
-0.633581334798474
-0.741417074356072
-0.631964625893504
-0.550023497456208
-0.49674029659334
-0.653464484056627
-0.541634272389614
-0.565251105764208
-0.519851833599083
-0.574400621696512
-0.549564484247932
-0.582335311492473
-0.621865978596813
-0.605922615368769
-0.673639619584012
-0.542863186512788
-0.571514031647836
-0.576526616130614
-0.588862521849147
-0.467929249902766
-0.450911265462798
-0.650559756594127
-0.548846545423485
-0.573345302972864
-0.517163568603132
-0.354644842668248
-0.526389816261222
-0.389178126360327
-0.609138685321944
-0.421384790590048
-0.646910597673536
-0.51089913328172
-0.498068713328348
-0.532594755491341
-0.594282262891088
-0.469341210278197
-0.533866954014547
-0.660320556736489
-0.622396178583001
-0.426595568878716
-0.455706614809837
-0.441015317874073
-0.56279978285054
-0.404907474697937
-0.475971364009863
-0.512734015963249
-0.499501208395611
-0.409621756254823
-0.589672458487112
-0.611906807651521
-0.528269942335118
-0.453899978281477
-0.415776323406305
-0.455485296791894
-0.364013608299382
-0.452701562855508
-0.625617464832749
-0.365425179113653
-0.582889137117303
-0.584980284954173
-0.467551234195551
-0.411848079717376
-0.293493753694718
-0.338009337686916
-0.307634910900557
-0.387896162169852
-0.434823614761677
-0.503665809320076
-0.542699465451934
-0.380153125265165
-0.490199419857788
-0.526879926631837
-0.434042075623742
-0.438572564071901
-0.453275458397956
-0.486783752445747
-0.373534084354208
-0.517903330331086
-0.259714657509554
-0.400447423432061
-0.387278534545792
-0.437650177470758
-0.460347565020965
-0.492569270405425
-0.326033020361855
-0.403937320509918
-0.475767853691428
-0.454025884748204
-0.414752831791307
-0.51425182509106
-0.291638832043781
-0.440222828677782
-0.452488608085705
-0.593229176951055
-0.426158759923019
-0.420930426350853
-0.402772148489003
-0.263790218084536
-0.324918851825391
-0.353938947263068
-0.369357600389469
-0.310103555115391
-0.263582226130637
-0.35233047175264
-0.334226616265799
-0.493713657602323
-0.461361978561082
-0.136928141042156
-0.525133076638773
-0.342098539643692
-0.363303475355114
-0.419914035297593
-0.438756146891678
-0.423395147192502
-0.372935290551807
-0.359902067256341
-0.312252477514995
-0.242599743340634
-0.362701815916807
-0.333168122669045
-0.312418850651434
-0.127354307920305
-0.288141448780576
-0.345317564682411
-0.160299883729373
-0.503305734204567
-0.389861678736951
-0.309792252356725
-0.266131615855338
-0.301959928170716
-0.221266214454468
-0.430114126205744
-0.316579112496128
-0.349201715952413
-0.369496303013783
-0.296216232944507
-0.216917892134571
-0.263608072975509
-0.433459363190454
-0.216260761466577
-0.185818235609878
-0.224550672336313
-0.210256306548604
-0.3421224478069
-0.302728470268555
-0.184764503220642
-0.380241652646749
-0.233319172661774
-0.342727842943301
-0.303760126781352
-0.261618097093208
-0.235615813002115
-0.298643806541942
-0.248491303786507
-0.338176643578809
-0.405042172363654
-0.331506746948685
-0.318855013960085
-0.212409636410104
-0.201128482548821
-0.198184113351929
-0.343674984382607
-0.272299265819127
-0.231059259017673
-0.156569747663085
-0.295544745118415
-0.232969783817037
-0.456646218654781
-0.182590597454635
-0.300308866525151
-0.301488803979046
-0.196928630580915
-0.285153362234496
-0.216856193535931
-0.247340609264152
-0.348365776209991
-0.259174543233312
-0.243562664973819
-0.356826796536012
-0.273669625109803
-0.263117676816877
-0.368079154935511
-0.20501518262464
-0.0898357595044147
-0.244618723172991
-0.169515334685461
-0.292254894826729
-0.0850039024095956
-0.124127450599003
-0.302326880270553
-0.305985843183528
-0.127708045543723
-0.220251779727919
-0.369014205291736
-0.155601575361567
-0.20911732357929
-0.215953666293822
-0.232346321593736
-0.251054913490975
-0.289736245396202
-0.116418194109156
-0.0729875421037442
-0.319635264103568
-0.0993094164058582
-0.156578907575397
-0.129290115132905
-0.235171261825219
-0.177401893965505
-0.250686153046007
-0.251884498803823
-0.0730166361324367
-0.210754174544924
-0.294881018073807
-0.20175756554502
-0.1588399598382
-0.0499153669934739
-0.237878172089396
-0.197125193856856
-0.200566002139492
-0.247412821344938
-0.177120508307124
-0.21500576091846
-0.174682163093067
-0.129213725620739
-0.0587950020478324
-0.131919942948343
-0.123724490457736
-0.234581237202321
-0.100089393318989
-0.0586930519149959
-0.133468903808247
-0.128836527287076
-0.38141235744071
-0.0787712614226373
-0.189927076412913
-0.0257116216128294
-0.168115480503027
0.0286443306720824
-0.0965986624660104
-0.0588558444899186
-0.144996393033067
-0.0967560329137341
-0.160143796762615
-0.0986668021409417
-0.043374321319844
-0.280217244723364
-0.129447864480179
0.0735009618705155
-0.0669768475544194
-0.0248540688600625
-0.0913829891986428
-0.0789051265418223
-0.0824981913086079
0.0147793224836114
-0.00589125230108986
-0.0690240666289547
-0.128128616753693
-0.0559696352756884
0.00130471226627942
-0.0835107395401489
-0.0958211077442049
0.0776540978789028
-0.162002225040248
-0.0369700049642874
-0.00494375971480679
-0.0956216322462622
-0.138782378171317
0.0115961778956383
0.0614743886923922
-0.0684150151957309
-0.155323198929623
-0.292854031834525
-0.0625392334365002
0.0538348025968517
0.012670793146917
-0.00614193446016057
0.0187520489373682
-0.112916345792254
-0.0854232889150619
0.041053058370248
-0.134216856781885
-0.11417599701401
0.0858740402108764
-0.249763143094509
0.0642583225188656
0.0309987844054265
0.114841390008799
-0.0979987944856984
-0.0627436393435254
-0.0675449975274318
0.112888353716539
-0.00178731815586042
0.0497537009608316
-0.176418074278492
-0.11882249266063
-0.0435242244702971
-0.0829808730537424
0.0479132177363554
0.0134621898663786
0.0783018279730183
0.060135314359836
0.0326600911071152
0.0780386334743791
-0.189901963890058
0.0162402986849413
-0.130507195929579
0.0716410782578565
-0.050726178746557
0.0837776187685646
0.0557215059744005
-0.0245138646297675
-0.086565329999077
0.0799084965849342
0.0507644820721501
-0.0407546971103428
0.0434314033558201
0.164832386439112
-0.0625473180297926
0.0707696035196489
-0.0110373386303065
0.0715262019189515
-0.0667695199857212
-0.0983975614034424
0.0701600967539945
0.100964021090387
-0.0168680890594478
-0.0630658564282135
0.16180907548247
-0.0122571066547294
0.075281976625938
0.0101000684635048
0.2500942515063
0.0701202565179951
0.0381310837633504
0.0307606833086864
0.164720716681259
0.0351991403822478
0.0545418736869574
-0.0437517741325385
0.0166355705907259
0.0455762986965164
0.0839466206565943
0.0771004486138079
0.105957977725214
0.202714448463157
0.0673303178538351
-0.00260727299408232
-0.0898263903406134
0.0432231064187527
0.141954851784143
0.0851179371208493
-0.0272769594804638
0.164497823688604
0.172705034268054
0.0641821197349139
0.0962707352094852
0.0833157217896712
0.174123112438093
0.282506522975615
-0.03907261103007
0.226122294870635
0.185188601641287
-0.103588475152136
0.142658998148399
0.142174974920987
0.0864091002316968
0.161263738558951
0.209283792128191
0.0797126995256087
0.0366017957306229
0.0851340952255144
0.330549416657484
0.24991504288166
0.156713919861181
0.189105103253469
-0.0344535075973676
0.246843121289122
0.220194365260608
0.0605650081131889
0.0978577512781005
0.0808535033825697
0.174098303560022
0.197246259155572
0.220022161740787
0.0816174172835246
0.111405792708977
0.26185851152109
0.127494921296492
0.249388614876641
0.0657076447931239
0.196673665269898
0.277199540577496
0.264365306483133
0.167521839165159
0.275837888181706
0.13258305482308
0.320690427493512
0.163851093213248
0.324685124860811
0.200100606113282
0.0182713599666844
0.19986131456607
0.299158020829162
0.264700871990885
0.355300225816558
0.165667504290185
0.219601074548087
0.369490567923068
0.331743137590975
0.307215335128422
0.17898731037856
0.10330758101691
0.272405496157841
0.247642969433884
0.0212009138527305
0.239819431644811
0.266538521247302
0.181946839183509
0.289897128133545
0.166998150933665
0.272928653243461
0.138970277732009
0.281733732205508
0.211165553363828
0.397105354229234
0.424345947352774
0.245089214991667
0.10873846562752
0.270522344642509
0.24640337407112
0.331932710197719
0.131073675785641
0.418519098857351
0.282078000985122
0.223558592853456
0.146389024983631
0.293104067696596
0.263123549815701
0.274958788797076
0.159396021731151
0.239632915666876
0.274910407994643
0.359657497042977
0.25676483992113
0.298496474172454
0.403830031541758
0.285393473544699
0.413097683537075
0.427917325328674
0.344840873611867
0.376888459591432
0.313206066466067
0.337341999861541
0.408560466958082
0.251290804900783
0.327132270350819
0.29739280561717
0.363634286284548
0.392175773944237
0.525568181364733
0.438687151894039
0.326755511893173
0.337878587740185
0.2872307898404
0.470488106213616
0.308514756144529
0.409325869675855
0.333769310443943
0.43506363006335
0.222010828450905
0.406869110043324
0.206016244617498
0.231803859841868
0.253609183043714
0.288636648948942
0.447420801004223
0.212189669138734
0.348563259447366
0.295911810424591
0.344468627325912
0.494873613695519
0.437126033949813
0.322440590183417
0.392797275971325
0.426738374778569
0.294471251248928
0.372894379461312
0.339486182245522
0.296216589566293
0.419147585982053
0.429430243327369
0.372586746127565
0.495081290433783
0.489863728479046
0.234060673254279
0.436134494568696
0.515926546344091
0.459086533446703
0.41628491845607
0.33710491633756
0.38984681122825
0.380651287675511
0.400141901121778
0.254366900707077
0.433139542273214
0.556775976168212
0.355324828141236
0.470356945282673
0.581796617391883
0.509271577727345
0.462457590679118
0.351939146585648
0.544445331157437
0.343805331183679
0.430167838541614
0.47369384532546
0.317081173631741
0.47744745516666
0.346353134135089
0.449195315234125
0.345582215599223
0.541805872077596
0.525247673473542
0.357807540333483
0.429689336470207
0.485268822672848
0.451428868378501
0.478103682246978
0.541408396505179
0.365720812940965
0.437219875412858
0.452541096602647
0.593940094735298
0.28111694563201
0.482767270997012
0.402558619686444
0.60582194596361
0.638052872523562
0.41426654636539
0.697223133684697
0.490995891773646
0.533396214069806
0.573167444150542
0.432274359287083
0.455834471293815
0.455829615569934
0.460702324768131
0.4858373072255
0.452828875717881
0.52636591883329
0.42246631509624
0.512974017084822
0.532538935385745
0.377018110608083
0.54045565511235
0.546510956006198
0.501127481524964
0.544490077890366
0.478646145153118
0.502598033118985
0.491765653781533
0.628617516267711
0.539838692106427
0.630743956391644
0.461543826641835
0.417509715766717
0.545623961531146
0.540568552920624
0.512605881654024
0.526157858333922
0.539127257820501
0.494302121421636
0.543508496870959
0.594331266604089
0.563281398387835
0.550963568766197
0.49279984837929
0.571182245936663
0.462661632946557
0.556179832690935
0.511548281170881
0.546289467330881
0.70670881868672
0.530387843883644
0.628793764035548
0.546786340714813
0.513584188911369
0.57975362055992
0.666696318770044
0.507633617998551
0.501626060059929
0.57487869781764
0.633631471179632
0.501491117944843
0.579967138456066
0.511466391678813
0.670060542737447
0.584567290383514
0.59174464825013
0.587464856317391
0.727415110296464
0.607870969866137
0.55011850237601
0.489118221475574
0.686884576018903
0.674295687374065
0.581474702401075
0.67729711920227
0.784676722124478
0.667226957334523
0.618662025399726
0.672131800115795
0.65847102819704
0.513230653133062
0.571686004061372
0.623114619645947
0.723690070907596
0.591062568496538
0.69277556849431
0.629967585569797
0.530370061223948
0.770307770684074
0.702098446899431
0.732188666133375
0.698365148717019
0.549179271974207
0.587414513230357
0.646497321073314
0.784920453352244
0.599624481691375
0.64059128007642
0.682760181197278
0.866634082201222
0.643705955589653
0.70388920672256
0.716017826921924
0.7523826587136
0.615148142588374
0.780912625569445
0.658165395814399
0.850415902139483
0.636791319768861
0.831138349014499
0.696629680946629
0.594736834744585
0.73179907586526
0.648668821650062
0.833067045924781
0.684073840902466
0.757173590193174
0.986592841110356
0.813131284755527
0.573813381901805
0.693545579957105
0.791605349852948
0.644884932565256
0.630811721062529
0.646828977280085
0.907472691279752
0.740696249819468
0.698116556965831
0.622301616510659
0.828357932495654
0.766780562430251
0.701011742387631
0.682818450187086
0.787929157977521
0.7120574111229
0.712287273223672
0.800930720135971
0.653019047116963
0.846633272407387
0.760838011693361
0.945431543499068
0.707180304808058
0.612534015170252
0.789783036867172
0.751826472691452
0.696277468932353
0.84346241637236
0.862166362075299
0.754999043166126
0.573984168930236
0.879728991983404
0.714621701394935
0.771230120173327
0.731968904435247
0.906085708171609
0.720252041192468
0.833152004180419
0.818475715502564
0.718106779323049
0.836543860788901
0.63917021169543
0.880245683882249
0.880004271222551
0.732468422414712
0.719353479868665
0.788484238454366
0.752752890019682
0.656908168464169
0.809207911122253
0.868295901572704
0.80736411625776
0.850027339633248
0.87184376898969
0.877564936143039
0.856473682682947
0.877515251286162
0.828872179160397
0.678008862166463
0.818334753620998
0.873077313492563
0.892205984771535
0.822658521504828
0.914023287289809
0.963527527794047
0.785056123777831
0.817900296379989
0.855965117015267
1.01349263902882
0.794507568895287
0.816497705598623
0.801217998477826
0.809829043783636
0.845524900277087
0.753824810058086
0.835364860177305
0.844684844808786
0.819775001387382
0.681670925551173
0.776790018062831
0.797111170603282
0.80905033613191
0.77474139289127
1.01355522495648
1.02176799873966
0.943464519730664
0.836177852998282
0.761996393653111
1.03019777127368
0.788593921196464
0.996586424225032
0.932260153862178
0.765860200913592
0.974210064355616
0.878083494424847
0.814032984892597
1.12584100187124
0.727003894388504
0.856602453994683
0.87645268821097
0.921297595479331
0.912081247332788
0.872153332188584
0.956505964817268
1.00724898201122
0.918411641395261
0.782459445878367
0.953262112441437
0.829382800838574
0.768945993547647
0.972594370711271
0.863955001537457
1.08885272187645
1.02897107975631
1.04657161347686
0.988328411112273
0.825955363232032
0.907716443635253
0.933560919858299
1.05388967448419
0.769767423793649
0.902203179969761
0.919310469479299
0.902207643311718
0.875359032327604
0.888398271878132
1.05512206530256
0.987023329266551
0.937048913638234
1.02901572089542
0.997925742512996
0.875777986858777
0.954625836164203
1.01739775851466
0.89529393528779
0.952007178005135
0.907875360319856
1.04778785908885
1.05663417437579
1.03015359621877
0.960106630587512
0.957070855165029
1.21861264989326
