-0.954318763196022
-1.02642412356852
-1.13760108905362
-1.09104927023562
-1.05104218566952
-1.0148732118609
-0.92971116883872
-0.879453119864323
-1.05327497253067
-0.955961051384918
-0.936977208693467
-1.09993152833543
-0.943250790193019
-0.862390623881663
-0.806317308933377
-1.02969873098773
-1.09045999173073
-0.90317215947646
-0.990553420354637
-0.810325844791275
-0.831193292930693
-0.877502450879362
-0.963562419709061
-0.995524622673256
-0.833494315060233
-1.11375795611862
-0.96596633735141
-1.10959845438003
-0.932481431810468
-1.04437395903204
-0.91624271884352
-0.875766353122398
-0.945715815137537
-1.01868441915706
-0.885259070872813
-1.0018889136937
-0.881699461912743
-1.06719159564454
-0.835789755317866
-0.910573856479527
-0.962716858888137
-1.06471754171381
-0.965870988492707
-0.946557939349505
-0.887232644101586
-0.951941520692657
-0.900282941986148
-0.697470458290997
-0.897478446387215
-0.949281105791675
-0.991625277177017
-0.912524748164789
-0.822988519001898
-0.82468773774978
-0.916504594643018
-0.929598857809456
-0.838829155430707
-0.895512720567631
-0.887022647083995
-0.779088603888589
-0.886492861877827
-1.01143326654639
-0.900161006031661
-0.840112140411617
-0.893940210868039
-0.872921181930085
-0.7978729714094
-0.875805910474257
-0.840836736067028
-0.959762865586141
-0.70142076409161
-0.731862066176064
-1.00141996805488
-0.901010710566636
-0.790154678829918
-0.863227061021525
-0.975241865394114
-0.734061359827982
-0.896832950208186
-0.770888134370102
-0.811069776048216
-0.762970506729068
-0.97166423614642
-0.765684248758744
-1.03669000001345
-0.823014363685093
-1.00211601450693
-0.831099685576565
-0.763869548594875
-0.715414776392818
-0.775805190354556
-0.830300051702703
-0.814614936735349
-0.812874818834419
-0.792305924586055
-0.814180451060747
-0.758865055222923
-0.683657949025258
-0.907354888430117
-0.715186786492383
-0.776496433045378
-0.822650163638603
-0.60596529140636
-0.691967931769039
-0.782543287266445
-0.764376777059027
-0.70936175848612
-0.687409804303572
-0.822855447926592
-0.745614095645173
-0.589399590804078
-0.811238481257737
-0.836025512209853
-0.757748479748996
-0.842976116189823
-0.841598724196254
-0.755579947921984
-0.766105560218069
-0.597493816363504
-0.767859025323121
-0.642899525424842
-0.895545786499449
-0.816576170660684
-0.83920197995621
-0.836726946662459
-0.685135379501807
-0.864608990021972
-0.744568948357658
-0.808806855469025
-0.685688792890932
-0.693140897217735
-0.732417609950702
-0.675245705670307
-0.842422010835265
-0.73377033763361
-0.755024554783589
-0.6943556953235
-0.786991066873611
-0.649496785920631
-0.651000728337449
-0.630114709632804
-0.578587957552339
-0.869207158210802
-0.561526414884602
-0.668074670330013
-0.774666034936102
-0.762925595780566
-0.693171520103553
-0.645410445712552
-0.647437849878307
-0.564525688930536
-0.582649853841716
-0.642806771760416
-0.769113134043004
-0.734579190655365
-0.63959917845831
-0.701490387497641
-0.611377079617455
-0.69950271846668
-0.649486027638728
-0.777195713619179
-0.650536982293912
-0.661901500509991
-0.565547665750106
-0.576921434737113
-0.734241742359446
-0.738966657734948
-0.608771032751477
-0.75992318828506
-0.72836293309737
-0.584879278639196
-0.644496456367163
-0.532079770316506
-0.682779348952694
-0.701739451321996
-0.643311773710273
-0.732435823879166
-0.618196770843053
-0.818174502079787
-0.660432617422867
-0.736705311099263
-0.613414889171853
-0.635597481843801
-0.688266329652733
-0.680313515384006
-0.607693769482781
-0.630296514019135
-0.584686495635239
-0.619434783532218
-0.744296840999182
-0.641997039504339
-0.735893781436719
-0.495392605596152
-0.635635052210129
-0.656429825616634
-0.589382501323005
-0.666006312674546
-0.56359705143851
-0.650032744738471
-0.699434898606829
-0.70042092548594
-0.523109599551018
-0.546411599951657
-0.522187134670528
-0.669895912752195
-0.644812951709675
-0.405034088402193
-0.598266855864604
-0.476897567248307
-0.300795675993581
-0.516294683220291
-0.516839691437238
-0.642758538299477
-0.525488075344793
-0.650310209979503
-0.535485288547869
-0.339548435045729
-0.515893221533027
-0.708878986247573
-0.728165992687601
-0.628751113258303
-0.604759023523205
-0.393471511177234
-0.800560518527546
-0.68331613269963
-0.607464330736026
-0.440668607651476
-0.50102591043345
-0.387935233319239
-0.561965558429668
-0.646372766161536
-0.664564970207866
-0.594130146410176
-0.599854946243021
-0.540169929031055
-0.444820491349531
-0.699039279212141
-0.444998221609628
-0.528270505187546
-0.461972992737607
-0.516863223107153
-0.589713502492171
-0.49685212679098
-0.594828959944112
-0.588046961279259
-0.371266247316434
-0.514469158050215
-0.427313030826606
-0.428623246494167
-0.653504087808449
-0.395019243611661
-0.483300415768043
-0.429242598593718
-0.4014703492556
-0.613698187381326
-0.466545291704366
-0.488047665575905
-0.490539078136509
-0.473442269083329
-0.3920870352522
-0.580025869305033
-0.528537118706157
-0.249944128867969
-0.538923150447693
-0.630427671401249
-0.555600338498376
-0.408685354642549
-0.533717635578543
-0.551453608963749
-0.472830983130986
-0.477061151362584
-0.343559011869696
-0.410098248739837
-0.420244868375682
-0.430272065118241
-0.671864919168636
-0.444717163851856
-0.486168356213704
-0.435499296658574
-0.463733165919732
-0.424086528518279
-0.442929346986197
-0.493588906948253
-0.433629640714983
-0.480552343216225
-0.501627758409288
-0.369023275763007
-0.420360331525057
-0.340772554102521
-0.649061073125713
-0.473872751253489
-0.385864089491614
-0.603079620132806
-0.440218067839116
-0.367060378242336
-0.450635786215057
-0.461979283539896
-0.475666814351042
-0.318996682986416
-0.559683181363065
-0.457114378457574
-0.443159337781131
-0.321565968315192
-0.401885865281272
-0.232517578578197
-0.379604897238502
-0.540179402462672
-0.189922116575753
-0.326229795399921
-0.322778509961247
-0.347632702624387
-0.342812683279196
-0.393020341893546
-0.226606417361643
-0.412242238007462
-0.358129642758167
-0.353530605539686
-0.182093570333613
-0.469562141615288
-0.423924024640942
-0.304388636197979
-0.365509584831294
-0.309392434067501
-0.445237573027307
-0.430288087995794
-0.431413034802356
-0.2031481577351
-0.291611712055845
-0.387600986600879
-0.465866628955168
-0.189281589481952
-0.219410379445707
-0.276468770386035
-0.288410411391869
-0.293121295748513
-0.363491521530337
-0.285536747471427
-0.258598787690882
-0.326843011728776
-0.244175718123776
-0.297847714359932
-0.250363283640999
-0.345236575432096
-0.219713602092563
-0.334337519245096
-0.352855570313435
-0.29490243659334
-0.360406665534981
-0.287001494396369
-0.426437797747237
-0.201870369555497
-0.283817213854893
-0.297687229274908
-0.147490628410619
-0.410961775571271
-0.314220959436926
-0.24638850555435
-0.298515138933714
-0.242232416845996
-0.268623051553778
-0.262409710958205
-0.349145095387383
-0.275460449236552
-0.123159796906328
-0.19021527487434
-0.283895185098713
-0.318631361767409
-0.230242189247188
-0.216071483918776
-0.286804119566633
-0.235147570091043
-0.268158268693967
-0.160471249902215
-0.149402209098577
-0.281151889684644
-0.273017576487571
-0.185406787954876
-0.324349930950803
-0.161352071891151
-0.219205297805458
-0.224195117790976
-0.313268857803181
-0.174897639047756
-0.21500551472795
-0.198343155894324
-0.249965871536256
-0.279697550017157
-0.242541149304957
-0.260119335773512
-0.165903734779985
-0.319015563883006
-0.164265921356713
-0.230524161901606
-0.254471629091864
-0.274528463941221
-0.244481151840172
-0.0316560549695835
-0.306273754556585
-0.236198338768672
-0.0395660921267053
-0.14209946811034
-0.33093407992902
-0.0751357698100603
-0.144424561274368
-0.281105164073027
-0.292561398298767
0.0116746086798381
-0.332892421550438
-0.22417360095004
-0.0986651205707092
-0.194230678154927
-0.103711742629018
-0.194124696314712
-0.178960963691242
-0.124670157424738
-0.125876128720074
0.128892594847497
-0.0451251798162528
-0.0902171010050924
-0.189443161449981
-0.109234682846573
-0.143935327282641
-0.141971034413015
-0.127011632142811
-0.109238864985333
-0.196209913671427
0.000976994843428669
-0.0427137361655115
-0.0701824049529741
-0.192895119541898
-0.240277425619365
-0.165029957862577
-0.0952468369836796
-0.0738202600895
-0.110522133858398
-0.0981754917041123
0.0431206152469892
-0.0554933134768103
-0.121761745315994
-0.10487894531345
-0.0884899254338015
-0.197864179631917
-0.251188506421578
-0.199901657686736
-0.190810893975794
-0.226670361763752
-0.167090455034416
-0.289057043291218
-0.192824338817224
-0.123515458380219
0.0713433764053112
-0.0532944804198492
-0.0169817567210868
-0.124504961912653
-0.0269715259908691
-0.12457522980658
0.0109821333186856
-0.116695702782064
-0.145112683661557
-0.156591436515744
-0.0730551362010873
-0.024914299272909
-0.0984927825095632
-0.0460716490424757
-0.163337489905401
-0.188255710156312
-0.129949159197824
-0.0158583949577794
-0.0216951251156504
0.00243041865933442
-0.0863764430834247
-0.140629619886289
-0.00792207965115314
-0.0137850699354776
-0.329809094953802
-0.132021295173398
-0.234611766312527
0.0282185955378615
-0.0581034523484776
-0.0412393388667597
-0.00106488239483563
-0.0836918642014446
0.0651424014912194
0.0167984384599984
-0.0489012025957983
-0.00751057003929188
-0.175723966811013
-0.0330412398782544
-0.0802901533502908
-0.187935677668099
-0.00902754978126486
0.113582522345763
-0.0147474897424792
-0.127221864172933
0.0627248780468977
-0.114242927745273
-0.192666288629174
0.0276911415320215
0.019545380920492
0.0252012084437205
-0.056697346954854
-0.0300411736645744
0.0318432270363624
-0.0271993235867956
-0.0763760408687695
0.245904703317911
-0.166051376346115
-0.0449936515350295
-0.0497647245630901
0.0582062406497953
0.0565387094577435
-0.0760077377485724
0.0206920997738237
-0.116295054911012
-0.0320586746420728
-0.0113870972193274
0.059784467282539
0.000392923929142081
-0.00666510282282504
0.164052242667565
-0.0927571239274983
-0.0283978845509749
0.0169294589756631
-0.0790270483228511
-0.0127024035261272
-0.0398783507510882
0.197084539227242
0.0759563080188481
0.0786396193815385
0.202582085336977
0.0500095140222247
0.0160937141300594
0.156770160785859
0.140202336180904
0.107098100003848
0.209745278026311
0.101188816199106
0.0717491459915083
0.162001693152925
0.104823585557072
-0.0690026249303937
0.107277418690385
0.0904284046740162
0.0543374764336743
0.00660090958847618
0.111827779104797
0.0887992859931754
0.128996192027047
-0.0026396822384679
0.0733065348463087
0.00118696115193111
0.186615763637702
0.10300418613269
0.117456693805293
0.185452980090873
0.0346054675066415
0.129989353380156
0.154655746997888
0.129944358999345
0.206810239486805
-0.0301739662848027
-0.00338069290745174
0.0673759781555662
0.0422798332068681
0.361401430224757
0.25303155393016
0.224740487855961
0.0343805961550771
0.166124770057314
0.0197366659095804
0.13558042549856
0.2862118917137
-0.0116361782372097
0.00983577667176781
0.0899834630221925
0.201777045743169
0.15450638737289
0.132931441555261
0.212757104839376
0.23960154132172
0.180936990958743
0.200854461147384
0.0874438808458553
0.186586232955048
0.101453781046008
-0.0124061033422548
0.116640791398454
0.0859140674051811
0.180557711935647
0.274831045161713
0.203296784060036
0.175500005003385
0.272961917055301
0.177240459689864
0.142939788650888
0.200905106091168
0.247187107317963
0.192653660150739
0.160486331793303
0.0970054766819532
0.208612482195882
0.226621813174054
0.212764629427176
0.366516059919069
0.251382668585595
0.0414529325714955
0.236617101637525
0.195937019188671
0.372975902427568
0.127870352524187
0.247847911443617
0.283471232940614
0.17481217808781
0.397242623652413
0.268262387182151
0.208446327248197
0.260963383813578
0.137271442872134
0.28239831602665
0.459274383695806
0.360901226985809
0.164862013140112
0.269156090758884
0.237570238762748
0.310494475523778
0.27827898820296
0.3589907128179
0.173486639279171
0.325834817509329
0.334962247194715
0.200658190130679
0.199475353187519
0.260752606248805
0.345100895943039
0.263150071137818
0.409272629316571
0.287771861904361
0.442605505544962
0.26255723080022
0.27614525395017
0.275726450901024
0.297910517275007
0.217739855086505
0.246752215478592
0.208856803509702
0.353410087622962
0.422680263906443
0.350362865254121
0.23687334251342
0.446646272105752
0.523158257507022
0.395170715269091
0.379491137531142
0.343375498064149
0.0736067077366498
0.362039832390174
0.411100491607088
0.178294447975095
0.448940898815222
0.319899244228774
0.35362331262884
0.377386265330476
0.315093587036782
0.440631733280404
0.290956721952746
0.3397635072985
0.27624929552854
0.285505962368497
0.402759886313202
0.327758771213571
0.37168294023193
0.378054623088385
0.272322905577503
0.421835918959071
0.33624987917164
0.261766814052653
0.334137730432535
0.352970117090013
0.386101369522065
0.451046973069316
0.295884129567145
0.385350641490792
0.378860091815805
0.493789452306842
0.431829341429104
0.393545049250117
0.356444924710618
0.434080700429064
0.364218866226909
0.384536447497879
0.477531179064871
0.281375589022278
0.473122345400372
0.383875370343132
0.378627638588441
0.355855042809717
0.377306717749238
0.482933652944054
0.417515025185795
0.488635974961518
0.324720028864719
0.251605962744472
0.386477896124651
0.61635383926134
0.384038599346985
0.556280502576568
0.342035866354246
0.312888296094629
0.332822690149244
0.438019090096546
0.431047540097014
0.391647490636817
0.358818608444771
0.447809419884759
0.443909820132802
0.637546864229637
0.475863237082931
0.492237709478805
0.480541130471627
0.367793951182219
0.485220926905965
0.436283255477661
0.364861489677631
0.542132319269408
0.624020330678393
0.260708717717681
0.483754397311205
0.4672589004277
0.620938917706032
0.320001535384606
0.401216058871651
0.547240142612895
0.444007230888278
0.515384779452429
0.520332527924
0.383338536025009
0.554370871673848
0.534691756312792
0.525600446482474
0.265208912724111
0.444288280133815
0.434131510884921
0.334079879845523
0.559588101804408
0.412879836589908
0.492151372833074
0.547825636037745
0.434594151544317
0.362696488016937
0.582047942414791
0.469386025692897
0.394925970119432
0.542785636937283
0.479867789507269
0.496920719521476
0.325800175122606
0.473352576681691
0.579535741307418
0.489650599562362
0.56289551693741
0.52964154026491
0.469400049836388
0.44738192993607
0.562390940421185
0.423408858865008
0.522945534189107
0.55647816430949
0.578693331890278
0.502456477954252
0.47394575915344
0.494351247037221
0.408702149503789
0.543129512336079
0.560758033826609
0.635118888864791
0.645056579132511
0.579765978400494
0.36081955985416
0.562492183861062
0.508446059870077
0.624833604327246
0.486140547743265
0.493519606270579
0.609002311216011
0.570649244140457
0.437200499277097
0.571741367821469
0.527500128751395
0.628434108463174
0.534421945639382
0.459314717216588
0.738503846119091
0.59991307105532
0.61127448637996
0.577873083909341
0.645231608528937
0.504717261067616
0.604319422467214
0.435173763194948
0.665809512816995
0.538297957956357
0.557283360093851
0.647812370552674
0.773435718588299
0.621156006810818
0.716705774630391
0.572649854867777
0.568087966048616
0.681622723656586
0.65525060047699
0.772655037079042
0.718760119008273
0.594369993675169
0.652371553203478
0.702808295235189
0.501240876445936
0.662023264466496
0.545464437239627
0.605033366605138
0.551081968668016
0.536012415552304
0.622787777552877
0.51574522294337
0.648354199209437
0.785594823527425
0.569919142268633
0.712357896076008
0.770279426865929
0.66987426461723
0.679683628904461
0.602035029834247
0.613629345744685
0.657703160379787
0.809483691431658
0.640241428742689
0.577171100479639
0.710137605433763
0.601251255608972
0.505654697007633
0.628208554302499
0.600574227447684
0.770357255873507
0.715314085774025
0.603953384576952
0.556815169300196
0.619117571285498
0.708017150490994
0.681515750152897
0.763562972676009
0.694015426495087
0.731907481622691
0.883684091794299
0.820456083220692
0.587678809451734
0.808982601207334
0.738775647883818
0.799401684412553
0.663040492187852
0.709557824492542
0.770882774925684
0.723072642748197
0.748264667122331
0.763304557778825
0.669740291113232
0.714923769061347
0.767224951728691
0.704252237191843
0.686954355991091
0.723144629418777
0.642489525518228
0.730597074288307
0.766702787415906
0.686453276032137
0.690318971326904
0.64486726211638
0.838032545197808
0.702425408423974
0.66358395713486
0.743465620899068
0.600465387702556
0.675917915366725
0.745890287368054
0.718215720529907
0.760329687588844
0.617196624191376
0.642871727759573
0.630398409692138
0.768983983612115
0.726166869454038
0.869697987954059
0.781716049922376
0.756925749238339
0.877171783693574
0.680856089240544
0.745183617193597
0.777934231143319
0.797924574160651
0.797428004975831
0.87812861825911
0.759640105130547
0.835616045680167
0.749719426119274
0.795026302897335
1.01388461478075
0.92068916123023
0.841171353307997
0.822984156703392
0.918044020457565
0.774934085323813
0.801779280172908
0.829230797272539
0.800712640362892
0.948625209710277
0.786369795743672
0.791521602927711
0.832514024732064
0.9940080513392
0.636237070321426
0.837030179018865
0.793475736030514
0.867796267852412
0.814611134678534
0.843541004921225
0.79184303285447
0.939068214334705
0.634316130575044
0.920612612843787
0.852808777778242
0.638817823493619
0.926366122453279
0.929708205291562
0.961568851274168
0.868217571969928
0.953396723645155
0.761198963814278
0.795900104939586
0.876302127888984
0.990730663233851
0.906195007113179
0.856048919014342
0.989471286608657
0.849596487394844
0.765897921149624
0.968175114436991
0.959941482368269
0.82226638588888
0.834648741923218
0.896101937204768
0.985563849593669
0.954827506935308
1.01980772711387
0.998647969472136
1.01619476296492
0.919188600752972
0.850978566779864
0.908473292341177
0.959216441554267
1.05607771380034
0.920324193795912
0.929373039456806
0.981103050384647
0.94744009864656
0.994394385197397
1.09161037905359
0.907339262860261
0.889331410375525
0.850622072852356
1.00862462362394
0.951002374382566
0.928572731389219
0.897759199843023
1.07283813286503
0.958949287896078
0.956430290287536
0.916933815249027
0.943410983997382
0.882184237538732
0.916869080957621
1.05832386957387
1.04850711734114
0.846729289253902
1.07572378727616
0.975442143057282
0.820403264522419
0.932678150884807
0.922769204993055
1.09026020775489
0.944909388173219
1.07536922577859
1.03144288514057
0.907622946911678
0.797616886807082
0.980687226426654
1.12772931350794
1.13596998190457
1.06126143312714
0.932716964788082
1.08353439023705
1.02326625679091
1.0080902305064
