-1.18193680225344
-1.0843246102713
-1.09980496625691
-0.891983187114292
-0.930111222579629
-0.94737115029926
-0.999647668462666
-0.91289064409976
-1.1467706812739
-1.02745093709039
-0.995211049448464
-0.990125521563356
-0.913994109373844
-0.869295383250114
-0.934638445750926
-0.990889944164752
-1.01797005976869
-1.00078229325574
-0.95843277169496
-0.905358961665378
-0.921623445202665
-0.96746538139462
-0.846757740822538
-0.901358292799854
-0.97824297786742
-0.813191517785448
-0.926993918357097
-0.901654311982512
-0.932709047898447
-0.970952179976297
-0.969662117343789
-1.02077163877
-0.896021194444998
-0.915288304606849
-1.02308199968823
-0.973122454122415
-0.929268661613999
-0.927038277836496
-0.841369587290855
-0.850988568424559
-0.895412807827161
-0.796360007230857
-0.77810830839961
-0.821966033743106
-1.02928722069437
-0.906557880725538
-0.91307966447904
-0.948078748012789
-0.878882353502687
-0.86942689722992
-0.798021733538389
-0.967805395461109
-0.858254478459707
-0.872597551848678
-0.894174949851004
-1.05005526550192
-0.925517974895731
-0.921784759565355
-0.957260378307852
-0.914637629833988
-0.730776155596469
-0.933824609179196
-0.888689462920207
-0.770357831287575
-0.814660103889951
-0.699917080127108
-0.888562239341334
-0.835193865202599
-0.809143886640725
-0.829263175291676
-0.87533064466263
-0.830109800951965
-1.0530775237604
-0.949467622023496
-0.949614460284546
-0.907411977233496
-0.856092920006641
-0.718519781106658
-0.764605733842981
-0.821704625752824
-0.846241065419934
-0.841802147952135
-0.86039186701052
-0.821292931459464
-0.778150567008971
-0.73058991751601
-0.801181818753223
-0.879960330938042
-0.872425321760881
-0.790217242782106
-0.721053133561573
-0.723088505913029
-0.756176893292456
-0.616102705878861
-0.806068952203682
-0.93842363740809
-0.854076537566382
-0.704434526281034
-0.779069574662174
-0.739811331469309
-0.879075650485808
-0.797325099600961
-0.79786795712165
-0.876441782030206
-0.826456463842144
-0.844434462490243
-0.77629031573161
-0.800942494720988
-0.800792559624272
-0.784474418972757
-0.809474838365874
-0.794993254770345
-0.759073112149248
-0.61417600453804
-0.783624528025456
-0.894645462721717
-0.661473029733818
-0.711420683641765
-0.641966168653313
-0.647282810934845
-0.666684367893318
-0.790301471376956
-0.694621214421696
-0.797005988911147
-0.708426002526259
-0.671375545947381
-0.724128783009785
-0.579420896652185
-0.677792810488515
-0.805712457327495
-0.666066332771614
-0.864280884086116
-0.630415304491748
-0.619658831620224
-0.751849575782268
-0.778056015207582
-0.742962363758554
-0.727586622754154
-0.642094764869494
-0.778026305781831
-0.688754463280401
-0.782098201660498
-0.805113676112016
-0.852538543800457
-0.631131978929004
-0.767387162513364
-0.621721170411682
-0.750255687178306
-0.740910298458987
-0.74407721799456
-0.563573241690269
-0.654125567501317
-0.767979682824516
-0.586195300888859
-0.758680565086965
-0.743317051758901
-0.598886140582294
-0.736558414684919
-0.773535310050502
-0.750491441756554
-0.688045470796451
-0.796525699261772
-0.604540162574703
-0.609027542996102
-0.671912425580891
-0.560301845868847
-0.551951478857575
-0.715364436891774
-0.554032395695016
-0.765163453455112
-0.721053009946416
-0.646771728076248
-0.738414601300181
-0.556689621401489
-0.69983318984384
-0.639800154502589
-0.690016702356491
-0.628301065969523
-0.665725021071995
-0.646488935163314
-0.683806985826624
-0.610003405604706
-0.596990509125544
-0.567078263231733
-0.681906499110284
-0.634907681495194
-0.609987345914462
-0.662980634395641
-0.657089248915363
-0.84386776287299
-0.529060508202178
-0.667699668954694
-0.626670405080051
-0.65038939250689
-0.639795059670376
-0.665039303978391
-0.556168305592781
-0.74198646024507
-0.543019851493848
-0.576199192479124
-0.612182388908075
-0.712191766823932
-0.639073193076098
-0.644819947671319
-0.613779593127615
-0.640330947570666
-0.41176634546141
-0.525213245573866
-0.738600598015317
-0.667185320852741
-0.556773614755134
-0.47835919613575
-0.510070471726927
-0.514831261206164
-0.706771614407781
-0.420333224545868
-0.415582877310834
-0.715580949195643
-0.610323261246379
-0.538727567945839
-0.523593698309879
-0.508199603684998
-0.642556521204861
-0.403778202623306
-0.494618493093094
-0.638794933987706
-0.671038337256424
-0.455236683379966
-0.400243633283277
-0.440473322717293
-0.621231843853032
-0.560023385201788
-0.38761218393107
-0.572802506324526
-0.496947349337683
-0.566097650708505
-0.589322807924592
-0.419632489670961
-0.578122085288475
-0.520160842346677
-0.577791580021868
-0.423688213748663
-0.580422036320852
-0.47077830532205
-0.373229322258212
-0.507550651827668
-0.580452575824512
-0.545067109191403
-0.440997059792506
-0.465556019927224
-0.554690989836456
-0.532563972161882
-0.53016762844552
-0.549037819312319
-0.662906435231669
-0.47296809208181
-0.421165167497275
-0.366892994230246
-0.463676607843406
-0.547824817250485
-0.465929819587776
-0.426898635227633
-0.537848105664639
-0.394175456888659
-0.501487974419895
-0.42527545852752
-0.463571478601
-0.482929322725536
-0.357110190357578
-0.35456229807242
-0.480637018636633
-0.51854749719441
-0.470646795615966
-0.321260592229602
-0.453476229634643
-0.414394974677692
-0.388066803697493
-0.492257200642182
-0.556743668739494
-0.450864937561215
-0.32383989031488
-0.387406137160687
-0.525177492413615
-0.408975670144979
-0.390698637365941
-0.351471194600639
-0.454030306890361
-0.467563288243351
-0.312074890934406
-0.347088655293646
-0.411764912328956
-0.560181080571759
-0.399004542973255
-0.40546390059762
-0.430962071784968
-0.304513259482773
-0.554307692387268
-0.353171366867103
-0.482932438715878
-0.481841732195593
-0.357201148730416
-0.404728662369879
-0.352438393230918
-0.387012641575272
-0.234863774369129
-0.240002369618292
-0.365578204414117
-0.429207325480916
-0.282105496961825
-0.475374751516213
-0.311188723652278
-0.563161345522082
-0.470303125163642
-0.263083267049705
-0.390134633060561
-0.26679655980548
-0.401778845970071
-0.533242296765986
-0.277240456297859
-0.307207446992096
-0.291135504307218
-0.337991393181005
-0.24157563556495
-0.224426469757662
-0.3143738565421
-0.334820651014659
-0.372891178551448
-0.324718756232261
-0.474645397104528
-0.343461652297876
-0.344118271579294
-0.314157034418053
-0.138585891369245
-0.409510962759972
-0.436276393284778
-0.458591743058976
-0.345165526889933
-0.384793218154732
-0.290412940806167
-0.410296281271977
-0.277940830391222
-0.436373333431275
-0.337911586412949
-0.265718595402244
-0.345051802292403
-0.277345956098279
-0.424018701407547
-0.286056377182039
-0.269956685142495
-0.270401356429756
-0.494618102103822
-0.350052110759607
-0.257619426498833
-0.212665131609983
-0.292805343722855
-0.338807526266866
-0.301779424741757
-0.3509248836801
-0.184436866395911
-0.31954138270057
-0.26190690302557
-0.392224410270581
-0.343128827460272
-0.32109251327889
-0.280742626305127
-0.395169437203548
-0.292054338617169
-0.247249327253814
-0.142832770166496
-0.121785132056729
-0.136720722440799
-0.311673188352771
-0.316533287509037
-0.219330811756922
-0.29678174999111
-0.158502184651437
-0.274260515179805
-0.0408518348645259
-0.273836357145054
-0.443365191927922
-0.325905237128894
-0.242516754062286
-0.181734203186326
-0.370615571688474
-0.374891121494468
-0.267039088373879
-0.161281080301639
-0.166838451431206
-0.246613156054936
-0.153796321915861
-0.269233174616133
-0.136099613506886
-0.129419600405527
-0.373689722466528
-0.178216898203887
-0.285957298947098
-0.188801557404803
-0.139068132840804
-0.194811316752618
-0.228939842403609
-0.102439848162525
-0.180714491508162
-0.321621245475346
-0.22260967289002
-0.0700871747342619
-0.345480949183807
-0.175778054644891
-0.186284358938972
-0.0015186592535027
-0.199048777902542
-0.171367580593715
-0.0746471395413204
-0.26055725560541
-0.196197581546104
-0.151706774224778
-0.366477516245098
-0.114257892892207
-0.301615561303967
-0.159454308101602
-0.0881358389910187
-0.255056881749131
-0.140857855087568
-0.19465647275286
-0.231672467940407
-0.262377556664167
-0.0969859448929227
-0.123651575225811
-0.00791150363385528
-0.179864962741625
-0.0577649620569412
-0.216602107073548
-0.301195714670251
-0.250631576606139
-0.187912998075857
-0.234093433416911
-0.0726403731416213
-0.151525921134338
-0.0200276078414922
-0.0682399236508377
0.0454559102907422
-0.0226157149626942
-0.108513697114866
0.00959533997672794
-0.177984816316947
-0.184596938863207
-0.12427902055361
-0.114100891598453
-0.0170052231867189
-0.189456162046407
-0.0756022376848378
-0.133554807689999
-0.0122931804580898
-0.180584152485684
-0.175103527281924
-0.163237444158011
-0.0816590151116295
-0.0722016311148187
-0.0145628399834184
-0.180716205024909
-0.209373381087944
-0.12351726621048
-0.0326549039850381
-0.192149234350256
-0.190712178091426
-0.154489901608088
0.0398900638181398
-0.098225485689061
-0.0368454242961465
-0.160343220068761
-0.167789060279986
-0.132648183703934
-0.131220858569906
-0.209281170976342
-0.114881201991083
-0.0902996561956242
-0.130439302508644
0.1004067081381
0.0323748926045344
-0.153405615237818
-0.103219088754481
-0.131170785842733
0.000964428255922041
-0.103079917677465
-0.200066764602277
0.0936170771216362
0.123419537099971
0.0696733973834537
0.0365094300149417
-0.172194972824257
-0.041736620793286
-0.0391479704772006
-0.0291948207936922
-0.0277748265036468
0.0416419724684065
0.0456195458775589
-0.145049469009082
-0.184674076466551
0.112482203805877
-0.0843241140060958
-0.000393077206895775
0.0481291742065307
-0.108604591231084
0.0594104416860798
0.0605555503504245
0.0340118379816116
0.0410834488829731
-0.119412143574996
-0.182527616325899
0.109082110635661
-0.104620208199148
-0.0438148533977903
-0.0111618087955852
0.0551130111593006
-0.126588866442044
0.020075180804627
0.176679291918141
-0.0342693180074967
0.0357947798078184
0.110216057662693
0.0644145533952549
-0.0343692709164
0.122938197718291
0.00917212037394552
0.0234938161157237
-0.0107844061394639
0.197808700606277
0.146977451540902
0.140208524546495
0.0381607029396664
0.0707783461005693
0.114625650861825
0.0587029988173593
0.0195922918233081
0.13734359054926
0.0564189269541185
0.123997698894161
0.0381514886113423
0.0106010900449261
0.124350529558409
0.00620437263638852
-0.0200647054975086
0.163948748535391
0.084172585519105
0.0303946166341911
-0.0598565358315494
-0.0301058369851754
0.204010381677914
-0.0183223826740871
0.129646174434822
0.0217022445295248
0.0245053525703172
0.0928899308635268
0.0182340417900078
0.185736369298612
0.0965910222390716
0.22956007608464
0.0478227904279176
0.181008186361264
0.0237445666171273
0.16676437817284
0.0201473805607724
-0.106862687140745
0.118338947037987
0.0908399015860143
0.216924601976134
0.240077191243121
0.239346769261408
0.00355963496502945
0.135568986256578
0.250811402751832
0.144537231249356
0.109668783594239
0.114415989870506
0.11200839438673
0.145392538695759
0.138576615889384
0.0287559505401758
0.151827706240599
0.184142140246434
0.0563902029833745
0.32951728153847
0.0345794950984398
0.194317899126493
0.202964761189992
0.167388449305836
0.123874008190613
0.213754905297
0.118122638738957
0.13978219703667
0.300441031563805
0.315184589724179
0.272354947047445
0.12128103209135
0.0854710661636159
0.15333100092565
0.187576237249223
0.118983714480818
0.228481566379546
0.146688257473342
0.290369140630058
0.111699742307684
0.062671794477995
0.1936702141889
0.182518028626296
0.382758419127534
0.326523176932108
0.198871714546655
0.361184449188325
0.23526577328271
0.235507800011981
0.270350836444258
0.239315798451847
0.20680483400689
0.137098716138972
0.261663906670484
0.320275423706768
0.279878408460126
0.227532382860937
0.350966726439792
0.245698617085649
0.343978707379364
0.226079372408914
0.148884857319974
0.235402012293523
0.276220690858837
0.28453097900756
0.166499041652453
0.346951439494499
0.237875313000144
0.293565056289149
0.265599846764171
0.146433987765749
0.0724545679594704
0.182178450221046
0.389040217196231
0.282080906948181
0.251523092609522
0.308697784330857
0.352785202805466
0.224947127929927
0.0939500020782856
0.393160850570558
0.299358860449218
0.213140251665919
0.36304409620357
0.0754839952216163
0.339713440291566
0.203183654553209
0.232895664360383
0.274909416672495
0.267857322311348
0.267375949112468
0.385259960419226
0.318329105560013
0.423473990896953
0.41602501872961
0.440503658897777
0.210789199084157
0.367603406486718
0.278547068792823
0.352216284804162
0.208475415333824
0.374723525571556
0.212491558967757
0.525209277446694
0.461293534804111
0.284525613090566
0.339883923049826
0.38027539938076
0.383575244468875
0.267565157837138
0.268339388032937
0.318528445119119
0.337200072995808
0.410223037766301
0.387500199163254
0.269799152875471
0.455093580505004
0.437268824508051
0.406629593907002
0.491126220712743
0.488712567697325
0.33703239100431
0.386187064266564
0.541615303815769
0.179834185352391
0.356884076613214
0.438092344382557
0.252413061285753
0.299753239492482
0.233460392858672
0.526607561601322
0.388826237927384
0.336304231798339
0.498339500327153
0.404446309868028
0.3954029242036
0.411174199420549
0.451895254835496
0.362846420006533
0.483275654250681
0.419570521490712
0.436514563082421
0.385334776302462
0.431398262507079
0.363599870658005
0.37780058663472
0.453956642257858
0.386230658941106
0.417804349544809
0.405473427028803
0.292229761866145
0.414078982506597
0.403230106242371
0.486839568515572
0.384906872349401
0.446814308804474
0.382051120326284
0.447115936242377
0.43824224777501
0.284272602301579
0.406447094520858
0.549582674712127
0.479143985174624
0.55085888763816
0.61604684072589
0.439498375024088
0.454705768143036
0.348286716649485
0.525957503727773
0.484126402672594
0.347889447491479
0.565937982532869
0.507465385949986
0.478702575158772
0.597474965896833
0.4340683538834
0.551930903465909
0.530039475197282
0.57477751795832
0.437145680015447
0.575859119023869
0.396519369406222
0.556444564707042
0.43694960728475
0.397533038447058
0.443195787672387
0.736659913343217
0.531428967492848
0.495410376124706
0.438928808378737
0.495749578592464
0.5616768132637
0.552853491802417
0.383299403249751
0.572805371653499
0.687919477219707
0.448619860642079
0.445331537217637
0.457696787443245
0.385159984342778
0.538400563944446
0.548441382348559
0.467874159996382
0.509978623581369
0.507368313340819
0.449465131104141
0.435492879811703
0.525751032553346
0.535457254617406
0.600114001786046
0.642408637615679
0.626992336393675
0.381792901959092
0.512293941600764
0.578591876109218
0.60592289863086
0.589787603626938
0.429896644695561
0.544332929226379
0.632311022877104
0.612271102860454
0.560313188569332
0.655062401069505
0.567054476679827
0.531781522836116
0.62766381009635
0.584987798611384
0.654438043108951
0.578790582507486
0.612770151712573
0.373377007661184
0.459910084567491
0.600009087004425
0.566918959169327
0.626289496835338
0.531917511065857
0.568971424518371
0.53779623612935
0.560070983538253
0.598500677997874
0.59175257787114
0.441026266051637
0.83918778925116
0.663913163881228
0.557924233553244
0.609619214160032
0.711313883120452
0.518713275951103
0.692162492461427
0.608635725647134
0.599614659017218
0.592524648204813
0.631324086432053
0.59298579415095
0.610612430683867
0.74169262884092
0.570037202754514
0.731869894811567
0.563382867423163
0.606566089663872
0.68137368260504
0.592537698737248
0.574226880467426
0.764879762072247
0.746023038222589
0.597942365069511
0.663613163282537
0.660773497559402
0.706646736398948
0.718715305973123
0.660943561290532
0.759490742980538
0.757568912811382
0.727600715466812
0.577000599335802
0.589566053374196
0.712305419293861
0.742686405655955
0.725385040627879
0.644349457163946
0.510704919643213
0.61425777489684
0.759493133981599
0.619973804954545
0.732657745731589
0.702101692867345
0.80905336309421
0.649298456002452
0.634631076427944
0.578183558425609
0.777421542719258
0.756759823193604
0.625532748133578
0.678291828460119
0.667284740251082
0.695619592755877
0.72077167472932
0.669435657026835
0.742908604285573
0.577932956068245
0.86824669608346
0.628264645532646
0.544496295515717
0.766236387959503
0.7309957034793
0.775616960103743
0.70162664206649
0.855540726476139
0.693348559565783
0.729161498182182
0.691262199995801
0.734140062539241
0.713046821556227
0.844952546298611
0.877749556462514
0.895046387403419
0.768848479328031
0.673108260422292
0.560474290329918
0.715583265087115
0.73836386167759
0.830624931795213
0.760596991025132
0.673004972501689
0.886923382928509
0.701209391230027
0.837790838200211
0.748229277419718
0.688202702779666
0.849201911273325
0.713802657589875
0.960579344580127
0.7537153308997
0.650155450187234
0.81756649588188
0.846553684920115
0.681640653084337
0.775555897285936
0.741533010765132
0.847960962544233
0.767227736492214
0.816661190716996
0.665959098019456
0.658500565045397
0.848744079156698
0.836847616230544
0.820278491811788
0.844278466756714
0.823733074705487
0.921982587933136
0.826965327053857
0.798988915526406
0.912916573963125
0.953296455995111
0.773509783666435
0.922277503166304
0.667767385144212
0.730858466793125
0.823837826869732
1.05150273392464
0.744160757058689
0.871416081125062
0.803164972121618
0.690925869872246
0.862173456334218
0.932265006499101
0.798636746180505
0.769060798711113
0.887552399202155
0.885152775986774
1.01424798916734
0.884045596863401
0.907539932376768
0.894980419801519
1.00470763711599
0.831123392458591
0.8491281061145
0.959854437275137
0.776283801111101
0.948802355894806
0.942992626230544
0.678529631115977
0.906792283570639
1.02699641933468
0.895252355890714
0.74382899641413
0.955933499093867
0.82225873727234
0.92160295503321
0.866744650907446
0.759997935154688
0.857733811666899
1.06799833252496
0.855937898056172
0.81597502439028
0.993772313935684
0.929781318858786
0.879786048575922
0.950992270628227
0.885028614650857
0.904682727976443
0.913575539795245
1.03504224049693
1.03153443101769
0.848771713297677
0.935047573645227
1.08960619092554
1.0777128036058
1.00278386317772
0.988894893425377
0.950997383387974
0.824365809374077
1.02588321473756
0.998781781445023
0.904259040634134
0.788382446847371
1.01213902669312
0.997518155468253
0.786167763787221
0.759069867845652
0.804399363459952
0.973524677374736
0.847149197851487
0.961661596968591
0.839847357530777
0.962431488834826
1.00897301349127
1.08313856998221
0.999610090525088
0.992331186614695
1.00190822433146
0.985971189275931
1.02762639111616
1.04272885296601
0.984908522957578
1.05038723224686
1.2889840682201
1.13496507679761
1.01226824400157
