-0.953765334209782
-1.01153954772807
-1.14066074459008
-1.113339941046
-1.05507304813101
-1.0207291945975
-0.927416352164961
-0.915614106432244
-1.03007399822491
-0.979395514325082
-0.932793926681878
-1.1124993029611
-0.940153298171326
-0.857873270219223
-0.807060608288674
-1.04743493153795
-1.09275345506138
-0.913721876149223
-1.01354959882127
-0.810409490413648
-0.84518712855578
-0.894830326555047
-0.958678947425162
-0.960795468833166
-0.843814454306943
-1.09283844430845
-0.981671518049337
-1.14229594411536
-0.939827307045581
-1.01068640784027
-0.918209578907294
-0.884199309344586
-0.945496692061572
-1.0030258969367
-0.884405175124561
-0.989953877098873
-0.879111371749278
-1.07009349511397
-0.86940670243988
-0.929370780939111
-0.981207730827483
-1.05255047433793
-0.963681347600852
-0.972968317426302
-0.898568215720045
-0.931220148533919
-0.911245613939628
-0.694254680023817
-0.880591459705143
-0.954317469011446
-0.993801688269077
-0.908004896036784
-0.834804717140919
-0.82443117490685
-0.91780874655722
-0.917726208283086
-0.835675624671069
-0.876844418050145
-0.877164982711132
-0.80205525498119
-0.884211529754248
-1.01386465689669
-0.886022233268669
-0.826524437740186
-0.890692875113678
-0.862835425048907
-0.806390411023397
-0.882602132938359
-0.844549396764277
-0.971981583758822
-0.701183726020947
-0.735897591999393
-1.00831312460586
-0.893721328813492
-0.783066507633194
-0.862057339189124
-0.941316641809419
-0.736054903929481
-0.900741055905534
-0.773854088578551
-0.830277917036029
-0.769878813306289
-0.985414143663042
-0.74421794875832
-1.02826309591822
-0.814180789497785
-0.985043693166925
-0.869106965838385
-0.754049466863254
-0.741070966700894
-0.792082700099235
-0.810785353252773
-0.831047662307483
-0.817818362966776
-0.777368525271021
-0.79990044959538
-0.7603155793156
-0.683399612942928
-0.910586501798723
-0.734606561454846
-0.743986729315469
-0.81018922275875
-0.597691235897075
-0.684061537238578
-0.763680942982093
-0.786037520025599
-0.721162192989477
-0.693819915964721
-0.824045286309612
-0.734861601176485
-0.594731397206913
-0.830159153023411
-0.838429107696871
-0.763119750204828
-0.876433874078104
-0.851307662280051
-0.751983998438293
-0.763714683852887
-0.597157908330249
-0.750746177216021
-0.655136280238109
-0.905955402956318
-0.830716093112848
-0.84814461669722
-0.859822030677173
-0.696943847047893
-0.858922643737926
-0.741451184977041
-0.796340162893804
-0.690762894842992
-0.699346445816947
-0.724857330640081
-0.654416458819501
-0.845809838507446
-0.734762290125245
-0.754612712205642
-0.656560869281679
-0.787315072221637
-0.667421506694848
-0.6434728637442
-0.638997483372808
-0.592607026234065
-0.880419711346703
-0.558758853436207
-0.670334389097804
-0.758705636631901
-0.779793956544034
-0.70013832798637
-0.663439397253562
-0.632925100268461
-0.577021575611685
-0.58144006840607
-0.652314410496665
-0.754004733776107
-0.749431677082245
-0.630958803067213
-0.685604327033566
-0.616417102016662
-0.693027771123212
-0.669835199704095
-0.755988441335486
-0.628016300364634
-0.666971768272517
-0.567047910757863
-0.569978707005425
-0.735222172383066
-0.73245336421014
-0.61146846817749
-0.738581667287926
-0.74551423077856
-0.612273701234837
-0.609892429729137
-0.521128726141528
-0.695975437331788
-0.710310305990876
-0.638959097217105
-0.72677387039673
-0.630394848918525
-0.802127022542583
-0.651368210270757
-0.737285019269708
-0.595829371119026
-0.650692632877533
-0.687741555259627
-0.681430297954144
-0.604378281118969
-0.643921179508458
-0.580822892140021
-0.629354908781399
-0.721997634841662
-0.634916490053372
-0.741078443508568
-0.516330407873095
-0.617276799312453
-0.66333204933434
-0.602196021167573
-0.682522496291199
-0.577033441463544
-0.604745391526757
-0.710617430113074
-0.701454789632865
-0.51179216533472
-0.559240001951789
-0.539316080792575
-0.662638728181769
-0.644591885673806
-0.392341484902221
-0.596097695646795
-0.467972130528376
-0.323764554062665
-0.508224585671706
-0.525703652115804
-0.64775202527271
-0.540230664679458
-0.643139516296847
-0.532749228922997
-0.362308681607608
-0.519617077205903
-0.721016590705963
-0.717829593994705
-0.616017166624913
-0.590226758943597
-0.396144859219577
-0.808235926098546
-0.694931886442105
-0.626427020152692
-0.425021649971851
-0.506990334753736
-0.392448760385643
-0.573805246430254
-0.650190198917181
-0.668443275301857
-0.599574528712538
-0.592631742735908
-0.54451213181594
-0.459422033526641
-0.707643017021202
-0.446231221390136
-0.535118181288963
-0.483948338503353
-0.537963418936893
-0.571707962370569
-0.489631571329764
-0.561542656401096
-0.586492204588758
-0.351562020795891
-0.539355373871299
-0.425311094050299
-0.440103686509288
-0.650912209816041
-0.388009750478085
-0.470438253556572
-0.429998374549137
-0.394575443011283
-0.613903415202
-0.488966244001552
-0.50721096254411
-0.475112317540978
-0.461554091716141
-0.371697647738188
-0.589716588540211
-0.530465434449595
-0.245231967336618
-0.527196114234632
-0.618515725564098
-0.583035123542726
-0.409897031396566
-0.526463499170614
-0.572834054350977
-0.478510947333898
-0.48839303243864
-0.349822056595151
-0.427326622614468
-0.408297957778767
-0.428025065726086
-0.65512927385571
-0.447178963232676
-0.482491226074446
-0.441342448902692
-0.452348121055904
-0.423424809730069
-0.437752706557803
-0.505955786969681
-0.413442539689907
-0.463573734178695
-0.499019710549835
-0.370997533255049
-0.418292185251324
-0.351404787367306
-0.629819593316474
-0.473883119490969
-0.413563266362609
-0.593629970496863
-0.450368865208317
-0.39527368247633
-0.443815725149985
-0.44186441563138
-0.473770094135835
-0.287257464671092
-0.53918425280681
-0.442183611368361
-0.462846804127733
-0.324403214534754
-0.401094933899887
-0.23456413311138
-0.383805516898063
-0.550770192126702
-0.18686634996042
-0.328664664071268
-0.328011494534262
-0.326345945040781
-0.348917049847243
-0.393774428878878
-0.250351664631902
-0.420483248322497
-0.356758814601075
-0.336043770130537
-0.189755289958432
-0.456612872965567
-0.407409885797921
-0.30393659963797
-0.357352415916743
-0.328124887970774
-0.423853972570517
-0.412708288370355
-0.420598648404024
-0.203988946727278
-0.283764269123562
-0.371305403041902
-0.470235726705272
-0.210289765222095
-0.191790381091611
-0.276208460365483
-0.300079170376763
-0.306661671568472
-0.362260949665979
-0.282323169486728
-0.258359106685527
-0.326435747010164
-0.238326402027217
-0.297169104916919
-0.250057774130017
-0.352854862227636
-0.226802322999612
-0.322086070413252
-0.367400140862597
-0.28213170096559
-0.38108060764969
-0.277845298371266
-0.415537187641013
-0.193685979213406
-0.294232394243302
-0.305726479816919
-0.138788977647814
-0.416957339810059
-0.290981282301945
-0.251715246644389
-0.318922092778146
-0.246873120474372
-0.288204980717079
-0.274825612181887
-0.352166321872507
-0.287373950815674
-0.125983524384889
-0.181136170817108
-0.279341041377526
-0.317179877562741
-0.215287600774564
-0.200793608964433
-0.27370148679115
-0.197219365770736
-0.282164539607034
-0.150451227274107
-0.145961466820237
-0.28326611796024
-0.277193484397458
-0.186301938027997
-0.339597217221603
-0.163518391437673
-0.247928251985192
-0.248157509439492
-0.308002161545427
-0.163283244759232
-0.189935539232139
-0.188907579137489
-0.268181700811353
-0.299067702079104
-0.236240219559031
-0.265583992163428
-0.17422457892404
-0.279208756579784
-0.156981421369028
-0.217294494931018
-0.285013218723935
-0.278542111427147
-0.229584749428857
-0.0628957651137735
-0.324662985472507
-0.227143174904929
-0.0233309018027756
-0.156557370431395
-0.326023704579418
-0.0753414451379565
-0.161421457101843
-0.300678724129903
-0.260054140380848
-0.0167149668684307
-0.326579337664456
-0.236028770102223
-0.102781669474314
-0.1900978538224
-0.0969616688341405
-0.19198185274963
-0.195733736300023
-0.116062390128399
-0.144076554506678
0.117380428471686
-0.0237487421108056
-0.07587142181662
-0.179600538404444
-0.139137823270569
-0.144804086963804
-0.145715077745325
-0.136641382045839
-0.119795674700061
-0.196008660348064
0.00375858571294261
-0.0688800177737909
-0.0391985551052832
-0.196476442587875
-0.248862810772371
-0.162530740111512
-0.0838391207411937
-0.0768827841473552
-0.130349629379599
-0.108123802991997
0.0300143230215325
-0.0609671112190267
-0.129336232035697
-0.114159305508182
-0.090285483519372
-0.196125950528235
-0.248757168663676
-0.200205672078941
-0.155311208035862
-0.229081099200495
-0.134586678973666
-0.301675364879153
-0.230392839286251
-0.131864456751925
0.0768825587447575
-0.0574050771652926
-0.0125613890577266
-0.11476571879749
-0.0256752352251787
-0.129175547998194
0.0137460651172522
-0.125979750891146
-0.133321376474045
-0.140605219375194
-0.0692587714111171
-0.0254153331892988
-0.0833460994056727
-0.0617461163942732
-0.164957176620852
-0.182880666382114
-0.128274860094164
-0.0119248465433296
-0.0535366304943973
0.00196740849744046
-0.0867231672485206
-0.120956446345307
-0.0192394665313421
0.00492800350853914
-0.325984304135048
-0.136788471458519
-0.24325840119265
0.0199959242585777
-0.0576339965011712
-0.030152982058737
-0.00946559240660915
-0.092475967819169
0.0588150254222069
0.00646547121720037
-0.0419311568575535
-0.00410531083434157
-0.176301161795034
-0.0216541449501479
-0.0925174477143003
-0.176012554903458
0.0087002140220489
0.120063755117709
-0.0189749983921985
-0.143000233317396
0.071873783729197
-0.142408817997698
-0.176750239346058
0.0231658429563156
0.0172641952809155
0.0241316243354308
-0.0246794389790903
-0.0179028238950593
0.0241869140895378
-0.0345576666200779
-0.0594736116813444
0.227896319003797
-0.161793762312132
-0.0474389183484494
-0.0405317500923277
0.055796497272677
0.0290806610572651
-0.0487813961703337
0.010047196517576
-0.129861188762499
-0.0168017261852814
-0.0171579749892406
0.0600698431842047
-0.0103574998466263
-0.0202364972785539
0.18168570361066
-0.0973655078518293
-0.0187639655309991
0.0136741986842385
-0.0843741511239464
-0.0168927307171284
-0.0393195282239597
0.164181260402328
0.0957681901859161
0.0670491417363591
0.194382237875385
0.0529609646054465
0.0232870433866648
0.141556482156584
0.144752482058122
0.104480307811468
0.206178067600531
0.0917670912263656
0.0520111417264606
0.180115783651917
0.119148096934016
-0.0537244352904658
0.121717695533641
0.0752387554263935
0.0424295058994202
0.0162876534914969
0.107674016612739
0.0838265960468022
0.139033133610282
-0.00587233402722953
0.0652227862561373
-0.00785589865134992
0.190767557956341
0.092778116316433
0.130347908911794
0.211802558113844
0.0489045431578377
0.117028199248729
0.155181102007789
0.120460205708769
0.194648611285548
-0.00989315784588284
0.0129042191286697
0.0644028670076953
0.0389941704331922
0.363343796149757
0.243237196256356
0.234162384172374
0.0170626086228747
0.180312627855844
0.0292449696084654
0.152316842196831
0.259124724717622
-0.00676685413735495
-0.00396127391323681
0.0872373699601457
0.207913047164382
0.147213319403792
0.134742133941374
0.198099756878183
0.244906223101418
0.150351473675591
0.208726305533367
0.0610912129735852
0.19136042264818
0.0762891746167662
-0.013923888695882
0.11341223755976
0.099829657967966
0.185102476483158
0.251362448939912
0.199734893762242
0.1921724783415
0.278119086668546
0.189492731510603
0.166210478662889
0.201523395597539
0.206350503586743
0.20239949022545
0.147103600127461
0.10296723002543
0.198689896597977
0.222402233049057
0.208364153458262
0.360014615750255
0.241084415274075
0.0163083769331189
0.2213567896678
0.220657655855155
0.394665885999258
0.136762609992694
0.217721466710807
0.265470498285412
0.140401223741035
0.378994964206426
0.288027945044978
0.236864691681082
0.257950903767738
0.140272761404092
0.301552268989298
0.443989159386465
0.349068122486626
0.161691373446884
0.268453800930039
0.223955433751882
0.31570416500337
0.280798321276149
0.375717187072939
0.186416026701521
0.321462757557181
0.32801973190321
0.190581340754681
0.190025787846753
0.256580419894687
0.347594605618452
0.247499807894548
0.409880097323162
0.281792115092521
0.446905684188506
0.26061091165443
0.27102188295116
0.291332384396585
0.272338883319646
0.209064514084819
0.232387303822886
0.200064603755048
0.365216723534319
0.406820927749702
0.350021629512724
0.242209107537486
0.440125156303925
0.518107710814355
0.394819352087545
0.349514225063697
0.347544587333795
0.0749731364859458
0.338345784767006
0.39054437634883
0.16322764354106
0.437166062733219
0.324497076817436
0.368790980515413
0.385754871375306
0.318438776607695
0.426888389429707
0.285293521748265
0.353010956116076
0.272930769740209
0.308064329977278
0.393176874310571
0.312695209479624
0.373316675016657
0.361573370321002
0.26440944225843
0.406102356961544
0.329352423355654
0.273440053752263
0.315782866587057
0.350505640167562
0.384157637271544
0.456787707733278
0.308778015146615
0.377834344896774
0.386968074659316
0.495392757265681
0.431831853337634
0.397701618902956
0.383956918563743
0.429775790836997
0.343673904708234
0.379257891292938
0.476648558128762
0.277782281043975
0.482918309804551
0.383590022560449
0.390260607326853
0.362001782280617
0.36949264144208
0.461353080874306
0.441327188628815
0.496509081971598
0.340794588965787
0.272101102344039
0.383266982370795
0.613058807064917
0.363360802873433
0.570079365737118
0.340133353152236
0.293384049701446
0.336291495531043
0.436783966629709
0.430557180227458
0.395141782616996
0.349038940244344
0.456358451913151
0.460880054131394
0.643823586673067
0.467633673186635
0.508256905351279
0.48012379181175
0.39252569255565
0.498076338278013
0.419538537938759
0.375899592876442
0.546599231783801
0.628540134631183
0.272332064263878
0.526291988004834
0.447861711458977
0.612902349447202
0.340858722083707
0.443572067460374
0.540700906918013
0.450749915085692
0.517823745517928
0.519270345658829
0.393632958324328
0.548607247991143
0.517604309175378
0.531986904463855
0.269837917760006
0.42367463357743
0.405542485368239
0.338830626913129
0.566022309264997
0.412371783570599
0.492447893275025
0.556790652632737
0.426202578272874
0.3503519819481
0.589495702591117
0.461126140599091
0.39870372932597
0.557486131679584
0.479334150285471
0.490522782821774
0.346734034292076
0.471608053999225
0.572561295683278
0.461761706732371
0.564276740618383
0.503660512607254
0.458959104618361
0.449779268633128
0.579253938430991
0.435872435755146
0.52053440181488
0.543772921549948
0.57776246653749
0.505066641562705
0.500637950640504
0.472137598732821
0.3993098996432
0.538721917956955
0.544544009579538
0.674001904306104
0.642751636903644
0.591494325478547
0.359656671174903
0.564039352492735
0.509261141217371
0.613233988123884
0.48909721938515
0.484925486745544
0.600714614219455
0.58677322741574
0.428156227303414
0.585026692625363
0.499075587152543
0.632554018028195
0.542878446596238
0.45920771329129
0.722526965766153
0.616442766688598
0.612391719952876
0.573633366109127
0.64054051627073
0.539902591005176
0.598667295211668
0.453474482170043
0.67456931371269
0.530089646483603
0.563760007527117
0.643289669717691
0.775549300188925
0.614993189143934
0.718919990613844
0.558892659165011
0.567478219101163
0.6840993796306
0.663500665902678
0.756581358984232
0.71790449610289
0.597436129716475
0.653148963376419
0.703581140083422
0.497083515373849
0.646407351566198
0.543279374436335
0.60754616398715
0.537043408487183
0.530162608513431
0.621543386740582
0.52580256189266
0.647418700369017
0.774974502029056
0.55509867248668
0.746636293936277
0.74116628838407
0.689976402580664
0.682780152384056
0.624552416443942
0.596872049331489
0.65862823490179
0.804469625744809
0.671074090634062
0.568855329215646
0.707278428178221
0.587079627952341
0.519476198666765
0.642994398435828
0.605241983211269
0.745495914936493
0.69659361254721
0.609144141292647
0.552732814355119
0.600798774567726
0.725041205617568
0.694725781664803
0.742633385479185
0.67698249634103
0.736677709966209
0.871966526941316
0.835953242740611
0.572822553490181
0.788129132839568
0.725785123611465
0.793148883153551
0.663212369432205
0.716077714172767
0.785128246847445
0.736266652693003
0.73790781418174
0.726176352220996
0.700091756278319
0.721320349213383
0.768152112683213
0.698403546984829
0.701700995199533
0.727712063000585
0.643531742582981
0.713793637033806
0.747693683033342
0.701778463035983
0.687117312300934
0.665318733262927
0.841604976841815
0.699574825787816
0.637926290855491
0.742334940579309
0.604740582812953
0.664673078615591
0.744889211036062
0.729561529438889
0.776383004707801
0.61835049640086
0.644478410500983
0.636590297563075
0.796309424753921
0.741678349232458
0.870773887716763
0.769525894900607
0.775030763030478
0.882117924779988
0.680949081878284
0.739197836635165
0.775983522588304
0.783363202160263
0.792566824185304
0.867799731552788
0.770161777489456
0.815798247686903
0.762909047180552
0.802602246870848
0.993220453110112
0.92600343866526
0.843554528481042
0.834977765715654
0.929827065261071
0.777159324058181
0.803207383569003
0.788819334052903
0.829171325640761
0.9209150337738
0.776827528047501
0.8033537132791
0.823634764423049
1.02681325360422
0.651882095652044
0.84102411736607
0.784744671068363
0.861385494735044
0.802162490976247
0.844957673405259
0.782559325545558
0.910052792064535
0.635368549320494
0.929931922185984
0.875414520783734
0.668651537850909
0.892652643759566
0.938753299648669
0.958077134059019
0.855234746550469
0.950296303195706
0.773644869895672
0.80816329954766
0.881445664806715
0.973497552246138
0.913830856176417
0.846011983102512
1.00478675979956
0.844201283282645
0.797638403764391
0.960813892478285
0.940778645621833
0.826513685325777
0.824591617556121
0.887466088727292
0.988695409265302
0.956962348369605
1.00690511424611
1.00714097699793
1.00612791939665
0.930190650066492
0.8401864846788
0.909346246602712
0.968603045057902
1.05177016134425
0.933131254792725
0.950666906880449
0.990242935074353
0.932936097999472
0.991772240554036
1.08050293119346
0.922268997948602
0.893285970699643
0.830316696352152
1.01474363788734
0.950561008474557
0.931739044267889
0.89887499179323
1.06884610235954
0.970337035776506
0.951585197116203
0.930067054285785
0.939687984852383
0.863846780642567
0.94026227919239
1.04887289975441
1.03844389096452
0.8393983561639
1.05457895186733
1.0091750793653
0.828500665777367
0.908948107775992
0.92724567128676
1.10469700891792
0.949810763111327
1.07477960189789
1.02051006112734
0.91400510501119
0.785787735366351
0.989684522132304
1.11966423323464
1.12553380147473
1.07799098267783
0.94057256086446
1.06085140004762
1.02491711042256
0.997183119458835
