-1.11976906050265
-1.02887040105481
-1.05930318723066
-1.00148347075873
-0.919887784656442
-1.01517144827763
-0.897657912702291
-0.95935088357487
-1.08712239653053
-1.08521409123342
-1.00942469118187
-0.971640747925733
-0.902871353510342
-1.03677717084542
-0.874530670807228
-0.997529640897718
-0.905406694949308
-1.0121136193911
-1.01280215379884
-0.891807706409109
-1.0861086221354
-1.00094468113053
-0.886398251941463
-0.853037996334746
-1.02534601411127
-0.904518724736719
-0.905627947176769
-1.00812654276613
-0.967752834213412
-0.934730002939833
-1.07022167115037
-0.856328891750234
-0.895055221592088
-0.816729730209488
-0.829836315215418
-0.885695883253284
-0.810369667721634
-0.916844360517828
-0.874471484838241
-0.957665734999499
-0.906659642361734
-1.05223645916503
-1.06596838989925
-0.978561021786457
-0.856468708847231
-0.936125138679808
-1.01705908713784
-0.867108423145818
-0.789851972895729
-0.895186780328987
-0.876918643757505
-0.887416363877931
-0.865347689472043
-0.829666214290327
-0.87024953898142
-0.846554090781456
-0.905101616608916
-0.830851455402049
-0.969125272131529
-0.943724254607961
-0.862127464269642
-0.874252504847431
-0.913241182630699
-0.850964118623905
-0.890684517920235
-0.935777144977769
-0.929436594892075
-0.799076306323353
-0.892422207747854
-1.01721848791486
-0.969564551908853
-0.8966389076878
-0.97857572967213
-0.81827928001289
-0.833005276738039
-0.865966555138611
-0.885860046870189
-0.883771714092373
-0.907854664042529
-0.676082716500219
-0.886974877970181
-0.859520128366607
-0.818505928155018
-0.861278352597679
-0.910478069952413
-0.846581555563568
-0.787074788612478
-0.880609138840783
-0.793655842977917
-0.926072455786197
-0.800776101544073
-0.715168998689393
-0.860488999785761
-0.834853393424035
-0.758247971487232
-0.856541007678563
-0.834698697213778
-0.723426650077307
-0.790438982241913
-0.709160641519173
-0.848310760720345
-0.759964634770913
-0.748235797058461
-0.684457461834109
-0.751531318092218
-0.89035776851702
-0.643711379673899
-0.7059185683301
-0.719645360124367
-0.807638459722758
-0.832386663124637
-0.88878985876914
-0.772314238097824
-0.828236561102316
-0.884046605458125
-0.830777650785101
-0.895261997233069
-0.600055289002722
-0.794326461414657
-0.745552495941013
-0.770066331013857
-0.854251032513012
-0.826634386418091
-0.598366268103456
-0.471161303417622
-0.660392882297148
-0.704542993632576
-0.751115230777281
-0.764983733406103
-0.816741267737779
-0.742635882202932
-0.742247061437195
-0.743399861788317
-0.703481935907794
-0.65257316284825
-0.809285825834223
-0.806854508806383
-0.82038319543229
-0.551332576314959
-0.692475369378579
-0.663482854227443
-0.722287540051165
-0.699495551126041
-0.69396604496762
-0.633238756412502
-0.749850114873955
-0.806799205266059
-0.764511586403488
-0.650638018177639
-0.58197035708562
-0.550397914971446
-0.649755415195923
-0.693891604949711
-0.6193732477604
-0.728081065608902
-0.660159308794941
-0.858085005682235
-0.760666919651659
-0.574897437974732
-0.672726906348927
-0.700787155042214
-0.684030316540329
-0.784319692548574
-0.791222888300412
-0.688179475631564
-0.809991357424474
-0.607306519559529
-0.548572269905939
-0.675000976831383
-0.539394321591208
-0.648977013504217
-0.624672987267325
-0.643314075262616
-0.603694491306502
-0.64644751526708
-0.650387973846734
-0.53677890002601
-0.583079692243482
-0.537701243849988
-0.757477950331088
-0.690170836200062
-0.682845264773237
-0.629842483605213
-0.620551239881956
-0.561511888267789
-0.608091675507284
-0.634122384800417
-0.668453266002434
-0.555754199859111
-0.686458745877082
-0.610589655870069
-0.594715779377507
-0.61120054306419
-0.45027512403392
-0.584252285822446
-0.611389036317316
-0.615780037439851
-0.639147647974683
-0.662274823659593
-0.549581329306383
-0.552792291158556
-0.58234058620205
-0.635048105123448
-0.624730942540097
-0.504246231454298
-0.643408723705189
-0.557978489864409
-0.573546871266922
-0.444075589317618
-0.561971961707999
-0.590048004062986
-0.517521825223529
-0.439486261275561
-0.50337154201828
-0.557609527690957
-0.513298895578488
-0.368028116866279
-0.534613022305585
-0.5767912312304
-0.496510058577531
-0.573058578486066
-0.540959436715527
-0.713840390769502
-0.545609093979374
-0.562095083699009
-0.437011821115089
-0.478118080454165
-0.674798993693165
-0.450998654742349
-0.567426066492421
-0.534841323970171
-0.592788382979963
-0.458168586906876
-0.566656093146282
-0.544561341936897
-0.513777521934852
-0.363827234623767
-0.441577531074796
-0.513521376338235
-0.529559309433886
-0.499940782086583
-0.54597772688989
-0.672186416899948
-0.573079220506717
-0.427263396758751
-0.675652976625056
-0.31842021708669
-0.590074744278371
-0.500182213691833
-0.538837848715164
-0.402166589715312
-0.649872058200537
-0.331747365841206
-0.722303551589127
-0.596615761523955
-0.437989898148324
-0.483727212158778
-0.509902697906662
-0.467419381474144
-0.480101579757791
-0.41393431771867
-0.498583580610639
-0.480927122045234
-0.284845191075347
-0.519764238570441
-0.613222039577337
-0.457019313550272
-0.415475034565053
-0.500938300945471
-0.491118501502529
-0.319391968272269
-0.37800669363655
-0.567807417077802
-0.573782318491316
-0.352526158804707
-0.345010232710782
-0.375497225236986
-0.428863604568352
-0.600291024846801
-0.506351129636069
-0.542996554035281
-0.290583526627378
-0.532377979660346
-0.367156055675174
-0.34797333020289
-0.304123938525012
-0.320114273510153
-0.614216193418778
-0.375331729180401
-0.531199100896464
-0.658386213479846
-0.341130465111566
-0.550408148923026
-0.431340261990039
-0.434589027651605
-0.406213063968155
-0.418734932266718
-0.433054524602879
-0.42377951578178
-0.301076826274097
-0.341749979268513
-0.52314007665635
-0.410414569395882
-0.504021198052579
-0.479462742115174
-0.388647139555906
-0.363259787262671
-0.28992079885821
-0.458046612012272
-0.297609708844432
-0.428024665617562
-0.379622256012501
-0.366627308335505
-0.418059686927171
-0.31247368939279
-0.477998884550467
-0.225570363380452
-0.231588001829411
-0.308093204118113
-0.48498719671024
-0.342255355446509
-0.447832420822209
-0.411996693521122
-0.364065632122942
-0.483994575340045
-0.301341707595992
-0.237852432726576
-0.299569846266507
-0.421176722573221
-0.308055060460416
-0.359427945083676
-0.335687297180597
-0.289726880815191
-0.151018638176698
-0.41678223005496
-0.296968223098218
-0.319000628339863
-0.407323181220679
-0.541029335949787
-0.365779799281876
-0.431183881876679
-0.169952729324368
-0.320585802711823
-0.356307238297243
-0.207470403225263
-0.155032777888897
-0.34045417348116
-0.163622067841295
-0.404906900164312
-0.312604166540869
-0.288790868210833
-0.403404084611754
-0.113040507739941
-0.218500985240177
-0.324382174639582
-0.322350375367496
-0.325855440000967
-0.355671884735173
-0.317322724980447
-0.320782574791882
-0.264578295595181
-0.421066911158849
0.0171303342468457
-0.408552520050867
-0.196287755669363
-0.321496365711073
-0.296265671721301
-0.0893771716217846
-0.366753201088407
-0.306916360846638
-0.284248126861257
-0.116832290653749
-0.213344848175931
-0.138978350707658
-0.214018914499181
-0.191063669057886
-0.185732293809992
-0.256131317820894
-0.270542947327877
-0.441468868782126
-0.218659060693116
-0.290142989421482
-0.203280852073872
-0.0619368284410352
-0.329509749231335
-0.209542236171155
-0.339200302097527
-0.244387944432059
-0.28501877211605
-0.304446845006275
-0.25461420317313
-0.081866928457489
-0.0913448947618624
-0.187176554140859
-0.263333752753943
-0.165013746470477
-0.252361048788293
-0.33180135171096
-0.194129914456395
-0.285646282887808
-0.177769039401846
-0.296364929672694
-0.129140822543629
-0.340005237352923
-0.190125554511168
-0.2260352121134
-0.278393359241773
-0.159117865714169
-0.216861593034636
-0.130019987883736
-0.167022677460886
-0.0819025328628444
-0.0370856758971864
-0.179871459582139
-0.121750527369447
-0.0206443539990526
-0.217287739269113
-0.226624232195265
-0.185655912022912
-0.186315943406668
-0.0711269715137406
-0.22757921717261
-0.136848735165971
-0.0849122610820634
-0.264354826311756
-0.20609155989425
-0.0746423663938825
-0.0657741983737049
-0.162816621320246
-0.149736486773454
-0.136812220343182
-0.147224931125507
-0.273115417271424
-0.114636690367335
-0.072760282900539
-0.16558880980759
-0.209743906656968
0.0170823472153717
-0.193877550886142
-0.17783011569331
-0.0913442168158699
-0.0670404878190393
-0.018434583098336
-0.0117567805886083
-0.15162520835504
-0.172553300261906
0.182485330471404
0.0184181323079548
-0.0589388300578231
-0.275425745845221
-0.211895237753461
-0.246333141831319
-0.117037727441953
-0.16861570801649
-0.0971368373675782
-0.159642376795878
-0.0404592961527424
-0.0920682375132163
-0.134772831222854
-0.109776664861323
-0.0557392554746596
-0.0312533387378973
-0.136780028729557
-0.155046701970258
-0.1273256385059
-0.00805760750161427
-0.0292088145204792
-0.080846939252335
0.00691781336313846
-0.119962654330378
-0.00919293403205832
-0.063530818762938
-0.155877251724869
0.0467721204042179
-0.0582358362102711
-0.0943264422536728
-0.0306180578019438
-0.0110237881657644
0.0407957853501324
-0.128898884115768
0.0690048929186267
0.151626242340731
-0.108328696889131
0.100132993048807
-0.0597557816897318
-0.00291055386195717
-0.0663431799690813
0.00770150839353822
-0.0386644858614363
-0.145828375371522
0.00626387417243916
-0.0782602415361268
-0.034640009785066
-0.0216808481043758
0.0949076212495065
0.0703373861907799
0.0186414046935124
-0.0762928412502345
-0.0125874876072896
-0.0769762937147826
0.0312272266544557
0.122028955586242
-0.0253515700099981
-0.0085949657408159
-0.132755208045445
0.196937041226106
-0.108245723598811
-0.177737603558936
0.0868882342193385
-0.00283519354016521
0.0506379541461791
0.0922042871169144
0.0472498367734024
-0.0172759587534802
0.0564565601563301
0.0459965396571081
0.0644936737509697
0.12418941939227
0.0786113039669057
0.032412511344654
0.062228752148693
0.084961167095647
-0.128426399016523
0.185974288545154
0.0437472070324409
0.0155344211888211
0.147132940400331
0.116740294461139
0.0460706920339969
0.00665158495972743
0.11279461565119
0.118010371756944
0.112117787502024
0.0783165615647779
0.206684521929372
0.00713112945534751
0.0528133110826711
0.0206056450350198
0.134757975847613
0.169539934732606
0.115504775872179
0.240343786336072
0.1137677659291
0.0199684691359864
0.068161427849219
0.153894182651921
0.103601755170647
0.0640406710831076
0.0284749356662886
0.045278485239851
0.133399997594398
-0.012845543129093
0.0940820365594498
-0.00848636989462821
0.174606243456385
-0.0314227441016018
0.162611827653019
0.149801551483114
0.0955482050269534
0.28084056284257
0.290776124027202
0.213238629802912
0.146718027498181
0.135293389647082
0.0566122723868898
0.198901828071495
0.05614438013173
0.0609709899329686
0.195151299927471
0.0200456124261341
0.181114383199574
0.145991109979753
0.0578622043785101
0.139587916190858
0.185946690958778
0.0650620541149296
0.265298393309661
0.275953481927386
0.128926192480978
0.109965498409862
0.109215349803134
0.0971346970076579
0.208346128097636
0.201890836795635
0.142329713285245
0.260858007613047
0.0630126721985609
0.340772262410762
0.224292610462274
0.168648460003907
0.187615216300951
0.0880021776117441
0.183230103051973
0.28699592828329
0.0526301732904277
0.269473560979424
0.193887189174701
0.0492575777015425
0.170993601486766
0.110018199293525
0.251957008731314
0.14076291309726
0.29955973458775
0.260689481732657
0.124143691565746
0.398768224111582
0.272396665403898
0.0762470661901341
0.181729564621053
0.112613645289239
0.245967467344671
0.27484061819706
0.235134664730243
0.311104721783235
0.31665178428658
0.256274030023169
0.27437347950577
0.321104693338992
0.272902828883732
0.127370245119032
0.188281037482373
0.269056875983632
0.189002970485083
0.31594658545511
0.281244504419278
0.326396972203092
0.268275656505214
0.278330049295196
0.259554313949775
0.307722775335353
0.301264495530257
0.314753877169299
0.29458479371603
0.306942340420924
0.301476758555272
0.235875496905154
0.332539547847652
0.346000616360205
0.249226061242432
0.191447187915358
0.283393138999958
0.340948042133977
0.366384412435323
0.456198162619758
0.285832751586631
0.267374315734533
0.280369074106814
0.367411923918614
0.321262770691013
0.150308825663259
0.328980559525413
0.184870335373923
0.277212303136367
0.253288626982581
0.227407176928577
0.382889027176543
0.372590263448923
0.450356194777109
0.221171946757746
0.340479326206046
0.289381560076353
0.29388747904223
0.262563221749882
0.253238687717014
0.204635820457504
0.392266808248709
0.419188474725454
0.208341007357553
0.340179552267853
0.221969987456006
0.251336828085242
0.199522292510295
0.264256809400882
0.397281497265154
0.386385157562681
0.342088632663246
0.302554944690056
0.249294649265267
0.463572077499279
0.427764835947462
0.565449854618557
0.522932900105421
0.315040829750002
0.393931937295777
0.458936334710964
0.350963833758133
0.448340630749143
0.539179731640569
0.300317611932543
0.336699040341301
0.446711339722117
0.35489049100266
0.33401588449979
0.507368097675692
0.398400352685484
0.280282408368462
0.242094669572242
0.449896449255401
0.316317475640855
0.290791119003045
0.373720862859767
0.323862323226407
0.435125468303497
0.448835234401427
0.315681565258342
0.40697691052693
0.235913804954264
0.397219267623667
0.348764117363329
0.54425548450645
0.450169670770599
0.510366652104378
0.390613112546027
0.382576368025243
0.270183536719942
0.419450837717042
0.515289890124946
0.393316300779995
0.363495070529974
0.453210867905255
0.468338336752251
0.461191122940225
0.352778547467282
0.488026441075033
0.496753262588292
0.474978967725339
0.286824073096202
0.434106198930616
0.410635465358385
0.563937297846892
0.541984442848182
0.399955769849327
0.417010576877163
0.473686184064816
0.444454381148428
0.482088451793394
0.366807006610721
0.463422434829952
0.464212341949497
0.591482143569744
0.521898611564957
0.596468050882165
0.41728365035642
0.566690301865835
0.512513180661517
0.553225071987535
0.487971481008061
0.609794630056309
0.545911222465171
0.485234482265535
0.355507821256428
0.34297093433245
0.469386082039405
0.408534967854716
0.565339963701
0.456666191721317
0.598404648070502
0.516497593451888
0.491509604665714
0.689771513147628
0.627663833050695
0.628146766132244
0.477485967403831
0.522109118628326
0.399644852544548
0.549077582552725
0.528161854030555
0.498730520177976
0.635768193824561
0.590391216774989
0.545501539605988
0.490145386491197
0.666632714218237
0.601067193888421
0.518183875527366
0.494443467404697
0.634300227555352
0.576625555601261
0.638800368080528
0.374556416277755
0.503479250234231
0.67923637781717
0.537197025251539
0.668475430188138
0.594660300634259
0.638016595100206
0.607987102661368
0.70025619178243
0.595150571312503
0.616355023042969
0.707432814270822
0.54724448879317
0.533856909899426
0.563446081570825
0.497119539979858
0.512382948520953
0.532786762251321
0.622967345195682
0.629784357200328
0.485844530047334
0.620859993727504
0.487535035436622
0.668233444548642
0.667103737741138
0.537973735343342
0.574415273709547
0.492207436864928
0.526513205079867
0.636867928277598
0.635926570986038
0.570879878696102
0.654131141258412
0.552882581856514
0.695633407578646
0.787222406328673
0.411679656749149
0.500714899159878
0.530013368785475
0.619982195482444
0.61574718135483
0.559004599717358
0.589335649769619
0.638012861334847
0.639006950222998
0.66544596767806
0.746607331528293
0.620332516978555
0.729208363791109
0.489239182356055
0.623847152514871
0.711438782355075
0.702231780637937
0.617673031875688
0.543904270965365
0.740854895926756
0.82098227660273
0.590809094938273
0.807620213845535
0.765819805434327
0.634513022274334
0.693873074625287
0.856797602621703
0.76632499552644
0.612239788177241
0.634221030025583
0.663061211002798
0.661888906920971
0.631526544388625
0.588495440009691
0.723019926130891
0.537935431955002
0.781329473310282
0.825261040054665
0.677453805030369
0.617970084675088
0.680199757245665
0.713747494818258
0.640095379858808
0.645254364086034
0.627723016413637
0.657504038016782
0.615346168463703
0.780991413835818
0.736735549739764
0.678952393638485
0.713628220434498
0.595375093991026
0.562414142805715
0.718908152125199
0.854909911253737
0.780591273719847
0.773505836733178
0.625591174621306
0.77657416134789
0.501951690630645
0.881710071589776
0.751343909989338
0.794093236663472
0.637005961429317
0.642313781010471
0.620511707545745
0.852297705251953
0.655909585101488
0.879365794197755
0.761675683627859
0.714497829542375
0.781589284387007
0.660996722944021
0.757894451352759
0.774028678006372
0.710031416691149
0.689649642598953
0.780340442331949
0.744169763748374
0.750042256855432
0.80432495224418
0.829388168081093
0.808421736040656
0.904534441481165
0.823770733363504
0.873826527080884
0.858106212678129
0.84028780160221
0.800098188865693
0.735606848476457
0.62920030784494
0.93269911733454
0.869584447537421
0.869046018358248
1.06528763476509
0.912686172219151
0.847135293226677
0.774091457955142
0.803692672367664
0.921014241549571
0.770879779130854
0.7789358804334
0.853321998697129
0.993922171014652
0.854368047866298
0.844581632143186
0.739323988613132
0.858055054602183
0.880930531096746
0.866576900514181
0.88328878655135
0.7322587888677
0.748838515439751
0.864776164440274
0.876698447483412
0.948886664772464
0.798965522911186
0.942102342463017
0.857751573586825
0.906408674299318
0.806814589231563
0.987760301901756
0.837537884293178
1.04566965107237
0.742471544161138
0.816135252219939
1.01495661233274
0.847153054913747
1.00718254735184
0.898409962803121
0.838657512894864
0.759238153497124
0.963990771985629
1.06858440296637
0.787998457563452
0.939197403060773
0.883222179984971
0.835120924104826
0.964099008627579
0.98683600367643
0.920792268150499
0.882386798066192
0.905258570342032
0.983951008514907
0.846001067530418
0.831223785158721
0.932059754229302
0.931492365176805
0.822023343551516
0.910247730951475
1.02523340401019
0.944923059182331
1.02906751144347
0.897498982939196
0.823836338638873
0.844467581465052
1.00555808223109
0.979630308578096
0.826498434944726
0.942190241017994
0.932299960332435
0.90377748773007
0.907824432273632
0.91393788353332
0.905620035914349
1.08617308327242
1.04755810042194
0.88083041248841
0.977580628032239
1.00819153055765
0.908217023310366
1.09514238791523
1.00324884253918
1.0812591801858
0.995473421365139
1.04967158767383
1.04081363287267
0.900676086560076
0.949047875361767
1.03521842202267
1.01302501372949
0.952971747467338
1.04682216462327
0.947702647907365
0.912094697069335
