-1.17562580090236
-1.0808119657459
-1.09835312159824
-0.889759970996022
-0.9210369098561
-0.941149089026704
-1.02347797544691
-0.917222557423247
-1.14650672256477
-1.02447575040243
-1.00479331154181
-1.00194208818943
-0.907111544106092
-0.863727647285279
-0.920422165299131
-0.981212748471329
-1.00010836634619
-0.966114830050166
-0.965620325806607
-0.882802402142542
-0.914481778866983
-0.991129168925763
-0.855251492136643
-0.908109663155675
-0.979776459274124
-0.833679151557513
-0.932624682938525
-0.881819276927119
-0.938762571815535
-0.964487923247959
-0.968792498585298
-1.02279967033374
-0.906006777810303
-0.912096020807971
-1.01437574266211
-0.94568183258763
-0.912473488310769
-0.908300021282135
-0.814885130314615
-0.845219519686403
-0.895066150141028
-0.794444242634129
-0.788784896757891
-0.807676033988816
-1.00017470510127
-0.878081799845577
-0.8932322937716
-0.952969978956206
-0.888959596061512
-0.893055911286162
-0.778027018748383
-0.981656877797357
-0.860194597871255
-0.872157289851961
-0.912977382820008
-1.04539447085965
-0.911610236840146
-0.920793990255887
-0.987183246854292
-0.905125629731113
-0.724721113166044
-0.928164533437131
-0.888847817390362
-0.765732220363146
-0.806017862087881
-0.70385136178164
-0.866628393891993
-0.843297684064628
-0.825290263451237
-0.83757281793674
-0.859621623177419
-0.818708414746169
-1.05992034041952
-0.948640771740448
-0.931091227877792
-0.918379849811866
-0.872442109852259
-0.719886754502022
-0.758345386665628
-0.834289131651948
-0.832408677082221
-0.841849525451663
-0.878542060625861
-0.819815081960686
-0.787438654974644
-0.739410674158156
-0.806919811941817
-0.885651941521143
-0.851421969699763
-0.796098286817592
-0.715755244374454
-0.732045469285375
-0.763986213412538
-0.634222114831857
-0.800923673211903
-0.916776267677327
-0.827695733509358
-0.696158901062117
-0.786377100525349
-0.725245376885845
-0.883944418802869
-0.79098446358014
-0.830382061705607
-0.871265412687319
-0.816847135693263
-0.874064754452942
-0.791882739478815
-0.795969606736268
-0.815435450672667
-0.776930688466867
-0.780643432993474
-0.806486158091415
-0.781954659652661
-0.614130623151919
-0.791656887943675
-0.867622077289337
-0.640084219466539
-0.713551784934224
-0.632814999003541
-0.663078907285495
-0.678486201520392
-0.784399846182441
-0.695651652727836
-0.800132995685443
-0.712473598298356
-0.69563809477953
-0.720396682983786
-0.582466881021098
-0.68901427320554
-0.793453905399854
-0.684874386254829
-0.868063572131277
-0.626191471380034
-0.609915100490716
-0.749501722425186
-0.781849766658159
-0.725902253293049
-0.72084776366139
-0.664581456956228
-0.763546573835652
-0.683913475370116
-0.778496771526597
-0.782815489398717
-0.856037797270959
-0.621900011314476
-0.756681706451747
-0.641376712396021
-0.757818562498479
-0.758428601348299
-0.748748116732633
-0.551873960916143
-0.649712086481757
-0.746564468744732
-0.591875620955917
-0.78463544464079
-0.724319206488811
-0.588021685426977
-0.712023822512968
-0.770837816554887
-0.748049892052045
-0.695192511337258
-0.779775753215958
-0.605048032696881
-0.607395709398852
-0.676935899657202
-0.56045473746435
-0.562139352635118
-0.723238186392187
-0.556491316007907
-0.752485508056768
-0.73210407951349
-0.660644609029941
-0.730792706677591
-0.552322371019926
-0.71450436811877
-0.64754940283026
-0.681338938150337
-0.623810008172879
-0.684596582260736
-0.667929248040086
-0.697682038180076
-0.621949683352676
-0.598590071017153
-0.569833503857943
-0.66641402531704
-0.628495146850178
-0.604868661758204
-0.691385936743224
-0.669296374748099
-0.831067324223937
-0.515916883998976
-0.692482795568032
-0.631413501041627
-0.650044839874477
-0.640320525726896
-0.655150389453893
-0.553321147727493
-0.730544894071615
-0.559849382854714
-0.579081166236825
-0.602279326767077
-0.703221307099273
-0.633771960119029
-0.659838798462035
-0.63465766105545
-0.674495473933592
-0.424451994288713
-0.497942874894795
-0.732350750081623
-0.666389776837045
-0.553944545347478
-0.475047437515932
-0.50986359606094
-0.506296393009737
-0.682128699104371
-0.427944275337566
-0.407283444571512
-0.722301800435988
-0.596362392532757
-0.532602547050836
-0.523771271344981
-0.511120378651271
-0.639625200119431
-0.427213501384026
-0.492503886422255
-0.636322153079972
-0.691081584251139
-0.456384716590319
-0.39554918501995
-0.433244112083125
-0.606749326015871
-0.566028098882127
-0.378341453032308
-0.572887508432333
-0.499212281198086
-0.558979663935002
-0.567212697740683
-0.418659332872976
-0.568320889222721
-0.504797966246902
-0.580816474598784
-0.419522917457399
-0.580550954072362
-0.483449168474827
-0.396504726702839
-0.527909506524821
-0.591565686748715
-0.577492605366839
-0.44457128151455
-0.480956048741205
-0.570629637832679
-0.528271499183348
-0.536425654664096
-0.535145499857821
-0.654643510693122
-0.470842357472733
-0.391615199975031
-0.373136777220155
-0.467602544568615
-0.538831393249789
-0.470530604977128
-0.421062807307606
-0.538990363351012
-0.40439877157298
-0.490024965164277
-0.426008012408918
-0.454636687605895
-0.498004594444484
-0.353358820818201
-0.35635128836161
-0.477612031427479
-0.543637213733302
-0.465510459566765
-0.309137671937483
-0.443970072847344
-0.427904009210928
-0.406262278687848
-0.503355822269682
-0.549178999112326
-0.45986006374918
-0.323599232497568
-0.374057637218693
-0.526890651717881
-0.418667980539653
-0.395547607279698
-0.357615128972753
-0.46348846722249
-0.474301516525568
-0.302808143862217
-0.349816956611393
-0.403506316707186
-0.56989214463675
-0.386408626510647
-0.401059063595478
-0.41449441365427
-0.308253983359623
-0.558876048298601
-0.381820943580444
-0.483860012459208
-0.472878807088294
-0.352600874028297
-0.389392822097423
-0.367385980357855
-0.418138084593003
-0.235380735743575
-0.251708267639158
-0.37459053545763
-0.4288493483826
-0.297623201784912
-0.482205640992634
-0.310739655140739
-0.585690798417316
-0.483311461117201
-0.263531171128865
-0.393434275200114
-0.282338199456521
-0.379028650254185
-0.5266854386922
-0.270075930119197
-0.273930909396758
-0.29650551472851
-0.345688040078836
-0.24199850218147
-0.213920552183817
-0.335397499485666
-0.332439591518558
-0.354019530261431
-0.300123503125201
-0.477132197640981
-0.33122203275001
-0.368280384367728
-0.32759000626932
-0.141087281234151
-0.394225324587539
-0.459217515263856
-0.425499706953228
-0.330867241769953
-0.383988385294061
-0.296876697175026
-0.412277933225721
-0.275353903771815
-0.401988124413731
-0.338135907252435
-0.254698591953592
-0.339946322475731
-0.265889156314472
-0.430101351872062
-0.293272926262431
-0.259963851043492
-0.266603304058887
-0.474594401498971
-0.354457283958282
-0.241589349000946
-0.215747459595883
-0.299693501255296
-0.342834086426909
-0.295309354191463
-0.349289692398804
-0.184228745427592
-0.308503499282937
-0.241378157341088
-0.405543562389251
-0.326058933980076
-0.333158672657101
-0.268776455199362
-0.403304304387911
-0.28864948145456
-0.250820551210718
-0.128428780418715
-0.119474967378223
-0.14165052310581
-0.320527721287453
-0.307199821011394
-0.219663138358846
-0.300805999962449
-0.172657990450758
-0.264319067139101
-0.0541932781793642
-0.267879241309878
-0.4682774745145
-0.341137108471597
-0.219580580972416
-0.176483459303451
-0.395912407181858
-0.36436387565782
-0.273004445464474
-0.164680131527225
-0.148968346680192
-0.248345461113116
-0.174553676393066
-0.277470241155634
-0.132517069850946
-0.13012232674019
-0.375683478493909
-0.184649282646064
-0.312930501099869
-0.181018231019074
-0.183556396488814
-0.182932997690923
-0.210678132148731
-0.0999462533403471
-0.195642285697059
-0.333673094895643
-0.229197659825242
-0.0609333149272476
-0.339999890170474
-0.150472149762084
-0.19552606139348
-0.00439539468608977
-0.177817528871151
-0.160561801596598
-0.0929708685649076
-0.255440199218219
-0.201919040490266
-0.168301420920473
-0.340034430119347
-0.10027059814952
-0.311636004726107
-0.140569817615849
-0.0750935061008797
-0.254690853743188
-0.151187878756227
-0.20676787452221
-0.252169830902235
-0.251695560633486
-0.102846843995758
-0.117616547968205
-0.0263860332657626
-0.178596274305084
-0.0544182727046916
-0.237856335586001
-0.276134834296814
-0.231325051766561
-0.162769550194506
-0.234691566361348
-0.0689501484676286
-0.166576064032884
-0.0135671905290654
-0.0696682429964083
0.0389343790850022
-0.00194005081910876
-0.0966790574705651
0.026628007051931
-0.158212157990206
-0.175779710341471
-0.114990603774082
-0.108132431712672
-0.0201964191420679
-0.195152786964242
-0.0817442320995262
-0.127024707381849
-0.0185044325670756
-0.171458769160594
-0.191144891499143
-0.162838934163375
-0.0741098090767791
-0.0740100768753574
-0.0194820508968892
-0.19487199997269
-0.209312532157529
-0.128447477565695
-0.0211609174482806
-0.169963865489863
-0.176913247545193
-0.168989474915158
0.0587395528416558
-0.0914127253905349
-0.0529263895124661
-0.150901782805386
-0.166022623807633
-0.171032112485956
-0.129816696356584
-0.23419850247208
-0.131581911184885
-0.0800494473438481
-0.115968994172434
0.101703915338797
0.0153231251631023
-0.149815062051462
-0.110673950220795
-0.128615671892913
-0.0147578525525414
-0.111738412292375
-0.183789406055994
0.0884168350020394
0.104357730198573
0.059211235880088
0.0397340316036467
-0.159048470114751
-0.0493146237465948
-0.0379482582381858
-0.0290961595757823
-0.0277900277877318
0.055629462355701
0.0494728157834858
-0.137106320100626
-0.190055925251564
0.107074289640761
-0.088318474389027
0.00433436652564953
0.0668798907343699
-0.105403626661619
0.0697354630908054
0.0376893124995488
0.034308812051243
0.0368954483812725
-0.108173183620276
-0.184344347330858
0.0923608632136359
-0.112094953086987
-0.0370223244249917
-0.0202323904205322
0.0400298950146257
-0.0939362164127695
0.0168731629850697
0.169203414958972
-0.0369648291201342
0.0598478315410751
0.108890051358293
0.066368847295831
-0.011631575206333
0.119272536347059
0.0165910434525349
0.0428161589706697
-0.0123810948036982
0.206291368705128
0.129357055424382
0.139834099735811
0.0543965553295335
0.0976265071600994
0.106422082721283
0.0443079997850331
0.0389908006984338
0.131133955036337
0.0613714077819755
0.113660232263622
0.0309644072733093
0.0198682470844165
0.101571063925485
-0.0156999846046951
-0.0221166601709841
0.148804059079759
0.095747862372507
0.0251178826084306
-0.0634731581459624
-0.0220643590866002
0.182458510489647
-0.0227479616011014
0.140735701764529
0.0173414934302054
0.00574858860458977
0.0907382838555442
0.0337056789558177
0.162573893627757
0.0974980090262718
0.23390872179661
0.0296614676211414
0.181777318117568
0.0197081382727449
0.166586331261772
0.0323831402654007
-0.0973470072883914
0.111174003615306
0.0783580837333245
0.201052629373337
0.266948223175642
0.233888247962147
0.0242702517954804
0.125626191207851
0.24662952882125
0.142601174625335
0.101900132316673
0.132417433176309
0.109579690361082
0.136288076420738
0.133702459041045
0.0253919528399217
0.133087687147799
0.195534355659312
0.0839774322088557
0.337911243046741
0.0386269956019463
0.208625202727819
0.203868725609641
0.187026281928385
0.101783878492966
0.252652414690943
0.113197715040294
0.157381771006635
0.332986681733685
0.308686303410867
0.278462425463381
0.124596090985884
0.0897118128222823
0.140897106547339
0.194002853530022
0.104213157923077
0.211177098927394
0.149744421437653
0.302072319418098
0.109092105482131
0.069576278033129
0.19978994316553
0.189430711401783
0.366120529583994
0.30770568217015
0.196735347410591
0.348679822418168
0.239981866986865
0.2236283819941
0.25953868850167
0.235189853464766
0.188519246645717
0.140811904063544
0.267297546889749
0.316903483274593
0.279420444869164
0.21933502141741
0.349936657210247
0.255883078716533
0.356391436868496
0.202502661786762
0.159913696626663
0.237319745709541
0.272429474029093
0.271756503945944
0.150390736381257
0.349253313051624
0.215403028923431
0.309758614352952
0.27689958974747
0.131818571790353
0.0902516750638752
0.195709448113181
0.384937623301764
0.27479810325528
0.270175741832788
0.319045294592871
0.365630053676457
0.230199635107471
0.0870497539449973
0.376123195038243
0.302524849584763
0.210479660686039
0.351703129057842
0.0620050338003323
0.325017901357293
0.186766061133355
0.256785555952195
0.28713007553441
0.263394486813763
0.264841755905381
0.378734715364099
0.31712971300022
0.42074777313383
0.384597532228489
0.453512386725314
0.215843343536504
0.39235818790273
0.281455811823071
0.341348883920939
0.201125872286665
0.35950951793542
0.217725674186851
0.52058380434589
0.459613534996646
0.301001258382468
0.324815177817872
0.364223378907415
0.364957151580588
0.235151949681637
0.282131523254928
0.320735758363348
0.328399062046706
0.395920470649278
0.386970309172113
0.26647641542408
0.452328377314088
0.446790548284401
0.409523680811799
0.488027071666965
0.490083529929582
0.334240566942876
0.397708149764113
0.546741749593071
0.165031910566476
0.373027821305774
0.423107599340212
0.257855028265425
0.303773415523118
0.248879724095273
0.550584891108742
0.393498944556194
0.331915564463961
0.491706132774319
0.385847229526199
0.387597169783616
0.383083562586684
0.437176869013831
0.343851171175162
0.494858626234087
0.427784305663308
0.437676337082263
0.389906605774588
0.432764095907831
0.358233862664929
0.375745082889407
0.440606498027438
0.383412521782974
0.411891931869793
0.415972011307553
0.286885388386577
0.391971431378361
0.41026397369067
0.490249720864156
0.36854074828924
0.463103546818932
0.37620318394763
0.429167042665572
0.445171974163984
0.277504401038829
0.407514131740629
0.554625376940928
0.475456508770023
0.56309995381339
0.649270599389979
0.435665717350333
0.46550449465449
0.329638977306669
0.544626681742916
0.48525924548059
0.365650853487639
0.574210083673303
0.506840377086457
0.476155787916633
0.593999308619819
0.438616892496631
0.524983759688444
0.540494241072001
0.571834354950899
0.436811652139085
0.574616861328637
0.409711739264639
0.550268859275742
0.414144813050476
0.389660376457128
0.430964894235349
0.732956015269685
0.514602053436433
0.477900204914791
0.42747103943884
0.504068409563987
0.562364474795605
0.542543069955171
0.383553463111545
0.56790297750174
0.67379209395345
0.443203872556007
0.438101143358645
0.454278930115249
0.386250145357771
0.528138315338505
0.557875084062559
0.462767376329376
0.529638772214515
0.519639375629208
0.447748763891726
0.418726723264224
0.534273869993572
0.552918291615871
0.605055735701725
0.629113740201328
0.60984225184909
0.364884613983813
0.511246669357894
0.572615895002184
0.599001318042235
0.592136534142311
0.430882819406555
0.553259367245877
0.611789785826225
0.603372429258252
0.549682866720674
0.652822411506336
0.565063947314324
0.522150356708533
0.61274275025448
0.558192017530128
0.661195203244075
0.567859778645571
0.603296745224778
0.394488579668172
0.463369842578271
0.590158695091572
0.567192415517346
0.629890271633355
0.546168171654243
0.53686661706915
0.535351549366
0.540359765984022
0.623768452440875
0.575005026266638
0.446860393797012
0.837117239315995
0.660668719948484
0.570966590241432
0.613053351762151
0.713970221842339
0.521565819846698
0.680597555989787
0.599733487504451
0.591610725783702
0.594836555188079
0.635468102757225
0.601203070583393
0.63220556870057
0.747624344714578
0.571639785790411
0.735730500215031
0.528478579892047
0.600596965089273
0.678518631109845
0.608485294968988
0.597642133585889
0.775442386436913
0.737709540266894
0.628705341857422
0.670165200235906
0.686722859856678
0.717795740945699
0.723737839720476
0.676949788206586
0.773354910517897
0.776940473255407
0.738589931639694
0.588460749355013
0.606592537638456
0.715369712442568
0.766455777272415
0.734465592664481
0.655253119661016
0.506157613599952
0.600204619622544
0.780918957930365
0.629286302597092
0.715479311296008
0.708119895086603
0.800623144476425
0.659967609691091
0.622917399326204
0.580563719753599
0.777526626956196
0.760352258098529
0.630838841991125
0.670578095729406
0.690939066982028
0.683612621244532
0.706787787814628
0.642629463911976
0.729361843631332
0.58648269712434
0.866030398440031
0.635007070067053
0.560730964543632
0.78754560507896
0.734480843806265
0.764511800957358
0.694490941001798
0.831825911678302
0.704546545952514
0.739744267837516
0.705770357278106
0.722079348543065
0.729916315673182
0.81532961760344
0.877048653931035
0.889406959302634
0.744875854770385
0.664322014882483
0.585586981453147
0.715972879006054
0.730900934837389
0.820268455228268
0.758230457159787
0.70190829146578
0.901858298724528
0.709117177837975
0.862810468618945
0.778070075669646
0.685802131893394
0.841166173657594
0.723410221281207
0.961490657380539
0.745667648344842
0.670426505940799
0.827954937882309
0.843515842995383
0.678157426449967
0.748693002767322
0.735030724408871
0.863840223802985
0.760340234062261
0.815213809190855
0.659651231373842
0.656429573264912
0.87289376021511
0.844799114101441
0.80167617941253
0.848728206625441
0.858429217554323
0.930444992915993
0.836201126669148
0.805941147598469
0.90166989219893
0.968766453343768
0.771188101891562
0.904157020978679
0.648829643373608
0.750766927493344
0.827728349706301
1.01485611939644
0.772121080997199
0.877057524803877
0.829994045857645
0.687509176378992
0.836358684711249
0.927110723589619
0.791494115738097
0.777218113732498
0.87860579914941
0.880865419956033
1.00305909482197
0.884453505667582
0.888965461710375
0.896585538268865
1.00106935448703
0.826524493403857
0.853738937842117
0.948510743414892
0.760885513876468
0.969828021571843
0.949939732838998
0.670288027940371
0.879567546645268
1.03063001785283
0.900221980844845
0.745549586352643
0.943334029502583
0.802951431426803
0.902417879622492
0.873367424863119
0.751712536827024
0.854821542222138
1.07481485392461
0.814506415658135
0.818717282286894
0.971446079822857
0.955611678101737
0.884821094088827
0.968664453369699
0.867744490088391
0.89430562614861
0.902935270216687
1.04050670742704
1.04248321370985
0.835682689314342
0.923659038199255
1.06933057160926
1.06650649670195
1.01001357854735
0.984006243784219
0.93417316507039
0.821581841940572
1.02737330947106
0.9857543181459
0.90992687816894
0.801003237806526
1.01337377591425
0.994716907724036
0.797296403507063
0.761317952327053
0.83267964444446
0.985925020248193
0.843999962375828
0.96005164200765
0.835245865734658
0.962483550741097
1.02127239374223
1.08040780700837
0.983791017608535
0.996553882293512
1.01298217226445
0.969383406772497
1.01277534166991
1.0545819981113
0.981920552064435
1.05819465674041
1.27483661167128
1.12044120578769
1.00912830939937
