-1.02550410836222
-0.912713029585309
-0.957121750132478
-0.924874175025198
-1.01805330572407
-1.08949108567991
-0.979328821012532
-0.800012249536621
-0.908698411271953
-0.957259939922817
-0.991342775577117
-1.02152316947112
-0.979044971725716
-1.05897667122769
-1.070493025794
-0.966174042183996
-0.987750206346434
-1.17986075626801
-0.975294844831843
-1.00179070309253
-0.985853153877933
-0.937855202749661
-0.848192905056598
-0.945471559342133
-0.840739187019188
-0.959361332057377
-0.892893617241786
-1.04355689526386
-0.961806153866591
-0.73889114454434
-0.892270689472342
-0.875076839375944
-1.16947996088089
-0.871131598180469
-1.08496240200229
-1.04150283307279
-0.848790308258936
-1.08700723221142
-0.959197881741906
-0.804201233180697
-0.976127951496405
-0.875574451339294
-0.721630829851476
-0.740518383636951
-1.01379514817611
-0.840417832143148
-0.972943565161774
-0.98308696318559
-1.06830727449765
-0.796025451249439
-1.12177074692306
-0.982800280864486
-0.950595221389284
-0.713749133681505
-0.934722892683393
-0.816230331898548
-1.03085760177798
-1.00919947850817
-0.76814442888507
-0.908702187079836
-0.788451712023479
-0.969439016693439
-0.857917073384436
-0.850284382858272
-0.858522119274116
-0.802915411499613
-0.804474455683638
-0.946680221767404
-0.837979820799612
-0.832676085791213
-0.910298823146416
-0.824337811813452
-0.922094298343069
-0.697116924366497
-0.744069520733885
-0.732143707480253
-0.845340902583599
-0.770558247094903
-0.838758834790635
-0.826910737100307
-0.849665601915408
-0.778078236989977
-0.895083763899844
-0.758127329984292
-0.771705853811422
-0.668684813186461
-0.730936930323785
-1.016155221428
-0.85434531988119
-1.00436328122255
-0.821517346429698
-0.786579911222982
-0.915337855783777
-0.773549931162226
-0.799172029228891
-0.676692222993018
-0.77886305683256
-0.900175046964869
-0.716706868181253
-0.818229479454511
-0.779950950095033
-0.839614968471528
-0.854596848328792
-0.817484433155447
-0.816830057838941
-0.833346550156358
-0.81225663246583
-0.96438462094339
-0.742848278720271
-0.774661186444314
-0.773046940929001
-0.812718111548946
-0.727327719468161
-0.821551034823142
-0.735329757450339
-0.662417199833945
-0.806451005228112
-0.633008312064226
-0.740647039722979
-0.683347735348
-0.763555744828486
-0.829744810800167
-0.742131432650682
-0.865332008349148
-0.660704944612931
-0.65571131764125
-0.789921410721971
-0.762818229546383
-0.844176013902221
-0.666990306484662
-0.565870976378367
-0.764726186412937
-0.666786363058139
-0.892463857143519
-0.496240211407982
-0.756404499230896
-0.733698469213985
-0.800425348394947
-0.662686224523729
-0.648760808802527
-0.569851904804925
-0.588786001759478
-0.669333919831408
-0.682229114872857
-0.8019159276941
-0.795932348726963
-0.771494610489536
-0.709879544466903
-0.655625172095193
-0.834136157609238
-0.710459301376221
-0.753223633779286
-0.695440110955959
-0.797881679453066
-0.643612917452878
-0.613688204341177
-0.777884633026443
-0.601792705020663
-0.650695059505542
-0.699161424020589
-0.633063366463767
-0.680977810246958
-0.762692185996385
-0.714260633999258
-0.588706395802615
-0.61083923024334
-0.840188214068894
-0.543094497775855
-0.729052217223303
-0.626959887715397
-0.679332967319027
-0.673831652520543
-0.584968561282325
-0.652509048107191
-0.571391925264389
-0.656935158594946
-0.64210439480172
-0.491762753218048
-0.777822604385423
-0.643292024473795
-0.671393448513926
-0.583126988699014
-0.667395500047357
-0.534113771882539
-0.599270548995256
-0.572445216261355
-0.640314888794432
-0.523875198763438
-0.658256164430543
-0.59063913866834
-0.499815585694737
-0.711333471509755
-0.652354383346103
-0.602480647690759
-0.603070445864754
-0.747716005161615
-0.566074936110466
-0.597583571989014
-0.654908855752859
-0.704828564662057
-0.478832167161028
-0.540239805972569
-0.707723028474098
-0.622037547429034
-0.682109864077883
-0.623704867672324
-0.75441633996446
-0.653103113690114
-0.571102917678021
-0.508127335801743
-0.654811963306245
-0.553176468368147
-0.559074704306995
-0.510130727225311
-0.582872869900952
-0.558098663455351
-0.591033663567039
-0.636771805272756
-0.618772290689669
-0.685707432902352
-0.531826676592941
-0.568498779936823
-0.567682980268234
-0.596741335262065
-0.474403854171286
-0.437206845508042
-0.645069470927789
-0.543753530416926
-0.593029675994457
-0.518072961715508
-0.344185112579823
-0.538623462603488
-0.400744227011072
-0.603068293653318
-0.438863435939579
-0.641509913170458
-0.517009149945148
-0.522972053780628
-0.525914153957473
-0.573378582233703
-0.495690528028461
-0.554135612054469
-0.627091993791618
-0.613378576103354
-0.416481539930592
-0.456796402506191
-0.444716840318641
-0.56774674260184
-0.399715675845107
-0.449743579670726
-0.516904882875432
-0.504279017644804
-0.417368920974503
-0.561085126803134
-0.622693336485771
-0.547682604268532
-0.441998793544866
-0.438121622302248
-0.459910104678917
-0.365844287371929
-0.437248246126964
-0.603056890676966
-0.351032823996275
-0.595835340191211
-0.570833803468992
-0.487456397839631
-0.40211918948302
-0.270774377851136
-0.35384241305316
-0.292015162490019
-0.382328190325914
-0.417261889800781
-0.487656431903242
-0.548542472641509
-0.384056995589781
-0.48068369071022
-0.535022116056054
-0.438784450950346
-0.421948604744173
-0.443367081636975
-0.506678590307247
-0.385063407842521
-0.511736575223181
-0.265467899714902
-0.379566870072171
-0.380589145000782
-0.426365228539387
-0.463003999505353
-0.485810525070603
-0.337081709721411
-0.42556147504243
-0.464886874069585
-0.456217455718698
-0.411183701162313
-0.522664746966095
-0.289607061696033
-0.448285394945081
-0.469845055290814
-0.603259609623655
-0.414258860149041
-0.443401016022926
-0.40570809882045
-0.280947846463245
-0.314687392729605
-0.380574867053515
-0.352767656821935
-0.333736563144279
-0.271220294542114
-0.356151954495763
-0.329971389962297
-0.516585750110335
-0.431786182174055
-0.153751641513434
-0.503267614090553
-0.348394527236337
-0.362511020205419
-0.401953451644974
-0.43097517713038
-0.449151653551666
-0.394122317583916
-0.382813480161876
-0.313432271382773
-0.2822426928942
-0.370327054172053
-0.349820348748927
-0.288978955596835
-0.10053764041838
-0.297333253381243
-0.359694893479739
-0.155288092711934
-0.509926183972117
-0.390886608669088
-0.313037315656888
-0.276781951760874
-0.271387236426387
-0.222743307556243
-0.407100583826454
-0.293758354598281
-0.343824793080803
-0.36735662906442
-0.298253454866021
-0.223851480544341
-0.281427509290257
-0.42481307007706
-0.22478538318643
-0.191952622705195
-0.218014657270378
-0.196773248152612
-0.345706408458064
-0.282640325028631
-0.199026792251812
-0.374806729982136
-0.222210219951845
-0.33034969939733
-0.285012618092968
-0.276472115412303
-0.241435306730198
-0.293734003287932
-0.234379383531085
-0.320589043149669
-0.397024994225804
-0.332821058826577
-0.322652780141819
-0.204393889830781
-0.203472648324254
-0.210885655801034
-0.351247904668699
-0.267073621544536
-0.227047214067574
-0.157410326803466
-0.321828043681532
-0.233097760603693
-0.466472229489737
-0.178936626056084
-0.311125577312676
-0.296596372999641
-0.172707532684831
-0.289633078534226
-0.225068974028606
-0.275484286279516
-0.373284218632268
-0.270931637366952
-0.259294792721621
-0.347461580268218
-0.281662197519339
-0.25437212849877
-0.35024446880841
-0.210539143076668
-0.0839163620532599
-0.238901204034784
-0.169969034252518
-0.307370129308039
-0.086745116639564
-0.136230486883864
-0.288426425393442
-0.319698891614945
-0.121930832019175
-0.234232198002042
-0.383536145765963
-0.151599475877555
-0.18380343564513
-0.216863286793045
-0.230155629011992
-0.264688691837292
-0.320926973499432
-0.121207372378707
-0.0742419842182846
-0.327528019759621
-0.096678028329959
-0.151836528952156
-0.137789700565228
-0.219638383141442
-0.154958646779475
-0.246468612008254
-0.243708792178724
-0.0792542229188807
-0.227473706687688
-0.321858817372988
-0.203740587570051
-0.160589617912617
-0.0547885790591723
-0.226523611158284
-0.177540961499539
-0.185317165426331
-0.260647330772379
-0.20335796653293
-0.202975256229213
-0.168710534284825
-0.118532461221417
-0.0790028508289563
-0.137856923382025
-0.127822167596135
-0.221726644913942
-0.102567506245515
-0.0408497355938873
-0.138661401276401
-0.139127508241018
-0.382087155683745
-0.101698591006859
-0.19022219441509
-0.0674768525108211
-0.168113147032492
0.0221300493889066
-0.116262926397981
-0.0718283164144848
-0.130875073363721
-0.123255932788537
-0.153461993710518
-0.110061937296496
-0.0601750177922688
-0.27781560167159
-0.142032317349204
0.0673161341117025
-0.063817425792105
-0.018111004647163
-0.094271350201904
-0.0762423952519135
-0.0656201996155841
0.0208124214748204
-0.00732101554457372
-0.0408130623706663
-0.120012697561037
-0.0562582535601264
-0.0111559885338598
-0.082916702397311
-0.0929253734209244
0.0720828409808449
-0.18557644482016
-0.0248919712865208
-0.0213125490348052
-0.0913544099205557
-0.137787040084613
0.0225731426181442
0.0470306342288684
-0.0499633633202853
-0.153884946165044
-0.274155937472361
-0.0573817471409077
0.0635614161689687
0.00575679071882062
-0.00748430924750215
0.0246216923022736
-0.115060609844921
-0.0826924049777109
0.026592413459612
-0.151511208995006
-0.116504825274891
0.0763843855101315
-0.233012356870443
0.0496469147605085
0.00997947168637271
0.120685747660791
-0.10272557586346
-0.0575623395892063
-0.0697087136009986
0.093688043909595
0.02590415616119
0.0418623824176123
-0.19338131948486
-0.119242504689303
-0.0661261579914864
-0.0876141635248328
0.0335922083493044
0.00198362686538199
0.0637809411917759
0.0733388226223197
0.0144967484802103
0.0687814282107224
-0.190422964401196
0.0229590243703633
-0.128345057389501
0.0489166722415437
-0.0498074238738522
0.0941978929966503
0.0382265527946035
-0.024742260524564
-0.0607968707664561
0.0958950976192027
0.0209601819341336
-0.021095038240566
0.0167037975568086
0.1732930505528
-0.0753022120524334
0.0602908472929422
-0.01173526278731
0.083000049904878
-0.065303366006212
-0.0971821303405704
0.0618050828937386
0.105228965691154
-0.0214004769535693
-0.0695063127026215
0.166081168157512
-0.0289767506832528
0.0711484502244495
0.00966619168526236
0.267259570382576
0.0642566048206517
0.030307744347827
0.0405911706422945
0.172217744435667
0.0332681616786154
0.0722627442996736
-0.0385792197071982
0.0138998998602929
0.0772287570308928
0.0806551861673166
0.0687767950114149
0.095804627801215
0.21710200910931
0.0766395811844472
0.000540028148263736
-0.0799862383408999
0.0271372301730406
0.132976837248845
0.087844660178453
-0.038500417084449
0.176807417209641
0.176026186606884
0.0755250345508226
0.11339130989035
0.0627649081312482
0.196572979365347
0.255944757017785
-0.0351050282938392
0.237424383973129
0.188778040417157
-0.10711959776827
0.149463976305395
0.121515342673204
0.0747460400723348
0.15397979050888
0.21038741851217
0.0768379525265701
0.0253448956218562
0.0772620450714215
0.322070971311091
0.256927488913606
0.143678273063017
0.168879339519995
-0.0360856811547233
0.250339727699813
0.219486202977539
0.0684321011775684
0.107749719591039
0.0840262052221021
0.178662584198318
0.19937896603947
0.225623566587678
0.0760824318914949
0.0920532640297207
0.285945287597223
0.130637695128286
0.246529371095496
0.0585682958362747
0.200336178231121
0.283518711571732
0.225751253910369
0.171206904465294
0.269574925270235
0.119702916352258
0.329390975374316
0.15799475227476
0.338493336372543
0.206538412368808
0.00945033575445898
0.175995553800435
0.297270664152558
0.273551174750422
0.344427293656886
0.188718028188361
0.178385039239546
0.382039321748028
0.306228576982785
0.29516885422767
0.159292749475316
0.0979877053565264
0.282208101539486
0.273438692097358
0.0105415256050563
0.250221014080896
0.295257766297449
0.188117322145048
0.288477908421837
0.186393479360002
0.281981563869936
0.142239411442007
0.262152232329879
0.194754925464136
0.392474590111322
0.403588313364201
0.266529376567357
0.109246322622643
0.249440996424932
0.258166723492519
0.332957072204914
0.137428449697634
0.414867508803429
0.291744728183902
0.244451426286097
0.153718085152784
0.318792733318881
0.259016862518431
0.281601431732657
0.148477711421548
0.255319815114163
0.289003999401167
0.365994834480607
0.253381076445457
0.309341022307577
0.415879317649239
0.283321749813068
0.427839856670783
0.439522848744417
0.326160594669304
0.354773055265705
0.310888825265845
0.363225616005994
0.394490453181224
0.24174221124771
0.309482054461529
0.314781335604871
0.352666655279524
0.381781004143909
0.527082300335527
0.429727659542069
0.333994102366367
0.339217854801247
0.292505007558691
0.484892621856698
0.328565666007375
0.406379879905507
0.339233746351104
0.448550952552871
0.242319783150402
0.402921348388473
0.204698559387492
0.247444559390027
0.256176780663084
0.284309373536439
0.435624845880452
0.239807473368599
0.36001383280202
0.30341477252001
0.359241622961999
0.470872764320802
0.435583376145452
0.334208353747926
0.387316946515298
0.42018334863482
0.314332922636819
0.391847415211306
0.321348455254418
0.327174832263665
0.419639138266378
0.419919400437954
0.365274846596747
0.497283991406348
0.478835454128352
0.249779507267142
0.429239859207749
0.517563971131978
0.471736482026735
0.404027257578834
0.336191301646296
0.38611411381352
0.375197170324567
0.410922118538508
0.260842038614471
0.4513716982708
0.541417371449331
0.361552913948208
0.457590103009359
0.592248795145843
0.50073558837704
0.45624793598218
0.338781601647598
0.52177882228095
0.335842309797339
0.408805355195356
0.475398299933004
0.332514083367813
0.477157629645661
0.360385591925153
0.458065144507396
0.372814677338312
0.567930551632683
0.515975814082859
0.325358341445246
0.432867166843215
0.502172343881029
0.47292911049599
0.493606133903431
0.540011179684547
0.386956284435017
0.434891141490362
0.479490527789696
0.57202323340545
0.291012714004877
0.483316789488317
0.403978129376526
0.603618540744473
0.623672881503694
0.395872404678519
0.69619780215366
0.487307490467609
0.542828214716786
0.569584359043449
0.426404576151485
0.465564798395915
0.45190127183919
0.479886068359511
0.493905475861761
0.440802383046231
0.518419082983182
0.42512376359965
0.515798850782428
0.535050913050301
0.372672221392468
0.5269763566025
0.565085124389899
0.499175833394882
0.548296428441069
0.49153063364124
0.493262096077876
0.481129748031382
0.625776625096635
0.525745941678113
0.628429580219564
0.460625677722898
0.427727284694242
0.547615329827009
0.516735070016702
0.514802600025217
0.516392181344265
0.545950927429729
0.500682530475969
0.522357848276026
0.587060180333287
0.562676274157214
0.564114632760957
0.490667095642721
0.556985024195673
0.437681049902184
0.574372822664967
0.493714625085299
0.551534199856348
0.701705007828213
0.515517062371665
0.634955300561443
0.531913962524984
0.527773234875629
0.581386245822749
0.680060838782761
0.513192937341337
0.51718672796331
0.561317011683127
0.620667213986435
0.50095990108412
0.590830058437352
0.523252443610677
0.666692111532087
0.570527938880898
0.581060892800589
0.586224207292713
0.712817702098081
0.566660007593683
0.554857955627716
0.46171624194693
0.709680908142658
0.651949544643277
0.558239757130054
0.680426289181278
0.788415058909286
0.674968734181197
0.614036622530831
0.633614322919297
0.683224976811597
0.508165647483086
0.569019120578016
0.61782417742836
0.70053251656639
0.591468656448874
0.714927183520239
0.647936942550403
0.527458490778865
0.736759643985075
0.702847392788097
0.71194455272308
0.727928852222764
0.561094988376809
0.579205871754454
0.647305855601203
0.786908793763198
0.597272445896886
0.640504130943933
0.680016398591362
0.849416174733299
0.65660294773218
0.698485117808478
0.740137786884884
0.755078049334368
0.633621711655198
0.807943104016837
0.674408902078101
0.834526097190787
0.653644814837855
0.828436522290868
0.706309856371678
0.604082674203198
0.713500850451386
0.669748496414411
0.797839884933724
0.681541611779721
0.737352824049479
0.973465629763041
0.823580168720547
0.591147372670465
0.684789843209922
0.783729427766599
0.631876206474871
0.631721125117247
0.649586580714688
0.892631083490141
0.769594239410968
0.715267776907929
0.646245965423371
0.82630638026147
0.747172443476576
0.707267654069643
0.690987280999701
0.77834420926958
0.731962634497678
0.699610119899117
0.812472179368298
0.638551042454137
0.842233883744613
0.779687604736847
0.972361393400279
0.721126084986157
0.612935792834006
0.795545150909802
0.764107041259867
0.698920539253872
0.839872555363021
0.874464291898852
0.776835508364532
0.578482082253604
0.883913408064636
0.733774431519278
0.783917933114492
0.719551534844267
0.884015450709111
0.711785936127091
0.822290454079821
0.807363146653812
0.71657190515915
0.845209037767825
0.637555496546888
0.891704949992389
0.900208156440255
0.735345355258203
0.709124020022252
0.796400815128114
0.72098382306824
0.655891203548504
0.798812325734637
0.88009720352588
0.80753410566312
0.818732596550148
0.878435720050175
0.876709669655138
0.865330376125357
0.857407202666502
0.811800263633372
0.69412807337962
0.801170879692542
0.895479876059809
0.902062982627398
0.813106099201124
0.906278990217419
0.949304811930518
0.791969151325893
0.840775887968785
0.881611837987903
1.01177368834716
0.78611887944044
0.828647380922804
0.793473537011275
0.821871429746762
0.855495659770713
0.760381566899856
0.827938344779765
0.857402193782464
0.798634158783102
0.692809103988055
0.768423181424509
0.815838769330383
0.80320669927082
0.779853708515934
1.01619438779257
1.01798215931279
0.906102259508917
0.852027650046057
0.774937211749914
1.02296478384661
0.782630112960592
1.00818227490835
0.925647244466487
0.762243582898015
0.939380625126738
0.865779554192287
0.813840516595998
1.13387377249012
0.718137674398989
0.877263851632466
0.85382011461081
0.930735769663731
0.912120961844693
0.871966416595494
0.959225300899023
0.99163408269742
0.932112094624895
0.771701509911909
0.924266896275176
0.837383596150656
0.76261727979633
0.973712453197899
0.879590585910097
1.07677288347676
1.02131803290499
1.05396435188982
0.970537221348737
0.818993934159023
0.911154172689754
0.934735267878539
1.07379904907481
0.788888229452014
0.904015506960552
0.905500007817359
0.896399620699383
0.857533423025086
0.901294343837303
1.07904182773115
0.992094681151543
0.917203940538831
1.03641415525581
1.01138718870753
0.830674636497104
0.934070126585382
1.03720647038279
0.909133842770327
0.949835582967632
0.915548534746873
1.04646251964645
1.0593835361006
1.00535839983092
0.970822107481535
0.972526185587976
1.21965677130195
