-1.11322548959246
-1.01673706995692
-1.03677983217505
-1.00469987390484
-0.90274736801912
-1.00055133512171
-0.903698823982096
-0.958988561530029
-1.07988418406815
-1.08724805081922
-1.01486667983073
-0.960121910446512
-0.923294109769072
-1.0689365697003
-0.915458829315769
-0.991410511753843
-0.910640468035071
-1.00567623404545
-0.999028381926023
-0.911857166974371
-1.08813121753504
-0.985183023843166
-0.908009875112948
-0.851914350343908
-1.01962336207902
-0.896475922913548
-0.904375911782404
-1.01216725780589
-0.968715032494413
-0.921636424225652
-1.05988438591338
-0.872545818470853
-0.892247411268877
-0.791895790272703
-0.840150130411708
-0.886962984088322
-0.793804345905625
-0.923709137933911
-0.875537922320987
-0.955325181216191
-0.880349196971118
-1.06396616586277
-1.07227903667381
-0.951524508380392
-0.837024745698581
-0.936868512562063
-0.990262950044621
-0.84289809836025
-0.778873119425183
-0.891892903572544
-0.883721171606377
-0.892303677110247
-0.835996826596713
-0.836654619449645
-0.856614440433006
-0.84392679883241
-0.885797981459455
-0.817656872067885
-0.97468152931836
-0.954124173964277
-0.840818380958488
-0.873361456385851
-0.911257296313888
-0.851857491881419
-0.904464565749808
-0.937555966193635
-0.915322402906532
-0.82619301323852
-0.901198498201609
-1.03733848261335
-0.963903021779114
-0.866050723359097
-0.977409852117224
-0.797214015322761
-0.831912114447862
-0.864035722518731
-0.884133272784324
-0.878508385003303
-0.869228160445312
-0.676929867370597
-0.883490974450863
-0.838805115964592
-0.80882346814168
-0.857621647910936
-0.899291848302704
-0.840147374631152
-0.801411780410821
-0.883307153434081
-0.773389224992638
-0.929974857582934
-0.819951225820179
-0.735231204957151
-0.851683276216793
-0.828444762335468
-0.770011476938783
-0.854178127225229
-0.831117061086123
-0.719196827107433
-0.793322593925771
-0.690528332131966
-0.850578065163966
-0.737612293347637
-0.740824517357613
-0.687223787375016
-0.722914897273201
-0.892389660901883
-0.633267185431012
-0.70639633832195
-0.735808296918755
-0.790023517572538
-0.850758551823076
-0.894065442196016
-0.788973948965605
-0.827573662108811
-0.841020677214747
-0.818353591542891
-0.875491055327382
-0.610176808958207
-0.78891663356251
-0.743742410609274
-0.736214925961445
-0.885382826117947
-0.817581057485384
-0.587729558274259
-0.475731889099112
-0.681811889813126
-0.714703359001093
-0.757483749385237
-0.738500596060894
-0.831420648272324
-0.777122303225648
-0.727227590239792
-0.760896421232922
-0.706420439417826
-0.657492633108177
-0.788692938295398
-0.808285099511003
-0.810946967959372
-0.569499816439289
-0.676062268374132
-0.642266104022533
-0.737729774879699
-0.702419895779505
-0.666655370796349
-0.635112243104382
-0.752421338227892
-0.776342095123659
-0.767072121068951
-0.645646827505194
-0.58666876227272
-0.547515919594783
-0.651529800448636
-0.678548242738513
-0.590164747383276
-0.730153517689638
-0.693591030261702
-0.835222335269698
-0.758927272047782
-0.567310597243716
-0.656682136220518
-0.689990073394088
-0.689691453938266
-0.776926863920234
-0.781901976113113
-0.700347545782697
-0.799244940569155
-0.601524919282837
-0.540681066103712
-0.656953857156671
-0.527654319592901
-0.645999991162593
-0.626405432405735
-0.65802975393007
-0.601862885720406
-0.645456328870116
-0.660364114976005
-0.527046525388523
-0.594230912586123
-0.540364171247882
-0.753086932741787
-0.686936278052422
-0.700336264834008
-0.647927442914836
-0.61337970973462
-0.599124916357898
-0.601298620497183
-0.644261905043186
-0.67831888378995
-0.547660278651276
-0.707708186731134
-0.610837715294206
-0.603456021742935
-0.595962485217563
-0.465924208383035
-0.602234901693813
-0.619239992269996
-0.613423027085567
-0.643342576358413
-0.695783340153791
-0.538993537248367
-0.561150664538034
-0.586455770284273
-0.663766509205594
-0.61931584290121
-0.482837574954452
-0.657955293767267
-0.557267701551352
-0.563855940123385
-0.458050591693579
-0.526285927298626
-0.592042890147384
-0.527226265526304
-0.462751671125153
-0.507458297348052
-0.545994404735633
-0.507152686915995
-0.361797781622946
-0.547756778180013
-0.559478422650109
-0.501631360830973
-0.5886944427254
-0.541099076398379
-0.713924903399758
-0.544493682244905
-0.562162748539325
-0.433666805966238
-0.481661024415142
-0.666939145370207
-0.445997330378386
-0.541486196151499
-0.550281432937882
-0.600311168187003
-0.446713117278187
-0.553502795611086
-0.551611230679049
-0.528530555917408
-0.364059144684577
-0.424222014122523
-0.5174986938166
-0.515801844596563
-0.485045878689725
-0.528827685754376
-0.678563715652668
-0.553017468961764
-0.448101463757904
-0.680860221523838
-0.329418717345801
-0.578655258279887
-0.502399137216741
-0.534648631162267
-0.399818704744702
-0.649279590244868
-0.32525558867805
-0.70365247061951
-0.614223884511128
-0.443224736326003
-0.496093951835132
-0.52604565829283
-0.481939782535952
-0.483424926101005
-0.40929471606756
-0.513383655406148
-0.482391253390917
-0.310021801680795
-0.519224641873829
-0.616178680037477
-0.434694199856315
-0.413261389239211
-0.516374532836557
-0.480168588731751
-0.306283112850532
-0.39197583691021
-0.542389431417031
-0.560441223945487
-0.351056830211256
-0.372541324577198
-0.353966542266959
-0.416337400784155
-0.601614569970122
-0.500364417972685
-0.552878749113539
-0.303838392886527
-0.543041238262807
-0.377979552548127
-0.341602347405835
-0.333707805096147
-0.318654604364038
-0.625132218914812
-0.376289819338972
-0.52389819401157
-0.656906323842321
-0.330213051012148
-0.5489414388097
-0.455190985142289
-0.417112380035519
-0.400779602642429
-0.390420149081228
-0.446647416783379
-0.409701660664212
-0.305975315108437
-0.344018959594718
-0.533097161613085
-0.430776899815865
-0.500475386381703
-0.489028373315422
-0.389912736812952
-0.360627036912778
-0.306127953824908
-0.450410456792685
-0.29680177418391
-0.43401190210864
-0.390391829584538
-0.367486552874177
-0.417410904150198
-0.322153695355139
-0.478204393121882
-0.230177977774572
-0.232941734872292
-0.310708461446337
-0.482908997752046
-0.329668758303919
-0.442056743567457
-0.410463678045325
-0.344736931669891
-0.476329569265361
-0.339999279173074
-0.235657643506405
-0.313280561346401
-0.411683572547146
-0.309880508612654
-0.347105159114571
-0.320899137283458
-0.308136201927892
-0.136339455209553
-0.397749124764201
-0.308041570325561
-0.330933029432642
-0.40822092881039
-0.537686114252003
-0.346252179755281
-0.42956374972036
-0.174502104028526
-0.311663032870318
-0.333365569603239
-0.210131036178334
-0.143297959048292
-0.353335790316261
-0.160810330078822
-0.389946418282798
-0.293844183691333
-0.294238137289515
-0.392187012340848
-0.11574987024171
-0.197842981728743
-0.375574920184734
-0.32337382501208
-0.342266334610475
-0.352074882030618
-0.310819520307148
-0.332997735288129
-0.261107955309425
-0.421400318157192
-0.00197567992540136
-0.417958288876058
-0.190541235812968
-0.336483830391056
-0.308150269652985
-0.0994824163089732
-0.344032908219498
-0.318093670168273
-0.293125832816835
-0.129849462955581
-0.206579621115361
-0.141155282049969
-0.194646659324461
-0.190490216592006
-0.19203881658984
-0.219296904821189
-0.255438205482159
-0.43923883024038
-0.224575992946923
-0.299024164435982
-0.223330315643534
-0.0808364703864543
-0.324921027034116
-0.191094191921413
-0.351961951460748
-0.25962162441161
-0.279427916163638
-0.31143999833866
-0.256614199397307
-0.081341455058192
-0.0726702747464932
-0.174676277398921
-0.25918332909203
-0.174341281923719
-0.239482645068897
-0.326881375008204
-0.182681741948829
-0.266276905158997
-0.184056208628037
-0.280957501594952
-0.140896513891021
-0.355173477416503
-0.20407315644174
-0.219418012624101
-0.279096875958035
-0.148917556136816
-0.196004976509921
-0.153071459697522
-0.160204295630014
-0.0832205053701101
-0.0332294985315798
-0.165338924352003
-0.125407837354528
-0.0343982488924646
-0.219013487283845
-0.223375672800292
-0.181318320122975
-0.181659960470416
-0.0778399850662421
-0.253357285498907
-0.146143029423486
-0.0699634543522932
-0.242210973793491
-0.212022585050538
-0.0879930082136303
-0.0380397579014501
-0.134499853489085
-0.13773357512778
-0.129322151007923
-0.143576997432213
-0.264769125883126
-0.094736264222527
-0.0881879662653666
-0.166843151487223
-0.223342775679443
0.0172270814058441
-0.175425880533937
-0.153366191837416
-0.0949700973788133
-0.0729021786208826
-0.0360989941070013
-0.0101285487292238
-0.152679600447487
-0.173739760475484
0.197209615040414
3.4220946223033e-05
-0.0582738898832582
-0.262356559897482
-0.190802326360693
-0.233466115785715
-0.128742678145097
-0.177954026857559
-0.0642293274913858
-0.16212275529468
-0.0578743836601481
-0.108514845392997
-0.129152352210371
-0.104980118856704
-0.056212246397477
-0.0182283922295637
-0.13757826110951
-0.148103794662581
-0.121330054219425
-0.0297257045951023
-0.0225329986137726
-0.0801709439402211
0.0222881258236276
-0.0996689727704637
-0.023882765416472
-0.0640795919533212
-0.130551337575399
0.060900400446127
-0.0839998603343466
-0.126602950520838
-0.0578755916381101
-0.0364109091853838
0.0209837303213527
-0.124791394371858
0.0522920760582221
0.139333101363666
-0.0889831789034674
0.09583104597415
-0.0822010236785842
-0.0203512664879969
-0.0839093070177806
0.00285576144568366
-0.0484379548748555
-0.156877326025393
0.00690095838512221
-0.0670507890498603
-0.046641747086269
-0.0178477071711025
0.101202339477484
0.0597351106629791
0.00504254726908154
-0.0810611468273284
-0.0291592976915473
-0.0961295308841248
0.0414421746110359
0.102397793068788
0.0078852806195564
-0.00614202411172467
-0.12824612134323
0.203247252737729
-0.102716639569016
-0.2015304211335
0.0918186257221155
0.00881986947572889
0.0536946541612871
0.0952712646800495
0.0345765211500827
-0.0280486938127662
0.0287079279028385
0.0518166987345218
0.112543159292624
0.122112838379734
0.0774887149551677
0.037219077041878
0.0813049003665929
0.0707483644110165
-0.140612054918872
0.194030846572274
0.0591581016379274
0.0219112929552696
0.14263619209608
0.119696073958517
0.0434003959341382
0.0147329347061017
0.10774157231541
0.104941609633704
0.122843575704745
0.0711671585973601
0.197817521775915
0.0261338357769252
0.0471889705302309
0.0186151550876973
0.14246490727166
0.127902167799936
0.101443821153043
0.237352885172518
0.127888466908725
0.0418428184570993
0.0861580292564461
0.137816317939232
0.0815683164269856
0.0394436615480408
0.0227582777010212
0.0398424049994771
0.138138937172755
-0.00889085940450141
0.0884029281758182
0.00403123305881052
0.191867695052223
-0.0547482330090218
0.145378355319829
0.149473574919297
0.129512050704056
0.29018926172073
0.307318327164322
0.207873238469682
0.134591837691516
0.161560787651245
0.043531033851958
0.221721639417172
0.0704630998147031
0.0478386666096639
0.186550652704104
0.0461044303628421
0.160602354098627
0.128264704369727
0.0541628501723678
0.125591085554902
0.186338501948741
0.0662105743263412
0.247289117151076
0.268420001238415
0.121903571329898
0.119898926610571
0.0988047077275497
0.111465904385423
0.216141053785049
0.188644825295488
0.159878556183978
0.250703028009094
0.0766839638802974
0.36561193119165
0.233945974229252
0.144021073307857
0.220907582749819
0.120090557797716
0.202776755956001
0.281407776037913
0.0478654449832788
0.229888825477838
0.18205781676482
0.0356863328345602
0.157710535151294
0.116596640510937
0.253007957345907
0.176172693332323
0.27279038812258
0.272487018817873
0.11847295445794
0.402738092955947
0.296480319358991
0.0942752180673605
0.189268639258329
0.10549827617657
0.247639853068908
0.285059611671932
0.232816401320872
0.311121452833136
0.355529554841365
0.254176541402785
0.267280121152324
0.302487804650374
0.26625388235988
0.137040039149188
0.158121707757279
0.240183242381293
0.213810639204134
0.282717058138098
0.271851034921669
0.317671857021582
0.260787396250431
0.26762351474591
0.261860236756999
0.332013232749635
0.304795416564228
0.329933531385471
0.291807847139719
0.324059147353024
0.298812816265819
0.209586743851502
0.324222386580482
0.341614359520865
0.254653800154275
0.229881267386124
0.274294569354597
0.341148896263222
0.381471385229785
0.44656373045174
0.288353991000238
0.263131856363022
0.29305823300075
0.377162491268866
0.312497150706834
0.158746795291618
0.350636386484876
0.180744495885335
0.275157511719658
0.284306908293396
0.261182547871921
0.394399517134866
0.378853435350831
0.463941892262431
0.211023479049573
0.335865880547242
0.29019410176728
0.310392948170607
0.273998628202708
0.269486795024134
0.239010340317239
0.395219050727973
0.409379852532921
0.215812346069867
0.342004046579854
0.201009644078422
0.240541142135821
0.175690017841923
0.282145855974774
0.419038689530337
0.368985509341298
0.344093906601233
0.301123335060622
0.261798610638973
0.485292360556726
0.411300466252305
0.56993301318769
0.525042995070141
0.314983737472363
0.382013054716671
0.458247491988569
0.342304962020399
0.428942374866004
0.528162163091212
0.305175582366678
0.33347091709792
0.450773869563738
0.360460645032882
0.338972013367107
0.526158990534827
0.39386555452252
0.291398286034636
0.240810132619797
0.461931068156499
0.309116211970504
0.287419045384959
0.360435241848363
0.324519951024839
0.437763038662586
0.419783768077744
0.32063854093945
0.398470177890194
0.25223528731337
0.39374748670301
0.335247079060396
0.541518428504117
0.470871261345735
0.511658259773464
0.402354653291248
0.376726487442663
0.269844838857783
0.424840967878327
0.549189941327144
0.38742907276023
0.369033825082939
0.452216597321289
0.483910334782279
0.443540847030127
0.364126880967631
0.480970000993198
0.497658728425736
0.490341572834266
0.306757552262455
0.435000565547937
0.41810790399555
0.568711059121336
0.536937139792087
0.376575528392637
0.418275175372079
0.481408857949766
0.437424414456996
0.471488648537864
0.384874019179169
0.457422060782328
0.479341340529747
0.605530646361779
0.532437109588543
0.58653822550714
0.43612412327147
0.565315244884149
0.504251122182164
0.53891232702173
0.490537760343463
0.603369093720183
0.558171821155033
0.49956873259187
0.360294218260148
0.36258507078223
0.46933523879379
0.396326740160092
0.571843097024184
0.449991712391608
0.579966206894728
0.519390406360982
0.487484180176147
0.698457749628495
0.624837803455741
0.641239455877724
0.485009805030118
0.541788929563268
0.430574683831624
0.564586468939077
0.52373270327744
0.528177095251237
0.620665068938727
0.595128137285986
0.540392731126693
0.50649814566255
0.647747922811289
0.586098508888825
0.540741296694889
0.508229043649624
0.638635344763965
0.596403579975706
0.631523147282356
0.385761168452059
0.504121223906405
0.702383458873665
0.528461484105965
0.663715623010496
0.574067707852206
0.614850939402409
0.612680991936724
0.692454598850454
0.587282092579083
0.619455291285793
0.711396612310614
0.539508027700122
0.542061195159139
0.556010766396129
0.479903625417944
0.532008929725492
0.54049690158424
0.631146156646382
0.648498452032903
0.502394533207086
0.604070073625029
0.504541495280328
0.688393186828279
0.639062676243004
0.53979191954053
0.574769154769577
0.493895599083125
0.543575576268588
0.657980401525218
0.64396597301201
0.565716470727221
0.654656664632197
0.552763774514723
0.689266557925338
0.778745634231473
0.4101625945471
0.502246958384905
0.555283291414316
0.636037231375972
0.636972037060995
0.579374388684813
0.576863532418089
0.628934933005828
0.625667378343024
0.67641021891882
0.741154773640822
0.600799444247001
0.760497059977027
0.498953960825385
0.618842045180312
0.709701767246129
0.696891229174609
0.617357078839838
0.551513585852506
0.74464929648258
0.840978328102795
0.592448262168551
0.832023425454618
0.769841360617489
0.614395589219765
0.70184209244976
0.852417879473653
0.755393537394174
0.64255394528447
0.652467159678908
0.655577932114031
0.67506602386884
0.653141207146658
0.587211934994448
0.714766979430471
0.529267620309575
0.79210343154542
0.818969262944892
0.673750387039123
0.585795456376011
0.669307094856895
0.708792410323447
0.660039756610544
0.656343206008368
0.631290362765279
0.692920473229809
0.60617469720982
0.782583377503751
0.728982169325532
0.675727740125611
0.711866715967453
0.60813221442199
0.571965910170419
0.735326893432171
0.847986576105734
0.790969983889464
0.761977986535981
0.61491891863201
0.791266799659473
0.515604328456375
0.869386753512358
0.741927379055415
0.792261322851931
0.63243336542616
0.633316591228896
0.62658657776351
0.866162389473082
0.663466479081594
0.870808526680542
0.778510672504187
0.709419834804941
0.787899645176497
0.659316185948494
0.747515454602137
0.799138243744809
0.716752947776828
0.690180464990729
0.801811256115046
0.738716230588499
0.744690707756474
0.798246570085149
0.828171269363916
0.802813634140997
0.912889850426845
0.82259419214938
0.875187763100658
0.842497690107492
0.809708975696897
0.795613714163576
0.767875954463929
0.633278575953116
0.917990670048965
0.857792149737964
0.88992323312165
1.05720858607967
0.911644274507893
0.849219924466224
0.77854011205497
0.813273652230331
0.921040055600054
0.743604532469429
0.801604279397657
0.872857764325109
0.977534430868677
0.842553564417017
0.84912483106372
0.728804826665228
0.854863814356503
0.868815273839928
0.858434024280188
0.910030893281572
0.739068926893169
0.750462402263714
0.871087832141302
0.875198409441833
0.956868978480132
0.822263255150115
0.950157989679516
0.850359335777699
0.909483356211783
0.794512006363178
0.993848678415925
0.851262108143181
1.05500606416047
0.758498030231214
0.830286905660272
1.02952773371971
0.828018620149551
0.980268122581023
0.915421033223506
0.851277254751968
0.7793671214312
0.940335272395883
1.0579906263836
0.779750129520861
0.932320433309688
0.880274488338689
0.821138145066778
0.974142964706753
0.977352798077244
0.90878899083903
0.870165549387908
0.903104420078294
0.995318871641726
0.861177910981847
0.848155456979182
0.912807342944494
0.926429729441517
0.84738345355876
0.930244860823182
1.03157953185168
0.944898269773202
1.01461499058675
0.872643375625161
0.823748159489458
0.835836170301914
1.02209528667206
0.962582794031867
0.825505452841811
0.948475501630332
0.929786916128464
0.911533303323724
0.919173091086234
0.931217679531887
0.913562806030377
1.09777423962221
1.06711205339001
0.898232647306062
0.9950400254711
1.04822890667255
0.906054952020133
1.09207672237316
1.01060829758649
1.08225378776224
0.988184444966223
1.07279178991811
1.04082710486164
0.91384007730022
0.969903820220582
1.05442955322634
1.00090699586674
0.920779765003802
1.0530206190491
0.94937553900139
0.908593274995583
