-0.936076739515343
-1.00406083091656
-1.15235973000279
-1.10936046915213
-1.04572856515188
-1.02519147774906
-0.93403670904705
-0.874130193670078
-1.03919439232559
-0.958479559956328
-0.947440451475429
-1.12261124980854
-0.929079435403965
-0.838624949679328
-0.806098833349042
-1.03248689703962
-1.07721609985529
-0.907133647158336
-1.00699333369433
-0.810949024104197
-0.806097746070145
-0.876411371155237
-0.963013990790856
-0.97500610951003
-0.840901178318367
-1.1075729074829
-0.962287462535626
-1.12112268525669
-0.938582304868617
-1.02850593007158
-0.932826131274072
-0.898238939285748
-0.949689635387087
-1.01074608413838
-0.8660652891067
-0.997873216508156
-0.875040777915767
-1.07332718670138
-0.844962516418218
-0.924120316905376
-0.971500273672259
-1.05329400470334
-0.957693259642502
-0.958262889044238
-0.89304252207973
-0.947548585787874
-0.924442761077304
-0.694084591303438
-0.886505304232093
-0.964820364497642
-0.991398331509609
-0.896670154421354
-0.825299766811182
-0.833294930311857
-0.922517241120633
-0.90371671403431
-0.827692182767249
-0.884642546402179
-0.8841377609797
-0.796322455876623
-0.885185022812103
-1.03515853844863
-0.892947113182678
-0.830685384930356
-0.882279317303569
-0.847877284305459
-0.800866729737952
-0.882181122658678
-0.838322573349606
-0.953760924685831
-0.709740543186921
-0.737673920710278
-1.01748809525405
-0.913236193547334
-0.797787145409191
-0.869464761714977
-0.948850007442187
-0.731140292117473
-0.890992800313008
-0.774672973217522
-0.826019667450544
-0.770797642114264
-0.982233035792824
-0.774287851766503
-1.01360054201222
-0.801937426531594
-0.998735416584944
-0.82574513197988
-0.736976980810555
-0.727297932385276
-0.775661746153383
-0.81637855947374
-0.814343759227544
-0.825819069483677
-0.792911313278506
-0.790671849387978
-0.744828420717087
-0.667020945462972
-0.906377044607319
-0.707161789578694
-0.751982612727103
-0.808103365150974
-0.595721159262388
-0.677572203145673
-0.762630308369991
-0.788008088159285
-0.727661978849301
-0.692127384765665
-0.837369835985043
-0.74844483553461
-0.578020180209813
-0.836697912887982
-0.833030760874211
-0.769283861304581
-0.84156969587137
-0.841913252076736
-0.749761098623393
-0.772942802704906
-0.602923716552752
-0.761250974893463
-0.66448864564596
-0.890716940850074
-0.826842095556133
-0.849634751012046
-0.849867729103236
-0.697229160873368
-0.863153420950928
-0.728935369697113
-0.780209954912215
-0.688614794088389
-0.689325240940564
-0.733584773613699
-0.657622556307528
-0.829077058115994
-0.725577273119796
-0.7525042557586
-0.686454300411697
-0.802348382495912
-0.637355146747039
-0.657940345055449
-0.615679055471737
-0.571140268580865
-0.88508791383094
-0.550832590831374
-0.670520252743338
-0.78315021434143
-0.786178313721341
-0.715036455094387
-0.660829311135137
-0.630016197705313
-0.580612294536845
-0.563718013830307
-0.651158412690097
-0.759431448986543
-0.730560373397553
-0.637680152019412
-0.715491924867148
-0.614326859341677
-0.699130991454324
-0.641949978645097
-0.781429304912395
-0.630820328540615
-0.663108533032786
-0.559916693259622
-0.585661956387369
-0.741734195756598
-0.760408113461714
-0.612272513281772
-0.742391963499873
-0.721469067514169
-0.606063044946384
-0.622380141500862
-0.544030646302254
-0.678594767092208
-0.699630092257706
-0.640354301187487
-0.711494135930757
-0.636352849427367
-0.813916111164245
-0.648053815131844
-0.739769226851535
-0.60621246227589
-0.6389408907935
-0.684582643545059
-0.660794471860232
-0.597861339253209
-0.624894421251215
-0.566715712161706
-0.617399278548691
-0.721738768113225
-0.652970675945784
-0.734284569731176
-0.50364312450065
-0.632602272734605
-0.660622722211546
-0.595546726949275
-0.673782130385588
-0.57321537475574
-0.643982018425108
-0.710877470564674
-0.70932386150602
-0.523452762378819
-0.562142917409554
-0.540964924603081
-0.659262032403889
-0.644583541405159
-0.39282542614351
-0.593271459315694
-0.476159082481939
-0.332915150492487
-0.493966570101728
-0.529833968225239
-0.6276046725679
-0.527191173085026
-0.616870715933217
-0.522607679241767
-0.349656984446384
-0.516101997963801
-0.713272919501075
-0.731837928651111
-0.626768013025889
-0.608885033139478
-0.401439473647138
-0.811202028003645
-0.693861341794169
-0.610832031683118
-0.433913815918384
-0.490287628760436
-0.393762749254512
-0.579213989809707
-0.659090616241235
-0.65539173395879
-0.59627594178918
-0.619567710602796
-0.532587624686325
-0.447207061280615
-0.715678595759861
-0.44560274476401
-0.51993367804213
-0.485205049883127
-0.524927208882866
-0.592062981488077
-0.51912930341228
-0.56837693619887
-0.606582654312422
-0.353751115961848
-0.531611828242431
-0.431241451580865
-0.428771428778214
-0.635635508417276
-0.37436686922954
-0.456104178955594
-0.451214329217092
-0.388249917149986
-0.637215782180725
-0.465498808783557
-0.502375666108293
-0.483249096946143
-0.452726585411247
-0.387505527098093
-0.586316564556196
-0.511294597823095
-0.242486748599259
-0.519146520993765
-0.636611641861864
-0.555951126398306
-0.419568732017945
-0.532675279164043
-0.535936484416152
-0.46558082344173
-0.481589097564943
-0.358218975258839
-0.412187144331168
-0.403604844047066
-0.437891062150504
-0.645135242317811
-0.460533397363728
-0.462110399139079
-0.425435198503643
-0.448622032892102
-0.430532662545149
-0.448595527532409
-0.476939986657749
-0.408892818190702
-0.486604830909221
-0.490790687343422
-0.359322944621756
-0.412602517618603
-0.331960564576736
-0.638354124255499
-0.46186929225355
-0.390919089510014
-0.592368399827282
-0.44696801471255
-0.374015998334013
-0.421372680556981
-0.433303692870643
-0.478625324349122
-0.319484809789423
-0.549848866543889
-0.469896361837317
-0.442805948116133
-0.34100443499954
-0.394172181186739
-0.247238724956134
-0.38525226050897
-0.537080666618788
-0.181773288508048
-0.327292697004375
-0.323544637868161
-0.32580458253633
-0.340898686848804
-0.393826306990023
-0.231186979099784
-0.414979046491356
-0.351930095391896
-0.347790097584237
-0.172959055362552
-0.46232551317186
-0.406098400824363
-0.303139760805831
-0.371277858015112
-0.339775583637159
-0.430924338987465
-0.398906560670102
-0.430700726614614
-0.197799057029812
-0.298890107991479
-0.38362558079565
-0.478617209854446
-0.176914760482312
-0.216629554206014
-0.281411756272922
-0.305966411259941
-0.28695395353838
-0.352327958231021
-0.293753550170586
-0.246884939672804
-0.32806939091358
-0.24203512056017
-0.291580654116857
-0.263399675626006
-0.351626716829486
-0.234859256038044
-0.34269603708389
-0.371480867181173
-0.294976975866293
-0.370892196452509
-0.260214507453662
-0.405361496308701
-0.193474629372086
-0.31872767868241
-0.307554481951217
-0.155141684532084
-0.418203934474843
-0.286789780866658
-0.261540852334959
-0.310436035839539
-0.259301517648206
-0.253171937138548
-0.254330584938644
-0.34173412320003
-0.297405035179739
-0.141109528146056
-0.19261796319614
-0.276014996789241
-0.309648629924572
-0.218574200650843
-0.215058570072961
-0.283381010615474
-0.225347990484787
-0.283993182423016
-0.143180334453453
-0.143936883412606
-0.271594383598086
-0.284367603967103
-0.180160862246316
-0.335252880489665
-0.187432172542025
-0.236458787647239
-0.241605608201798
-0.317450744798824
-0.157378996443497
-0.20831737947743
-0.18857493747079
-0.268417026468011
-0.275067844304321
-0.233573204149439
-0.259069552132958
-0.172306123744088
-0.298571317697318
-0.156346057891477
-0.205943228731149
-0.237711169229972
-0.280617205401155
-0.229424509348545
-0.0494931638531168
-0.316300751842054
-0.241666635104757
-0.0317612529355307
-0.139074345285252
-0.330621752117443
-0.076443408481955
-0.173249884459508
-0.291366268199169
-0.262272198624938
0.00737705312271008
-0.333605338191629
-0.233441165956588
-0.0947031409340967
-0.198611384413289
-0.118514316194709
-0.190791750378285
-0.185260156200349
-0.121438512933766
-0.13970680466842
0.103777443759416
-0.0508345462113247
-0.0988907304591269
-0.156995776256565
-0.150377936575925
-0.125938628751933
-0.135581607738876
-0.140680782479034
-0.121824837888996
-0.202549873945094
-0.0022361161103202
-0.0481651170360983
-0.0468088225013491
-0.19884428075172
-0.253190908505832
-0.175491183541539
-0.0955045760508185
-0.0730029514218355
-0.110480592697714
-0.115935626333662
0.0483739628605132
-0.0517640003014452
-0.139232790927765
-0.119722019677086
-0.105185548100217
-0.223427385177404
-0.248509840855122
-0.198084246680122
-0.173479250867769
-0.210843674213672
-0.153445963097341
-0.258232059905186
-0.208056861219515
-0.107271508643954
0.061511227905642
-0.0729844640903906
-0.0215546995596697
-0.122408056935971
-0.022181203784472
-0.117944540580913
0.00329726111492968
-0.12220912671412
-0.14669707721042
-0.152918400411085
-0.0703974451293283
-0.0409475677168702
-0.0941043283778892
-0.0628154549825795
-0.142325314443204
-0.174253863779402
-0.117704261172316
-0.0249473348532313
-0.0242408904623639
0.0250965969852231
-0.0652895022765859
-0.115838828434076
-0.0169031179873239
0.000669395849478405
-0.323173687403238
-0.123069367840346
-0.25235008129258
0.0284534079639179
-0.0725563244994623
-0.0425136590994955
-0.000785304278778989
-0.100731641337608
0.0482529479319898
0.0117003859369471
-0.0600459028045592
-0.005720795050617
-0.166381198438606
-0.0336539727652529
-0.0906920689920506
-0.181148287969396
0.00716935844433246
0.123790418846094
-0.00189119853105001
-0.129817863735766
0.0609116170678652
-0.145823067373767
-0.166315500317739
0.0278387994420746
0.0157739923136367
0.0068765722753312
-0.035389785896394
-0.0297455461775565
0.0137150713143761
-0.0407849033153669
-0.0619499567438483
0.209567050897698
-0.155118368442766
-0.0411792491406044
-0.0521401930337982
0.0504887495816953
0.0454732779309133
-0.070665395006748
-0.00628777793255641
-0.131173743178883
-0.016338913121265
0.000789222357300634
0.0497963767591328
-0.0315390242545368
-0.0144669334154704
0.180369816011618
-0.0896657758189698
-0.0280703958289342
0.0283079114782903
-0.088553416521109
-0.00388272867410251
-0.0369457898023936
0.178858598376455
0.0733934227542874
0.088555608371746
0.200516492454475
0.0271261236861134
0.0232610621055611
0.148571119906133
0.12744690829572
0.102327047150668
0.194816640879101
0.108578062291871
0.0415238580892481
0.171522935650182
0.108360926882149
-0.0590683609014931
0.117380590411187
0.0902491510643227
0.0337134070953241
0.023148078542049
0.108543701194942
0.0692634412131683
0.13810499163558
-0.00798026093837713
0.0840481822455657
-0.0213664122797989
0.201468895809789
0.113277847897522
0.121605309209438
0.189924662869406
0.0513834013932084
0.119389757166592
0.132369544647508
0.137642198536748
0.197304770918252
-0.0098572629931971
0.0153451004114125
0.0730822587676043
0.0629215053775625
0.367956743641209
0.248426926225434
0.230052670742635
0.0266397610941083
0.169397470116133
0.0135627020228119
0.13252227718383
0.263719494833903
-0.0192270609842057
-0.00448296301290426
0.134220402301854
0.206310047164382
0.151933959377442
0.138819227586814
0.19658923875667
0.250348790479892
0.178948193483434
0.225535739708298
0.0861387116312433
0.1708725877409
0.100978414300108
-0.018268107394012
0.125423497045006
0.067305640179489
0.166874361956559
0.257174525286727
0.199505697498395
0.189032394557021
0.265461813295896
0.192234486716621
0.191594200077189
0.198046569947376
0.230591657181392
0.216679370067124
0.154418050824951
0.108712045752667
0.203887893243507
0.209607536591834
0.214231682962152
0.366055946213694
0.246005408690488
0.0260655692172251
0.233184707389613
0.196353722047759
0.343205466865241
0.14661340213399
0.251544788198628
0.285082371872772
0.157346853000867
0.378914848754991
0.274562574537177
0.233005889097359
0.273190618751439
0.130788529554024
0.318074873321567
0.461452513884783
0.360101373313907
0.149180028875392
0.263326849167901
0.230641830071045
0.315389599201584
0.294849389333567
0.379033393973289
0.161557192553561
0.319404199768821
0.335927646725408
0.201866591726884
0.202421522354933
0.263505686918044
0.354400664835066
0.251963602184406
0.40161578410487
0.299801359696017
0.449643583726331
0.250899147056908
0.272858341140717
0.292768834937141
0.272815645184651
0.210588725600404
0.257143747796978
0.196147354944733
0.368532174187578
0.427172142542693
0.342121276799337
0.237611387537495
0.468958999691242
0.522617744006385
0.415188030269946
0.3532614124896
0.363809509564252
0.081947529520344
0.343818274671576
0.375098208121156
0.174482215056957
0.42741316732002
0.336534422429151
0.341868755193027
0.378503425789107
0.333899599236997
0.417205034543076
0.294794765793727
0.35956433728847
0.319932589320534
0.314461016289089
0.403791782748593
0.309847100994302
0.387782620289533
0.363823982315863
0.268446813450119
0.423756495889057
0.336046836976259
0.286166879345117
0.313256975100238
0.353568267166866
0.378800479801991
0.470816903507418
0.32137923170243
0.360909321294321
0.395819414448229
0.49021828130166
0.435440341793025
0.3967424074505
0.367273767420774
0.436320986126809
0.356438961736716
0.385396002069344
0.484678094300524
0.27880278505811
0.482795803024609
0.378892388190056
0.378238744418033
0.370511916877764
0.374933294110207
0.484943740077013
0.438170465268521
0.488702600118741
0.311445775627852
0.254634095216183
0.378603031819392
0.622967461487234
0.392500219063963
0.563384219385785
0.35726617438139
0.304798693643913
0.347016619216591
0.44522546434142
0.422770605236276
0.391999805997621
0.352628974572582
0.481393642098113
0.461806502202864
0.645234817989663
0.496015475380935
0.47555064676116
0.461888825316489
0.380959562221951
0.49835191235653
0.448719387836626
0.36050473908798
0.531925755200599
0.624108167353877
0.263363512937292
0.53329362732685
0.454592407425808
0.595179399592962
0.333697836719348
0.418976451037232
0.536835147370342
0.443592417045033
0.509352436513947
0.505447412176255
0.408654454147279
0.547533042550432
0.523350333235804
0.537959964821197
0.264166003432499
0.438793027794735
0.413518875918596
0.356980298495565
0.579404085927792
0.421428616671973
0.479321921965979
0.530546784885707
0.416182649393695
0.350102404677799
0.586369424564175
0.434037366243781
0.404857601479672
0.569645929235302
0.481493156553655
0.491188538818547
0.341184016204906
0.463104817687654
0.56289311276712
0.476647829452327
0.547953048076275
0.516163934720501
0.450236125375633
0.435870607439164
0.570795089132538
0.430071911165328
0.536535175243823
0.575371902711896
0.578118432344145
0.503492590508285
0.502329176362803
0.497513772426981
0.40079815881523
0.536997951006359
0.531769289317462
0.659058905555179
0.648568483994923
0.58726888068469
0.347667318304031
0.555537487742369
0.499892838633898
0.601623416592895
0.479221999715943
0.480222894061525
0.609985808969488
0.568094701808037
0.44077182351154
0.578005963648382
0.510880925642029
0.633574486499405
0.538980930229088
0.481762864409874
0.727119657013739
0.628407839988589
0.629054445875947
0.570125788882725
0.641575178186141
0.5227944939921
0.589458594041747
0.455631537086973
0.67747101314851
0.543618359167468
0.563611570854326
0.637546659212236
0.769620998563602
0.631387755107796
0.721673942569354
0.571764041380098
0.555205364563404
0.665326144414922
0.676648422333824
0.776030678637575
0.723329946422066
0.581896937748043
0.646501430520278
0.703183109551188
0.508142442674435
0.652861079447931
0.53786264956522
0.604604224225511
0.511699612006365
0.53907578462468
0.625092897464223
0.507990825131706
0.654575053097875
0.783894549246395
0.580284084613385
0.737580792786612
0.750947011637402
0.673469438602015
0.678809467826608
0.61540305135952
0.587069115743236
0.670797993861851
0.802640136431942
0.649981231362416
0.562174916226697
0.697284762109482
0.595464320180357
0.523041799778949
0.625322911277777
0.611636305579639
0.747843423884639
0.717630157689756
0.600292275829875
0.549008340005204
0.625143520686702
0.71488014083173
0.676728551163248
0.760333907960839
0.681837739251524
0.725644039421891
0.853872922108097
0.858364968867003
0.560691364869938
0.786618663345838
0.722666320350052
0.78795776284068
0.63246569412309
0.710045726910947
0.78857933989781
0.717349042286246
0.74591703419026
0.717142124155229
0.680292908246585
0.716874478199066
0.768704971560648
0.69669048737069
0.705633919368667
0.720574417371297
0.645017956687954
0.712103996440872
0.738783584916935
0.679691822087538
0.684109065541619
0.670717541506052
0.839751877875003
0.685039917523522
0.64041156750927
0.740965800280833
0.615741322015056
0.67031560171271
0.757591252099278
0.730257233754171
0.7705378495558
0.624226738932463
0.653734016668911
0.638587045371197
0.791125688699971
0.716106132052228
0.881776375855455
0.774150117213838
0.754536473217059
0.870156231346186
0.672659194301103
0.75185386273826
0.778889996329375
0.780809609430967
0.790365580070019
0.881837264752407
0.77355361390842
0.818694613902026
0.746072852206502
0.806962630343337
0.995171143857699
0.931253682990744
0.82623557387511
0.858412429451389
0.933327465797705
0.763326254540941
0.802882433211684
0.810807831435071
0.818723444915175
0.955796869825878
0.789223267175299
0.776336319883226
0.825304729232839
1.02840391527314
0.627240357290696
0.838390397673237
0.794197993786775
0.871348116244308
0.824409022108384
0.837154045091936
0.79375750860913
0.921843569333033
0.625507168070299
0.930219801238295
0.852901396540656
0.683012990077602
0.903923474865975
0.942367806542162
0.946318650395897
0.882973326431799
0.950584169379043
0.770691389829827
0.790689518247122
0.888885108838143
0.972155007068365
0.924297109927904
0.85723982901199
0.998801573474237
0.812954338016469
0.773961571878254
0.963046944076229
0.950105081769402
0.813608195464536
0.843334689734338
0.877847204786221
0.979168942857943
0.935154768214371
1.00731397030464
1.00089702371768
1.03228162256021
0.948363120187777
0.83053080943141
0.894134985945949
0.96383892447151
1.04202988701738
0.934620590490067
0.957208946666705
0.975365266408392
0.938281432665869
1.00782114933073
1.09699427501639
0.933027877499601
0.903036316789268
0.840297391507311
1.00633806898963
0.964279562219754
0.931720634391546
0.9042547592364
1.06224821212029
0.976771261893274
0.964677137830344
0.936938491210692
0.93498562486017
0.859321095782064
0.938093373588429
1.04257298749181
1.03424248573228
0.83272773618324
1.06145710698763
0.993407189926026
0.818496948213568
0.928798370702205
0.910016692089725
1.11213093235288
0.978923905349829
1.09663965147974
1.02137738200221
0.901435839126917
0.775684478454344
1.00548725136915
1.11523876140822
1.13148556740624
1.06548504447637
0.944971263647672
1.08404220737381
1.02506133818338
1.01184483203526
