-1.01148350177358
-0.908829814854904
-0.957863788676871
-0.961943064740439
-1.00857256657493
-1.08749112473533
-0.964839765284425
-0.821998730398992
-0.902828351429311
-0.960267472130159
-0.985672566675994
-1.02368706758763
-0.968687429514751
-1.06280038605379
-1.0714079518814
-0.965568691006664
-0.989956517500038
-1.16072959587987
-0.976251367413234
-0.995136375128227
-0.977509155198348
-0.941329129287127
-0.854631780942663
-0.948062466338924
-0.836500783166212
-0.963770687449894
-0.869921319024981
-1.05602134188768
-0.957567346928529
-0.757602959587197
-0.916274879540679
-0.858705062388808
-1.16695743933387
-0.869702935675013
-1.07864109297825
-1.03912074548374
-0.827050686176129
-1.08938385181072
-0.935998577501974
-0.811552615238174
-0.945039504083902
-0.881024426920532
-0.695970181813978
-0.741225933994068
-1.04667925736078
-0.86014956961822
-0.991882027709558
-0.979735021078039
-1.07265400532312
-0.789370075955158
-1.13808779109036
-0.972690391031716
-0.945260925833646
-0.728454265150177
-0.941264408208382
-0.795133817951346
-1.0387306971503
-1.00664796614953
-0.753159527059714
-0.914514613694594
-0.791930945675412
-0.970915659335233
-0.824343456849429
-0.863174797688837
-0.856690727443712
-0.827371874921282
-0.825203472202564
-0.948486053903807
-0.821303238329566
-0.825107227634227
-0.915418035194696
-0.814517641870573
-0.937512568835512
-0.678472955295785
-0.756664258120612
-0.719960926933897
-0.841550516345289
-0.757408050246129
-0.821250773581955
-0.797824198731279
-0.842036877232632
-0.761882550213403
-0.91148802894477
-0.763778494054766
-0.766623944589007
-0.677644331329156
-0.758441444362037
-0.995217701996607
-0.843882409446081
-0.996255674309774
-0.830107864011538
-0.806146494203462
-0.909931892139172
-0.791955004487218
-0.795669556669477
-0.676831841988932
-0.763624675002918
-0.907252187152239
-0.743303764027897
-0.805199418698718
-0.799856056102589
-0.87137357324267
-0.860038575663644
-0.809834961704081
-0.817618546820816
-0.839827724542657
-0.797746280293142
-0.956996117520169
-0.736774212951774
-0.776319437721176
-0.773001157781892
-0.820829466695591
-0.707109623729361
-0.824948973051063
-0.766463318838367
-0.662554785381064
-0.791303685399338
-0.625368542100783
-0.77379626115168
-0.67376124570652
-0.767075356528724
-0.829893429641865
-0.730666095684898
-0.849157476462607
-0.65867830114203
-0.636566492409662
-0.794106533949205
-0.759567267343536
-0.852442623089733
-0.670519470287297
-0.566678781177238
-0.762346975806244
-0.671263359649606
-0.870997113824338
-0.499027152627472
-0.726705371854747
-0.730730976714769
-0.789425853040637
-0.670913938285202
-0.646373880819736
-0.566821377650755
-0.578069928889517
-0.68077903792611
-0.64180474735872
-0.794256872249133
-0.799245965893248
-0.749083017661383
-0.707312153822913
-0.639538261818826
-0.8363354034479
-0.699003523914227
-0.718960697537849
-0.692264688647456
-0.773559218428365
-0.662574321618822
-0.619252061373493
-0.76301343918555
-0.603620914698211
-0.656969748182216
-0.705599416656554
-0.620452032928922
-0.667727047510804
-0.752473588309446
-0.710951130614958
-0.591233165413713
-0.587831187927762
-0.849653157886146
-0.531068921344632
-0.716410878842424
-0.631788771110259
-0.684606350544719
-0.67700799979006
-0.599714044416199
-0.652231571644331
-0.592921213240214
-0.675156491064051
-0.651158800770659
-0.478196074435933
-0.797322095964274
-0.650603393873268
-0.717595062641799
-0.572365723132344
-0.632887939739105
-0.541901170400019
-0.583280854255019
-0.556817209295451
-0.66350086140769
-0.530866603154801
-0.652096468633995
-0.589307088748792
-0.490872426825624
-0.722319934132932
-0.655144171410988
-0.614782978566889
-0.58950777370599
-0.751863316541262
-0.570307530311317
-0.617249097474361
-0.649177616634761
-0.699691218337662
-0.479362914742327
-0.543700440181206
-0.713797831901107
-0.61236686282749
-0.691217848859431
-0.620427028658213
-0.743572801149851
-0.654999979437163
-0.571340121825215
-0.518091863945281
-0.63310237994752
-0.55873895729001
-0.58469444280216
-0.524113383458132
-0.574973479227287
-0.548947691175299
-0.584052974131464
-0.60628246829313
-0.586781058444238
-0.682241972744674
-0.515986512231021
-0.576315662278347
-0.578042191219806
-0.59611472732185
-0.459055925176464
-0.481616192502174
-0.646610393659941
-0.53259931988828
-0.601793097698561
-0.542492156544716
-0.346080723669822
-0.516085487062058
-0.386740413448304
-0.617105912465929
-0.437253701072991
-0.652497491939425
-0.511935675685937
-0.50986591253642
-0.53720621519192
-0.619940493506609
-0.496329183604403
-0.525219719764858
-0.615573382395817
-0.616836209123224
-0.414072415495478
-0.452693379589303
-0.438734835198587
-0.551410572396235
-0.416607198753017
-0.469136979414823
-0.518786255443041
-0.497089025609652
-0.428045065747438
-0.583482418257694
-0.629119898180898
-0.533856315268937
-0.446055201903782
-0.434006889727225
-0.453301122650393
-0.355198674053392
-0.441709078113168
-0.589353697991351
-0.362056817162021
-0.583839687866521
-0.56909004421641
-0.494819395879033
-0.402716189275023
-0.293076723825423
-0.32349822110986
-0.287207938198779
-0.401716912580164
-0.422753468071556
-0.506975270124669
-0.53674259527221
-0.367715219517634
-0.501155107162154
-0.515637233493485
-0.444805255723307
-0.44185016208614
-0.446668774731422
-0.479367322454356
-0.396024745350529
-0.521487328353125
-0.257858704383949
-0.372573740965593
-0.393349829917748
-0.461151519966066
-0.443201361968797
-0.49892506185669
-0.334488270790255
-0.400189042879654
-0.480317745733033
-0.477322483051408
-0.403844961894579
-0.507529859030736
-0.286747263621715
-0.442433201247201
-0.454323193290375
-0.6030975253886
-0.4092932128482
-0.434938697670853
-0.39362419975046
-0.276025885147135
-0.324987639356189
-0.373569519214118
-0.365556644936907
-0.312876617430303
-0.277927277491376
-0.331517451157782
-0.347043712737947
-0.496575835485743
-0.449962873299752
-0.146479911363315
-0.519987532259995
-0.335810304488582
-0.366544808135124
-0.403476773469821
-0.432762876211881
-0.422347222435103
-0.366330692166783
-0.367649162670582
-0.327913288353435
-0.257051506948768
-0.349328716785887
-0.332464269695661
-0.299251118608357
-0.0943680475208268
-0.278032016052578
-0.344074842975393
-0.181169884150069
-0.490246587633991
-0.37232240757621
-0.30052384313412
-0.268001980933576
-0.294185521119939
-0.205582823055823
-0.431528928214356
-0.309954700495911
-0.348545823012776
-0.35800329345761
-0.294509630510689
-0.212064843802426
-0.278039608447743
-0.459208762666079
-0.222592528755305
-0.178979039655744
-0.227321614713511
-0.203128789984754
-0.32802616081486
-0.278685070557011
-0.185631283567166
-0.375649312904492
-0.224934530354268
-0.336213122651376
-0.289490504334384
-0.268971988846299
-0.234715889416932
-0.298628337769852
-0.222565714366331
-0.334719849192955
-0.382504213478016
-0.334330472330498
-0.34254808544174
-0.204108073253883
-0.189225744730701
-0.193616912148099
-0.328595302063847
-0.255476455039689
-0.234848252820036
-0.165698857298714
-0.332750395260878
-0.249845746885167
-0.455377792568229
-0.187773244166511
-0.299553904303454
-0.303776199115679
-0.201170556822879
-0.288466374011407
-0.219280036520848
-0.264860248245574
-0.377519468055891
-0.271443028997733
-0.239719428962051
-0.350200982861319
-0.268176080562876
-0.266155292506233
-0.367056692258521
-0.206976599953688
-0.0983987313077992
-0.223935199955456
-0.181531530304377
-0.307137165941592
-0.0919934091605904
-0.139615038779791
-0.294558856894869
-0.30509713209623
-0.152575166047485
-0.204947371406664
-0.361385570534578
-0.140378723276762
-0.212632807694084
-0.220601509772033
-0.215420355469626
-0.237714408982303
-0.315046841807375
-0.117067357187976
-0.0940936662309419
-0.317371861762086
-0.111581798037401
-0.153359919730638
-0.129200697366591
-0.225687758396059
-0.172427551675407
-0.249660653975457
-0.248545736450438
-0.0375143158711173
-0.245522017654993
-0.317646296525911
-0.223940628870226
-0.157752287901734
-0.0583148877000344
-0.217181082213728
-0.195707352992879
-0.205382315418927
-0.264803741587504
-0.184068680157683
-0.194866720262281
-0.169812055530577
-0.114589192730589
-0.063014660546558
-0.141480903017835
-0.124646808807682
-0.224663744089118
-0.112218880458018
-0.0540798529264717
-0.160490618823559
-0.125781377547968
-0.367928378500382
-0.130103194672827
-0.1934651381567
-0.0502796422670917
-0.167344993747776
0.0259970069035008
-0.109555018681889
-0.068745607903529
-0.158755870759062
-0.116549612831054
-0.164849609327166
-0.0842452858925864
-0.0437326937296605
-0.265625800986056
-0.1360726382159
0.0658855374550886
-0.0681549437419806
-0.0535380302697295
-0.107744829959763
-0.0702677148036512
-0.0381278061662236
0.0291391591458129
-0.0146682567776854
-0.0501782064188143
-0.124840497901564
-0.0587090393044005
0.00064087981124938
-0.0888515168551738
-0.0893238169054751
0.0880879910698864
-0.163152072589418
-0.0241520018424515
-0.0163760580401295
-0.086685744969631
-0.141493916164325
0.0242885769669901
0.0249678566581471
-0.0549730938503851
-0.159536685822226
-0.281833003583549
-0.0600297466832023
0.046230007590196
0.0155681087670397
-0.016087872422709
0.0138456266237484
-0.119738062490974
-0.0903726666421703
0.0518490224386246
-0.161535996367194
-0.108374943400266
0.100340130197985
-0.264571856455204
0.0674875461515109
0.0229840528723938
0.129250576021703
-0.113850623208621
-0.0557551582425575
-0.0587212856084831
0.0878201845142306
0.0168992008843988
0.0359830673266368
-0.174846819723801
-0.119699055985202
-0.0568899598761745
-0.105458539554326
0.0368778668585601
0.018956522522718
0.0723704478681934
0.0591513082689142
-0.00212595457121408
0.0726786118506419
-0.190711225327914
0.0167660785746606
-0.121981387921564
0.0622639143365393
-0.0695926214722434
0.0966404104662126
0.0460406675986682
-0.0217630249099999
-0.0764806592614798
0.102099994316771
0.0390387856551565
-0.0296694615267569
0.0500309209436135
0.18054457160942
-0.0683214785906161
0.0640860502754355
-0.0164072151122549
0.0628341210270691
-0.063182098091637
-0.115212139596462
0.0750394704850133
0.0968680448947334
-0.0213514397499979
-0.0695769344027671
0.152217886026171
-0.0139507378401163
0.0782259481991252
0.0269511851603759
0.263050125242448
0.0761621309925361
0.0348610911023658
0.0324673552214531
0.167315914639787
0.0263309660518333
0.0660524107826244
-0.0224387972320947
0.0248537257727848
0.0615556339750115
0.101562568192327
0.077192057744225
0.0874062458852092
0.192274990280832
0.0913137369358152
-0.00235145235472565
-0.0999881159872254
0.0276579993892746
0.149521244699019
0.0674756232490473
-0.022484866143209
0.167116100876204
0.186080127252078
0.040247735140581
0.114038355006677
0.0703871461455896
0.186548125098782
0.265297859537562
-0.0387916397403832
0.220636665278575
0.183368042984145
-0.119543741423096
0.157637780192492
0.158188417348039
0.0885037206846913
0.18047756745973
0.212089716756386
0.0871304709562323
0.0447195772633897
0.0720524110997348
0.329118033295027
0.25656945002475
0.17411829904708
0.178557804805393
-0.034696817757765
0.244693975468826
0.217153834585898
0.058775179611987
0.0921695345337182
0.0759332616150709
0.177762772464137
0.19539820660753
0.21769233394533
0.0669477796700554
0.117828345407759
0.304148771777142
0.140079276987446
0.247745505194614
0.078612710022135
0.202127179036886
0.296055890473727
0.240574045779345
0.180567763872476
0.288718534895602
0.118395868306379
0.317960368103215
0.160786508489002
0.310428585763616
0.228010060778015
0.0151541631662533
0.167384624240421
0.290422957859562
0.282113946557212
0.365692036473058
0.194487360550666
0.212654709834748
0.370118185390197
0.314375678735615
0.282863583064567
0.152515259818129
0.0987642378894148
0.265645788536478
0.267369761440745
0.0284478154712592
0.241788462496334
0.260737231168789
0.187874544370823
0.288906804115684
0.203071715270578
0.302742975122556
0.113776629473738
0.265286686068516
0.201720161401138
0.38509225104399
0.412992060048967
0.253784140549341
0.12061390870861
0.270764590211797
0.256510218251695
0.321697083530027
0.122851517493143
0.429863555865421
0.272234071071688
0.235927291283103
0.141210350376064
0.291350131187735
0.274868537328877
0.274631317629745
0.165186280445703
0.240582416936014
0.301538880410039
0.353276562813889
0.220273068577515
0.304131674342758
0.406682001220638
0.272379544320358
0.414375822454198
0.451460621868293
0.324993716887791
0.357044943590364
0.301864566824583
0.3550176452843
0.399664297859631
0.245804095423515
0.301012602284539
0.294937284856361
0.360012747496432
0.396554483971032
0.535395834251434
0.431520725048822
0.338457985059895
0.335177999944413
0.292160518553912
0.483479946411528
0.300453992387747
0.382527525691107
0.339789507110008
0.440251105262075
0.239329164852769
0.399252664805963
0.229691381664181
0.246207927475624
0.239049147355477
0.283605144471951
0.445366740399782
0.228050076533254
0.386741303392628
0.323862924074843
0.348946558109796
0.45214265746186
0.421039803512875
0.324110158459377
0.397867882379135
0.420521421448279
0.292081384499346
0.365612598834798
0.320109041756984
0.30339299542325
0.436174136180955
0.432456009117339
0.360195511884452
0.481580194741136
0.476318616996679
0.255945064623364
0.415356602525057
0.522717060296334
0.467182652914894
0.421988560639672
0.35266894882504
0.397333239755653
0.375975471821083
0.400334293844034
0.244764712653981
0.429934126139949
0.551679051012363
0.358358060146528
0.459084185261871
0.592724469616157
0.521047525742637
0.460393649984638
0.352270017476833
0.539940865816202
0.350361207162968
0.431725669624603
0.48805656440831
0.343805903914418
0.48097619826631
0.354938873282989
0.457973893166417
0.373777941800436
0.564299516017465
0.503009101375225
0.366186025654464
0.436647054374997
0.478162494625571
0.460825352188205
0.484700679671498
0.550621939692351
0.364263378648616
0.443218597656047
0.491701085071741
0.580773001897986
0.289326457919008
0.490629452214476
0.408173893970897
0.630580453107465
0.630859500884771
0.411332289614438
0.686247863752931
0.496649704527877
0.545854455598498
0.581091465669615
0.40985886545403
0.474134949251352
0.46490385420742
0.49295007765726
0.46820718846382
0.459223506133756
0.537252013731466
0.421216611800176
0.524252877354912
0.544847215043885
0.389019236943909
0.535194331455083
0.545960305811772
0.507722323232038
0.537640241202719
0.475737193375952
0.493480417349
0.488805860149911
0.617457324210065
0.554272949299694
0.619763381133426
0.463160670302346
0.426529824050867
0.53212560459149
0.513820418143525
0.519477320653899
0.525634593182043
0.549386985934744
0.505317123104448
0.538229996518039
0.59429995130888
0.565722794235179
0.561162082465733
0.464114019232674
0.569126836657034
0.444351316943638
0.559042253455408
0.480968453463197
0.543565350131564
0.700408989910352
0.521571429127396
0.636553619535155
0.543966356117742
0.538257341695545
0.608345631000895
0.678806403897172
0.50945451421058
0.486917548623658
0.59392299644113
0.630922006026073
0.498844660916745
0.596712825898055
0.535283390262496
0.681681748879055
0.580206668503078
0.59985085992718
0.596574751726059
0.727731675572199
0.589816176167998
0.546349039530752
0.46669313898385
0.705360919336151
0.64234560928632
0.585300548840584
0.678834198889216
0.763486500032985
0.679520627628599
0.611179391660557
0.669620072389464
0.666793668610767
0.508517265167816
0.577124155624989
0.620849654139671
0.721893038736132
0.587849679805595
0.70901453082996
0.628065060305087
0.512081506651009
0.750199851223028
0.709601370523717
0.724335401094344
0.708418777412797
0.552939904137145
0.568389764395283
0.645896946687948
0.775276054486085
0.597283802943076
0.637598034972884
0.68113805556521
0.877866966088106
0.650780706418613
0.703362424908468
0.725717260249553
0.737363865909691
0.622089990532104
0.789861249510011
0.662635426962611
0.828774303377352
0.663726143748694
0.820950580182183
0.685137191959489
0.597891251535659
0.728726426094645
0.67663373904461
0.804347252082593
0.662506345593567
0.736652785813146
0.968321889945058
0.819936763027545
0.581695406371639
0.682613836832104
0.779737310299008
0.638019395643543
0.622434693680069
0.653262706060399
0.912879526801769
0.731102749499503
0.717349745420902
0.618619107720993
0.824062683481746
0.741346025709173
0.688899203032097
0.715706989670682
0.786352115902657
0.713770584564205
0.714377340298616
0.78722399998591
0.647617504338641
0.831356126094739
0.773394242345323
0.972333871105062
0.717791337674819
0.615102702041619
0.788077080221627
0.756240952891135
0.69735641000943
0.833246100065952
0.875986372706074
0.77540233022801
0.576452875007032
0.87628829270272
0.715573466697881
0.772684753970292
0.724159571652714
0.880040159478406
0.689506985392841
0.834649564231508
0.802379351886771
0.715727462080285
0.826013615066469
0.626152843382861
0.904071489329957
0.85843244583962
0.744697279337955
0.72087978333974
0.817842613716576
0.760719571942375
0.637623530226236
0.823803099439436
0.882885631217337
0.807684915712314
0.859830425820723
0.872780349769455
0.86856712923417
0.840517430499085
0.853555087609684
0.852253559985692
0.682851848446246
0.817250906663866
0.876712400662682
0.902954810602836
0.814385048254953
0.902588618567369
0.946445523190592
0.785864045440561
0.837353394038439
0.873206178670833
0.997697715099899
0.817460950184936
0.83807032232363
0.792182370490144
0.819844625514883
0.861755703417595
0.742685457619659
0.816352137297757
0.857313939513788
0.794219837605711
0.696187801494757
0.759093633460228
0.826901176453007
0.815776677922102
0.786027830353965
1.01376655659695
1.03004137552758
0.935105023588876
0.855787664503552
0.75985456880349
1.00394507535888
0.769395964261066
1.00897503735466
0.921077960872478
0.764841046157754
0.969768132920715
0.884952969757348
0.808555107305504
1.1096532212301
0.735371673258298
0.885712142093867
0.873923720654608
0.907875625676822
0.927034750823531
0.876646362108971
0.967697013210887
1.00019141156431
0.921893837896676
0.79007674183504
0.946203400763312
0.840427177247422
0.769343317504991
0.983523933353512
0.887736191630896
1.07236702570957
1.03751165734411
1.05327313811617
0.958993929974514
0.820114828409425
0.922630846705978
0.943022680223678
1.0584007330571
0.794948011403511
0.934854738528413
0.915840049056188
0.905949685071943
0.858947420747178
0.884424419008841
1.06947359387237
0.984434698229695
0.930310979083753
1.05059216662323
0.984893111913512
0.861926940960936
0.935260340148301
1.02317984712535
0.899616139826089
0.952314182149496
0.91364324800792
1.05469862806712
1.0668848756877
1.03136841965154
0.971747830314628
0.946776831545717
1.22006826348142
