-1.18646340632086
-1.09341585976155
-1.10970006163752
-0.881010551924086
-0.931127227917332
-0.929238906488253
-0.991439514598313
-0.921596121206135
-1.14623021166371
-1.02112595924776
-0.996707149276318
-0.985448152552753
-0.911306036567713
-0.843920777992399
-0.916871565109119
-0.956405060568639
-0.998680981257635
-0.990976531454358
-0.949228025221113
-0.883162513247768
-0.903690688625481
-0.978670299330927
-0.844108072024785
-0.917158056436189
-0.997425515363591
-0.830790481202137
-0.921611683465956
-0.879159493467038
-0.950264993775949
-0.950666821300817
-0.977937586635219
-1.02871187138481
-0.918185695565003
-0.930159876488858
-1.03513172119638
-0.939726171770746
-0.920328283564769
-0.918559305357214
-0.825909604591237
-0.830501356946286
-0.917098188326986
-0.780672384412809
-0.781653462069288
-0.805719701013749
-1.00377411853611
-0.899775701869207
-0.886130884045219
-0.943132912459125
-0.910859590904853
-0.881885789599068
-0.780732047482706
-0.986083574960816
-0.878658284345389
-0.867823429348108
-0.90318512154961
-1.04917389270704
-0.931165229123496
-0.915892281880718
-0.959593698967656
-0.901843368346911
-0.714747957245959
-0.916843943102685
-0.907180555670508
-0.776916533120129
-0.802522530514912
-0.696100958186963
-0.885069069425973
-0.835166395526516
-0.827187606974415
-0.809579225863898
-0.864384807680398
-0.843132027331058
-1.06857606503685
-0.971652636087147
-0.948227817923104
-0.941830326276966
-0.839954481079567
-0.730300383656058
-0.769053840161167
-0.819573314920333
-0.838014153422922
-0.839485659013878
-0.873708804396462
-0.844081282189767
-0.791625180387851
-0.731535216019471
-0.82981914155151
-0.89608863126945
-0.866922956733573
-0.790402719235785
-0.71493606005269
-0.710147964643187
-0.783105143996692
-0.623098271591495
-0.809835569827454
-0.93230086952775
-0.855476904359147
-0.722234234090389
-0.790050587417545
-0.726085203956779
-0.872334519547909
-0.798235065144361
-0.820661285811471
-0.867733786858079
-0.817309868164359
-0.839994595552082
-0.785204512157025
-0.784313905850549
-0.805277353098295
-0.774546910320707
-0.814528716532977
-0.815390899071387
-0.779290069568524
-0.607854653557428
-0.783696521401885
-0.888449840863863
-0.663914773687764
-0.710187635772369
-0.646145540356274
-0.665331482927952
-0.65230241646445
-0.782854868239958
-0.727940879947748
-0.818455903942913
-0.713757964190256
-0.687412434470752
-0.695892265758739
-0.580068806974207
-0.687520079037196
-0.790580619879999
-0.672747919992973
-0.867392866466592
-0.623887335160119
-0.621162629179346
-0.730581411854067
-0.774150797781102
-0.749982142211395
-0.708638075217139
-0.658351149585879
-0.764276882129049
-0.692775042589061
-0.771685993688454
-0.796210729793956
-0.853456408399511
-0.628218881793591
-0.792880605773872
-0.62118331550265
-0.75617506564061
-0.779304933586259
-0.73419738153454
-0.564140820532409
-0.667305466774897
-0.77862729749774
-0.586277516724503
-0.753050848504794
-0.732366645001052
-0.60757822434131
-0.718383790865719
-0.775153405948539
-0.745257577758929
-0.696148574506243
-0.788677952007581
-0.611360514894247
-0.589119737962187
-0.700867098852173
-0.550406015763796
-0.561851306642015
-0.708938355403944
-0.526667320437235
-0.768177392615729
-0.707855256546691
-0.64979251354023
-0.723470929974115
-0.546795539101409
-0.716224856862273
-0.64778211093007
-0.67024423104949
-0.606092423816498
-0.662689100170056
-0.681789903573956
-0.711447583876234
-0.607051946895805
-0.592381829139625
-0.575258838709921
-0.675600776833141
-0.648499269601296
-0.602733488829492
-0.656644397902559
-0.667114798239567
-0.84998890237712
-0.525906739358273
-0.677169838633953
-0.635266435872834
-0.647156524325696
-0.636462577819471
-0.676013408624504
-0.550375497338806
-0.745793451960036
-0.550350795483361
-0.581557147826773
-0.595772543751225
-0.708239519177553
-0.625711910782814
-0.644602685952456
-0.624817436893246
-0.65900441768946
-0.416888535385751
-0.512433966970693
-0.766397496229154
-0.658351599581958
-0.551211407820668
-0.480839555419847
-0.539528857530805
-0.525228778372626
-0.694826343934887
-0.41002810440959
-0.406324739902254
-0.707588267783614
-0.620373236499425
-0.539418380085383
-0.520689006676449
-0.499938929561481
-0.663351577926115
-0.416101710193665
-0.467215404849763
-0.648065808016664
-0.675344191167507
-0.476179633824724
-0.42588416399697
-0.446272022543099
-0.607801314437148
-0.541440124744884
-0.370853971987365
-0.563013868763979
-0.505470769708499
-0.577236705883388
-0.581096749604379
-0.415859988709626
-0.578813737450615
-0.527819405427291
-0.5664248740741
-0.413406847250208
-0.565276264372395
-0.491582598614591
-0.407779395076004
-0.511550510950556
-0.584432726312414
-0.56575515363617
-0.438341126430243
-0.476041251786694
-0.571410542973779
-0.536129299767481
-0.545231535085035
-0.54622465073828
-0.639691354722945
-0.45471945533513
-0.430796039528742
-0.360987212302876
-0.463662935109333
-0.546370001298658
-0.48020031361844
-0.427744223840936
-0.543039075419574
-0.395446665777065
-0.493424596888008
-0.449786897104722
-0.496245569750435
-0.475089642746565
-0.360572561404205
-0.34235097926085
-0.481742626195734
-0.517578088696917
-0.465310581281338
-0.289915651347747
-0.455344770666958
-0.418975655380213
-0.377442040520376
-0.509241459266906
-0.572548940506657
-0.476296406285374
-0.313777636186318
-0.3956267693693
-0.535969697126256
-0.429839388595905
-0.380222839046494
-0.363344675145883
-0.45421694562368
-0.48563668096458
-0.307993814815069
-0.340419146425649
-0.423173978571408
-0.580627034701231
-0.386258339625995
-0.409620344720962
-0.407832286388088
-0.316683732187596
-0.544548217500235
-0.366452621363803
-0.50026458542874
-0.488326845360898
-0.349461526445352
-0.404780302575155
-0.361704787879427
-0.384049727732152
-0.218307167410758
-0.233604908506077
-0.352983893617027
-0.460266939744249
-0.290114249043574
-0.472445309750156
-0.315267497657539
-0.561518711213027
-0.468906621374829
-0.260127221438081
-0.410282474450117
-0.26906289102901
-0.402216400774753
-0.546173881641623
-0.268212637112062
-0.294842539871943
-0.289710593777271
-0.347539567103399
-0.246862496800417
-0.222193113281651
-0.348549351779786
-0.318097602033419
-0.35882585393931
-0.307154272808438
-0.476013663989052
-0.326628589877694
-0.347549920505743
-0.321069289980051
-0.117055695197805
-0.387102628707999
-0.459209383986224
-0.42898871017126
-0.32983935757588
-0.389496616568999
-0.293909799252317
-0.408627932871988
-0.286891658375191
-0.411626353713042
-0.330523780742716
-0.253701516481333
-0.347475487675114
-0.269477836052951
-0.416484732057681
-0.300780454133059
-0.264329485774418
-0.293019821100645
-0.485774571009266
-0.335490012351918
-0.250667857468483
-0.211056224262796
-0.287342408595017
-0.347419502558426
-0.284540139781848
-0.331913830174762
-0.19712621583928
-0.31193493844534
-0.25200570564144
-0.388843748755407
-0.3523466153022
-0.33741730900795
-0.283158896829555
-0.403436738026473
-0.281654815871677
-0.235454128341158
-0.133705382043781
-0.1162484440973
-0.144936517162929
-0.313974250981414
-0.327259035766834
-0.226768175480123
-0.299528597825335
-0.177456042454793
-0.273744789128663
-0.0531733292745173
-0.280945606644754
-0.453400120163357
-0.329530932275717
-0.238460101668647
-0.183275769165781
-0.384522289350644
-0.360974506682874
-0.255691029253832
-0.136365011172624
-0.160775754208989
-0.242551323506289
-0.184667906843563
-0.27540700295045
-0.154080817103928
-0.115666916180153
-0.381808998622602
-0.179883731494193
-0.309304868331271
-0.206424867148395
-0.166131620520521
-0.198932454658308
-0.213120362713622
-0.124528504256745
-0.194492169491567
-0.314930758169944
-0.229399850002158
-0.0650744872348385
-0.323696657774106
-0.185908973719974
-0.206081821611569
-0.022045488886029
-0.200647384684178
-0.169826102995222
-0.0870090718585596
-0.234479363959866
-0.217982562383428
-0.15338397980339
-0.352759332536457
-0.114352052680326
-0.31808492815635
-0.147791284398344
-0.0956687023214286
-0.243755759813678
-0.139246840770723
-0.204865737421766
-0.251374195790636
-0.267541703269294
-0.0999486661959748
-0.114628441454249
-0.00769014092738607
-0.177698321450979
-0.0652310604716095
-0.225203891643194
-0.269120766136163
-0.240777870894113
-0.190756013413129
-0.251340623828886
-0.0690535590035905
-0.176427794829075
0.000757864626813098
-0.0586637356848635
0.0407588529481763
-0.0221276834487231
-0.111185274579951
0.0196710986389783
-0.197016639703444
-0.152780921638541
-0.113133126929545
-0.111288260201845
-0.0316596974688361
-0.200576709631299
-0.0672131938487427
-0.123577785824218
-0.0168672794651441
-0.176401154666066
-0.190260757556243
-0.131645127346787
-0.0688842756313801
-0.0777923502164101
-0.0196331985705383
-0.20977487581648
-0.190999349339432
-0.146511919384441
-0.0391844125648538
-0.17645356285967
-0.197730936231434
-0.168262857939846
0.0318894703500136
-0.083771333389958
-0.0465637010049938
-0.137737796974723
-0.173814303111157
-0.165357281325849
-0.144926983177007
-0.212962788639011
-0.130379814905655
-0.0877111931662581
-0.120530353620543
0.0837032109345181
0.0111780270091964
-0.130219400204687
-0.0883841766783456
-0.14498837700246
-0.0186952403928271
-0.0929395077660445
-0.189823832083663
0.0770416307346254
0.117342676782915
0.0502400204364113
0.0367020637652265
-0.187113792532361
-0.052651384842828
-0.0379905509874771
-0.0474145713794027
-0.0204249441376789
0.0486151219072337
0.0410236694708069
-0.13999811668617
-0.191544536206055
0.107181191574298
-0.0878335936643507
-0.00917789969454087
0.0609254291474719
-0.0857749591213084
0.0630278759526305
0.0695446500006244
0.0252324912747138
0.0420895846113931
-0.0783606281633364
-0.199254799751772
0.108911741874081
-0.0959501312305033
-0.0433622720077141
-0.00821639963809996
0.0656030509499755
-0.0933787003248946
0.0406422970919688
0.162611702190555
-0.0240174341565994
0.043033443502111
0.124160944070287
0.0736833385515212
-0.0196314302043228
0.118818472437968
0.0184306289836607
0.0330042176274758
0.00209139966382785
0.188523446774661
0.155568154559519
0.13791416041267
0.0518855750012776
0.0898533537849772
0.112908590318494
0.0708822263798721
0.041214073835283
0.123959377535658
0.0492033728420617
0.123956958578524
0.0315843419071612
0.0185289666772415
0.0923315156733357
0.00659710834516778
-0.0205733355563752
0.165344797724319
0.0958579270573902
0.0164079940810217
-0.0462599356378098
-0.0154152534850505
0.191933421260822
0.00104934823629365
0.166663801632575
0.00611375832621038
0.0442880040531578
0.0816065079406676
0.0135754344906569
0.180597645607979
0.0933776128537873
0.235915257788151
0.0514835578210227
0.196992226201937
0.0223477656818013
0.166541444646164
0.0349651224084056
-0.0982726688785412
0.115608888651012
0.0762668777755956
0.203219265658866
0.239700159505163
0.231022776908621
0.00404995657189396
0.112298839450589
0.216556260910747
0.143603967831786
0.0943663822168695
0.118912929187272
0.0842214717547085
0.16075997160655
0.145188040096774
0.0233268793116726
0.117692937712076
0.19799803798478
0.0725135372306924
0.322965711809475
0.0452227148297325
0.20534070900753
0.186617036528539
0.174831990488736
0.118082918023199
0.244429863398913
0.121345349885922
0.150724739563325
0.320101012632185
0.298829723497824
0.261232378557282
0.115254194057051
0.0867430712651769
0.148724343658199
0.163551999822871
0.102335567175643
0.202105645412747
0.151235170446929
0.299613241218887
0.0997395332366119
0.0801893145539179
0.194159437897059
0.207595103627592
0.38665347929685
0.326705508804346
0.195693227078992
0.351106306036623
0.226463342238012
0.231812321684833
0.258929068576223
0.234361934193937
0.176206812284287
0.154071772345784
0.267583683324383
0.308156052580778
0.287044909846155
0.250039627008795
0.340119254830596
0.247739662635989
0.351343101881896
0.187360551071127
0.155022289416312
0.254229945363632
0.280799719411829
0.281521570206025
0.160448735256138
0.345493508030119
0.236988312217659
0.303423926098851
0.294186157501777
0.128853963286429
0.105335583221016
0.18263001868368
0.38586838976949
0.279270635507164
0.263249215920401
0.292434717222341
0.347060159878443
0.223745588527593
0.114571179757257
0.365686169433456
0.298652555980113
0.205798453118791
0.364784167894646
0.0775099753291752
0.314976242166381
0.20680064552585
0.225873505009492
0.284148687015264
0.263453531851301
0.251091158006492
0.365612507157814
0.329309899155564
0.414576522990004
0.403805222277648
0.420592453344785
0.224044558884389
0.394750838527751
0.276950967490098
0.339056128192953
0.208815165714066
0.383314337773559
0.209613366788951
0.53135201725226
0.484004142230713
0.288139674572044
0.333223802117989
0.379763768155559
0.357849853342596
0.235904476217592
0.266683790542987
0.313075120143988
0.334659774033665
0.414565811567949
0.384284466490228
0.28054875427821
0.457706324088221
0.455190990791575
0.40197326646721
0.472381954439335
0.499067830650796
0.335489124216408
0.395776172234578
0.53418470544634
0.185755158702356
0.363045898014004
0.413477916433749
0.276619090539707
0.306390076937531
0.243374122510082
0.526576569845946
0.387372290077569
0.313913663045847
0.475605487006507
0.412860098346685
0.397731658631664
0.371200601519597
0.4429092159006
0.337591040672594
0.478503319222871
0.428899777450425
0.44697189352935
0.402494692942802
0.455352222360099
0.367532143546742
0.37596379558871
0.426445813027613
0.381083437391884
0.425646987104673
0.422804872249222
0.273611349568814
0.401734090675177
0.398259474891436
0.487423242045474
0.398264211951463
0.443114140999425
0.372337083281084
0.432540720315834
0.438367632716633
0.267890544665929
0.404582021828848
0.548599548545295
0.492188234136001
0.561445794522134
0.620275654028716
0.446015985237016
0.440116214482886
0.338808439896908
0.537711585368007
0.484023330452961
0.344150429841988
0.558338949106095
0.507169678161308
0.468974571208833
0.586883600067893
0.441670274666925
0.529755985706142
0.521748936074925
0.569101828269662
0.450380304263653
0.572226998127543
0.404729995424604
0.552507701591356
0.429361459543439
0.411318066272069
0.431556449865087
0.730012696253364
0.521067675160815
0.496743568766822
0.427403776218892
0.497289103554638
0.570041849580976
0.551323700877512
0.38964046899365
0.59725349892807
0.685126749582258
0.452118418810687
0.450324738126495
0.449652001239341
0.372688079364889
0.517456637886229
0.554777198751144
0.486802083941515
0.517478085203704
0.508145127256822
0.442448304464233
0.433150229224342
0.53415246108683
0.560588085885756
0.5958569297762
0.640445450229625
0.611678288334317
0.373372813829341
0.511096739361593
0.55498920964542
0.600514541696096
0.581907819644649
0.426420773691198
0.559584204516963
0.61908108033245
0.626501121424632
0.549295064337163
0.658422648362742
0.556755939254321
0.529955682391638
0.625852528981729
0.564183280032389
0.657584868113219
0.572925866620552
0.598171792805828
0.370870689706389
0.438089853641079
0.60362107352147
0.542600635337753
0.607722944809159
0.526614604735649
0.57320069423466
0.528817056876365
0.543774115935499
0.614187393116617
0.563784188072301
0.442247054592374
0.83427756696197
0.667681889805163
0.574240773201435
0.604557766180415
0.701162080447393
0.508290983908154
0.707978680159559
0.606726223426133
0.59864700785386
0.597084266108018
0.617477262309737
0.606821185525312
0.657134910475764
0.740431390540224
0.568482200565143
0.735000422682394
0.544510704234473
0.595241612981181
0.706784878812324
0.611404261908171
0.591603226029845
0.76671586530733
0.729158593801369
0.612595391083949
0.642555702932582
0.679479725315457
0.714823987084398
0.722889758378751
0.650132466982617
0.753279678758372
0.766065804827144
0.719503433014569
0.575769695117085
0.609164072564503
0.696695256155191
0.757135865269889
0.718270013354717
0.653644432933757
0.531057475966623
0.632449054010639
0.748901724377698
0.610094374631416
0.737049492256756
0.703857958231593
0.812454911242238
0.66057613954429
0.613802412075806
0.597767621337061
0.782102442704316
0.750566845069086
0.604751640976849
0.669160598654061
0.689406501044158
0.689851399876346
0.70557003575509
0.67477345240179
0.715931760737931
0.611747366537806
0.877628383524483
0.624693122828515
0.532497028778614
0.756227104311857
0.744550376220216
0.768495366029842
0.681411984726918
0.85766747197581
0.701577314161245
0.733672978832347
0.706943276682309
0.738698300802244
0.712635489085087
0.835964275063431
0.875351805233749
0.889525803417429
0.733215223426395
0.688956673134025
0.56891216170947
0.722180136370288
0.738766270745689
0.839608118113132
0.766864895265776
0.685674180447142
0.883248658145704
0.686649064199466
0.860086829716997
0.774104665855197
0.675458471574614
0.835618075386572
0.716478088639735
0.966980915636377
0.758663554943519
0.672756983688868
0.811153234571828
0.824177068325833
0.70608087106795
0.765026623987901
0.75201477536452
0.86570359283535
0.769031886439419
0.817411866750682
0.679618885585378
0.653262534980889
0.850987177810863
0.846456082561762
0.825022841037793
0.857629397010335
0.860419867877776
0.928036224433259
0.822773073453127
0.795642110264005
0.903277338006034
0.963808504449429
0.785092821372153
0.907340471154448
0.683076495318698
0.756267067831413
0.826630429713819
1.03071890343587
0.750762675900908
0.880651349926148
0.8166750929774
0.67634010033624
0.854713217532222
0.926647060154914
0.781646106579921
0.755999203240261
0.894241656886458
0.875538903695521
1.05229016718869
0.886911501753446
0.909193941360395
0.89442770307016
1.00372224317822
0.812655363642738
0.839276925558182
0.954848424566698
0.783457997636109
0.966414086740685
0.93225766836855
0.674206605359627
0.87409068579153
1.03761116457739
0.91343707880151
0.741863808181597
0.952709437461256
0.777881702374746
0.898708752539006
0.876215239245979
0.770973844434477
0.867325054823423
1.05053879870111
0.840092281339425
0.847346538239292
0.980323094131269
0.94524592492682
0.89580829659407
0.959914834172011
0.875424142174381
0.878820525675985
0.922381773403585
1.0419057243288
1.03197447840814
0.817488012870826
0.912734816207227
1.07588921232923
1.08490311891496
1.01908951559352
0.969516615561415
0.959404384585576
0.836198111443776
1.03969032245169
0.984822259455923
0.897153541742874
0.811130374796282
1.03184695094575
0.999962167744926
0.790354043083648
0.779601539177773
0.826535112371278
0.972295911728686
0.837451970725843
0.962997419625267
0.835831900793963
0.973976679092513
1.01903193253496
1.05587676385942
1.01102830049753
1.00762763732186
1.02037180264109
0.957436494348516
1.01387708776116
1.02441483718518
0.984140139536306
1.05240081040847
1.26782422410101
1.12224072658691
1.0212702673713
