-0.931225847702907
-1.00227438422328
-1.13621029124994
-1.08907645493854
-1.06725690569301
-1.02255750137857
-0.922075793422942
-0.900903934983032
-1.05750429889622
-0.956242460441199
-0.952971267507111
-1.09492994347895
-0.931337425840674
-0.845628991731613
-0.823159339307003
-1.04719466377202
-1.0532346430949
-0.911284580033495
-1.01119817198373
-0.823551322326797
-0.831005603792873
-0.891601010039551
-0.960331506587129
-0.961097289174302
-0.837157214022606
-1.10864886932285
-0.981463222476015
-1.11913755763641
-0.942159758401823
-1.02048101162262
-0.919300192642541
-0.859614614167577
-0.960467220987055
-0.988918637490203
-0.885423643192434
-1.00573262078752
-0.89780534422544
-1.08891631257728
-0.858671219766019
-0.92155607608314
-0.952849347022589
-1.03749318266192
-0.962517620890467
-0.971852696931719
-0.896073890412971
-0.937426672104204
-0.907013884126688
-0.674333771329289
-0.883072974892672
-0.956012164245196
-1.00970485981455
-0.886233333749291
-0.83149327156111
-0.812131269784747
-0.920311663511953
-0.907654880976202
-0.839294550878706
-0.875176988255604
-0.875283139610703
-0.795245460968577
-0.870232198930631
-1.02212921909778
-0.897636754444233
-0.821977948576027
-0.901409688278442
-0.865955400517992
-0.793144085810661
-0.874615031119
-0.844036657914311
-0.959698500413791
-0.69066873134768
-0.723726409876077
-1.00611335047243
-0.894714610849636
-0.789980112937431
-0.85908422569218
-0.96278080769523
-0.721664023662506
-0.893643791148262
-0.772109286518227
-0.816533811904284
-0.772250904915933
-0.960295543735349
-0.757026528798036
-1.01842237941382
-0.800408083382061
-0.981721759556783
-0.833457880592695
-0.74894439652198
-0.745599806942019
-0.778590438063265
-0.828838413710327
-0.834005135995655
-0.805530935093342
-0.778553005323829
-0.80194732199237
-0.767121833544383
-0.681541050055012
-0.893313407869309
-0.72201655542794
-0.753891667315174
-0.826490142692901
-0.600511716269537
-0.681978865219224
-0.776563195367675
-0.787158518992857
-0.743857143809527
-0.712413071416383
-0.835592745113859
-0.733207106697325
-0.594989163560358
-0.844188333672848
-0.836605591505053
-0.749074176753617
-0.867294387081963
-0.849940079758797
-0.747288326250213
-0.769184484834484
-0.59044480326383
-0.760059468057995
-0.653985523549117
-0.890478036001203
-0.846515355880006
-0.845798333379065
-0.846524542582489
-0.680667094952923
-0.856897655446698
-0.740479990715448
-0.801932606940164
-0.674803450479127
-0.697534471699749
-0.736168191533289
-0.661008729371349
-0.828147136146652
-0.71951097128657
-0.760641621176473
-0.64126991930728
-0.79179098523303
-0.654706287611067
-0.666236039496394
-0.636375345364445
-0.588217396420025
-0.897205513193109
-0.534007619348775
-0.659277705564898
-0.762923155940493
-0.768213030768442
-0.689586819921579
-0.666547612548615
-0.645993591726467
-0.567370626955009
-0.562203897486863
-0.666345277921052
-0.769844195543444
-0.736224355591667
-0.632679095706481
-0.680656391849814
-0.594021951177853
-0.687900963327038
-0.656058423401557
-0.759712929196082
-0.630141942528023
-0.682944669819121
-0.554370102226348
-0.583561573581322
-0.731855381867467
-0.751187774649564
-0.629207238616372
-0.764994611055937
-0.73301670237152
-0.580398748770387
-0.616906999002706
-0.544251516687149
-0.694737160176131
-0.704207164380725
-0.61451151485779
-0.721495986607756
-0.644705546645287
-0.814981924365562
-0.64455884586987
-0.727596466303211
-0.620186267632429
-0.633152798980164
-0.688297994502373
-0.679417963396267
-0.625407817867902
-0.610071250411651
-0.559306719388707
-0.629835923964548
-0.756162759439643
-0.642583736943016
-0.739548949283248
-0.491941713929722
-0.635491940512973
-0.659216875468499
-0.596921556230315
-0.65581721087592
-0.573493764511267
-0.642776231707368
-0.703993165511708
-0.698470321076614
-0.521032843569125
-0.558205098843608
-0.51131175382503
-0.651836669397619
-0.63588883851708
-0.389822905190986
-0.610650841036736
-0.4733203435066
-0.315732610089922
-0.511477259201523
-0.524108426338225
-0.664159414582024
-0.542829142084821
-0.63247063866524
-0.527233031554655
-0.347183361257242
-0.504798929633829
-0.695625856402229
-0.743692130069496
-0.610423742449435
-0.586689196096387
-0.412116508687654
-0.805635791471991
-0.707567268256374
-0.627939756277316
-0.454014633164207
-0.500746049836303
-0.374201896518832
-0.55552892582961
-0.667723407225738
-0.667118899790128
-0.616514563846585
-0.601262958402011
-0.547171681259921
-0.447929606086263
-0.727537942366287
-0.44423386863665
-0.542688549144412
-0.481848507760527
-0.535154463916138
-0.588347384088027
-0.490014168119287
-0.573662323061652
-0.582358743183037
-0.354937434859152
-0.533006942869836
-0.427114623760425
-0.433839310168588
-0.660691257404436
-0.395147595733785
-0.48283948597113
-0.442651113140289
-0.381018122828499
-0.630947485527594
-0.489095612958539
-0.481769872461077
-0.504034159071431
-0.449131105358256
-0.395110553100145
-0.601156303643936
-0.520935408685265
-0.258256656270803
-0.532983597749234
-0.631427566359407
-0.563215178891354
-0.424816233427888
-0.548481278415812
-0.555816253584979
-0.46821030046657
-0.472108572243144
-0.364009903516692
-0.405848824245838
-0.394647116410315
-0.431133786135521
-0.636535093353148
-0.451287672380303
-0.485112308704484
-0.450063329303098
-0.465259358185346
-0.41414854505963
-0.462231339464007
-0.4855516825186
-0.413259858581469
-0.487958155327198
-0.487459426857561
-0.361749593634082
-0.418925489108631
-0.372503719777365
-0.631959209822146
-0.489393262146472
-0.412652715966451
-0.601103704865532
-0.442836077292523
-0.391769353007614
-0.473840284369904
-0.458353220427369
-0.448555307740779
-0.323306880171777
-0.543177766014055
-0.459913438191149
-0.445035811005005
-0.339528843034918
-0.423466882882753
-0.235088416287401
-0.379510861303041
-0.559138335148481
-0.178740879703333
-0.322732210777211
-0.322861236674993
-0.339185053388448
-0.344102437205534
-0.39515992561969
-0.210425794031879
-0.393432165678266
-0.347554063513275
-0.346580413474952
-0.16063725108801
-0.464957091474294
-0.425095392274559
-0.293695416034836
-0.368443018001533
-0.318975190559875
-0.427338410943484
-0.416951639675051
-0.420058948084133
-0.193679621195573
-0.298418146822231
-0.363550238832691
-0.457953284914538
-0.18294928650002
-0.214615275820483
-0.298612108041651
-0.301847245628776
-0.27900539509733
-0.354650149422715
-0.280901966923456
-0.262072944852292
-0.345359442317456
-0.23461891408722
-0.290887580270998
-0.275923157060492
-0.351699988493411
-0.215200834115275
-0.359139633353895
-0.349633094055314
-0.290406102698821
-0.375130701413666
-0.277437054271155
-0.421557334695097
-0.211686169294139
-0.301979284520369
-0.301757227660446
-0.15148801084577
-0.432469442295776
-0.31424731053259
-0.288438303664252
-0.328110283785937
-0.248952708897741
-0.263376557138744
-0.257118710261766
-0.381912159514184
-0.266796518223499
-0.132435345755554
-0.170458120633754
-0.282598520717561
-0.31047998872208
-0.225655114709468
-0.21775094233631
-0.270675513494453
-0.230006102622429
-0.278657016755779
-0.149700746234857
-0.142898689365991
-0.281193148370223
-0.264520738712554
-0.164129946089365
-0.359305019733348
-0.160284644558025
-0.226015233105218
-0.237156884010689
-0.317290469338636
-0.175544802690788
-0.201478070199996
-0.184565536961307
-0.250181325269425
-0.292601311807748
-0.250651902098222
-0.258228042254836
-0.162064242220428
-0.286378444643434
-0.157168951579241
-0.22858218510507
-0.261198741400671
-0.275098592347349
-0.245200757671681
-0.0573084927739902
-0.311041842351346
-0.232535205370399
-0.037727106646092
-0.158945457569057
-0.308531127484405
-0.067054916527473
-0.168153436676071
-0.273435952373237
-0.256600189251586
-0.00466826218033695
-0.308064382794452
-0.229348501544614
-0.0937719651617001
-0.205097535274542
-0.0957401659275885
-0.177227291651109
-0.171447324852854
-0.13419429593633
-0.134325381581743
0.124946500732554
-0.0299507985583099
-0.0766590451151898
-0.174173069892481
-0.129824746403522
-0.166246116802816
-0.153899849266078
-0.139015333730329
-0.145715782777348
-0.222592232445418
-0.00748448122091334
-0.0434412433894029
-0.0526497203723546
-0.186415160198677
-0.243869114391939
-0.167673292942088
-0.11982444135736
-0.0906964210011911
-0.116538965554664
-0.109381431568083
0.0396336985283863
-0.0656118656980206
-0.118675176460133
-0.108777247859991
-0.103088956776532
-0.209831786221681
-0.23884012918213
-0.200432203592831
-0.172141231916473
-0.211393294858183
-0.163240833535662
-0.296718132170973
-0.19741849202836
-0.139099734491714
0.0934397147878408
-0.0670109778138222
-0.0232593075633323
-0.130915598449534
-0.0455899395992607
-0.106067468470001
-0.00197882484085981
-0.11781524167187
-0.130380482798135
-0.156319508529361
-0.075927665624942
-0.0192561164183868
-0.0825690506109172
-0.0713084425879732
-0.150691074335355
-0.183931546655794
-0.120422834887245
0.00846626541848064
-0.036213688734492
0.0166022162263525
-0.0853432874475465
-0.119973509349111
-0.0383811925653895
-0.012563262165006
-0.309295501674357
-0.12464159843613
-0.235189028096164
0.0109825254227415
-0.0563925946481487
-0.046752431097824
-0.00955358684208303
-0.0983233592289748
0.0507904293794186
0.0194657886937871
-0.0612246445333585
-0.0139612052082853
-0.193862758231473
-0.0166906178453443
-0.0980261213017665
-0.177837197047619
-0.0121615021412913
0.122483004908121
-0.0199107876260279
-0.153020687289726
0.0742216019467938
-0.151678998774953
-0.165406821481719
0.0271513872450413
0.00876266675249433
0.0286960473689845
-0.0562523729842511
-0.0214622408484376
0.0188041412117506
-0.0331732741459257
-0.0669241484953067
0.231619879387045
-0.159050264860422
-0.0558638810658063
-0.0477783148690638
0.0491175429980814
0.0486537925726139
-0.0833749245772384
0.0272959581639037
-0.136331729366229
-0.0408559991261535
-0.020920092573341
0.0690952700167961
-0.0315924418077831
0.0006900948147802
0.17130295790312
-0.0964971251032613
-0.0313181425652515
0.0210673946918134
-0.084248145249892
0.00598395983148586
-0.0347564098887622
0.189835341153173
0.0946495996008113
0.0765356007960198
0.173687648696374
0.0409008398641969
0.0224854840427067
0.147544959478847
0.137146441405469
0.0968771776377609
0.218029026577898
0.110052863117569
0.0663023468997279
0.168695289530903
0.103809452544203
-0.0803345545885546
0.114375647451488
0.103476711808079
0.0328961827482464
0.0231192256050499
0.101257447908488
0.0857828239521525
0.145035565508235
-0.00700361579270468
0.0827920370343646
-0.00118986983917469
0.194287303288388
0.113412491897904
0.124075849096057
0.197327946063453
0.0585230189214081
0.124593919159093
0.146264883678018
0.117459710088129
0.211836531162793
0.00650950476312657
0.0281489238081301
0.0688599381582722
0.0536623588569263
0.354593254418834
0.253687438894839
0.234859814481079
0.0344223544927055
0.187652604888675
0.0217721940599035
0.157527392208257
0.266992195898648
-0.00148448421463056
-0.00343785580871227
0.110223957694721
0.205006683820543
0.152284442883048
0.143845773173261
0.18735039294602
0.229882979723961
0.175095322972775
0.22460957809401
0.073172243881956
0.169637387717579
0.082229156092201
-0.0225841110574147
0.134362563156079
0.0693751875273996
0.193223931239687
0.266651813931952
0.207085799395788
0.183814826529725
0.250011732633556
0.205444903393686
0.172007674762561
0.218478169249201
0.238576162113847
0.213296631764264
0.154021518023701
0.101505816829233
0.205499395124983
0.228474724122945
0.229963027222254
0.360735997641514
0.244051179984725
0.00648197359246481
0.229348974854065
0.218793412897689
0.364279453901913
0.134718236684873
0.249695570300784
0.277984366054626
0.154441033085717
0.369972171853856
0.273364032457287
0.215840435488629
0.238573740904783
0.163464329666147
0.310302054535071
0.437111770598336
0.348638229584374
0.158494756873384
0.276431569028827
0.235686302779736
0.308088856961902
0.284599687395152
0.388249763630454
0.167698976632008
0.308856959303038
0.334749316720737
0.184876755482113
0.207064574054316
0.270984312330337
0.343864977952786
0.230515234413836
0.40386670259489
0.293826226412562
0.459217154252859
0.260618009099842
0.269634389918359
0.284446679943679
0.278880263167464
0.222914503616863
0.249895470130342
0.22652372838905
0.36936126430789
0.404987301178046
0.352782681856152
0.22256701307327
0.444696118750926
0.547746062233921
0.404586909209114
0.363759510940586
0.359231984718838
0.0891869106232713
0.357760667078638
0.389580467411067
0.169011816761396
0.444180191022966
0.326630324208773
0.349321137435589
0.386379160735192
0.304613724252288
0.421865480197801
0.295278823045291
0.342922575242315
0.295265927774942
0.287272821064562
0.384245907132254
0.323503874833505
0.395402206704735
0.367792640103407
0.27926746691864
0.417863412137624
0.333178842901029
0.255283886337459
0.325519478798685
0.368835780745387
0.388732831923671
0.464056552275615
0.324132695320688
0.367694079186041
0.385739478068191
0.490954169848911
0.428015180977499
0.410583564980301
0.353392883080386
0.417610744834895
0.339299306458412
0.376466347939266
0.4701233305024
0.305839559845116
0.496220862820805
0.409857680431632
0.374570961937826
0.349262877523707
0.355523728903579
0.451446154396835
0.434934510043035
0.482140094760522
0.325943224950765
0.28916992232747
0.369344785093975
0.620049831597347
0.385401698915045
0.566357102797593
0.327878079614395
0.283835251786795
0.358654296062868
0.453403941217982
0.392479225632473
0.407647882354354
0.345296233494394
0.460955380879209
0.469565606313109
0.650905682308535
0.477742000385809
0.49556715105742
0.480134960975363
0.396050073996386
0.510951569545526
0.434947504455298
0.384053642859481
0.546884664422293
0.617935539825748
0.26333722405394
0.504684082918826
0.46493270643906
0.600786654296166
0.309331095510518
0.409839988675686
0.521949339781937
0.447624797399098
0.492721555020379
0.521427307685769
0.375341593627177
0.557023841527789
0.526036673301797
0.527011945765192
0.253139832551748
0.443862924877114
0.41391450070629
0.356448900075232
0.55177447926312
0.41072694254189
0.476880509822966
0.540918419080074
0.426611986179807
0.338522351838573
0.595009826845863
0.458189186848361
0.396035272867669
0.555422273230619
0.462266527465724
0.472820033327416
0.322350404702101
0.464827786383019
0.573663016750085
0.494159381781889
0.554051843310703
0.511763046996247
0.447217714749229
0.427562484221326
0.586612426148454
0.434077268859258
0.537184521344114
0.541830646620674
0.563990373537487
0.486874607849389
0.47753713089661
0.487720970639888
0.405945102198084
0.54624541739417
0.551460436679442
0.653464266442963
0.64565677286058
0.571124274594232
0.354272880522784
0.577706234679737
0.514855881730789
0.596047631234594
0.504603655653279
0.485481436415525
0.595403586431017
0.567358133783847
0.438724965225067
0.579645516169942
0.512991450890562
0.638956700803978
0.544352907866922
0.453753189321181
0.728128445165042
0.605737409333277
0.63358797988965
0.585681395566813
0.630461598527809
0.510582698048527
0.58837451487767
0.457874066576351
0.665760873839087
0.56681031847882
0.545946286084627
0.631627306525381
0.795620501345924
0.615169739331121
0.709927256196043
0.576506852429074
0.553590691777239
0.67120844797069
0.644532631841336
0.758815753684892
0.722655312742515
0.585238903049349
0.634115837460823
0.702977745864357
0.517068062555905
0.636936497219822
0.553670854348809
0.591095017445508
0.539678378069401
0.522789150672081
0.645451539594004
0.518528715455399
0.630559135584748
0.786361789754103
0.58684741267881
0.740186301862535
0.74491047161516
0.675361290249884
0.676801592827148
0.613344081031231
0.595949455906989
0.656216620311555
0.795646407036058
0.644125106234374
0.538181980964173
0.702591860426945
0.602948680109438
0.505100953635546
0.619887785336057
0.589044400735825
0.774803609738772
0.698480941583375
0.618298413189412
0.556804378847952
0.614622822921289
0.742202777414068
0.663262559594005
0.749485300994782
0.701358664485144
0.719771319581284
0.857021086533544
0.837324730485317
0.552230160985372
0.810864030221749
0.708312538310204
0.812496499627748
0.644333281146982
0.707201813218041
0.778169487850056
0.747461561576567
0.745018080437325
0.751967037664781
0.710403185154742
0.715863345482146
0.762853239324427
0.716685403788478
0.692065939451731
0.735183011811124
0.654073549671686
0.720696015514902
0.762044375331727
0.681626277319178
0.70325206446471
0.65542172967326
0.850632588642296
0.694564442471309
0.651261060103549
0.713321910525327
0.611922025615143
0.676473945689091
0.758585203382558
0.720018722236691
0.77621295690747
0.629114238286438
0.659350360352029
0.633499365942916
0.785078834086709
0.730474226859561
0.879641645624746
0.788090036770299
0.759747765347398
0.856647063589249
0.68874095161793
0.758188605899366
0.781093358332272
0.783549645934747
0.783238152014287
0.890488442947705
0.761273295343202
0.832388007091671
0.743570645042525
0.794823374079875
0.99652774097651
0.924032417819035
0.862731250925862
0.842372258151134
0.947953101517802
0.760364444161048
0.799714761875352
0.80279344828454
0.809826985160246
0.947582153168684
0.778724552427622
0.781919090577017
0.825272009173805
1.00234209778243
0.617658175487344
0.829467082336891
0.786534924811733
0.857930667206383
0.842849500482149
0.806384606318556
0.789764437946194
0.925972067489875
0.635706147135805
0.939857597868523
0.841110528746707
0.661059834897937
0.912328844203299
0.912475364046675
0.941756783349608
0.858678927833041
0.975328776075941
0.768782053871632
0.798254618978362
0.884534682414653
0.973270165520659
0.921602738782716
0.843153075790573
1.00893614071318
0.821493361551063
0.761483938074366
0.967103895178677
0.940689107074545
0.823962294458256
0.836390094675434
0.88718837328065
0.980051600016445
0.953617051171338
1.01552239791834
0.9943742264662
1.01996844868116
0.947389086693255
0.844430312030523
0.905155008956885
0.952198134881814
1.04966486884614
0.924580249393545
0.923852704793424
0.988178417507983
0.934398461794962
0.992581893061475
1.07926392011695
0.923863252557042
0.908391287692124
0.829064773099028
1.00037010641556
0.939924169728031
0.924090601488095
0.914332678627067
1.0733856195398
0.95836996806242
0.946311673167118
0.917267395653261
0.943041993936697
0.873714367813021
0.938019477754946
1.03439004933934
1.04473674314978
0.844265681078998
1.04235390896696
0.980821603775521
0.816970699422243
0.911805208295637
0.917109558795706
1.1160203221301
0.975749972002397
1.09113555087839
1.03391856873572
0.887810989563485
0.796289546906597
1.00361944392405
1.13198416914208
1.12272447544411
1.07700771883329
0.925665918863933
1.07621814800261
1.02492513364914
1.00040389369297
