-1.00510409876011
-0.879354611736896
-0.952233483881567
-0.913159499326633
-1.02482574787367
-1.07031743348618
-0.958351571222715
-0.815670529890712
-0.896039911360726
-0.948999804118862
-0.981980231483356
-1.04083046419438
-0.972753037623177
-1.04898819170121
-1.04761579683267
-0.959279450234786
-0.994391370059102
-1.18509470341191
-0.998975346746381
-0.995473422554009
-0.980615297312286
-0.978227496331377
-0.847045243257222
-0.952081438974653
-0.829139856479945
-0.929401277728807
-0.900091393616819
-1.03141144423073
-0.947203683619354
-0.760412536144397
-0.89559804679692
-0.856351732882469
-1.15195884769083
-0.861273666515618
-1.08835698132081
-1.04134626772614
-0.8218949391144
-1.06301045254458
-0.935322591005328
-0.801568210822877
-0.956398447376627
-0.882777231074049
-0.683159230933086
-0.732115976717814
-1.03937726239759
-0.857183955290066
-1.00068994441841
-0.985670526864401
-1.07481760737047
-0.778577924203702
-1.11506171585117
-0.972467149710813
-0.943875559235249
-0.734528804741784
-0.932845269001055
-0.778287142029002
-1.02727619140735
-1.00023034644985
-0.753779767569299
-0.945736374269285
-0.790433204937863
-0.992538626283247
-0.850771773000221
-0.851499047703642
-0.831775979636509
-0.819992731758454
-0.797325739140935
-0.939320253293862
-0.816993424170813
-0.809099482921699
-0.933026420380444
-0.802616140378203
-0.937602983807724
-0.692612300385333
-0.736825298951903
-0.719833222268052
-0.836804172187514
-0.756385825473713
-0.820957797167558
-0.830141660236719
-0.848350309554448
-0.760591589052802
-0.883755507065738
-0.756540696854994
-0.75892739842286
-0.688603060585523
-0.750822468579333
-1.0109632254849
-0.853437684862333
-1.01139455611097
-0.815494646076827
-0.80880484603529
-0.902711347753191
-0.779282716917384
-0.820991625326633
-0.671118628809802
-0.777497644018251
-0.915991853036294
-0.735735732036975
-0.810728205302827
-0.78553095403079
-0.841623621795698
-0.864759474199365
-0.8192225393548
-0.807685167239117
-0.858290320777278
-0.811061050103418
-0.965588123579351
-0.750644074132138
-0.751831036780723
-0.787145460681895
-0.824935243954366
-0.718925225963181
-0.809277044579725
-0.745892033158816
-0.648981926594951
-0.785782518010183
-0.617385717475442
-0.759844208462204
-0.668598896884126
-0.762733109109107
-0.838440289113505
-0.743634562754924
-0.859222344468234
-0.654915459643625
-0.674572188922569
-0.800345983691889
-0.77434314170166
-0.852207147690123
-0.67204711903004
-0.549611396672418
-0.760033413257141
-0.681734885084555
-0.863512738362747
-0.495644752838113
-0.727616881016213
-0.742303783200104
-0.811188417415883
-0.676503278787113
-0.651165592565083
-0.583688496288932
-0.594171409981936
-0.677857944296789
-0.64445388674861
-0.813278561290778
-0.811941443963866
-0.74033131078134
-0.701393945533921
-0.651492524502492
-0.851367519394081
-0.704032334886202
-0.746339516745748
-0.694245264843608
-0.796518504057251
-0.662043257113343
-0.624975963296527
-0.758704241218338
-0.617646168066702
-0.64705710823208
-0.706770313937432
-0.637161602662997
-0.666468405633193
-0.730618984909154
-0.701945610756095
-0.573552609698974
-0.596411881795803
-0.847402927230413
-0.536877996608688
-0.705644358058171
-0.653175027463222
-0.684075057544427
-0.673235904269331
-0.600895482408054
-0.645398068337595
-0.588983906425784
-0.664247284836865
-0.637181697769252
-0.49280733012513
-0.804602681290162
-0.629464849559385
-0.689281170431196
-0.583323374043434
-0.633589407847115
-0.528816352143071
-0.596553179198264
-0.574466244188938
-0.653435116288767
-0.529300913098832
-0.663970527300972
-0.585687275720457
-0.517437012317527
-0.708855148933281
-0.662632956733615
-0.625763067014619
-0.596094319350177
-0.749998213237801
-0.563317618859502
-0.625536206544554
-0.676353625790865
-0.712179966107676
-0.479211536694325
-0.563729312403144
-0.73187062221104
-0.597574748610458
-0.682861170761915
-0.632551806905895
-0.7629182268749
-0.64781630514903
-0.581011107715514
-0.501630527429578
-0.629695562715639
-0.568277624141143
-0.557995759235397
-0.534384612819276
-0.577449265138986
-0.543348127205571
-0.568106324737969
-0.633511515368232
-0.60721024518211
-0.685747593957091
-0.55347724267367
-0.568739168074146
-0.568989954146492
-0.594132359397345
-0.459293925018047
-0.469444894446165
-0.654003511041206
-0.529651274502821
-0.579731388663258
-0.531286602370206
-0.356485500368041
-0.501831073896956
-0.386690426514596
-0.610751752341238
-0.429639617720237
-0.657779818608426
-0.521187437418248
-0.504540874445569
-0.538534533150021
-0.611893047726559
-0.478949631719673
-0.534574434271067
-0.650654968267042
-0.598126780958921
-0.435047196552729
-0.461301802992806
-0.439642337405483
-0.547478602688487
-0.417571282149187
-0.447709952572467
-0.515717566718149
-0.499121787321851
-0.41703288025567
-0.567811696507639
-0.594895407175593
-0.527351858634805
-0.470165074727075
-0.425289741981256
-0.439963541322992
-0.368554717809163
-0.430638867936061
-0.620570214480304
-0.361813851669056
-0.572170063218739
-0.583941498367395
-0.488150638791492
-0.424568802124108
-0.271120739296091
-0.338831469822058
-0.308595267971812
-0.390141757230126
-0.433990380868306
-0.514246490534365
-0.542359830630792
-0.361994383639725
-0.490827169594765
-0.525438456913154
-0.429932864471017
-0.442412988269683
-0.465767066185054
-0.480881781930171
-0.38400343509263
-0.532512393348686
-0.274933568246764
-0.368934913073602
-0.395138708886136
-0.457730950312457
-0.456033991568878
-0.486399561901766
-0.316750432724611
-0.41771670943864
-0.474614187994995
-0.483610128123377
-0.410076233344687
-0.499086085914892
-0.288527543156065
-0.440295579787341
-0.451477672012874
-0.58855293352177
-0.409352937243921
-0.429587828400653
-0.38461092446676
-0.256448224331226
-0.309207350524279
-0.366346318167327
-0.363909422922264
-0.333346011135991
-0.275840428392313
-0.337813159487969
-0.329799174145918
-0.508894339989557
-0.446364764749701
-0.151536874329886
-0.52454139265626
-0.319728351445563
-0.342402067465103
-0.412460096546444
-0.448799695206513
-0.431456292646472
-0.363562470251062
-0.3721105685365
-0.344907053464746
-0.263569781256682
-0.380139050001149
-0.34742594964316
-0.292941138045144
-0.117877804958169
-0.296237744957649
-0.362123433147322
-0.173299367776556
-0.499324198727576
-0.39645468726963
-0.305825190203043
-0.255125021726807
-0.297738792694219
-0.224421543892185
-0.438874879668699
-0.2913770481856
-0.335083412771837
-0.372342910120329
-0.289954885031469
-0.204227071779406
-0.266670819476182
-0.441153387974771
-0.225293088634134
-0.180796519589769
-0.206506950760582
-0.206223818200945
-0.346168825878447
-0.286324964789179
-0.20187774814431
-0.378004765500576
-0.223353191761513
-0.33460268875459
-0.324580778591122
-0.255928956190713
-0.245409258697806
-0.312646887772378
-0.232937262519961
-0.350206602135988
-0.389410771384932
-0.322213385638834
-0.322211822602713
-0.191047650489572
-0.178908376159402
-0.184622498686282
-0.343398440124528
-0.253260033778294
-0.231038220491354
-0.151537482395648
-0.325586543074931
-0.232005651627557
-0.445514846683607
-0.199813813908263
-0.313538993132411
-0.305638847807854
-0.182736550056189
-0.263080741771588
-0.229407645237434
-0.263048726306878
-0.356256126740547
-0.281479114993934
-0.225091858397969
-0.340695288798189
-0.280735657280059
-0.244131043025584
-0.36666956095368
-0.213747275215341
-0.0945007804982092
-0.224445614699425
-0.175061756801599
-0.295948501764034
-0.0764443476852843
-0.123006680199764
-0.285173594106237
-0.31350889233589
-0.132123296653286
-0.219542446536574
-0.376495833309498
-0.147319445232859
-0.197960014518192
-0.196664712347044
-0.21214163939209
-0.253856266774325
-0.29678642390581
-0.144828321702621
-0.0756817101962845
-0.316431532864987
-0.104102321648423
-0.141978212550804
-0.150498615715314
-0.239267196657964
-0.162392792061855
-0.263580458341249
-0.235971658202796
-0.0691744611026805
-0.214942807355046
-0.320921353393823
-0.20833819258413
-0.166935744907321
-0.0216997857605381
-0.214624793154056
-0.190115265672774
-0.189704156270752
-0.248072675020351
-0.171866915939043
-0.203373309033289
-0.158710342150893
-0.124479689431662
-0.0829002520759356
-0.139838123495095
-0.135289272634919
-0.213460928347404
-0.107778131030253
-0.0485088078633265
-0.119472872219524
-0.127720830585255
-0.381297901654075
-0.100347328822098
-0.178886069991744
-0.0704183648060673
-0.147187585330577
-0.00925824461904954
-0.103876625326796
-0.071773778706011
-0.150063374718418
-0.122487558183168
-0.157496824904279
-0.0929936985879512
-0.0408976058993839
-0.256096451645809
-0.153107497591339
0.0770222461595708
-0.0801560305163104
-0.034080665966175
-0.103425418043436
-0.0713665322895414
-0.051535208113534
0.0239330148347853
0.00801246444496679
-0.0688887617927788
-0.1209083313353
-0.0294765345429935
-0.00344701004199391
-0.107973170607077
-0.11491572983057
0.0750522266407607
-0.170231149266699
-0.0164548597796404
-0.0127768732026178
-0.0975344004135549
-0.153563738765976
0.0278667122504428
0.0546383150865943
-0.0687776639363512
-0.154423876395984
-0.280407864005634
-0.0675059059565177
0.0655604384953074
0.00230858572251273
-0.0111515313765251
0.0329932147658585
-0.128718118713875
-0.0820136151577233
0.0561555197691083
-0.159425078698872
-0.110537913058931
0.071816280319332
-0.236823304884199
0.0643972100298952
0.0232384129578714
0.101261772126195
-0.112043411497892
-0.0622542315510567
-0.0547040720440648
0.0870068042156558
0.012423589308879
0.0416270444351064
-0.174618419482245
-0.123152425400491
-0.0580817296611117
-0.0880101425956401
0.0265215873569714
0.0208795606651315
0.070218350693584
0.0731712209892547
0.00700145948569831
0.0965354915851529
-0.17832658946346
0.0186325667705102
-0.13482596296482
0.055811681544074
-0.0687507409944513
0.0961953965313758
0.0555756832981434
-0.0222107810074959
-0.0749073718636115
0.102837270475292
0.0263126491205821
-0.0308964142474783
0.0534709148157271
0.158630253503015
-0.0706998592860004
0.0777366859187372
0.00018372030042781
0.086293998436879
-0.0696670680462955
-0.110751024086711
0.0646003505759632
0.0858441488059447
-0.0139229509055049
-0.0673511688554408
0.167007192253305
0.00123751854094626
0.0760851821959524
0.0254032477474065
0.257161763058071
0.0823562934677751
0.0411695512604684
0.0363364000479917
0.174988364431069
0.0463925167808692
0.0563865860646291
-0.0213893038638081
0.0113045287335226
0.0789059678196088
0.0903107680807318
0.0855488746921786
0.111504321963329
0.198257241338097
0.0792641757697679
-0.0105858455631904
-0.0927425307813114
0.0441782048852906
0.129726556839544
0.079478385910732
-0.0432494617982499
0.160473688108308
0.192893617623497
0.0391693802429238
0.102842685457657
0.0733591631281096
0.191127612218878
0.262080970180409
-0.024997939198971
0.22556648495168
0.194277900815752
-0.0938348471016668
0.160095114981294
0.155784699166727
0.0916972273226679
0.149354929971064
0.209162178221521
0.0780294978102436
0.0402256418413265
0.0871768327710105
0.322989141550181
0.272438267041081
0.161481353040332
0.177702248481272
-0.0359514578159343
0.236943365033402
0.232206875325569
0.0565340039050837
0.0833910901655651
0.0881250699858747
0.146927495849379
0.19586054902669
0.229872912428951
0.0716134482261509
0.119462890010256
0.284757746100226
0.140064796827928
0.225330874706565
0.086194462187075
0.206560226197351
0.271710151584918
0.250895967056993
0.155503149034881
0.271357808879342
0.12896471889051
0.325788494390917
0.166699581060919
0.325809119290199
0.210371420289065
0.0167335961837595
0.161847665627471
0.296061284841178
0.28484985580969
0.347330251292644
0.188995491000877
0.1881056540982
0.370090901374511
0.314188621726465
0.285861152790945
0.146366920440378
0.100974213094865
0.262077738164857
0.26978490785942
0.0196941229298201
0.228175342089744
0.25740118454155
0.186144973105257
0.278937927927536
0.183993909635976
0.265445500850754
0.119164304415516
0.280762076857935
0.21363946344414
0.380647010737013
0.411640638627678
0.247756746626629
0.108327137445296
0.264456512726608
0.239756628315071
0.328429830709609
0.122211321710469
0.410149396348534
0.302812113665565
0.228235678444381
0.139157581355241
0.304899030110075
0.262063464750329
0.276999234831476
0.172084137433844
0.257102332090502
0.265760346546373
0.367980944168972
0.236091014014654
0.306480119772767
0.376687135762271
0.277690014222798
0.412101011068493
0.435725694322604
0.328816553555978
0.352017236704216
0.313279754779744
0.345414502456006
0.395665536884194
0.26400745659379
0.310797828487671
0.302903113760993
0.347375823221445
0.391421091019957
0.539136641964635
0.431056487880043
0.315864762732477
0.324625439678229
0.291757702430429
0.479637087447383
0.301839750531689
0.407628898106766
0.32869329565993
0.438173702412928
0.231917504146208
0.391130986060166
0.251321452454238
0.258945857017549
0.273004375083709
0.272537163684254
0.443615213827565
0.229096605013191
0.358926295200685
0.296499070696008
0.350779261918318
0.490907515660651
0.447367282722557
0.330935599277367
0.389897316397342
0.397241917095184
0.303101610935911
0.391778136981535
0.334468884920771
0.302821264295213
0.427641999697065
0.422841054820582
0.366412953720818
0.513459495053305
0.496627839556117
0.24980260461619
0.435936386998941
0.523409983561661
0.446484691314958
0.417317095885435
0.358814349105657
0.39928152857948
0.385885584818952
0.391118498103518
0.243593733314838
0.415877404187447
0.561241316937841
0.358303784510515
0.452437512451047
0.588012275454146
0.513860475549779
0.454371891863189
0.359401133077482
0.534315812860643
0.334310531434254
0.405302046899024
0.455408105161943
0.321398351060564
0.481096173184988
0.365519269698736
0.460550348883512
0.377489094966318
0.554745821836806
0.523548647548073
0.350727720836192
0.441229820757667
0.495261681355734
0.458306789666153
0.487437912255156
0.565653478981666
0.377159617855031
0.457288221292069
0.474396344089158
0.58176335635964
0.302748958003842
0.464705262452157
0.399132393177366
0.622929586878539
0.61021966244472
0.388331087951284
0.698949802381984
0.486604654563447
0.552534963734474
0.589148506505261
0.419186419425958
0.480910297675596
0.453674771603002
0.476256943767853
0.50905750894259
0.464894560752372
0.53086048864833
0.424305710765902
0.520854147476266
0.554001311581646
0.400183974246909
0.538588921793254
0.571602560811258
0.523943126261875
0.536425483011184
0.494900687983449
0.482804313148311
0.483731138877654
0.622400010684207
0.548354607082771
0.626769168015618
0.479539283986935
0.432262702230506
0.545101353184224
0.53024642818428
0.545995071237318
0.523951663320591
0.542032163757024
0.504831508249909
0.550969323187287
0.586992255659939
0.550492739144033
0.541619335425292
0.501505411669913
0.589961048371154
0.460028354704423
0.557525323498038
0.486032368809108
0.557066912969734
0.710230652796064
0.532548551184536
0.625863906017713
0.537431487713602
0.536928764332569
0.596299756482984
0.682757976840742
0.496195185584875
0.498956244334119
0.583262260524928
0.621827866682355
0.50219062736524
0.601087733618937
0.510677780378869
0.678814460679888
0.569574786337727
0.597736846574511
0.597251547003369
0.710936027225881
0.574382669638031
0.533412452822166
0.476303725046528
0.688263304711767
0.661123053739504
0.554043134380498
0.686952537207775
0.764008051572745
0.655292167289123
0.621078204277455
0.668367645938236
0.67134968827158
0.516038970142345
0.595661220150936
0.604025512524706
0.727146438038162
0.589259689318171
0.683283574018305
0.631054530289264
0.50752424456745
0.751594411057194
0.703432335935097
0.739352503043003
0.699206947586332
0.53830275418928
0.577830185979823
0.629926989921011
0.793210852844632
0.595447736435649
0.63967829000213
0.667426402500014
0.861620599057261
0.633968720536251
0.690687876597259
0.703622175815094
0.763385491139086
0.616017403141955
0.77867693564927
0.644876050101328
0.818280416155878
0.668445460350829
0.847208285999103
0.693341893802432
0.621622950634072
0.714784514133879
0.66669617980682
0.811998677101731
0.669602681538588
0.762982164367023
0.991180315548623
0.827349554621988
0.584507419235965
0.69087013472318
0.784126144732745
0.632975174611656
0.628066642791674
0.658490250629602
0.908739601277763
0.7571481283754
0.713255606026793
0.62708567751427
0.812845042384483
0.729503045462312
0.690441479419351
0.702634321538685
0.788632156241334
0.725931374112194
0.700705336430791
0.796440808975491
0.645517097984368
0.812004720744801
0.774732618819505
0.975896928565176
0.715711597218468
0.620009089333005
0.820089423074657
0.758424564243572
0.680818541719399
0.836363112177535
0.901352387930295
0.754796566230891
0.568928799689847
0.879830886535071
0.720388014344721
0.745823015553222
0.731940195272297
0.885224639857008
0.704977683490627
0.8228659814251
0.81504392963787
0.737893006933704
0.829174305223654
0.627084225497758
0.883009907377879
0.877690601006239
0.7281522257115
0.714319266946311
0.809707648387839
0.748551094629499
0.652405371343191
0.806682449066517
0.862977277251339
0.807609352729029
0.837849769133403
0.864959171993336
0.846537767281284
0.860835475408567
0.859157100122007
0.823571079227675
0.674591943607794
0.807364662850636
0.87199957985336
0.903764540172575
0.819805366101368
0.889966422502432
0.967460062088435
0.793102009085803
0.85455689922873
0.877105965628833
1.0174116712173
0.797704714854705
0.845675021141815
0.791550144308351
0.829781613654563
0.855223641319647
0.744411546902146
0.818472289687601
0.853938975973195
0.787120395152516
0.683414184731226
0.777244825376003
0.807170924152024
0.800926595387679
0.790578689033575
1.02459109368033
1.02231952207071
0.908294532199285
0.840582104682822
0.756178518749523
1.01777703750999
0.786838965112263
0.992992028999875
0.937681219508891
0.75667217819599
0.966088976693552
0.881966336558861
0.808992496917855
1.12424961354412
0.73205502741048
0.878167900485418
0.881077406733291
0.924851424722386
0.906019585226859
0.877314329348485
0.964328752105038
1.00514692457383
0.929878883305628
0.774886986534149
0.93766357656223
0.841957028247556
0.779833661927399
0.975791456245096
0.872861207815156
1.07164194564406
1.01820666676806
1.07188602187662
0.96348302817931
0.818134277354314
0.896747747669013
0.924531007702048
1.05930197626805
0.793710875995546
0.919040790652029
0.937559263258614
0.912639313484659
0.871388230274128
0.903191573210082
1.07319331313079
0.976012964208697
0.934759723681458
1.03140152679329
1.00336778714132
0.852947843302427
0.950272133446801
1.04130809577728
0.892207876630548
0.941587117907954
0.919586451817458
1.04641084602733
1.06632385712911
1.02187775900603
0.980406742565682
0.960610845777666
1.20867384785841
