-1.18861251165798
-1.08863594107289
-1.11910154778265
-0.894754394604806
-0.939440812103131
-0.927007086943505
-1.01038496170882
-0.917974375243817
-1.14875914850649
-0.999935046094941
-1.01068166567381
-0.97562241975139
-0.915792351794869
-0.849722651681811
-0.955016075792941
-0.995934516734832
-0.985162216842167
-0.975628808941075
-0.935996163655639
-0.881038595547275
-0.934089732198554
-0.987042502797941
-0.834414489825933
-0.928819765049187
-0.990882243269667
-0.832562256751402
-0.932534896263877
-0.87551775852836
-0.937556985029135
-0.966800571637313
-0.979482470418794
-1.03475866916258
-0.924046918334804
-0.915277253297867
-1.04643908557135
-0.962507712727699
-0.912171184402202
-0.91145863409077
-0.803559219702316
-0.838304689950855
-0.900802451026561
-0.790987396750891
-0.798974396155162
-0.829702184828052
-1.00825777858452
-0.903857772887784
-0.889834921794878
-0.950883960597771
-0.89472768607142
-0.895645197458449
-0.805289001094683
-0.992963256246502
-0.856281278898275
-0.882978163393672
-0.891168438117125
-1.03837865249703
-0.926649956042753
-0.914383406838868
-0.955609492119391
-0.933790361793805
-0.710022331312629
-0.951862910378973
-0.88103082342938
-0.7518459005021
-0.812613078636162
-0.699301823390912
-0.901077075813951
-0.824963155486123
-0.811246963147815
-0.817274049836519
-0.836250876304877
-0.845260085436736
-1.06497863251544
-0.947250338145275
-0.955926340065577
-0.91971876804309
-0.875631251006128
-0.711650458588144
-0.755346836114342
-0.810921422275889
-0.839317942825977
-0.851121385766774
-0.884084170812651
-0.836060018702388
-0.802878126908193
-0.758458884600266
-0.810790995052677
-0.86178239395789
-0.868011115968039
-0.796200507469549
-0.719538574902687
-0.72576656056744
-0.761337308595532
-0.663047219072892
-0.816000471939672
-0.917467191456768
-0.85917314653343
-0.721682444366334
-0.778519286478562
-0.720694362573311
-0.873981245173943
-0.784004105271543
-0.843159269329024
-0.86113796035948
-0.817419346647851
-0.866768510749058
-0.77877975771603
-0.791199376835389
-0.813161731971014
-0.790637782440649
-0.807469181139503
-0.803305311329459
-0.769881076919449
-0.625816738800815
-0.764261074359671
-0.888878994042645
-0.655177391890053
-0.713258535957213
-0.629511703254134
-0.677042018490743
-0.660507863759571
-0.774573507996561
-0.713708232754087
-0.786612231368225
-0.717220221848247
-0.697340005497088
-0.719822254317865
-0.575314477902861
-0.667616158871923
-0.769697209679804
-0.669093555907299
-0.876936268734456
-0.629974633633833
-0.623376559726072
-0.743845250779562
-0.798688048184924
-0.748152818254649
-0.712209018952807
-0.657772626621053
-0.759339229056314
-0.667681168524597
-0.773278087836765
-0.78501775505674
-0.852880499271079
-0.6371604295035
-0.766353831085534
-0.637804332721402
-0.76991812153165
-0.738614095013198
-0.741432541905073
-0.54945357097767
-0.646323794826627
-0.78213971771782
-0.581316000052574
-0.745141535442066
-0.729036112170195
-0.600950484402094
-0.728342367954089
-0.755894675726519
-0.749510264731277
-0.69146588188601
-0.786783792440754
-0.598542427628955
-0.582890813585146
-0.682521770876392
-0.560277043201174
-0.552003792018583
-0.703162105326631
-0.544719925054287
-0.7663176081639
-0.72187078146789
-0.636510544339288
-0.743256136546781
-0.551204070243099
-0.721123112425108
-0.660209391272812
-0.687336677109933
-0.611679043041086
-0.675331065129381
-0.667771829188137
-0.695081238008445
-0.617491833031945
-0.597020544179552
-0.587409393187117
-0.674933829169027
-0.647201638386593
-0.612685694663699
-0.649946558628499
-0.677192728382077
-0.838062670997989
-0.516138091499829
-0.666349841049459
-0.63960801427018
-0.631361877251658
-0.631873661334742
-0.660728345172835
-0.574089045131303
-0.726325022451427
-0.552027205117192
-0.580270062326282
-0.598101396972494
-0.699977320179683
-0.624224275978607
-0.646699219589606
-0.630602440401759
-0.66155439131873
-0.42464418176501
-0.498902769812838
-0.737688404208316
-0.645150250394898
-0.564456881475305
-0.467187487494471
-0.543389328405042
-0.525046617114465
-0.679100042726185
-0.418102263433518
-0.390178540578927
-0.718943323124607
-0.599042462297643
-0.560145364330132
-0.531107503903023
-0.497165713574222
-0.635990401171574
-0.416743684321586
-0.493206470474485
-0.639557544098268
-0.678399911893425
-0.442663770531083
-0.396503189141332
-0.448092943555723
-0.614588603837393
-0.548294690042373
-0.386843747340766
-0.568558208750762
-0.506561330171146
-0.571559314817802
-0.58295645936929
-0.42588238524984
-0.583231031414074
-0.52467528124506
-0.565572319109888
-0.398852182714961
-0.587749565538102
-0.463690779106505
-0.378576535032693
-0.495824290368827
-0.577059273438362
-0.587916753016407
-0.429659711019146
-0.464802420738264
-0.551842418712911
-0.528051735417692
-0.543205318762845
-0.550926162911299
-0.683817866292789
-0.466136330964457
-0.429898566994558
-0.382634676176312
-0.452924525988625
-0.53725868539684
-0.481711578695629
-0.413550553228948
-0.517002553232265
-0.402841339535464
-0.491719047437413
-0.449348863486125
-0.474733058349294
-0.476351006109235
-0.35407092112215
-0.344704359899896
-0.471300489906634
-0.543062829760113
-0.47898595940536
-0.285172364247054
-0.466851402861868
-0.430610775049422
-0.366471316656515
-0.510502395216441
-0.546458228724481
-0.458984400838519
-0.323158538791241
-0.371166068397896
-0.533228651545552
-0.425496601987407
-0.370277388542931
-0.34631760968011
-0.45639564049018
-0.452251744525672
-0.310565617338509
-0.33829279219667
-0.395105374834415
-0.576655466590466
-0.396575949172464
-0.410874411500792
-0.410639676305853
-0.313656524720242
-0.547443414560207
-0.366697165520617
-0.477092344363587
-0.494662747499013
-0.334914228446692
-0.406669262147172
-0.339456104141271
-0.393703582788478
-0.223803420280317
-0.235475463625341
-0.373112565495159
-0.448630589597501
-0.305793289486303
-0.492623175842908
-0.315686439594798
-0.565878741523893
-0.486276294191403
-0.261960049192394
-0.40275426373677
-0.29582756740406
-0.381096557811332
-0.520076934406382
-0.277668463860652
-0.299293282030006
-0.299358969331897
-0.352654642508761
-0.233459803363845
-0.217677302860118
-0.347431845762508
-0.346558667097294
-0.346842733847102
-0.304168291674738
-0.476687812935602
-0.343683074258625
-0.343424804738838
-0.318915803433085
-0.140060321629569
-0.415600131035359
-0.446182893734189
-0.442598189379953
-0.334771738110317
-0.384136243684439
-0.295811694689353
-0.397325347880603
-0.289750359358449
-0.407162500363562
-0.308748891872085
-0.259148347060905
-0.324064867044469
-0.275452071529552
-0.435072205569956
-0.294401684094972
-0.24457266371531
-0.292612999247959
-0.481203185315185
-0.340540231629288
-0.251953794191652
-0.208372047367504
-0.287868355703294
-0.336624285683557
-0.295196749722792
-0.347213278803731
-0.19168585813987
-0.325818492741504
-0.249047918643222
-0.381977283508837
-0.334816754172718
-0.338327971990493
-0.298117476718981
-0.398399064803699
-0.273248387237195
-0.238483545486901
-0.134186570186761
-0.134948517346411
-0.158792198876581
-0.298331109696445
-0.304717742807308
-0.210972050571891
-0.286020923109905
-0.170208983532087
-0.276776764518918
-0.0687321068936121
-0.262107781404926
-0.449603147285098
-0.353688891216232
-0.236980860055954
-0.174491146856363
-0.379933906884107
-0.362622836602426
-0.244699637948412
-0.157924494414529
-0.145283497050387
-0.247384961945126
-0.180520437527673
-0.267848022091381
-0.153352804903151
-0.121807590426987
-0.357248802236021
-0.178067434043714
-0.303325082438966
-0.18682519460239
-0.159737636456412
-0.196161787162793
-0.20241324430322
-0.101745211380236
-0.200838964245994
-0.324042126881002
-0.21576878495127
-0.087617510225333
-0.346985930530917
-0.177074530405206
-0.19142243230625
-0.015701720693711
-0.1778635389685
-0.150094348969323
-0.0873406068040442
-0.225159356948351
-0.205243458431238
-0.149694332697758
-0.352471547150579
-0.120919741276598
-0.302938417171872
-0.158068591636738
-0.0877389698468432
-0.251757823400396
-0.148115947877831
-0.21816037214224
-0.250645541692664
-0.26920207956807
-0.109670939410284
-0.122593816755008
-0.00309417401766633
-0.160208109965007
-0.0592951834328284
-0.227100981184293
-0.288706030041013
-0.232470245533177
-0.188152374733393
-0.250460453737577
-0.0690461334911593
-0.188897829839519
-0.0242955992204526
-0.0801720150098212
0.0592742126718416
-0.0222789674597318
-0.0857922602847338
0.0242429702896631
-0.187344746554369
-0.168976432172943
-0.134674586353365
-0.111574143459344
-0.0171095487547368
-0.201374853270262
-0.0865594513039383
-0.112674198777012
-0.00536493730260556
-0.18838450848096
-0.191391186778859
-0.14325101090691
-0.0561510868958048
-0.0873408089525496
-0.020155502366231
-0.198078716680558
-0.181037532491401
-0.131519958812954
-0.0403281226569357
-0.185174608927469
-0.186364983975476
-0.162301641206564
0.0297393124588135
-0.0715636825470273
-0.0374459317380224
-0.144735938517476
-0.164565783252931
-0.154870095544051
-0.136391425633774
-0.215467054831984
-0.115168972032006
-0.0759958281240548
-0.102777157588578
0.0962075380501585
0.0144310846321719
-0.17074375064088
-0.0896006046060927
-0.147129531894551
-0.0197764898814006
-0.107825474836445
-0.18554597781366
0.0853627455546926
0.122141980689626
0.066674186546033
0.0293726892225917
-0.177314646670974
-0.0607183987777051
-0.0386970860885807
-0.0308924536907282
-0.00348288710100406
0.0451551821605006
0.0323207407746944
-0.131206184098483
-0.192182099529696
0.123430973505308
-0.0963405171119619
-0.0161390193404095
0.0406462303043732
-0.115436292260356
0.0426134534345875
0.0647887673596193
0.0283325130196181
0.0379225947912833
-0.0947381664528672
-0.193065429051047
0.112550348608358
-0.102406109779595
-0.0352686360314791
-0.0163991569127677
0.0617919199870028
-0.0910334278859833
0.0298668668534787
0.201654270996467
-0.0431169471321048
0.0386074407006965
0.115857242110101
0.0784189527282198
-0.0120888388577021
0.125662641506614
-7.35735924719936e-05
0.0444529964024593
-0.00256420154526906
0.204131939676474
0.151246869991579
0.117105589567506
0.0572955507853411
0.0904958800562401
0.102759447186324
0.0473827647368473
0.022836226235784
0.145144807479146
0.0602684474715651
0.139251073567888
0.0468447128482731
0.0189093956750912
0.101840014247821
0.00590048848214588
-0.0164791157832902
0.160877457208831
0.0901850959456181
0.0087379949982836
-0.0467220331230104
-0.0130200195306979
0.205527089992853
-0.0175084618879759
0.134196981336336
-0.00104001966854023
0.0318063824742997
0.091457705121151
0.0136173589874651
0.164255974729896
0.0895291904365862
0.246674444229737
0.029573663443793
0.192430005605628
0.014259644350016
0.156827292195386
0.0430087984158355
-0.0993101780312956
0.126353295475611
0.0919951689107088
0.225864389057259
0.246036328167
0.243737945262293
0.0174083929039202
0.118222005648878
0.250345262525825
0.136706086349283
0.116742336055209
0.134766492983839
0.0986897664181469
0.163412478345119
0.154008694058071
0.0314444791158067
0.11593764534147
0.193969815261388
0.0590608269609318
0.318707078964804
0.0507186402645784
0.197146031450032
0.207504273306883
0.178711210414954
0.114703195850266
0.196540998255006
0.123837982079295
0.158348624923874
0.311429529905955
0.307361579206771
0.255402244806799
0.109190689630252
0.0773289005268451
0.147532846363815
0.171511678828034
0.112773785875053
0.227675895520118
0.135378950086078
0.317371521193621
0.0986157473554421
0.0681926370916744
0.220116235659724
0.169277556737266
0.379164300724779
0.338434230914945
0.178337861543291
0.345178244012992
0.229669966890711
0.245364392004894
0.255867543468322
0.217690326060645
0.208507929372322
0.127722953021987
0.250566094052463
0.308488203703357
0.278897447753008
0.23235744992416
0.341867772737107
0.252650390225516
0.361662114559002
0.2006987650978
0.151820660329309
0.238413447376994
0.264292661413525
0.29842935424713
0.184914567115546
0.366258186015535
0.236967506606461
0.318870568663857
0.293696399770881
0.121065455733213
0.0935855289415117
0.198854293064934
0.39083009642066
0.285164825598819
0.236937014574416
0.278955488879917
0.369324293794224
0.202286533400257
0.0898444285224036
0.382295708440466
0.288632652566503
0.197092068507722
0.352722603757289
0.072519781745097
0.325102291399268
0.189981828432021
0.231270993491184
0.283432175447349
0.259111508101034
0.256225732338362
0.392139236690299
0.331475049158315
0.418398872750457
0.395596314400783
0.433056437227541
0.23210776007461
0.388352798593461
0.274960088699572
0.346427850840623
0.199122487976452
0.380589822981231
0.218561914574504
0.523418484915839
0.464622814575748
0.278675999921576
0.340233412976773
0.364004097323547
0.377868561271385
0.247888892937355
0.244698965564915
0.310964988979727
0.33874047099785
0.417061271693075
0.39649765395732
0.274017835384556
0.45941927072275
0.458179440390884
0.413276216026558
0.489054766873308
0.493214995112273
0.341622660945214
0.396461140426249
0.552470099119839
0.151250532038038
0.360902418425998
0.408476288172523
0.262489947504722
0.279226082652447
0.255891399046155
0.529568694922278
0.396807282952057
0.293943391262607
0.485452261291135
0.409330471196094
0.381782259938499
0.361616092912235
0.451322835617151
0.344748925868901
0.495850986893752
0.422257092466813
0.451867556526649
0.40938104479187
0.44872301808597
0.355028840933184
0.390654304124126
0.451022177991796
0.38762738606847
0.413254705379561
0.417762173146904
0.282467356842172
0.381599612075857
0.408215177064519
0.519120643630768
0.388010092842634
0.443925971587982
0.368465358476531
0.42589136077108
0.439088648740658
0.286758850778911
0.409057393605833
0.538094749880165
0.467440076740634
0.563972271614628
0.606512320427968
0.445425046729845
0.479063048039936
0.340843018707556
0.528613271473627
0.491848512117891
0.340284959395533
0.570795185663391
0.49971556987511
0.456129507272958
0.581645858724016
0.456997483212507
0.531183441313126
0.541632935975433
0.593927725457647
0.442632889223252
0.546105631649277
0.436299524301205
0.575274958543424
0.411631274973897
0.390269445936616
0.442312809847175
0.737099267133933
0.527069936396185
0.492312822664786
0.421043066184547
0.496463982124439
0.570944401468045
0.544622959583729
0.368363393803221
0.587304767795491
0.669217042700427
0.433135287137439
0.453736034582568
0.442829663654859
0.373933972156868
0.51466889540219
0.559305805654358
0.489826028928583
0.517518875079822
0.513560452875669
0.459914334464524
0.429836823271817
0.526530354965703
0.537113699020423
0.601104982316983
0.645496949140566
0.615106997752135
0.359268189564346
0.507444049766082
0.576331561518647
0.583781346492896
0.599471535404807
0.425007916383756
0.541745224905912
0.626830752785026
0.622905663868372
0.569363955593963
0.643696459648406
0.544385254462075
0.540381601386276
0.618065054814901
0.567350256854712
0.660026811543146
0.57978102203009
0.607229305167118
0.378193625855838
0.470314886301219
0.592601259232471
0.549514286908463
0.603615680708211
0.534776696117717
0.561039309481104
0.528274358065741
0.563034983569826
0.6223720780129
0.562353779468222
0.454971939240083
0.847224456638848
0.643422688053862
0.575667469328196
0.590062764418136
0.689510900527444
0.52472986733603
0.718990193192842
0.6051135887893
0.584673088354877
0.57609865063063
0.625879448812596
0.59948798024402
0.617414208536351
0.723798928762422
0.558679319628816
0.7270826910907
0.550313405255202
0.59609945347113
0.697999831499551
0.599782001451021
0.591309169324163
0.766692346042823
0.752930732670088
0.619663314646107
0.672386335809936
0.673807990934442
0.724447747752375
0.70067555109718
0.672177043458033
0.77511442122388
0.7556468824708
0.733935726848342
0.57819690222974
0.589890171492169
0.70863036926072
0.751795815420835
0.7373205830308
0.666676726777771
0.523985923519201
0.618695654014313
0.778789849780455
0.6239658530362
0.733015687321857
0.693778271713744
0.821119786728387
0.654814006025396
0.627643444390026
0.588774087889597
0.760842099437605
0.749882166320462
0.633440922101675
0.678721215954263
0.675222543853089
0.713471926891037
0.71753501798064
0.643067596200263
0.731202781537195
0.591488045615997
0.888239884310817
0.61413997973996
0.545597463051796
0.77113330256473
0.750406079318622
0.768537027026221
0.675064195710467
0.824499360464269
0.685930333511946
0.747576029620597
0.709778251162725
0.734577076432078
0.713832600627535
0.827904922029498
0.869627773119495
0.878881819215942
0.756562661623789
0.664317398735641
0.565034436158836
0.718930005917886
0.726504983769453
0.829351980253608
0.766808351892974
0.683877707114772
0.902508838908812
0.702872955710761
0.849678233904474
0.777386039593646
0.683231369914492
0.827527518702139
0.719038768856477
0.965350924751295
0.724638182218234
0.666566570911632
0.826682843810467
0.830458918906207
0.688118682281605
0.773054679772047
0.750317989244291
0.851615878847092
0.76956623227333
0.810339224659129
0.679997532440807
0.645188452666904
0.865742167235916
0.828597692240618
0.823420177969513
0.855843154497152
0.843758991720057
0.93352536888361
0.828751968634919
0.784827937075906
0.900026327292503
0.951762012417866
0.782356254306382
0.90304375495921
0.67778843129418
0.736545419534516
0.82941222185788
1.02854649503681
0.756865028503921
0.887174190255961
0.809725857726182
0.694659182787224
0.833013920019673
0.941847605057899
0.761200913722502
0.777801649326797
0.901631446242634
0.889984580052975
1.02259120101889
0.86879086251925
0.884119173603784
0.901690858922856
1.02032222676565
0.819725741931472
0.863728477085062
0.951375631637093
0.7632548978255
0.96396974832072
0.948278633433213
0.696731293599701
0.892450582023545
1.02473055214897
0.912669330054654
0.741240445166081
0.966978354254168
0.770824199988136
0.90463490176523
0.869904723170098
0.745629074976643
0.844131132507221
1.06005661114837
0.830005913623932
0.824993646987385
0.978084931363691
0.934536227568041
0.889374646808087
0.961442111549298
0.890209825737592
0.899172542881285
0.921146392836327
1.02928839353382
1.03254220395729
0.852789358405188
0.919347038280279
1.07824017685226
1.07312676711739
1.01267352677424
0.972479117172131
0.954738784207947
0.834426571110538
1.03383254001039
0.973706724634172
0.892373471345171
0.807286366999904
1.00771687634599
0.982062009478071
0.783344697340013
0.757139640395966
0.827165159540058
0.971656333299985
0.846864693083798
0.966179101763796
0.837463533417106
0.988284162516864
1.01490378743577
1.06194679184662
1.00196772306981
0.974725459966113
1.0013071480142
0.968658430076657
1.0179274519108
1.02913213102959
0.98054026039395
1.06445063803058
1.28360880876839
1.12273582359431
0.998086238227708
