-1.19082693331363
-1.09517077094311
-1.12202367392698
-0.885831328021249
-0.950756061780993
-0.94784881531466
-1.00148194079051
-0.920679811904058
-1.15107176874501
-1.01765726545762
-1.0117787036661
-0.978950880024687
-0.908252110731726
-0.866875413383233
-0.930952874984488
-0.956593783348486
-1.01486951115784
-0.986935808762666
-0.95005229387774
-0.898562290510734
-0.916316008268413
-0.964188926969531
-0.851661406538823
-0.909822827782091
-0.979746553853065
-0.840159620010126
-0.909849535335458
-0.88948797780227
-0.919003935303129
-0.968507437962394
-0.969916753635539
-1.04392874525511
-0.911118165139402
-0.921782993969542
-1.02265524567024
-0.951295449690588
-0.928606936236838
-0.920089332122428
-0.818309595616908
-0.839328044548209
-0.881816103733706
-0.790159260363159
-0.778556345662577
-0.807572275020484
-1.0048401216537
-0.892889526856875
-0.897534940699284
-0.946226879194048
-0.893773585654757
-0.859921182884478
-0.783952935530114
-1.00731761932705
-0.865507835296861
-0.887738152722594
-0.896405158242774
-1.03054682907237
-0.910002849657579
-0.90094126555912
-0.96128109050165
-0.898551364791375
-0.705907928572459
-0.927262794164596
-0.909193796489504
-0.757197280342851
-0.794676537789804
-0.720409003310075
-0.908992617178788
-0.852323382908845
-0.840624367838378
-0.8327701702872
-0.86930608612297
-0.824304881095222
-1.05643196134155
-0.965601576050343
-0.938895488671831
-0.92205537121674
-0.843376611714962
-0.719084074253066
-0.773582110342597
-0.84105181568256
-0.838243762594074
-0.854540533870558
-0.886433939182692
-0.820123180989605
-0.785810081645432
-0.752871233383624
-0.814280176025905
-0.877150601930942
-0.86089195469543
-0.806498928093891
-0.735238967910884
-0.71564543575526
-0.760268616175215
-0.619318381702924
-0.811196591549748
-0.909067166095683
-0.851342647966549
-0.720485238927874
-0.771203572918749
-0.730925932766528
-0.890197272606691
-0.799327186569296
-0.816714323974044
-0.890771062886957
-0.81619413558589
-0.879357136962829
-0.782285572286997
-0.801380322728445
-0.813509548519101
-0.76441592198502
-0.801212935493424
-0.83170443691436
-0.774579516283928
-0.610919754828488
-0.774227254142796
-0.884789192327399
-0.652031723519479
-0.68959560332474
-0.634412134132665
-0.648934304735449
-0.654926176981221
-0.771312116157665
-0.694026839961173
-0.779062231385332
-0.716043176862835
-0.699164841764297
-0.728097926099369
-0.583050747699312
-0.66500445685498
-0.792734558663016
-0.658999531082717
-0.872834582047988
-0.623496077012651
-0.638835530789571
-0.7345205483061
-0.781899887365103
-0.751646509797361
-0.713960094152508
-0.652271961154853
-0.757867924025531
-0.677756817743723
-0.765779336445638
-0.803006339953202
-0.87295111545487
-0.6202669152373
-0.76393426443701
-0.626162173182591
-0.753055057056249
-0.748750612985931
-0.738120019662007
-0.538191850404708
-0.646333977712516
-0.783092908372899
-0.57910213017669
-0.770868864933852
-0.745101351588588
-0.600905548729128
-0.710230611618747
-0.763740476982435
-0.74781142509998
-0.68302699918018
-0.807479880849759
-0.628832959982967
-0.597569016371584
-0.672654606200236
-0.574937928374171
-0.56621369267142
-0.71287852611518
-0.540778242339647
-0.77107704966508
-0.717156756017201
-0.63624573238543
-0.7391075041649
-0.546588279686941
-0.729260146548844
-0.672480957859348
-0.694845182108954
-0.582252382054703
-0.679301395682966
-0.653313258322451
-0.701083760862062
-0.61258994412855
-0.613150807287837
-0.583615504031928
-0.693799759772759
-0.63074996618133
-0.589313323334937
-0.657688187282934
-0.65900081036026
-0.824578170138906
-0.529413047327742
-0.675498571721863
-0.634208095104971
-0.645939363536744
-0.635504356399117
-0.669101827898061
-0.568968835530412
-0.743582283930744
-0.561045663165351
-0.593083992906285
-0.588693720213438
-0.711705150942523
-0.654089043051052
-0.627656935937783
-0.609322634875746
-0.663377344428628
-0.411715637565903
-0.502548395422885
-0.760995346349302
-0.657221542170802
-0.561795124017349
-0.475626469880326
-0.521892736500479
-0.52963958177985
-0.683684249819359
-0.421999897391356
-0.406426596546593
-0.707460355375057
-0.608705998632635
-0.550883711113976
-0.530892485052555
-0.50277380002967
-0.645429556762062
-0.414872901485245
-0.480044385601811
-0.632760809508494
-0.674502404722255
-0.46228629873022
-0.390429126646558
-0.447580017026441
-0.629022214292175
-0.581788956507776
-0.380607159962453
-0.569504733105467
-0.516646424614535
-0.585533078942013
-0.57803722419741
-0.413769679267698
-0.577515352609501
-0.533610541979291
-0.569510348840398
-0.409285804687007
-0.594657962066407
-0.48216365393498
-0.375203056681792
-0.502015134347209
-0.567684397815575
-0.568170900591037
-0.439743589790339
-0.462869163213736
-0.579707695523081
-0.533543633016742
-0.519326740281704
-0.547243264787121
-0.66150405043994
-0.477242941059412
-0.404001767765873
-0.37925387609855
-0.466970781937607
-0.547418591649366
-0.456672465445202
-0.43606414106958
-0.534450178575475
-0.396194862934689
-0.486430750209445
-0.427006809868581
-0.471704731428934
-0.472019683438828
-0.347185354674945
-0.352079160579552
-0.503509740443771
-0.524647490352297
-0.47590374780784
-0.306093576651624
-0.456583063915218
-0.419019674296236
-0.384119665023636
-0.486612068040177
-0.544962266581511
-0.459708750446831
-0.322387795323377
-0.37933994075476
-0.532317909911929
-0.435770371095504
-0.390205922936847
-0.376184979465606
-0.472141169871003
-0.447768930196021
-0.296247281152727
-0.351897200523025
-0.418991969102533
-0.566050972634035
-0.39640782941158
-0.407342458824149
-0.445932813592519
-0.322703549649393
-0.533836073754684
-0.357540044275526
-0.467494719209878
-0.475209795340381
-0.359563448553705
-0.389207671787455
-0.351589449811055
-0.383928627388204
-0.217726375316496
-0.236925055139774
-0.386057693779169
-0.420489615880815
-0.302593366308428
-0.489334858552669
-0.332244683689516
-0.560372528393053
-0.47524274686177
-0.259050342907907
-0.371869883894473
-0.279708985219041
-0.384426990346632
-0.518341107661217
-0.261235790330281
-0.311621862919979
-0.297028153559914
-0.346331070851683
-0.234155883623394
-0.219820768672938
-0.333432033724316
-0.329483918780707
-0.357233524045453
-0.315640080212353
-0.486367979829028
-0.347239464436859
-0.363128983867544
-0.309882636453787
-0.142197956791449
-0.404485604034617
-0.439097458661871
-0.439341729755829
-0.346262496800149
-0.383850198396765
-0.319026668519428
-0.406791545299589
-0.301291403752856
-0.386617143356242
-0.351278957585076
-0.250555046269254
-0.323265661976264
-0.277300309525666
-0.425244352616457
-0.306834645266386
-0.247351568742074
-0.272961021744364
-0.487623208707987
-0.338121279167067
-0.250666694548491
-0.195095700448529
-0.308373780331453
-0.342158324132171
-0.281502999087615
-0.352546645349268
-0.188163965169416
-0.338375995028612
-0.248301154997405
-0.382720047672474
-0.339581209248075
-0.324670418341927
-0.274470018458707
-0.390168474565027
-0.280281928685717
-0.245009225869072
-0.137084797561357
-0.130032313434704
-0.157747544237597
-0.291712537291296
-0.309056062007908
-0.201437145898706
-0.309864491654635
-0.16281710573022
-0.27536212346957
-0.0385327475235786
-0.269917471283097
-0.465100205504894
-0.330932432042802
-0.232148563277297
-0.173117852541813
-0.420229440802744
-0.372552189122175
-0.266147842271748
-0.145865203945737
-0.146732557856861
-0.250361572707164
-0.187194602003546
-0.269308774340031
-0.153321033335068
-0.124340778973931
-0.376152976092392
-0.17690779082596
-0.293096864545904
-0.186218767510861
-0.164888024499772
-0.159261891341594
-0.218506980638027
-0.102353379604531
-0.184390953532793
-0.314162014430346
-0.220096463601279
-0.0618557034925161
-0.335127587592168
-0.180952910450714
-0.168598704080703
-0.0191808000909777
-0.184282006355023
-0.147022440829064
-0.0991820720548245
-0.243344575246774
-0.195249079175961
-0.161289938490718
-0.352375266744247
-0.0867985642283861
-0.321955521770863
-0.128832879087819
-0.0999355745124643
-0.258888369315539
-0.149533659031576
-0.220274856450006
-0.224879207111236
-0.263713105695522
-0.08803186391501
-0.130297324788224
-0.0255229003317148
-0.165234473708894
-0.0586740675557517
-0.2363804988258
-0.29187507777768
-0.251373238292773
-0.185206959379304
-0.255452096695162
-0.0758247227067801
-0.179958963166798
-0.00891970112055147
-0.0740062432920612
0.0349489641739465
-0.0131045444072479
-0.109365714706116
0.0108674227352168
-0.174290554667409
-0.164767565052032
-0.126874162428613
-0.105497849275926
-0.0257478912679157
-0.188524125026774
-0.0696527586864039
-0.126884700550224
-0.00362634543504644
-0.164624048371993
-0.184004289523226
-0.163539586597309
-0.0621428561083951
-0.0788248817796613
-0.00843394566832266
-0.205813979228211
-0.1999374523317
-0.123841120265886
-0.0326144492134135
-0.164821394303869
-0.175408806533391
-0.175461552284993
0.0472252003796623
-0.0770121131918757
-0.0499697792919824
-0.141385770594253
-0.165549452049643
-0.169797591815196
-0.142379786278989
-0.196631467702829
-0.125316790135083
-0.0713447429766275
-0.110914420783503
0.0879155917032699
0.0222485935557953
-0.16512340920314
-0.101016895221074
-0.135607208067705
-0.0231583637249324
-0.122419093443688
-0.190618153023521
0.086170650268503
0.116785146571789
0.0543957084991808
0.052367045279738
-0.163666846919859
-0.0568181725775383
-0.0336931686506938
-0.0349684697686904
-0.0160948052773162
0.0435258739943814
0.0439382596990559
-0.14542042032274
-0.172133076789238
0.111329450579215
-0.0796371850888765
-0.00567463851640733
0.0625771024185131
-0.0967017829993995
0.0493036482819869
0.0794879884925038
0.0260896778924634
0.0286405004014671
-0.0958816389243975
-0.184496227066061
0.114156786674382
-0.106068241592313
-0.0256556919236332
-0.0105822595049475
0.0541547133055966
-0.108559689302582
0.0135917958864239
0.182538266534952
-0.0436432973824907
0.0417413871691421
0.100896051644524
0.0654409210230144
-0.0237829537678089
0.11094196862514
0.0119016039349404
0.039898698112452
-0.0110283217408827
0.180350291596484
0.141439720027336
0.147918280856685
0.0367136836700845
0.0679434813636618
0.103119357209897
0.0610959991527707
0.0294963196945297
0.136884216349889
0.037392541960172
0.122315946402948
0.0322666357510269
0.0208887793735179
0.123077570595318
0.00702751853519016
-0.0340439091454291
0.16592354684737
0.0992989469732015
0.00708362182031738
-0.0493184206441363
-0.00802903683225691
0.181229361401605
-0.00248590563625013
0.156567345504639
0.0173230658423555
0.0363236077749183
0.0880355491507631
0.0257992889335089
0.171041004416784
0.0861055913757206
0.246595192118982
0.0513222687764453
0.175194521058347
0.0413257162567433
0.156709630067874
0.0449793926509781
-0.115120103567957
0.097899346310228
0.0861457622349693
0.20187479887077
0.255698522990558
0.232660484555816
0.0240030129927807
0.136026932570393
0.246852838861671
0.145668014611499
0.107215502489576
0.144484226821664
0.0914985130240986
0.159545207753328
0.144979846961804
0.0285823494856986
0.151199590642256
0.206424400409356
0.0852268198910787
0.324985569918987
0.0245271549434142
0.196744608109363
0.191871848643744
0.167750131411666
0.110953716427391
0.240817317161569
0.127242241963205
0.148900951176227
0.330218104069802
0.305882945444169
0.271112288373158
0.119868229931828
0.101308928376215
0.11276247741241
0.185800523825429
0.131878488312705
0.237252012900143
0.151451640559972
0.275834391273516
0.0952242517618271
0.0766699914936092
0.200445472128521
0.15594785772112
0.359648476710616
0.325056383146967
0.2041882486813
0.361984708122087
0.237759641970354
0.239998231530514
0.245388894507087
0.239662440872623
0.208760922510365
0.131045802259476
0.277566449118308
0.314527856751867
0.279339695341806
0.230286692457187
0.352087749405202
0.242411620726497
0.354268516735255
0.20868457756816
0.141228176472453
0.226744510752686
0.272771341211564
0.279399641233777
0.172114156272816
0.344245784981087
0.246138801853077
0.292312880493628
0.280499692123854
0.117521762470962
0.0872031988695209
0.186231302669892
0.389420108113082
0.269102525433178
0.256243681552505
0.306531935641592
0.337948577119385
0.225848740843457
0.0784725691383114
0.378276758521074
0.327262502688752
0.221841691702082
0.361524062664918
0.0715805373480188
0.339401173277027
0.184882125276332
0.230163499192584
0.277267094306742
0.2715055083002
0.258174317082298
0.381656064603975
0.328938907163694
0.415449570305953
0.396486723375196
0.447760583081613
0.221627840460735
0.378850852137507
0.271727494178318
0.344673629087428
0.197028443090043
0.347896222024895
0.231885221248693
0.526772022851222
0.447168046110658
0.277075915543811
0.337105340010697
0.371708119865712
0.379724166233573
0.242282331959569
0.272280387817086
0.301723433789731
0.34030679592628
0.41949336936873
0.375909587010839
0.259318488588405
0.457357642777114
0.451516379906951
0.399305458270934
0.470153627627206
0.502513083607604
0.339467730781444
0.415305172578418
0.535698739225412
0.1875400852224
0.346061544987821
0.419974273801753
0.256093261268881
0.300714518466748
0.249041245278556
0.516882717302216
0.402913005116985
0.323757448654978
0.481833751197389
0.416454917894164
0.389045323978382
0.379286128167547
0.438771103013592
0.344071906612888
0.502899720218497
0.413145388835488
0.432293626282864
0.400516319449637
0.440961407411876
0.359553934192135
0.38881606361108
0.447822555123028
0.359591486101563
0.397862698368497
0.413364528044042
0.295358643472445
0.39572661687138
0.388238049245011
0.500855905402749
0.378329531541712
0.455791261655275
0.372378523362579
0.42287416127822
0.46303000831312
0.287522043625653
0.407073620153911
0.564882895348564
0.481267738055704
0.552147269456788
0.623130543319619
0.444550119493933
0.457880344165577
0.333458005684593
0.550295516751225
0.475042696333319
0.355649523488612
0.575648246719629
0.500095493569218
0.475482229107863
0.605600953070224
0.455694377984312
0.543791226328699
0.537850685463937
0.565863666319436
0.474386331853249
0.551639116490123
0.430110130227013
0.580351879577868
0.42196910829811
0.36592404793201
0.432747804885712
0.728696962834262
0.512807947328634
0.503880835201224
0.423887737881915
0.488257025010569
0.560841681434681
0.555192102098378
0.393634059091094
0.57645608622232
0.676905874667657
0.454760298459633
0.434539958036814
0.445068291563723
0.366022312245469
0.520689244747187
0.558053786958839
0.465454435993712
0.521457410279433
0.493108551613244
0.429029358212266
0.426885778995947
0.511822111533949
0.528028949221393
0.593960618631176
0.641378098118453
0.615438283408012
0.371888063586282
0.492858605385268
0.565250675982667
0.625087244443233
0.584940525493914
0.419721530598691
0.532797738275539
0.630575161705183
0.626898872634493
0.542174055872738
0.627366271523629
0.552054930184775
0.516028344245578
0.635833707611748
0.546271180549841
0.656566000902791
0.565266843692387
0.610714270322016
0.379208314200702
0.487079989355919
0.592988241386027
0.552373700809745
0.635722498074373
0.524441805813412
0.580670699603443
0.530615051805144
0.556576353435079
0.611710102969197
0.563461430657335
0.434909541612363
0.826894190199743
0.637204727001179
0.565054638939219
0.599796263854109
0.713432332374661
0.528701677637283
0.703111349946972
0.618495464604934
0.58569390125107
0.593999661348004
0.611362187203769
0.599025426376241
0.621948780446274
0.71947171087177
0.566519575814129
0.742963143248805
0.564734980036961
0.614521476759445
0.702879997049254
0.591500410377278
0.578461284484207
0.776824843999123
0.739963923746427
0.618391126223097
0.666528440037051
0.660958907458391
0.72560716990488
0.724854570672581
0.680525391994379
0.758857093138573
0.763026879590131
0.747099809988145
0.557921650690633
0.606881494258932
0.720403959997972
0.752495861552274
0.735698076139279
0.659788552855737
0.514815542496237
0.622382357452034
0.759063024187185
0.6239402562337
0.699663594592862
0.69773160112613
0.809137604831031
0.667955662947327
0.649831237377681
0.567301623479476
0.754264308115141
0.740697861177953
0.606705718428815
0.668342165034448
0.679762225762629
0.698953965188802
0.705808685833695
0.658364890496602
0.725752868412285
0.586680594109074
0.85396186994208
0.617070806229892
0.542314004498456
0.773195909025082
0.738765196921453
0.775369027127743
0.678459249132201
0.856269655692079
0.669366968396076
0.744748049042723
0.68810438578804
0.712973481978395
0.711012281264514
0.82632654250052
0.888612306701051
0.879414980032375
0.754123468819048
0.671696618194408
0.55717022825174
0.733910559840021
0.719600789924146
0.837831665426143
0.76118485476426
0.711082821169054
0.870996790235281
0.699612706982205
0.858623712523156
0.773993908087843
0.652939456857347
0.840896374360829
0.73175271231023
0.923962050487914
0.736354322380199
0.657304280005632
0.808443381473796
0.854864210651618
0.688589450439526
0.773888453362268
0.725375066002391
0.838688820369916
0.768094071475274
0.813987784561843
0.66489511256471
0.645961530068616
0.884441748945628
0.834503579894855
0.790057601380689
0.835838871769491
0.836302871882748
0.925147447150326
0.827973487972579
0.806724168985676
0.90685925418303
0.971832852106278
0.787212335322144
0.904568731519066
0.659990006512579
0.742006279024048
0.829759781510342
1.03241000476643
0.757975186034929
0.889934189760856
0.800834391038052
0.684051017427935
0.845096874181829
0.939940077891894
0.793165593349126
0.763649949019911
0.886037560516422
0.899261979121619
1.02590023852331
0.882777925313222
0.889524112220694
0.877888267293191
1.01550987219906
0.823505589479408
0.834899834390144
0.95050614419027
0.762820129359831
0.963990710485701
0.954901181572506
0.68612599218977
0.891821310705584
1.03799004326261
0.896178930660715
0.738905098327478
0.962032285472681
0.812604696527045
0.915884804796615
0.88911604602338
0.74868834364836
0.862160222051131
1.06239271202749
0.825132698881405
0.827118494497531
0.987526497342846
0.944026106445737
0.884267274158584
0.947527907553901
0.868329065452359
0.891791100449723
0.929910850254509
1.03218863693142
1.03648402129716
0.840412202286335
0.921414205655256
1.08631611923856
1.07336532170241
1.01381022331548
0.959345001748928
0.942984546989626
0.816648818917788
1.01048000756508
0.992295841054969
0.899567465847011
0.809323461124395
1.04560796517094
0.980462702018014
0.785363158040532
0.759760242240228
0.817200714247636
0.984183133579996
0.875586439793473
0.959212750979859
0.835233881171744
0.958776864817708
1.01228682874338
1.06974042010107
0.989243398668786
0.981363617046561
1.00221365935402
0.967708349896049
1.03923557906492
1.02007280325821
0.971397418120074
1.06201037642195
1.25928986197681
1.12285038769734
0.999287329399671
