-1.11681587360057
-1.01274853296562
-1.028124894937
-1.01741243488986
-0.922163735755467
-1.01698920026125
-0.893490465001824
-0.951400227053697
-1.11983517931356
-1.06792163429662
-1.01826369926103
-0.970115564534009
-0.929716420855188
-1.04287147684379
-0.89553888708387
-0.983781482964671
-0.914951567930588
-1.00332867029019
-0.999109183059447
-0.89563794279144
-1.08260626331466
-0.994380811002997
-0.902865661096967
-0.866632651071128
-1.0044181920687
-0.904300567876439
-0.887337069880358
-1.04110556633732
-0.953996931871399
-0.927224075166388
-1.05811472634103
-0.866405715849648
-0.89629496566158
-0.819197624936526
-0.842065383817987
-0.88857048534515
-0.804154761128493
-0.902411747239196
-0.877357537928926
-0.967180981580746
-0.872068739183218
-1.07472710179488
-1.08453877779605
-0.964565413472051
-0.830345368192592
-0.918055847884999
-1.0038900600229
-0.851725000747654
-0.798746970605057
-0.894971734061266
-0.869977597016176
-0.880857785856489
-0.848063882991894
-0.849030087419469
-0.851864687393807
-0.850109134206466
-0.907288482533077
-0.822136919171275
-0.958684465419516
-0.966085386447545
-0.839303099970339
-0.875915360924069
-0.909646883763359
-0.853071736837746
-0.878874101263341
-0.950878847659835
-0.913528080136718
-0.816076833063696
-0.912840267618737
-1.04442350074303
-0.971089253347993
-0.883839200304349
-0.966034809413618
-0.79724064686554
-0.83180365792864
-0.853445533319869
-0.881549179642357
-0.890241087391964
-0.888245483780086
-0.684599302059415
-0.896727007836572
-0.834257040846578
-0.814192176934262
-0.850215642870569
-0.903759161883427
-0.820331046544567
-0.788520440000189
-0.881664437919313
-0.805056732203615
-0.915231910115742
-0.799328085090602
-0.737042420927858
-0.871119430331848
-0.852071800050494
-0.785363325021486
-0.849499962506222
-0.843168795680119
-0.730475882874553
-0.769854680510001
-0.692693453378522
-0.85212412235639
-0.731785733804405
-0.738122049251809
-0.69122023423362
-0.731642142138652
-0.909675054685502
-0.620051757024236
-0.710498634447886
-0.740580822070345
-0.787712710874628
-0.834208579579622
-0.885124779784318
-0.778944539664601
-0.807016782093215
-0.875612348346859
-0.821963713327755
-0.886750304611133
-0.603570671031183
-0.790805750329728
-0.749626243494832
-0.754400061136384
-0.872855826966548
-0.830204306210636
-0.60287161662176
-0.490329176366248
-0.678875224427769
-0.702881692033127
-0.742514415578298
-0.768603024951391
-0.832094346309133
-0.75353996541059
-0.719068595938492
-0.743616735173873
-0.704855972025053
-0.643078291454099
-0.787051734364222
-0.809507465658054
-0.838337626173686
-0.557846819687242
-0.659619734763868
-0.665188104462236
-0.739983836126724
-0.685199388696958
-0.709937088213203
-0.613635724198304
-0.724974105798925
-0.789309045303671
-0.771118549678424
-0.641681716398777
-0.601334300251658
-0.58187502988682
-0.663514333365502
-0.652366701249315
-0.607175965786909
-0.720070719157666
-0.670847601962185
-0.843785657199769
-0.763000627391145
-0.573625476047552
-0.647094228899665
-0.697976821635751
-0.689691132259301
-0.787273298199545
-0.795113808159661
-0.686857467529402
-0.794878053187238
-0.610363446772716
-0.550933190628762
-0.665703876520515
-0.536338408474193
-0.647626449088438
-0.623466654143297
-0.648144951209169
-0.60098746347304
-0.654815444631401
-0.66105686741601
-0.530713486468204
-0.591986349386198
-0.541254802427108
-0.747725623912898
-0.690871806285095
-0.683159763850174
-0.642014879738904
-0.612317616098681
-0.577534100702307
-0.602465934678893
-0.625377503547583
-0.686079507944757
-0.563497080215223
-0.705809399172575
-0.613801139073672
-0.606982192010826
-0.602210220946627
-0.468648743943684
-0.606900275832929
-0.63796139174702
-0.609728492781322
-0.636596102056019
-0.692591688471998
-0.5389606043349
-0.56367919546103
-0.597543958966408
-0.651128089881776
-0.630489975749684
-0.488132886568094
-0.664393202225765
-0.546173493752949
-0.571833171236946
-0.434915297429971
-0.557010540915036
-0.592042353225286
-0.534853130672512
-0.447500041090967
-0.478989118135823
-0.562501030661603
-0.497720356902228
-0.359956685073028
-0.53352639937292
-0.548461657049621
-0.505511465208457
-0.581606565338263
-0.550732864306086
-0.703667564327905
-0.542666990146283
-0.602378603072971
-0.428705769217942
-0.463239861277978
-0.679712331173591
-0.454270123325663
-0.543167878145209
-0.541104502401712
-0.592889171676788
-0.450188813514957
-0.581014596012156
-0.53527777520829
-0.534770515803236
-0.378599662218816
-0.43901404097832
-0.532880723559693
-0.522784357632514
-0.485305486646492
-0.537278841617583
-0.679993364960251
-0.569900160893455
-0.437346022024122
-0.67447707110317
-0.322580010859732
-0.586680740143878
-0.501783020353555
-0.548623610662154
-0.40762749063622
-0.660360354607314
-0.328669388115188
-0.710409485219128
-0.598831955905169
-0.444366456552443
-0.5043008315292
-0.526426063505877
-0.486000155706321
-0.49476356607653
-0.417978955061436
-0.505217745454958
-0.469794400334846
-0.306658555658894
-0.523900351623619
-0.615541792569983
-0.453910221200969
-0.425260169331956
-0.501576819290346
-0.481053707454598
-0.324657101212004
-0.360506273863223
-0.553476241684532
-0.562409323953047
-0.342358052565558
-0.354780265311924
-0.361673580381579
-0.425878348733087
-0.593924949979699
-0.50270780791388
-0.563778080189435
-0.289622043262831
-0.549251472601211
-0.385863443807974
-0.353126057991689
-0.323236420984501
-0.333018566460965
-0.616554953672456
-0.369673324779204
-0.514890968997228
-0.665900091125833
-0.336803089957979
-0.563720381042091
-0.445867248412595
-0.435268224591746
-0.420685277647746
-0.396612372008012
-0.448524819665552
-0.418850665320362
-0.294113490614977
-0.332964286942923
-0.551635632709862
-0.440778349181208
-0.504864580817356
-0.499508405857627
-0.395094714145192
-0.35344335056592
-0.308195354860819
-0.46073013168541
-0.292456163253885
-0.453665230184651
-0.393293753416273
-0.343989212279336
-0.411117733646694
-0.320284585053305
-0.467129821469034
-0.224159719315673
-0.248277092137684
-0.326100630999027
-0.489737307378826
-0.335031431814159
-0.434018769307905
-0.432454118822739
-0.369590609842546
-0.477962057816425
-0.326115233735036
-0.222512448409605
-0.307063002752373
-0.404379040650238
-0.317559768304727
-0.367703974466052
-0.34430237654974
-0.321150362496482
-0.135591480815664
-0.427910400952964
-0.293350464023843
-0.31956676800294
-0.413553918360394
-0.529741983933134
-0.337467048211875
-0.44476025060067
-0.175653547840235
-0.314887930701135
-0.364867462920383
-0.196057027519736
-0.131093237808521
-0.347573360603759
-0.149885476473896
-0.363905292545766
-0.290102131369694
-0.279117962915423
-0.407540017805664
-0.0921979890268726
-0.203709198081236
-0.3388121758214
-0.310501284582429
-0.336535587936013
-0.361106502277427
-0.320192885111119
-0.321704268452848
-0.267972074579222
-0.402619353709994
0.0191036433193402
-0.425659370906628
-0.203440934658497
-0.311720001921685
-0.323133280723469
-0.0878944951907512
-0.36372088295081
-0.316744794984298
-0.278373003684547
-0.113783144140064
-0.189837145938981
-0.138289866116828
-0.179513876657262
-0.20727363525027
-0.216338645044197
-0.252925508806666
-0.261008875569655
-0.450486214278873
-0.229668856427487
-0.276594145506835
-0.194269873983391
-0.0754256209707385
-0.332347484330516
-0.199007460278613
-0.347831976516354
-0.23896449440164
-0.292952279447899
-0.319737271177158
-0.241437264069917
-0.078321701383396
-0.103619269334295
-0.172420716359366
-0.259063001829477
-0.177942416753676
-0.270440931640486
-0.336803558204799
-0.189907466020927
-0.257084932569784
-0.184991848674019
-0.288443993310957
-0.131323681089874
-0.347118234659201
-0.191244199402957
-0.200112446109863
-0.288307615995381
-0.165513694877462
-0.194738370088507
-0.128873380377692
-0.154480629585545
-0.0740494033865169
-0.00363291833334768
-0.191440021201547
-0.120239833970642
-0.0297106523357346
-0.23651609606032
-0.213057707471968
-0.182883351061801
-0.195918718406152
-0.0597739762008744
-0.240343741734485
-0.151798877466857
-0.0606514347979497
-0.251363994704764
-0.200463640864804
-0.0705466412554013
-0.0607953075013216
-0.118097561257493
-0.145011385602213
-0.117132267583649
-0.15309164623445
-0.262647816373211
-0.115492331529129
-0.0673655706686024
-0.168231403126827
-0.237465974838595
0.00510100686004792
-0.200882881237698
-0.179950674535518
-0.108700197554079
-0.0938637121843093
-0.0199575254530298
-0.00853699304441773
-0.137893377726231
-0.16905223660727
0.17902769421789
0.00303669726509779
-0.0773872936625485
-0.293603319502274
-0.197154450682652
-0.224206956110747
-0.124615947045496
-0.172498670698913
-0.0866258384513784
-0.153088706810382
-0.0430606107136983
-0.104588998961062
-0.132179344690786
-0.116899330147095
-0.0741110745158566
-0.0131026153461376
-0.132399741529195
-0.158274352921583
-0.110496240592546
-0.0408970202582033
-0.0309151710633614
-0.0734972179035405
0.00334215190955692
-0.0782415226591943
-0.0237809368975041
-0.0524295987820486
-0.140443966766362
0.0586423892775056
-0.0620724661925873
-0.13724751777868
-0.0430730735421819
-0.0433898987623344
0.0369708277463161
-0.146555489775347
0.061929605749801
0.1386375895438
-0.0923585097053195
0.0951536388226015
-0.0355069099956149
-0.0210467885538071
-0.0818883330340522
-0.00600806538820502
-0.0463238298442182
-0.141166867288225
0.00902002104997472
-0.0663522052039389
-0.0692737673796326
-0.0259266282816018
0.101074297853668
0.0745354712919261
0.0141848141512888
-0.0727959938901063
-0.0386451685347471
-0.0900026461923704
0.0285549045817363
0.122394864871945
0.00801070388572538
0.00652140873588761
-0.118708771970037
0.184075570935506
-0.0994979927032537
-0.1844628666469
0.106441655114194
-0.00949373071458664
0.0574097671933507
0.0990706335287877
0.0443496536456586
-0.00112835544469674
0.0331559726524132
0.0389538971013309
0.0854773827095264
0.127588403486513
0.0819650921675572
0.0478635026770236
0.0422599140363821
0.0913262766739859
-0.112947326937001
0.191132805848128
0.0565243701378649
0.024507074844949
0.147022631011847
0.10486081380372
0.041692018925243
-0.00304839291617281
0.101294404256384
0.10717137925588
0.0983065869753665
0.0973433038393278
0.191149737500777
0.0260504193032445
0.0366097687304419
0.0149713749132802
0.139121366014431
0.146720176899855
0.115506139178126
0.236624271586755
0.129504320509528
0.0149165108240056
0.0651377758406791
0.155912024154121
0.076083662073659
0.031948389878789
0.0115604855565785
0.0363051474511324
0.115832880386694
-0.00908387358258812
0.0822454599672541
0.0105310686720852
0.196201436872636
-0.0389495709371794
0.145887294220238
0.179270481844525
0.10938392476689
0.255435683074642
0.284522574711319
0.223058550888412
0.148077081567226
0.140304603146491
0.0385458159462311
0.20254902675504
0.0515071976473207
0.042195736036648
0.19118409013212
0.0219811588132565
0.196691390670933
0.129492217746008
0.0535228903149651
0.126597141815707
0.179034594697184
0.0751060385026303
0.279978147300376
0.266346274334692
0.135847550495548
0.129709987053981
0.100266055304149
0.0901162426075041
0.21966273490708
0.193406317633317
0.132822829647401
0.260777137557395
0.0552117670551144
0.332503576346471
0.231986125863031
0.165416603334628
0.190082858338217
0.127364181891096
0.195011356215206
0.267793609331311
0.0677524318758862
0.245308284537608
0.176080254850316
0.0463888243221399
0.182795707429429
0.12485319444363
0.250283039380608
0.1476365197394
0.283816100044607
0.256777344016235
0.123332353455908
0.411014747844898
0.289778204665099
0.0785760765587187
0.158588993314479
0.127224399769358
0.210627319643192
0.291026371428948
0.24062909289586
0.303445835948012
0.324050303503714
0.246939693967164
0.283295996461168
0.307297541046635
0.270620519522184
0.122425063769818
0.18174093613627
0.240671008092289
0.183489334468763
0.290697384304815
0.293801864338581
0.321592665565791
0.252118797744659
0.258448365256345
0.25968771572172
0.323708914509192
0.296667626430337
0.330498472688932
0.28003440585729
0.294825939663037
0.300002836647505
0.240965445425768
0.317889863084453
0.337406741116188
0.244634873613434
0.19416176084264
0.264084389159758
0.335331915300598
0.370388967914482
0.436229184101375
0.283745543363868
0.254390951955081
0.275716398317361
0.371223715561501
0.315438844466863
0.143148989580617
0.343257474357906
0.18001498304009
0.26860870717272
0.276259394081853
0.24495500841303
0.384642828156938
0.379717543144732
0.459222255943542
0.205303322779502
0.338700758112617
0.292835040843154
0.306025531804182
0.253918346799332
0.259501223707351
0.233658886711398
0.40747583708363
0.418594371318114
0.201182105715642
0.33189184125153
0.223465778079849
0.24361653298266
0.17358607120607
0.271785438151608
0.434661868857741
0.379234543876836
0.346475932315288
0.30033451773778
0.249255612019458
0.484343632022674
0.437860651067035
0.58642577750664
0.519202656478585
0.307138912468999
0.398150468690821
0.448124610476201
0.354609598677077
0.416416734438401
0.526745337235838
0.275335205431256
0.329072627646786
0.440996728188733
0.366299939772944
0.342513924470855
0.516061279933328
0.393372371453106
0.293091198817878
0.246091645519423
0.438600841932468
0.292227371282395
0.324094389005346
0.362360369140163
0.318468944898548
0.426422919312497
0.438136902223709
0.325309162613973
0.428353042324095
0.247751258534583
0.405348060431351
0.322973734308689
0.535232074914797
0.456639161286396
0.509625412606594
0.416879404389704
0.36815190620225
0.257907229605172
0.430549060222866
0.530448396468871
0.388201544649476
0.354391810601724
0.461626579896638
0.477105285761505
0.46157381554038
0.355546134779971
0.472269364081499
0.512180192975457
0.471733524997017
0.296493963213819
0.440823432950587
0.407208638568264
0.567526796982411
0.545651521300162
0.387377586191057
0.411907437502452
0.456459294992759
0.446547380776463
0.493030225959786
0.394045931644954
0.46922972263855
0.463552357239848
0.613015247949089
0.519441065379925
0.582657980443188
0.400728709644171
0.560493305438486
0.516712490798701
0.532330812883107
0.487997894348858
0.626544132545341
0.552094130471149
0.500407283599792
0.379976537532407
0.358052032230004
0.487363010080127
0.414399864927911
0.577234060611472
0.451516052166464
0.599402443102292
0.539971850789695
0.463300821399777
0.699972512088831
0.623073195817808
0.63072987997492
0.478545160975494
0.520919022520195
0.410963044235562
0.575923966853758
0.532566159411242
0.511579685833093
0.64928463032741
0.60364914719209
0.528165391065171
0.511369432409402
0.66882456592853
0.606972797184782
0.526436847762206
0.51945840411974
0.637588967208887
0.576113828282277
0.635254071360931
0.339908370343276
0.504562152506241
0.705368205787164
0.524484596166494
0.679439838264068
0.58539194121406
0.635702132205919
0.610096460276796
0.696705967687884
0.587742990658163
0.613250090002931
0.700268408362291
0.536598969448916
0.542591233453489
0.572139943231022
0.478358905402402
0.519251469613702
0.539070783897312
0.620536012934583
0.654842467525208
0.50222578071143
0.607945762656886
0.477266401184357
0.690302295843451
0.631392886389502
0.531534510642256
0.596419018937025
0.497624026296474
0.523208609564777
0.644871246169537
0.637452646615802
0.588295605960864
0.649271587221611
0.564389843829873
0.681633044139201
0.763273496150393
0.416881863297361
0.509944427997286
0.551378131528951
0.660550967018682
0.615582642331
0.582332370683746
0.591758400448523
0.630459129704297
0.655554945005627
0.659222114691607
0.744464458586959
0.601292418794269
0.738642298106125
0.483601618922313
0.610985323886664
0.717234623056193
0.705466937578459
0.629634495956905
0.552091854172567
0.737796541554419
0.799907623716073
0.586996880804988
0.832931286025962
0.773733808212034
0.628179293391216
0.688720253015993
0.852572431013419
0.765374401190229
0.630823508055382
0.647241651716557
0.671868780127506
0.659110996511913
0.652140215983466
0.590381055032798
0.721446996190369
0.528394117734302
0.795543374707653
0.817822781194531
0.656059363826999
0.595298477551342
0.652742302840498
0.693150092863871
0.652035241395959
0.648529549902636
0.626008287127869
0.681143249828289
0.597332249600558
0.77427194670469
0.696008180437827
0.664032683559041
0.728633414795611
0.599664531613127
0.544261615978044
0.709621094407233
0.806410660252624
0.794657345172589
0.777098169494821
0.63588794400851
0.79309879921432
0.527079486098618
0.871472015487347
0.750912502698329
0.757786077750767
0.636095630944873
0.628065132016735
0.606187211639784
0.856738549449874
0.652432064352973
0.885326856569759
0.784035685829749
0.726865486107533
0.775847715022204
0.656723057571744
0.755163154777262
0.791482347270048
0.71748942885225
0.700314606558017
0.788042622063979
0.74196907921874
0.740126143352421
0.806192956972568
0.828700484356073
0.794065568721515
0.912184630730635
0.805605393189787
0.860271203104442
0.86411942130618
0.814603305107987
0.785610830226723
0.736259745492731
0.62911278995286
0.91948434867591
0.883157564414687
0.903388658298454
1.08085636056262
0.897757904737968
0.835591886404863
0.772408517884513
0.83669725177279
0.913848544808791
0.747087255988028
0.767369255153886
0.844338335979803
0.96684936911241
0.854845539039024
0.815700355806562
0.746356592106931
0.850760699972217
0.890824371995499
0.862326908370209
0.874259226092312
0.732349620610948
0.732186257218208
0.869501642457078
0.863454938893406
0.951959164075292
0.802068608271255
0.935904693174477
0.854016630129683
0.923607724013617
0.80506672087645
0.978995850294688
0.857647902075884
1.0471828190944
0.757209781889132
0.835979459667703
1.03040587675054
0.847045176673435
0.996131466866729
0.921535478068838
0.8316736772244
0.77763091977146
0.969724983773025
1.05139638468635
0.777838566995588
0.937942272505007
0.883037816092122
0.837457609837511
0.975353919189378
1.00178410391928
0.918013800583227
0.868314038628788
0.89170283386626
1.01096010928467
0.83969603788769
0.83319631654981
0.928902825900254
0.932711041811673
0.82889786386005
0.921201763951188
1.01743489947322
0.951795729359011
1.02716084528454
0.890392291080909
0.832752225160201
0.821587709056963
1.02358255409506
0.998227059840933
0.838588802721254
0.938730496825146
0.939989724209192
0.916299921677498
0.927596111528128
0.924013647879523
0.90110184462232
1.07017005137668
1.07199539076465
0.883822304359762
1.00026940879069
1.02126355610886
0.925428305037635
1.10294578049531
1.00162697005608
1.07035834549113
0.969030803396554
1.07244440435698
1.03553273532869
0.892931699716849
0.94408821447953
1.01743778253087
1.02400818092281
0.952789500947477
1.04752574690721
0.942452795721035
0.923060090710243
