-1.03813714955207
-1.13307247038817
-1.01932682953682
-0.966320955503948
-1.03088830718741
-0.991267424924732
-1.08624558695112
-0.969065581492831
-1.16101488502878
-1.00832587613908
-0.967580136714451
-1.03648279418171
-1.0323947113326
-1.13049660075298
-1.12386943024604
-0.956984692433305
-1.05117001821918
-1.10319064147046
-0.850664848783593
-1.03876510727468
-1.01187179400044
-0.894163596837791
-0.911975988358261
-0.969097477182519
-0.908436712951211
-0.860617178118171
-0.997072536438907
-0.860973263150054
-0.938548997803069
-0.889888644581045
-0.915165273845949
-0.914419918317763
-0.99346224450372
-0.821390718904457
-0.873500431790173
-1.04677455182195
-1.03734755722888
-0.959939625603483
-0.880148629593484
-0.96822237523355
-1.05796062906881
-0.795831256843127
-0.985083732320987
-0.966510489854498
-0.941068145670401
-0.927150461335332
-0.962158443064085
-0.945191455086379
-0.883652266560364
-0.964253345896229
-0.91254628385087
-0.960423486052854
-0.874740778695228
-1.07621282605756
-0.882610129806138
-1.02272748789694
-0.914968306595303
-0.722157998772505
-0.783884135123518
-0.876506529139211
-0.887139559736816
-0.880409224635729
-0.710867362457105
-0.873537765146033
-0.93951114686229
-0.874911299825244
-0.937916256808361
-0.99512488810558
-0.990768066409042
-0.831849031554278
-0.773229650139062
-0.88203098559746
-0.824283078332804
-0.825829382549235
-0.94843289904427
-0.828949276590993
-0.88745485296102
-0.64994933477693
-0.846526642123928
-0.731741881888818
-0.716000362748706
-0.749782915953886
-0.866147650434621
-0.913463361940614
-0.997932088061365
-0.825698028207682
-0.785341241175148
-0.879923787524298
-0.78010892119004
-0.870717717525906
-0.770567548438591
-0.868205205324623
-0.929810831929229
-0.805616753567328
-0.784244358681593
-0.720844938653333
-0.736342043067796
-0.713515724105231
-0.73212273076392
-0.724113957414062
-0.853553637956691
-0.736005189754707
-0.590167531144353
-0.869199934283599
-0.79363929948405
-0.788290943401729
-0.84886454425523
-0.798068425370951
-0.755461281482316
-0.702994491748091
-0.694590838854134
-0.796620856013817
-0.719775116356916
-0.86333946687366
-0.715002056893967
-0.917370737350493
-0.733746867602199
-0.89941248670213
-0.660624720016721
-0.868299453972012
-0.732039990363707
-0.802390081841576
-0.826281594076249
-0.975291560347659
-0.75580441158684
-0.827878515334722
-0.753736118056282
-0.639476062992158
-0.701627986016287
-0.694007430063266
-0.706255016433784
-0.789713200426285
-0.802314831277741
-0.899062718105961
-0.898233806045336
-0.800518054460826
-0.614400605254945
-0.627057157175214
-0.734696159342908
-0.687048428716583
-0.806605262133444
-0.462561808568257
-0.689797749993496
-0.754411602906838
-0.645399827810914
-0.520219394499501
-0.849662705384135
-0.567012464209833
-0.685466840071538
-0.602603789164571
-0.802043603704917
-0.686247671570082
-0.810819822059713
-0.724630977930059
-0.585617374405011
-0.642546924623474
-0.598228515670776
-0.642994850357056
-0.613878363446862
-0.688049868179643
-0.612544328701308
-0.712006906702551
-0.606594639835341
-0.522165530779036
-0.662979256538993
-0.613218608730534
-0.708048186277001
-0.607066990494579
-0.58634812418989
-0.679264961794549
-0.743878788397717
-0.600609894639496
-0.6568121412884
-0.648683412404012
-0.584820248649324
-0.503883703213561
-0.584597836970705
-0.59508132291873
-0.653020348667767
-0.687564305201925
-0.735353051445249
-0.697546643157548
-0.431160080630258
-0.590404137053793
-0.60068274400323
-0.681168730282441
-0.589356214666589
-0.590601450998502
-0.728940275120223
-0.608529067925861
-0.720578264065227
-0.603634963939747
-0.729682686336114
-0.697338807972507
-0.497507934882096
-0.653987769204711
-0.649736059692457
-0.659014360298724
-0.732787362409469
-0.49686793730911
-0.671586456644898
-0.641767619916569
-0.636148458736187
-0.61062535489517
-0.5804710663726
-0.525141921047714
-0.644794032202414
-0.579455781949358
-0.62135782227165
-0.508354577280692
-0.491644294775652
-0.492010020303723
-0.581809966688818
-0.488066563700939
-0.535276264505395
-0.542537714577071
-0.460527163137357
-0.491962932386379
-0.611142336663894
-0.585566317220535
-0.551999530838502
-0.593044462884075
-0.61892120615096
-0.526811143265944
-0.412495139077187
-0.58023974172826
-0.492888951039415
-0.586928557735681
-0.53683054422155
-0.465381962741179
-0.42713772618055
-0.613492876477114
-0.495352536468591
-0.532434734793567
-0.536457869511645
-0.500029256315682
-0.545649460902875
-0.525451407694923
-0.572681975420795
-0.510584120893191
-0.590068382397573
-0.557120452814161
-0.481146992694481
-0.625869892197841
-0.518787247205532
-0.545187348268096
-0.493807551770861
-0.563268325497663
-0.482660048044812
-0.522282482042011
-0.523215539464167
-0.584142991359536
-0.4119331484306
-0.630751055379294
-0.482123738224559
-0.573670087478584
-0.511844129887324
-0.523053779179862
-0.473442966564552
-0.480251815531358
-0.60899064776564
-0.621270304477861
-0.357928028571948
-0.556157979043722
-0.40369478888789
-0.493852308533089
-0.419965106528377
-0.517921652442973
-0.404973973635923
-0.406109315041113
-0.338627623925929
-0.435390326575488
-0.570577790067302
-0.459398564946967
-0.41820015589759
-0.33909578543131
-0.45800534824584
-0.495436457564302
-0.525947824930904
-0.429782797803679
-0.463389270715037
-0.509959179338698
-0.323202610802217
-0.411361451819439
-0.439961025932606
-0.353310194361631
-0.37685292962977
-0.317065271077679
-0.326342432490795
-0.342043417824285
-0.435138537209808
-0.277995764591518
-0.307230441037403
-0.519692057993849
-0.376224535886399
-0.405497418328064
-0.447363150736829
-0.241493298442279
-0.436659872193064
-0.408334901073751
-0.419940641204527
-0.388416217905768
-0.379913924501881
-0.472885123866785
-0.301700565303824
-0.388917476223147
-0.393114530771354
-0.464120815769032
-0.444978699487159
-0.341592722621391
-0.434030284187981
-0.331365369599901
-0.303194812388484
-0.393724673018231
-0.323341986993654
-0.31651560794261
-0.420820659542782
-0.165399872117364
-0.426499435811108
-0.258134867179059
-0.370778240147539
-0.414446890173614
-0.403741806470534
-0.387686151679826
-0.3646091867183
-0.456633258143375
-0.145936144960263
-0.345342474850185
-0.341240037589891
-0.155817947665385
-0.352476070312892
-0.262368350460565
-0.370706544409976
-0.308612977918524
-0.358951843680245
-0.449686249739474
-0.344142413056208
-0.398839638450227
-0.411298715542113
-0.237022438111619
-0.32350662391999
-0.367415506037609
-0.230199087859227
-0.443700703768464
-0.375942722986309
-0.227165462677263
-0.375215228105619
-0.486842968324179
-0.431283264265729
-0.227336595818599
-0.313013445342365
-0.287293029473678
-0.195114308223657
-0.268932902475766
-0.219316846227392
-0.286132208247573
-0.342241809375609
-0.303053666161638
-0.421223849377912
-0.239969062143144
-0.374788396253838
-0.395162169074448
-0.287655659264962
-0.270050406065529
-0.187275782484052
-0.40027530410126
-0.304039511469872
-0.297182621108558
-0.151953830248591
-0.211558751963308
-0.23303352084482
-0.3081401035197
-0.290807522072828
-0.419300739748025
-0.274574025694409
-0.222927062689158
-0.306187506085851
-0.272175031653036
-0.31180233684139
-0.365909036860647
-0.266698331851588
-0.235025597274246
-0.38092909471
-0.218525967154024
-0.328097703726457
-0.322275503154344
-0.392037388876396
-0.18861227458325
-0.224149921026674
-0.225058807627589
-0.194306736630907
-0.151864716795635
-0.279054012581079
-0.0753001078723416
-0.356955342795918
-0.231831089024671
-0.213091865242373
-0.153366314558167
-0.296154186632828
-0.311303441061603
-0.237444155117913
-0.126660751688934
-0.21237526572452
-0.285060451829804
-0.3411292934321
-0.0288855588871904
-0.0598279986088859
-0.363113379146167
-0.216783527685006
-0.227148848985473
-0.280477864526038
-0.0470972332180295
-0.161162144730892
-0.238435818321099
-0.214208325134016
-0.160515321682066
-0.232562814594017
-0.172330584984251
-0.0800509338028465
-0.171087413800506
-0.0837774301888034
-0.20213810225969
-0.134047885770081
-0.2025550929406
-0.217062556773535
-0.0641286844995293
-0.0761008471074864
-0.19220487408842
-0.0817635603251233
-0.0260178087965508
-0.0984853915694921
-0.0691464540134709
-0.246987998042943
-0.150190252293659
-0.0909979019883122
-0.0462415074730528
-0.071354481963484
-0.0397910697128786
0.0670820946081856
0.000232043837911083
-0.243929082814003
-0.140524018912127
-0.0607267105013921
0.0843830205190675
-0.156496768976316
-0.0438916044429878
-0.158683428898057
-0.0372107415760095
-0.068095430869932
-0.282060885005753
-0.135256588963791
-0.128495161828242
-0.117158864573413
-0.216593357928028
-0.0245947729946173
-0.0913719950508416
-0.0234112563840501
-0.022994943367232
-0.0401849044700993
-0.11601449234324
-0.0948524425723413
-0.0239286613518163
-0.0285373735441209
-0.0448413582865699
-0.176710063919456
-0.111220184107814
-0.0576198855231863
-0.130781358239403
-0.143465332822642
-0.131203896686919
-0.0963768209373348
0.174382210168912
0.10619599346022
-0.107254536015104
-0.0171382252297497
-0.0302494675469264
0.0672121232940897
0.107763824120929
-0.0122982746993957
-0.0542696398736288
0.0302546662679398
0.0981968050368983
-0.00479313459954062
-0.0142514319102444
-0.0514385700329895
0.00338141284063913
0.0388462943778798
-0.111941367624052
-0.0715105652033487
-0.00939280423100223
-0.00264881602889772
0.0187737983387653
-0.131090188961927
0.111719940172833
-0.0269062081747817
0.0653562532877311
-0.0182817004336907
0.0314697748709411
-0.0843995063667051
-0.0240336519346856
-0.00593477676675627
0.125127305785247
0.030326996815839
-0.0414226589814968
-0.112873827291486
0.202656467907601
-0.0203134887741957
-0.0179151622140847
0.0786386788554609
0.155128055049604
-0.0271674563403972
-0.0178611616162534
-0.0747211352636924
0.00193127212278606
0.151301284299995
0.0611797249415467
0.158805993378092
0.0361867210351795
-0.0523049000191878
0.217142545239882
0.119766305537236
-0.0549146456599351
-0.0856842917081023
-0.0360192462921391
-0.0944664242455677
0.0301815501055079
0.10687539739706
0.184976687080222
0.133282591011267
0.047229021870101
0.0689138811609322
0.0681505990801912
0.0384550954198356
0.121908963833748
0.361647686657969
0.0995314350238501
0.0549528869580102
-0.0166643495607958
0.0882872078187195
0.0816119058794115
0.111320385010843
0.156102210163356
-0.0219935909464633
0.079115584888779
0.220642863904319
0.0799138471717431
-0.00860260597845834
0.114591440092829
0.0250662539273922
0.104436602389489
0.111736402958351
0.108084370489413
0.153665932086586
0.0637575266438265
0.0540183396689127
0.0979122256121402
0.0267398358258301
0.125402873436706
0.128696834657514
0.132337150505723
0.225477862798427
-0.0468294050571312
0.0972104889353718
0.19096061555179
0.257851605991054
0.0550784733621764
0.0313938173033405
0.190161504016311
-0.0167217177359738
0.188808827312669
0.0218433647360558
0.246880446293622
0.196570129491768
0.132625160288435
0.103746769200337
0.0902445927323554
0.256160374097168
0.0853380360499585
0.238615417297891
0.0220517852360393
0.258663701581935
0.223333974285256
0.11388209699871
0.0914515641371003
0.343324963421848
0.241652221102311
0.235491670765751
0.192200972317568
0.0908533400421039
0.0537491978498082
0.112819470840229
0.0183422827080772
0.262673037512622
0.274610188643854
-0.0439257812157045
0.282207641930239
0.315622952592968
0.237761543559269
0.219659682648527
0.196931559107886
0.146945970519025
0.182385305147633
0.280054248150902
0.0704413896023588
0.348399340255219
0.296175288340804
0.144357826475106
0.235901831586528
0.241357881973445
0.26425367109651
0.290342700247216
0.0881066270664879
0.207295231084056
0.262439696775427
0.253972131349751
0.382725406395543
0.258265484251296
0.225053521444006
0.282840548754433
0.238964355033829
0.143722081696537
0.261245482854588
0.296544136081462
0.0523781998440587
0.211540630878464
0.246895285804519
0.369980614146205
0.177778667335139
0.373490173215161
0.374041042644511
0.291232246389308
0.136235539984084
0.290507372782006
0.260511970388025
0.338207730219939
0.180199438538721
0.392024018582898
0.425330823287636
0.271860162654712
0.24652554528547
0.25421318457114
0.228896732325572
0.411190901761969
0.444451496843409
0.32798508496023
0.19670229525835
0.121154980389685
0.436464145005056
0.312040337453256
0.225236600600444
0.321484372111613
0.245289341952236
0.416319852175782
0.272081978802726
0.278727931564091
0.259049272819398
0.248333933823386
0.376047973860535
0.295675084475146
0.475719483056487
0.296434243673461
0.382102936765243
0.369798028934465
0.394989975920443
0.316418143732537
0.268899767335932
0.419430175277454
0.319812409546749
0.44072181258268
0.324905588185993
0.435038563309917
0.321152070022166
0.268378439866364
0.35320055106976
0.486437747302325
0.45437641112791
0.399938294405407
0.351195609619787
0.349744266044655
0.315519834311832
0.178662118534913
0.442610856686748
0.194794303752834
0.223122823815131
0.432132441453937
0.45448392907478
0.412375325766316
0.357663847178223
0.343287277492018
0.358058651839487
0.377886238047071
0.356221762573305
0.339535193401907
0.36288142946707
0.386464396064547
0.303208808673308
0.293068234336318
0.362652680143532
0.451541631367302
0.354720678343423
0.429786406409815
0.312181635068694
0.353155854999694
0.301427877258126
0.223730668406511
0.556984375477756
0.455075570045218
0.333477899837939
0.400529403303619
0.532155367237427
0.438277776198022
0.484994292612771
0.347687883159168
0.33667750248341
0.393218873713083
0.341878099347652
0.318724469401052
0.39742460150061
0.280566599899569
0.434926055004752
0.51761368080714
0.46673534232609
0.471308262467853
0.471268066371063
0.537282339468946
0.444299892533313
0.512557063561996
0.418481193263806
0.650089782380305
0.372588768063807
0.52878593021515
0.420449868872944
0.405816572779143
0.528575702895118
0.417758450916065
0.537539700469908
0.505726113706446
0.325291033170587
0.383364312154645
0.399399947282134
0.398467420691633
0.592514214856262
0.617998905442877
0.670264745618412
0.451949729651826
0.477282310935093
0.591156575444179
0.486523939028233
0.414417909349252
0.478324905128033
0.445777471289646
0.549376307325108
0.481292842488324
0.640530105030836
0.343645585925729
0.602318300127832
0.588494075266068
0.460032924445595
0.621456824245439
0.555835912416636
0.572375886002341
0.65920220089011
0.51572925811999
0.442862209235637
0.479436398986376
0.601364474082772
0.466620524209655
0.478110760824798
0.614002639593692
0.596105346102193
0.496568166995843
0.569494277731722
0.497204086869235
0.732708573519808
0.692259973027459
0.398436289588966
0.430407383523067
0.572927040599905
0.56532708837512
0.48478141856808
0.353241345366633
0.465654297062113
0.539736277091226
0.573529639833301
0.603297285218508
0.43725427829094
0.692898421659843
0.634924851794241
0.595606290452545
0.573361679028482
0.69178643207939
0.427381329800387
0.35965563795496
0.536210895441773
0.517571860150709
0.530819307095774
0.447019185836023
0.433326943664569
0.583520988530955
0.559334382598398
0.837153016358952
0.673996538105941
0.581868119372404
0.611044443991735
0.705869819441712
0.635051802348975
0.66879881234179
0.637194034474206
0.598663406540065
0.580823950235925
0.58362720708727
0.667419337142565
0.504381307017841
0.680022198990468
0.679212934464266
0.69267711623933
0.764139968031125
0.582872665181497
0.688916578161479
0.634124788726792
0.663299982409749
0.609439258592726
0.713631281456837
0.844423322746586
0.816476232290801
0.645605536926044
0.629137215540375
0.674526574096958
0.793501436551497
0.653552797817256
0.738772638487149
0.714452078731333
0.662197251538918
0.575227291606545
0.592431632062836
0.640710057362986
0.578044768201938
0.808863398033419
0.594177408888958
0.622387935094434
0.462664298257736
0.60728508155136
0.647343685967978
0.514408976269626
0.659602562665251
0.641109128523299
0.7428554098189
0.619915890201042
0.740055843272302
0.659977193601507
0.543854352266769
0.597648926062515
0.761830913960794
0.798361037406309
0.813602061885414
0.727958143346533
0.725777117334114
0.769572169667138
0.648226055651875
0.601789023403994
0.733415945150077
0.736350510460614
0.733958117773399
0.760622252750199
0.82016122999087
0.678826168035529
0.805885014816327
0.822527481356655
0.673510000534545
0.651164406783865
0.663690254509987
0.701062625768267
0.839318882120947
0.847384921179845
0.584385658769114
0.703763524911991
0.883253057371214
0.800922249329318
0.813958187714022
0.670930555165988
0.873779341321576
0.781018363694914
0.815072847268549
0.759145982574437
0.783783411767829
0.908321842282857
0.668844253411757
0.841010631933749
0.803473025274701
0.770506693042549
0.727226896354836
0.775292605402146
0.875545359965082
0.800600011696365
0.808626476412897
0.799370226044302
0.760949697746213
0.757104410715674
0.763706336112291
0.845151589981294
0.698060557113768
0.5834176398088
0.956946222095074
0.687517717039239
0.887909644305358
0.864333031862359
0.856493667685168
0.688485997229887
0.835847267071962
0.907116008987985
0.716745397926553
0.792361643397789
0.824851932969874
0.903447821921907
1.01152792708601
0.856076757337941
0.6465139810809
0.750449006345823
0.800829469038859
0.888147596870506
0.810229939562447
0.84609543680806
0.857127261791756
0.827860775506295
0.680039864992708
0.873319314266966
0.832055654803181
0.96232912984569
0.886435668098032
0.731144871942741
0.967321438655728
0.843221725131628
0.814959026705761
0.756109575618972
0.841428696338758
0.778298162982079
0.858058608891311
0.934364833259255
0.863317601550372
1.04579317320492
0.846072350333973
0.87281108156332
0.678008512152699
0.952771606250742
0.958036132406103
0.930450658695156
0.860096438428738
0.942227128261988
0.851780105467131
0.820105179309336
0.829190665866643
1.02366219238197
0.959755521900862
0.864008743410091
0.90259959817628
0.868671255883791
0.906490441616232
0.942644739177876
0.958992186426768
1.0371131091719
1.01634989561606
0.892020822592543
0.797515174896841
0.825426988182004
0.893855622880585
1.01042987766022
0.946602831788249
1.04273665178988
1.03160520729193
1.00668228770867
0.874996724106081
0.840968205759432
0.889413633413304
1.00886171756783
0.845190847980531
0.903411123286405
0.96077458780193
0.921500389559415
0.857815282389755
1.07048652068764
0.914707465205238
0.758962179851093
0.870291778856035
0.885425381499578
1.00657392429791
1.00425223395457
1.07212589915515
0.959055609605717
1.07520226405129
1.08397206913549
0.964017275554843
1.04364883301691
0.966596659724318
1.0920439417486
0.976276858134486
1.02541563142706
1.00849303724209
0.932550271531398
0.950849469723595
1.11415301938786
