-1.0959559042715
-1.02002792002088
-1.06402346359343
-1.01453336798671
-0.937658744034817
-0.993908356884479
-0.903203545232195
-0.949554634847776
-1.08916326108672
-1.08104707428255
-1.0258267558357
-0.967128638251011
-0.912515664453894
-1.05215178962071
-0.897242546264646
-0.983618760305314
-0.903113156098822
-0.997974827085148
-1.00321135902694
-0.916621129292412
-1.09756069554169
-0.991008482966893
-0.893670636101842
-0.867770335753665
-1.02351357565217
-0.904734759446093
-0.912526668215148
-1.02041037589476
-0.957635899791532
-0.926184363280791
-1.05132169672065
-0.85943413754385
-0.909051937389714
-0.816576398035781
-0.856102972401083
-0.896941963817053
-0.810053928974126
-0.920175769525901
-0.877399911250469
-0.956469147921521
-0.872781151530567
-1.06925312130988
-1.0751074589049
-0.965570358190847
-0.836756220054663
-0.927296104523965
-0.984164232516715
-0.856348187277126
-0.791276919889922
-0.901265158698893
-0.889459265863859
-0.878521900214877
-0.833837644604652
-0.854176886297986
-0.852916588665262
-0.86234787029139
-0.893763530584228
-0.834158017415886
-1.00517213467536
-0.967938291540108
-0.847913931827521
-0.877473009088811
-0.897273540874385
-0.839973950081008
-0.881066850204113
-0.952334393912113
-0.918167330046455
-0.829429471639295
-0.917056545595021
-1.03984259784013
-0.95395006611802
-0.887816096015423
-0.963919957104732
-0.799181882743169
-0.825448618404919
-0.866404369131816
-0.89294856991775
-0.899286761105449
-0.883488952105303
-0.677166778973477
-0.888815010110586
-0.828975219828389
-0.835438867762701
-0.863516803051363
-0.902102873379374
-0.848789376540553
-0.787427255067735
-0.867016735142416
-0.798702523515765
-0.943902349178004
-0.81006285016974
-0.739079448585422
-0.857488554152173
-0.841547576646296
-0.753049775266399
-0.853491981592598
-0.834964948317783
-0.712664767454142
-0.775407938684215
-0.68933913003834
-0.830272364457267
-0.754259777861056
-0.730064658394919
-0.698044257769633
-0.724791917794037
-0.913519696786066
-0.647321090795544
-0.719140730062966
-0.736648822219542
-0.801536709656268
-0.840027605936563
-0.873789032350748
-0.766404957642061
-0.822491965821074
-0.863513037485682
-0.839635157674995
-0.884556365781278
-0.59859942815188
-0.784859306628769
-0.767523926934089
-0.762303226835004
-0.86978016721699
-0.849537152021449
-0.592849071695882
-0.482388794807654
-0.67234083101412
-0.700560465170801
-0.762242648256948
-0.743546641388866
-0.807863459779591
-0.756935653803596
-0.743166105657425
-0.745209552957233
-0.707415872516842
-0.648507624363158
-0.793905337698956
-0.801177692641655
-0.824699259140205
-0.562753752704801
-0.703561620212921
-0.647796174240825
-0.734218073579283
-0.69161566165305
-0.693765250061207
-0.630761304668482
-0.73978627938542
-0.798670143405291
-0.743024282452089
-0.646187888059388
-0.585397465582597
-0.561604113170102
-0.66041531621488
-0.67420094226619
-0.607461051910122
-0.742608493823169
-0.682277839217204
-0.830748955072648
-0.766764658043849
-0.579380213656461
-0.656875639123441
-0.693176263276788
-0.685830392887954
-0.777018993704724
-0.798772965267981
-0.699070333728154
-0.800800032567327
-0.612223364048633
-0.557933862248629
-0.681526080864153
-0.54197289333293
-0.665404176285997
-0.654028347689703
-0.649904364587929
-0.586962539813937
-0.634083478117044
-0.671118806992731
-0.530020170869017
-0.592744748233153
-0.543444386385308
-0.754355139405085
-0.681854919427063
-0.685370931747367
-0.654444997463663
-0.602893693849314
-0.589514698441358
-0.584179137669043
-0.638156932473225
-0.671371195867161
-0.55336525633963
-0.690729866667455
-0.608370598165677
-0.579296330554864
-0.613700102890295
-0.478459945312446
-0.577647936314763
-0.623829049414867
-0.620159396923782
-0.639049880271106
-0.674853851921116
-0.538388876492454
-0.550064519880788
-0.582277556361968
-0.669128927782268
-0.624755017841968
-0.48572043525119
-0.648688700291164
-0.544609463576517
-0.559064337652631
-0.422632317520048
-0.559208236444525
-0.597027201034263
-0.524931110965244
-0.457309830736594
-0.503165317447883
-0.561954856236864
-0.504268666773192
-0.355516343611619
-0.55217555259274
-0.551369024723899
-0.500836275005158
-0.59913116625816
-0.540981782864199
-0.693183766086016
-0.55866103261212
-0.587182170217562
-0.438199840982189
-0.468215706147689
-0.685901797171168
-0.445123334897982
-0.541947182268111
-0.536434056347422
-0.611752579668372
-0.444075172176453
-0.589834659917096
-0.532929029248992
-0.525328460231452
-0.383849589972474
-0.434445318186826
-0.513557508315606
-0.514218552534799
-0.485877357591675
-0.53122097188782
-0.683900230628494
-0.568989103674174
-0.441745775637942
-0.673708237757424
-0.304137504896281
-0.58717615132347
-0.505716669772243
-0.547378500120165
-0.38563335171426
-0.64875232435156
-0.32501744229477
-0.70773348334111
-0.595116929897361
-0.466139817684305
-0.484179809581122
-0.513015772168007
-0.459879538124412
-0.505559853484418
-0.431527472631667
-0.507902968010068
-0.478814951852339
-0.311002214020142
-0.503348573662688
-0.622309673676603
-0.439913477246608
-0.416130134256094
-0.505662421230231
-0.473752148633626
-0.30470380346158
-0.372919576010179
-0.547232299662231
-0.596112419771631
-0.344378982167905
-0.36065320769064
-0.368287946673762
-0.417004504454929
-0.591106214625501
-0.51308881798686
-0.564953240097669
-0.307250157253488
-0.542474245728389
-0.370223778793919
-0.349534762414689
-0.339435067369483
-0.331175426313434
-0.635292983679611
-0.372048401673846
-0.529728347936592
-0.675497954696024
-0.330533681680493
-0.552411866875147
-0.440027762599213
-0.457042913442964
-0.402139977268918
-0.413239909506612
-0.440273132560902
-0.409989306896375
-0.295390784062217
-0.325340526146075
-0.531578723633192
-0.424368547125481
-0.517167367913416
-0.498715479611811
-0.381210085767319
-0.343350657418459
-0.299734684412173
-0.445536842516246
-0.309834049817871
-0.457001211321011
-0.390607603482325
-0.365860602941138
-0.429874348852892
-0.316932635462655
-0.458471027533045
-0.239278460817364
-0.213256510833881
-0.313566474826264
-0.460745936995751
-0.32426588097663
-0.43413147548904
-0.411065200785971
-0.36105786172116
-0.48466719350137
-0.322230281282426
-0.228381467058876
-0.310948020053023
-0.39818201983332
-0.307880685095534
-0.336092838486435
-0.350431987578239
-0.303876431157655
-0.135717160243977
-0.399479390781429
-0.278777671028488
-0.32989281945851
-0.396801754818969
-0.544158624622566
-0.359459778734942
-0.443706802476834
-0.183811786201113
-0.31746316462709
-0.34483826664879
-0.199482544324111
-0.152391556847058
-0.347819920303222
-0.135554693028422
-0.39298446756201
-0.293362306949971
-0.291973884523657
-0.389702923410086
-0.0868177233966721
-0.19992704933802
-0.340386604661553
-0.28718781570073
-0.329226986925846
-0.366598518684584
-0.313701752933681
-0.331864120472459
-0.277157287730531
-0.416796554561072
0.0303358507405469
-0.420362252380829
-0.189237453041434
-0.336942149859917
-0.296479041907874
-0.0891210976052728
-0.359145649691531
-0.300901916746325
-0.291988953476262
-0.11314360863619
-0.211020313255848
-0.159255815428039
-0.189997945043886
-0.17088800855279
-0.191766589521
-0.250451094998941
-0.244150840421428
-0.438129275671953
-0.23837287291432
-0.299711462042701
-0.21294069568942
-0.0634524390607757
-0.336319385719463
-0.210160690219591
-0.334335970604253
-0.237997414073251
-0.29373645526312
-0.301970270202754
-0.257501518544829
-0.0728973709276613
-0.10991252530354
-0.159795505247235
-0.261659057741189
-0.206143724048411
-0.260762155119293
-0.341712435818178
-0.191181594736704
-0.275411527527172
-0.188328912528007
-0.309411246098583
-0.128461871779258
-0.363207014736151
-0.188530300395922
-0.200028990550874
-0.247932775545618
-0.157496607656735
-0.221189774319466
-0.132811355693388
-0.149365995458787
-0.0787988619016107
-0.0270107067180953
-0.172697116514141
-0.139524746318129
-0.0431648589253765
-0.21353702136184
-0.237958512616285
-0.181423448512754
-0.20379315843441
-0.075849573860372
-0.248503604669727
-0.145726902763605
-0.0722181749130441
-0.258787685049991
-0.211540071839967
-0.073387231278183
-0.0549055224564272
-0.157601349070573
-0.133819284784383
-0.126944295702002
-0.158565768372727
-0.296464792727195
-0.115772018800791
-0.080082370335687
-0.171828803088822
-0.218307564251661
0.0139086608353868
-0.176098208201824
-0.170787417776849
-0.0956069324349645
-0.0891282369521866
-0.0286455102529924
-0.00123750034516187
-0.163519024644703
-0.178513228906671
0.173563213796607
0.00860975322281372
-0.0491876288095816
-0.272210193438322
-0.207450923910679
-0.244875117633247
-0.136804668893291
-0.17066349480368
-0.0797495340359063
-0.137256242429855
-0.0625419397302149
-0.107752484857946
-0.124286612193412
-0.132834428732858
-0.0674452317781413
-0.0227118169470563
-0.139129889726698
-0.154219135871075
-0.121492287719034
-0.0137563684734993
-0.0184232584532177
-0.0709150249765833
0.00740139372043073
-0.12132342607722
-0.0298049708087003
-0.0537555020695708
-0.141517779654966
0.027329755164292
-0.0641100169636806
-0.111115255759256
-0.0423911197853014
-0.046885314759626
0.00925721890246758
-0.120396695563517
0.0742850185345534
0.143343397896984
-0.105353625028257
0.104218661495916
-0.057831753506783
-0.00340336182139203
-0.0704739888582893
0.0036380531692151
-0.0640237743155261
-0.139532846863778
-0.00556870677792104
-0.080410823342301
-0.0436950759018916
-0.0219937960489787
0.0999821506167339
0.0788775934209966
0.0110449478843747
-0.0864023376472639
-0.0157742002387359
-0.102469573447624
0.014624957724332
0.104829291251948
-0.00882899534054788
-0.00202847331923921
-0.146206673447847
0.198240371461289
-0.107448603581241
-0.17282099033975
0.0888978213791782
-0.0112669514160785
0.0345290685113132
0.0832001304953531
0.0274879823996912
-0.0106266325040053
0.0405003394534531
0.0447365800734545
0.0805438059532737
0.118501829277954
0.0882222386760545
0.0394931759013459
0.0699297142776676
0.0902212687801407
-0.11733346518758
0.188679029436868
0.066211110694742
0.0340646251857388
0.135132259809085
0.101802926926857
0.0400099964619761
-0.014141890544019
0.115243175620473
0.116738807362465
0.124956965450002
0.0794512926496625
0.214288431599643
0.0121793345056112
0.050703382142153
0.0294332328887362
0.131273727439665
0.143166774607385
0.104632050893188
0.256502514072081
0.12420368548798
0.00859091666758436
0.0724301038583847
0.16393115527191
0.0953610302390992
0.0458139280300467
0.0278795649190778
0.0473698575013047
0.137592385230553
-0.0161797427170809
0.0865252291214691
-0.00631430235236853
0.209101033469565
-0.0417234150627227
0.142460443716248
0.166816089314615
0.0960055400629444
0.261862368613328
0.297011304511485
0.217973491291562
0.136298967090212
0.144125069594424
0.0327120729068636
0.201509265328679
0.0448742721072824
0.0450847199845797
0.181393959130942
0.0338546210924296
0.188029676773311
0.158017890800281
0.051311224630485
0.132102525712245
0.169861064755514
0.0679325953988088
0.290017414058945
0.264605780126209
0.12713057438122
0.110974272619864
0.101665292396775
0.0886361919913957
0.200609684462524
0.177779542490592
0.142452139169892
0.235505219095995
0.0744636560087139
0.344682780491427
0.208197267883674
0.143392251925655
0.196778473710207
0.123494383028277
0.187300981708589
0.276006292848601
0.0626032395364003
0.237207299433629
0.187343745715527
0.0273147552386066
0.16579944973786
0.122423201173776
0.246206209828422
0.145511804532866
0.278927573428387
0.264711178120842
0.137734260488449
0.403224753157874
0.296968174674286
0.0743717379586055
0.178151282860711
0.103530638969863
0.225485768260011
0.290051705457995
0.241034501536073
0.317738779704716
0.326738163542194
0.255899371127442
0.270545363730513
0.310942364485732
0.259058855567835
0.155587732185582
0.183454915166175
0.239401171749819
0.186179235292683
0.303865362251198
0.292889815431194
0.316589357339966
0.272157733040211
0.265041588519769
0.260779043914188
0.314011144328208
0.290766884579161
0.291707242873615
0.29142064241785
0.316182578195533
0.283931250776227
0.230351592976379
0.324724835119583
0.343841133550856
0.277504948238118
0.214067313117116
0.253461843214513
0.339036186448961
0.363832377702022
0.448546175145603
0.266197081108121
0.265893899351193
0.302391519666594
0.376642698814794
0.311025818890043
0.138441480225043
0.33449101268324
0.183363830704392
0.272907280319388
0.260099848091635
0.225435190940976
0.369891742039011
0.379688313319524
0.436720016906928
0.210183614105324
0.334722199291199
0.29516908472491
0.289835068909524
0.263282114849957
0.254611635736111
0.218564333922559
0.401763753414362
0.41863613378048
0.203559349347078
0.335447567564142
0.223040508528583
0.237556197534679
0.191934864523088
0.27936322102493
0.429746470564775
0.385184258539944
0.35819087975521
0.305712893213387
0.251143182617942
0.460923519263624
0.4253212104816
0.572803054615353
0.518433242882147
0.295985164722495
0.396561791598559
0.459129692506338
0.346695310045083
0.424079374338638
0.523362482008382
0.301698740135215
0.351247795432225
0.444764999888799
0.352127927356957
0.351346424195542
0.518002038608929
0.397609849044384
0.27822306249551
0.23975505154559
0.476112725083877
0.279405818216127
0.311248108598163
0.366746040400559
0.321085643423555
0.434770050908108
0.453655697177477
0.325761854049581
0.40955146861443
0.253295533445019
0.400722552640493
0.344092330785296
0.52205932893983
0.454689878258709
0.503834305234556
0.405715179418444
0.386979771320822
0.247235922376099
0.433126087724078
0.551870452498394
0.389454543188955
0.36421589015427
0.453484994810117
0.467672273850513
0.45820645979562
0.371865927662504
0.497954973626942
0.496619240888468
0.493365175655661
0.272667025798441
0.439585024095863
0.407109499040006
0.574991596794873
0.54175236681315
0.395496613274536
0.420854386790267
0.464648977519057
0.426005359535248
0.491998856375984
0.371339569083203
0.446446454553856
0.464249945073801
0.618606590449056
0.534960656870519
0.609636030926182
0.406547026220261
0.575142282705912
0.536318789068166
0.544733481336199
0.500786239192981
0.623284603689948
0.549498890401353
0.499986527984954
0.360336750029965
0.348480154165989
0.469841385871231
0.392908276229072
0.581177918896262
0.434535749349457
0.593461315194423
0.527888415836758
0.474706936399277
0.705704017860834
0.621468906645966
0.629540768575771
0.470141861875972
0.541882835447985
0.422878360261968
0.565391073591547
0.532650076097013
0.5098464858294
0.642575657209443
0.596269384020828
0.543182573710484
0.518882092003592
0.650823665328721
0.608882155487897
0.536449014113758
0.492203057875504
0.652888158586835
0.592623353654519
0.624687882070708
0.34042281815001
0.500531819518671
0.694533234921898
0.541398744724598
0.654883305991814
0.572376740388003
0.628021744926996
0.606516921005755
0.699133030488913
0.589880366605252
0.644938127938068
0.710648534651644
0.538078901512043
0.542899221263987
0.578753402493453
0.491810479239966
0.518687483625958
0.547165484777682
0.613848716454297
0.641200635226369
0.503874139601467
0.614383878635772
0.503193379204961
0.687810707460316
0.655780064566425
0.516129913182017
0.582106390002465
0.469120492177095
0.518692183524391
0.650819110891461
0.663558306723229
0.579750562755921
0.649348336240434
0.541744700890979
0.688101858096034
0.768703701972562
0.406079056537984
0.520978907363049
0.535826887455763
0.657822946960341
0.633962516378465
0.574147988404055
0.59722592594011
0.617108893439825
0.650394872424263
0.651495688763212
0.757942612563411
0.611625360374957
0.732707748603146
0.481378168225615
0.611301334964586
0.707291541897173
0.719806713427713
0.64190165944967
0.553643262234002
0.740916114147544
0.803073120215609
0.590599211491495
0.831400126288601
0.772949153186299
0.630177917799558
0.692365861865083
0.829806319728668
0.776797371201153
0.61020348057997
0.627569731712007
0.681874518163809
0.656400287777059
0.65433298037595
0.589920526535964
0.719477480622474
0.518714133026118
0.786909177592026
0.826642123395405
0.669725560663852
0.591368617478237
0.674609527124486
0.710847961884541
0.66409501100612
0.655700265992285
0.63836247628899
0.704356993192384
0.603228516766345
0.780449995069129
0.688107876377238
0.657869328062372
0.707665632989234
0.618158087812793
0.553779764516352
0.706448298617262
0.840753636119779
0.807120592933607
0.74634351417966
0.616574851033533
0.775281940846582
0.521467570135284
0.868328912109362
0.730122524261179
0.777351976640808
0.645974906422622
0.632435945502815
0.645433714102957
0.870031415249293
0.665507617940123
0.861227661683609
0.756855966459353
0.713624858168579
0.777454844792165
0.665191339426532
0.730742001521775
0.794747782512642
0.711513255161533
0.688606982131433
0.794562149377759
0.744528395878056
0.730979976618766
0.788916403275073
0.823260969049586
0.817341152143305
0.914719459494667
0.816864170649703
0.860903383069577
0.848574563224014
0.84616378212848
0.78848674681168
0.759701438901484
0.616837639704541
0.899011579052724
0.860528394935101
0.887853162493797
1.04627720954112
0.913052263916878
0.857567767821306
0.770148927544063
0.809219697449249
0.925031945073277
0.758390515014579
0.787225702299064
0.859546338684622
0.965892244377661
0.84059028705248
0.813658655806387
0.741958493566808
0.854720412185048
0.861648307290081
0.863341617836159
0.875231529452676
0.725333000477423
0.729084526279795
0.876553891891502
0.876662075312337
0.975024101246146
0.820796276708063
0.933275219988148
0.872860863953428
0.913527278306332
0.80519628099999
0.992012124091104
0.847953879938945
1.0739474767886
0.766072001093383
0.811211394815188
1.05594538630338
0.852131110129932
0.988413709492996
0.922011323875277
0.848653790189314
0.772719840821263
0.953361565993561
1.0644930420975
0.775667211717498
0.936510029444187
0.876845170453279
0.811911928087419
0.984440480932375
0.998498649782429
0.918137584450461
0.87285526113999
0.893903845371946
0.998615255828062
0.858141448989211
0.838495803765919
0.922538546059424
0.949303429559623
0.823314451995101
0.935947830330007
1.03737174793233
0.933486866844719
1.0287241786635
0.887257969253722
0.829842228479495
0.82994712894093
1.02234607014473
0.984905167971456
0.825820790236842
0.941557872548591
0.938272013478508
0.904310417682147
0.922091370333355
0.919244032750879
0.900908816740094
1.08207331542992
1.07523949658353
0.88058986107187
1.00488528785751
1.04102393955007
0.919992450912748
1.1016641003697
1.01530637220199
1.09593163645997
0.983041575035262
1.06477614577341
1.04277004666457
0.911396325641619
0.941246892785787
1.04595584469431
1.01705830602196
0.947225724167726
1.05926961655416
0.946469371792444
0.909787552676352
