-0.925586948658411
-1.01470226206336
-1.11927827171948
-1.10526786476925
-1.04360477166846
-1.02464878209001
-0.939003964955231
-0.910457060377973
-1.05350144264243
-0.954479512945822
-0.927110431994356
-1.12035564189303
-0.940564822399831
-0.854227521943269
-0.8135806777639
-1.036180373068
-1.06889201580619
-0.91227246283353
-0.992696177058438
-0.786766894962197
-0.835037619185881
-0.874425346234826
-0.971523046895955
-0.971396932893221
-0.840452589615674
-1.09439289204598
-0.973569833669849
-1.13719686312367
-0.936096307131481
-1.03220162176157
-0.89354611294044
-0.899803861323914
-0.952315751279476
-1.01221840819334
-0.890932082028761
-1.01324414048095
-0.886730113960609
-1.07141650447709
-0.867897916484102
-0.930784894700248
-0.981804598814548
-1.0524358026593
-0.982564008643373
-0.974294584712066
-0.868672430108656
-0.949444129134381
-0.891596242820998
-0.689735285430986
-0.885963890840004
-0.959269389701762
-1.00491089651497
-0.892157793724827
-0.838429659714371
-0.790533965163035
-0.898847721386167
-0.904064045619209
-0.850547472494426
-0.877715408272532
-0.887782089489111
-0.779098315936136
-0.889543724624942
-1.01930858063953
-0.88420564752017
-0.840128284602097
-0.907072122614139
-0.850882693436501
-0.781708765246455
-0.868254095234219
-0.838427707122029
-0.955440224418339
-0.697058922431661
-0.724703523572767
-1.00498759390652
-0.883389135440082
-0.792317489246012
-0.84592620895847
-0.939020172860777
-0.748980551685717
-0.910691867492276
-0.788479528745697
-0.818660319920019
-0.7750276510834
-0.955940884979159
-0.764342249839041
-1.02455506547914
-0.821700163421319
-1.00755729616797
-0.827702229921579
-0.742799365308016
-0.725834782124617
-0.776043456444206
-0.825735290390775
-0.820198382791622
-0.82662504384756
-0.775610397905022
-0.790133747331269
-0.758654322979552
-0.68771655571783
-0.906564731206757
-0.718637803161403
-0.758859533651003
-0.812598824632049
-0.602222466135661
-0.686769510284918
-0.782474620448143
-0.796039009570715
-0.726054574402771
-0.681351320215256
-0.814036756095691
-0.742989331472144
-0.589380848463935
-0.817599250293374
-0.845374385952753
-0.767024347599156
-0.845306089791321
-0.847335318178885
-0.752957862062993
-0.78129247860614
-0.585020175717805
-0.755853039642809
-0.652887242444802
-0.899413229951266
-0.81533568346942
-0.855855722589682
-0.836169979694189
-0.696765206719943
-0.871918759421088
-0.752008476223422
-0.80065620498603
-0.687204892454447
-0.694436872099258
-0.714622405161739
-0.662833670293366
-0.840897406302008
-0.735556229665929
-0.742128783869292
-0.66912396123898
-0.809854813092171
-0.660429975252878
-0.669447112096391
-0.636632083711402
-0.562445220072048
-0.882716400777903
-0.554935397834901
-0.657084199592299
-0.767153771370099
-0.775247707849496
-0.698308182747883
-0.660701980611115
-0.623116762925512
-0.569825052112403
-0.563215338340047
-0.655657172128491
-0.772214631879921
-0.739136918279534
-0.638284150448401
-0.695535424686529
-0.617665857022698
-0.678562575249529
-0.685464249839448
-0.774173716932173
-0.627726684593756
-0.677394855178873
-0.550243985604113
-0.581805771117127
-0.740288341149432
-0.745509349254618
-0.628654154573333
-0.757796268676658
-0.730105729274719
-0.570365310500051
-0.623553750523141
-0.530174895507347
-0.676362506397428
-0.707645102043636
-0.635444750868749
-0.726889624283992
-0.623438433076878
-0.824719824074528
-0.647664396287748
-0.744289358016472
-0.608971882556064
-0.623421501085469
-0.679666881968707
-0.684371330021204
-0.614734760250976
-0.618790343732318
-0.602057401957406
-0.6383557448933
-0.729821911470315
-0.631020565770982
-0.749508335554705
-0.510170562787888
-0.632951654308447
-0.658496806783428
-0.593392989137249
-0.660633078838539
-0.576213764389707
-0.634076488957128
-0.68760527190412
-0.701548722267149
-0.524296446767003
-0.571357903639615
-0.512554481007826
-0.657725139841726
-0.658842030582006
-0.374258595088532
-0.586303311872306
-0.478996481183867
-0.304783184928292
-0.517168148729552
-0.533325380774354
-0.652148721676831
-0.518926286591225
-0.633327839726146
-0.532374417076427
-0.351415365665638
-0.505762309990677
-0.717685923887132
-0.736902134362193
-0.620817007817455
-0.591236180086558
-0.388969325460309
-0.799764397568666
-0.707080582397763
-0.606117810228473
-0.44416008057057
-0.490612994498698
-0.395590006789983
-0.565978071373153
-0.647651692161971
-0.649745945987274
-0.615793050492558
-0.599478388749944
-0.551568117116459
-0.456219735481252
-0.707613890374192
-0.462115024401507
-0.535575584285687
-0.472199384279986
-0.513256641996556
-0.579352293155546
-0.521626852675363
-0.59808309556576
-0.588852198535383
-0.367114055307382
-0.531313860711458
-0.428840460413213
-0.434990415575384
-0.653396569763154
-0.384328134514407
-0.494330772465683
-0.428936180928566
-0.396276666024164
-0.629093215694907
-0.487899554500499
-0.488489394310453
-0.496187560840942
-0.449425658734324
-0.398352924680836
-0.589982485046248
-0.543011607647667
-0.242247862570555
-0.51260253876053
-0.621478491707064
-0.572037552527964
-0.428694455624265
-0.537792152668416
-0.544843935513262
-0.475243885726231
-0.48538076040345
-0.34301861530568
-0.410959183293021
-0.405523718451371
-0.426118165945932
-0.673574236839733
-0.454094448125574
-0.475654774599125
-0.445225536486593
-0.480401805163262
-0.435088648219743
-0.465616032234306
-0.493857619964416
-0.420461940001519
-0.477637263547702
-0.505608003839715
-0.386122500147404
-0.424881048603686
-0.349668868980511
-0.6345438971755
-0.475582442442877
-0.401698630159661
-0.596894538366176
-0.444020074376079
-0.378200405486251
-0.451032270186038
-0.439586615102145
-0.449161135350939
-0.30908861807611
-0.534009375643089
-0.448801327992982
-0.448575813695071
-0.332440647375912
-0.411971585879768
-0.259620057563658
-0.382984562147011
-0.53139843132441
-0.17347884510959
-0.326275422309616
-0.312514655509244
-0.355179716214919
-0.32549702429513
-0.401946834650354
-0.236633132172145
-0.428134814909367
-0.347700039083184
-0.335585550432861
-0.183078099568806
-0.455386510620003
-0.404684535557175
-0.306300138870044
-0.349840364776847
-0.305665831997438
-0.423085119657445
-0.417885655539041
-0.418140289561438
-0.217282715685471
-0.292912674487992
-0.378333385117385
-0.485129482862969
-0.202071026119035
-0.218726744336248
-0.277255415881983
-0.287857122583829
-0.303068400436759
-0.365247916427706
-0.269106778801896
-0.258687093313485
-0.333046916435046
-0.214147269135161
-0.303270019286262
-0.265341817002623
-0.362016969565087
-0.230680807542178
-0.352614727362922
-0.364531142138935
-0.307008828594564
-0.367293331180721
-0.293360817842134
-0.396524617585726
-0.216681587928204
-0.28505500105473
-0.300020289964917
-0.169807114602361
-0.423269349414538
-0.297517128921908
-0.261428244293192
-0.322163143238735
-0.260489383719525
-0.294121815309041
-0.264719568476181
-0.348376246731516
-0.278081457925123
-0.131013811304543
-0.205487735897128
-0.273801994340584
-0.310562989375609
-0.221418897183116
-0.196617781856252
-0.276663817931971
-0.228587240473035
-0.258974953919642
-0.155100785054798
-0.130961615624668
-0.286366456290333
-0.275891995926129
-0.179983872836565
-0.339866915008418
-0.170871123841225
-0.23823370901801
-0.233986242655105
-0.299803093663841
-0.165631211994973
-0.191426689844134
-0.168851351248179
-0.255929143996821
-0.282984955857375
-0.260255644495923
-0.280709078607988
-0.178685196445584
-0.293585122835153
-0.154965835245213
-0.233067756622242
-0.272910163637025
-0.270419445545906
-0.248444752636906
-0.0500876695016862
-0.327416813547036
-0.241425384867794
-0.0429755005653445
-0.14683321648408
-0.332364344623656
-0.0661526948771805
-0.157375895878741
-0.288788535548259
-0.265547878611468
0.0188843800857771
-0.299440246149556
-0.221337974013739
-0.112266623077359
-0.185992746722249
-0.109218774572716
-0.164920944749095
-0.166469967111902
-0.144172276889206
-0.12150221282455
0.113059725963807
-0.039577418666121
-0.0853556674070052
-0.17422542308731
-0.131549138765349
-0.126743917494952
-0.140170938929664
-0.139084173171976
-0.144115558708167
-0.186369462365009
-0.0105554813729089
-0.0477858907532235
-0.0291331045496711
-0.173578715915349
-0.260087322657715
-0.157760679988475
-0.112971910726785
-0.0835578810740947
-0.122822093815
-0.124017907524324
0.0456173228205297
-0.0498107187882254
-0.118590873687781
-0.11685686217698
-0.110090857124856
-0.219377845180328
-0.234606819903946
-0.186390828263471
-0.182985346086657
-0.197091466787115
-0.145447833710124
-0.285894140482447
-0.196733637406514
-0.1285148144898
0.0716336163865833
-0.0675570637699666
-0.0134661540350015
-0.126807530726124
-0.0328380749667283
-0.125747832403195
0.0100086252153256
-0.110876750568416
-0.145969873094011
-0.151561516747289
-0.0727364516702625
-0.0279609808567005
-0.0851150392054823
-0.0626531486364029
-0.152500634554094
-0.190603758933748
-0.137179347138576
-0.0104476344819755
-0.00524834825256532
0.0199960994917
-0.0726128468782147
-0.11942826044122
-0.0197188802392338
-0.00638899649935815
-0.317902698649855
-0.126102245981662
-0.248894954957171
0.0241235116520286
-0.0616372456365001
-0.0529312909379519
0.00297963236116234
-0.0918199963413485
0.0447692117842354
0.0365953963306139
-0.05079062270948
-0.002305334701098
-0.1912838308081
-0.0375024568404461
-0.0815099856516893
-0.200097250377442
0.00220215132097613
0.111186033420889
-0.0260495013874564
-0.131996870656485
0.0774349335593666
-0.119972205827908
-0.174834461727776
0.0324922069610295
0.0231302223674432
0.0109678359578621
-0.0276575969278539
-0.0216346084766843
0.0278284858256078
-0.0303905598955356
-0.0764609795093922
0.217882395971012
-0.162007042291094
-0.0497793102773664
-0.0510731219997019
0.0450474504623404
0.0367254894441279
-0.0513979397006597
0.0274325038556908
-0.117707113163537
-0.023897622007283
-0.0187006803842879
0.0694058520489011
-0.0396829608783514
-0.00324541255493646
0.165590036126478
-0.0971089274490333
-0.0352071666310848
0.0306612456266668
-0.0843782307152449
0.0143389177389006
-0.0397745119025825
0.192466368799865
0.0987231156107886
0.0664797402189793
0.206594446132351
0.0493538298455895
0.0259024236793767
0.152898178301397
0.143496176122828
0.101002197828023
0.206147027855862
0.0880515589041556
0.0463931878429671
0.154095359687413
0.110368130970304
-0.0741561962930451
0.120333319670483
0.108441627952029
0.0391265367175081
0.0101814265431123
0.0986475461975855
0.0952468483131131
0.126560810878036
-0.00230098731964828
0.0716404837878374
-0.00855595191880909
0.202434648376913
0.118072250404067
0.1247208979194
0.18541678592715
0.0320925550818465
0.147730606550049
0.149557464828966
0.12643976274418
0.21283466975856
-0.0148602475422335
0.0113611534820013
0.0520403617291188
0.0446745476890101
0.360881515258853
0.239837146142687
0.212367768964267
0.048023571074684
0.16882815842912
0.0228700960435213
0.141881819508254
0.242155059786653
0.00048923584892538
0.000905668495524062
0.116055380235694
0.199579805181254
0.175818503529717
0.138365393513896
0.19430016756899
0.230477883851972
0.178891990331217
0.231323043650024
0.0713123824498085
0.159052305745813
0.0893456516942783
-0.0156920210762605
0.130045835033257
0.071000961590891
0.185682889915849
0.259025116535416
0.20416476984899
0.186920278756447
0.257051718771756
0.183609571300366
0.160865410001881
0.197883601429433
0.240770793802837
0.21168070941676
0.153930952514138
0.105887572505696
0.200704840978568
0.211818319254805
0.212012590519084
0.363203690056257
0.240438726507002
0.0168469941005139
0.222316156941527
0.200699215534647
0.382035558759061
0.14834246730032
0.227821211337863
0.271556172322887
0.158882460147249
0.369139453658022
0.272707050096662
0.209994587392518
0.255755217206919
0.155521370588627
0.301313235566308
0.43881140511743
0.351367074479124
0.166459934808426
0.260381915096645
0.214267968373896
0.314821776876575
0.283295332338808
0.397257084207165
0.178636157195881
0.325329367327418
0.342156256183627
0.204945568702116
0.210119319956052
0.248123433758533
0.368889778311407
0.242092061616538
0.416513693095017
0.268291569924038
0.437307201926619
0.245306183718147
0.273178900799773
0.298275870924008
0.275074392545042
0.20704862148022
0.246733130261492
0.204431895553043
0.366426445445876
0.391392174336681
0.370166114970737
0.237921621487888
0.470580759394771
0.508035613861418
0.414587266889722
0.372068603057505
0.358133021429679
0.085476787012656
0.351786369917673
0.388898382252063
0.190306101975217
0.435355804948023
0.333622475517304
0.342952349479668
0.380389171137135
0.304779189817523
0.417999289193719
0.302345108508285
0.366149393280078
0.298152067796929
0.302756784493906
0.389962390568387
0.313080804230837
0.385123585769761
0.360727411790686
0.254178612480968
0.439101215790167
0.331073558656202
0.271407860634356
0.328283842102092
0.35523519100863
0.380414449196602
0.465469483508903
0.302009138418195
0.377293298366572
0.411194290078154
0.479647455183124
0.427534577828793
0.384313592924159
0.390388561363819
0.436644709465747
0.354128817925516
0.37613742827519
0.480023460454017
0.267928733351895
0.472726686512386
0.383351443920392
0.382339599951467
0.372390586699539
0.378805394735309
0.479465324281473
0.436394419923858
0.49492121940198
0.335315166855268
0.267071342853942
0.382285298559254
0.626085080349442
0.367870711083389
0.573588236254294
0.348192400690944
0.28810300941849
0.345642766869056
0.43405065370571
0.418755034479352
0.382205190923037
0.355267657332066
0.462046331974713
0.445902830713021
0.648373208553167
0.475123520357086
0.502068105954149
0.470363945925084
0.377477905621219
0.521791146860614
0.430271843943548
0.378466017322594
0.542374672088341
0.626642010071755
0.274543688028722
0.521039413126138
0.45503405521501
0.628333222775786
0.324706402043754
0.432544398304838
0.528805145267671
0.430650937575251
0.519181935280862
0.501030647509985
0.392951838573765
0.551727458208985
0.53117107101466
0.550256377836772
0.255457713084112
0.428859316392301
0.412501175632195
0.350051767197206
0.552741680084453
0.403395176605094
0.492912721516733
0.548105116922882
0.420209022444192
0.338494182035239
0.596549242391392
0.470882553939424
0.402937339772623
0.562352788762788
0.490842253296938
0.494476067545997
0.326168364636742
0.484976163015526
0.567494932223429
0.482466512421864
0.52459208771335
0.528656949866869
0.449612988910842
0.443468100080026
0.567245734661962
0.450666878991558
0.534235785368668
0.546764416048835
0.566459670953134
0.496039582701513
0.492308533788477
0.494304498177308
0.392884621843996
0.544975736986837
0.547720824383867
0.629384157595096
0.655209690686415
0.589726039736144
0.34597487029471
0.552510452365426
0.504021651655184
0.615104063233019
0.484591192930488
0.503322947232278
0.610068391165785
0.58196522757446
0.452893753512559
0.583991351672108
0.510565144013874
0.634642274263345
0.529079593491033
0.46703442880845
0.73145952588306
0.619692732195992
0.604098880769527
0.597454184823429
0.627771894976143
0.541814558944642
0.593287980314801
0.479519311656007
0.650976522793297
0.549978003053845
0.567778375369702
0.633899317358627
0.77731367614778
0.621269987226289
0.737238755298509
0.555051147041588
0.550633689164379
0.67581309162079
0.653754819833197
0.761908357894197
0.737872755714354
0.593708854276839
0.635092839126109
0.683742933499061
0.506116790519686
0.653794747926975
0.548753401045438
0.613137644222737
0.539974671625418
0.542965306198111
0.631084300425678
0.546534260208256
0.645517596325222
0.770085768235151
0.558502265254312
0.732399612660105
0.764627096002499
0.691154347161908
0.668334457764222
0.623268365664815
0.611370755285769
0.6679909477459
0.812980309629369
0.657390384876203
0.568453493034892
0.70918698057107
0.594509662369963
0.535019163120285
0.646856818711675
0.596796633139715
0.76661177820588
0.710076962340518
0.597207346904541
0.57445573555345
0.62785351744429
0.719919479065206
0.692615780094425
0.762293680728376
0.689080086753948
0.746150386783478
0.874699862333114
0.847933049280906
0.569741441603971
0.790730925211393
0.701320784257322
0.807645198120419
0.657306806546907
0.725758168720457
0.783298016961907
0.740690666228487
0.755270152529679
0.741767843439029
0.69023978639677
0.6978898610981
0.762748742945738
0.693326519739249
0.699716176076437
0.72767370527769
0.636377898405356
0.724171621705685
0.739447231779012
0.7026316656572
0.694482942445889
0.646142729068169
0.837309730522678
0.691934279968911
0.649510885754594
0.74448476717815
0.613326333662273
0.652197776800239
0.756493890952676
0.713199318899965
0.771323246869638
0.63099080437039
0.654601091401422
0.634971003550162
0.77332832585602
0.723673572672713
0.867253011696437
0.782036293776173
0.753357564078267
0.883836262986568
0.688434004097865
0.757720248036685
0.785865757782721
0.790737993287703
0.791501709111531
0.879973362720751
0.771083641830177
0.793561678361195
0.768567437010254
0.821107253830546
0.995808220938151
0.920109965958616
0.843117128384501
0.818857401645266
0.91519793457677
0.769914956509633
0.817922164583456
0.818290230705829
0.822594308732781
0.939260042311277
0.791569703336477
0.788391901731921
0.846587279513765
1.01413673198619
0.631969786552366
0.829722097481796
0.787068411959395
0.877533868421715
0.825367975079792
0.836278721356323
0.775980804868932
0.916396769448297
0.62692795105923
0.922179660704844
0.866439423891647
0.661946894789194
0.896299101028568
0.921766829565751
0.930525038458213
0.867198581740755
0.951263618358332
0.772230168831839
0.804644014943058
0.884432332644361
0.992076927681215
0.913482849415553
0.847829952951087
0.99030531605094
0.839517388990313
0.782656485212831
0.956069936762165
0.972942655348789
0.822003624264498
0.833937076559982
0.894060930823668
0.959958578530687
0.929893424965981
1.01854178655579
0.992508113779411
1.03500305653022
0.916521554262647
0.833064686767474
0.922508480860232
0.949788128233485
1.05661155208166
0.943754675063297
0.938103738295595
0.99212587315465
0.963531666886086
0.971594309388404
1.07230496321038
0.918279482990748
0.907247578327561
0.823395215482393
1.00872431525589
0.944222616891931
0.942324102964607
0.905349561401762
1.06834612160441
0.960017487801476
0.962533230699197
0.933197193510052
0.941495698647038
0.893530001004475
0.922263642888337
1.04089390360311
1.02726389671574
0.844620796428308
1.07277313508222
0.990792594598942
0.831745558459457
0.918406335378936
0.919287950092962
1.10078325589151
0.965105983957193
1.08313332090459
1.01737963273284
0.912094588610962
0.797261807371036
0.980452354534302
1.11646053252996
1.10999238637884
1.08967490163651
0.94362987061716
1.07484032173452
1.03868863285054
0.997845343816363
