-1.11342783682807
-1.00106934043493
-1.04288456361289
-1.00579477450197
-0.916435645517308
-1.0216549895684
-0.886790085542124
-0.964391071726983
-1.09481463650945
-1.06656682547787
-1.00804555835563
-0.974170214619594
-0.91615600753763
-1.05906558460612
-0.886955186725579
-0.970195239600717
-0.888830842471846
-1.01973420490084
-1.02593433788865
-0.914840265789079
-1.08643855363023
-0.99450353714934
-0.894922005974019
-0.857295020989124
-1.02361407104657
-0.916405442307964
-0.884136645280861
-1.01714680320915
-0.977913091557193
-0.928511816672757
-1.04794989164575
-0.864370706004562
-0.900701316020081
-0.81811344355355
-0.867157468392939
-0.899505182196788
-0.792459714182174
-0.909065492647386
-0.878784805375811
-0.949036152993565
-0.89762080642849
-1.07307080742176
-1.08984228566987
-0.957546614078062
-0.822458523250161
-0.919823313234531
-0.990829929418443
-0.863359830194476
-0.784149450369516
-0.916128950745425
-0.874358898747652
-0.894334921635601
-0.843227440420806
-0.851153653541227
-0.85438548709056
-0.837181066825756
-0.907531291720942
-0.829896785236842
-0.9704530809898
-0.948574185179247
-0.852351351141148
-0.879610379732306
-0.912610776485714
-0.83239403563695
-0.861166615683074
-0.957078446945837
-0.912536690123816
-0.829402928454362
-0.903378952056435
-1.03114389430785
-0.944639572697978
-0.904342817518897
-0.960254043042815
-0.811459176952291
-0.827827992740164
-0.872040217299479
-0.893286754513012
-0.902245886107392
-0.886118757438916
-0.677072993503112
-0.880847727157841
-0.849949158131754
-0.821460002461521
-0.86808250196169
-0.917776018473087
-0.825133217404245
-0.763924384079478
-0.873837168354885
-0.777811394699031
-0.920419791535501
-0.796554437716115
-0.734959343636606
-0.869425580642593
-0.844995136040374
-0.783200776446401
-0.863616801587319
-0.840920876407379
-0.734461391593278
-0.781439720499426
-0.702963697623473
-0.837291618072467
-0.745852853174054
-0.728187941092969
-0.707496759590989
-0.733205040338193
-0.912409583290138
-0.628129507310274
-0.711192762329913
-0.732909658912875
-0.813034985847073
-0.829984505345385
-0.867469909885596
-0.784686877367663
-0.814423255597799
-0.87186041489498
-0.822234779184466
-0.885808691026325
-0.579335453101683
-0.780546454573114
-0.75415945543471
-0.742759704696239
-0.880291679644761
-0.829815728533895
-0.609513261453221
-0.482635103118674
-0.665833201767486
-0.709359841896942
-0.759726476485836
-0.738405012658357
-0.810685201189261
-0.754223287993266
-0.731715458802902
-0.762130924007714
-0.710989987591096
-0.635618966527879
-0.784798156333251
-0.796066485765148
-0.818625300089781
-0.559811918727017
-0.694058040934635
-0.650245843486682
-0.701636104468815
-0.686999530437946
-0.671935531144969
-0.615059082238273
-0.752456681473628
-0.811771795962814
-0.767811314070064
-0.643862002238516
-0.573902498610814
-0.555170357073422
-0.651017505163162
-0.657293750802326
-0.602499565761146
-0.719820408826394
-0.681409596754627
-0.835521825179023
-0.756973340535752
-0.576601161497773
-0.682083718137708
-0.691945746069423
-0.683524982522752
-0.80173569445949
-0.808272151020398
-0.689544156708383
-0.809950787693741
-0.620356533727718
-0.566142917658389
-0.676094621096066
-0.518869644177934
-0.638581075530927
-0.629991017624779
-0.659825045636837
-0.617108523359012
-0.634314658082481
-0.649720435791123
-0.531113472205613
-0.599117562741411
-0.53357249598644
-0.731258731327147
-0.685838524112514
-0.682945835526505
-0.645406099934196
-0.612247600861431
-0.581934131419808
-0.596436365420573
-0.644524621030209
-0.679598979059295
-0.573749728423646
-0.689187415227575
-0.606596276580175
-0.593610919157164
-0.606977866101537
-0.463489311364117
-0.587544956181031
-0.616850146834276
-0.612628987367069
-0.640488225399962
-0.65548548858252
-0.545054605629329
-0.549266665273852
-0.579997505093141
-0.661195121069023
-0.650284931404906
-0.485432626239642
-0.618908494527516
-0.554534220664367
-0.565100998750166
-0.437625658946924
-0.538056896993859
-0.581515150578798
-0.528810052459398
-0.444179437307829
-0.493949275568756
-0.567267599838963
-0.510568556041465
-0.364977246658268
-0.5225081602211
-0.569415582926562
-0.48431760730689
-0.56964921912828
-0.542206683396895
-0.704233882719595
-0.572087736764539
-0.569717898273294
-0.416240972579083
-0.498762764393968
-0.67021180857077
-0.443678934102402
-0.548437340416149
-0.555498810503651
-0.617162709551203
-0.469080630989585
-0.576525139834405
-0.535063444842108
-0.545245531165968
-0.349567607031211
-0.453984840748768
-0.520060654332429
-0.526242844814281
-0.472423958188758
-0.551920201100029
-0.694427447366681
-0.568709552989037
-0.428741554235674
-0.672474689855218
-0.336842195212127
-0.584319330008228
-0.509825423737099
-0.544564396623072
-0.395035552245976
-0.639871643003689
-0.334100520625093
-0.713959203983546
-0.587103885000018
-0.458513216652847
-0.473171746032966
-0.508675744686835
-0.484543446151794
-0.515250018729131
-0.416624194462233
-0.504022536550755
-0.489371823315264
-0.311274750818524
-0.513981935298579
-0.606612981394076
-0.439895468007148
-0.416289035477455
-0.491086903118514
-0.493572986961849
-0.317301733231652
-0.376998293155554
-0.537723290095617
-0.577065651887323
-0.367026338209344
-0.359735064694694
-0.362797797769723
-0.425302806727237
-0.591969375255894
-0.490353955662864
-0.564452508240923
-0.307190343942038
-0.54183690939716
-0.404819856156182
-0.365539978479189
-0.324851706687988
-0.305937061251356
-0.622093390757596
-0.359128757652254
-0.519457991840053
-0.657435765866479
-0.34562262994068
-0.570009544135813
-0.433941001960845
-0.423051472571769
-0.419254705850412
-0.410052480880615
-0.461843033379744
-0.411715115976648
-0.310061726917304
-0.339338013561075
-0.524916732960611
-0.4282231137965
-0.511042316996555
-0.492126678038263
-0.378585917942407
-0.352697368721418
-0.299958991411304
-0.462299493424124
-0.321623695426889
-0.454802457815281
-0.409024908498368
-0.380863465079172
-0.419659771424758
-0.294172639026797
-0.477839488052595
-0.219938561075679
-0.238248244718253
-0.336520166374897
-0.487941005571772
-0.344552490533618
-0.433609243673579
-0.432840372586625
-0.354103576577626
-0.475576836681411
-0.311574959739662
-0.233812433654053
-0.302846169709444
-0.397693565840362
-0.317579464194251
-0.353389294680344
-0.325777138751313
-0.299478915610856
-0.133606886261268
-0.433790638912568
-0.296432288616969
-0.318457509871994
-0.402845881675822
-0.528338733551393
-0.338955517466888
-0.43522874827254
-0.1832656048995
-0.318256772739127
-0.328681599887494
-0.215202785110313
-0.138957924741876
-0.344543753364727
-0.167338474662424
-0.385497574318989
-0.312629941018296
-0.262364601335951
-0.406921194203446
-0.104801561252753
-0.209063745330702
-0.349772352824431
-0.304082235074673
-0.321791730260601
-0.334542840904999
-0.311281873297359
-0.327992432038447
-0.279683963718939
-0.408367549628878
0.0253016934908715
-0.421875555177204
-0.209258040966528
-0.346729333947742
-0.286457114829988
-0.0828873391788105
-0.35920251718394
-0.287521369247188
-0.280552557766997
-0.117205778100186
-0.217908479923062
-0.140486312549868
-0.196514713013171
-0.172224091336038
-0.198528711356099
-0.258955132273527
-0.266165928779996
-0.443073309995473
-0.214693088132062
-0.291231756299363
-0.191100734579492
-0.070292005042287
-0.325548914104179
-0.18216649615433
-0.351272862351523
-0.259320330290096
-0.299026447354937
-0.310826169507651
-0.260438110290179
-0.0772127958145706
-0.0926279676282724
-0.179530483288761
-0.260284469060945
-0.159905673396129
-0.262594658776761
-0.328246839136566
-0.206705351953411
-0.261564613114816
-0.194460551611554
-0.290428148868343
-0.126878633206609
-0.332593475488051
-0.194963935418821
-0.22473302435683
-0.249508119100964
-0.162208205131868
-0.207923797368212
-0.130619240999834
-0.183442067907652
-0.0866288498514635
-0.0150195112727522
-0.184452426618334
-0.133710809522702
-0.0102381885172784
-0.209962854046216
-0.238124589411442
-0.175301429275771
-0.180489662712962
-0.0758465792706673
-0.254343070044634
-0.154727823375979
-0.0825010971588611
-0.249486157013238
-0.212527484026491
-0.0869147053614337
-0.0548934502330965
-0.134405046920651
-0.132220802309966
-0.152547346219116
-0.153935165174114
-0.270872707501196
-0.0925024208107674
-0.0699275272050945
-0.172193549244942
-0.23972550920029
0.0133813251264219
-0.189839735701385
-0.176747687977526
-0.097449754003362
-0.0783254871704223
-0.0100469225247956
-0.0174593053956701
-0.146472100314423
-0.172186928779401
0.178808431437116
0.00799514205844316
-0.066190392857164
-0.273556552138123
-0.203287595233639
-0.241877988575892
-0.124856773477082
-0.163198557511305
-0.095495386434948
-0.148336301772097
-0.0653149506805071
-0.11166437606847
-0.127293280078915
-0.123935877966125
-0.0704760484891671
-0.035625600384717
-0.138234786163607
-0.137052345676778
-0.115690350466754
-0.0216633650050532
-0.0149134368767831
-0.0909147604083542
0.011392994989377
-0.100838508928033
-0.0134766454853537
-0.0478438460152778
-0.143085609489045
0.0626634102015651
-0.0823405012962059
-0.0896711223875504
-0.0573997822112954
-0.0522461478042341
0.0338575796882961
-0.134284005525157
0.069911538284537
0.13434208467486
-0.0861500185152967
0.113610492123571
-0.072733246592376
-0.016075825624808
-0.067967537581934
-0.00924842315274818
-0.0499644150348618
-0.135873748507903
-0.0174895637231595
-0.0592239317524273
-0.0322773323658647
-0.00976031940043463
0.1073655378778
0.0770663988957109
0.0238990593327309
-0.0690979846544462
-0.0395132210170181
-0.0845597781370863
0.023143536630737
0.117134126972562
-0.00960767937474196
0.00381622362540533
-0.136715082838643
0.188686087527036
-0.0947782492869364
-0.185980038109503
0.100672527143965
0.000756767396890432
0.0431883660007607
0.0560233600497199
0.0395100317864598
0.00313923369899205
0.0360475630810938
0.0345018287616236
0.103009193830858
0.1236742030035
0.051581218990609
0.0442587015265525
0.0645002223634526
0.0707682040423496
-0.112288124884164
0.191323389973795
0.0708885670470586
0.025035151263915
0.142582503701851
0.100837252304719
0.0602569051841329
-0.00113488871293081
0.122694857459087
0.110067044866832
0.0998109262472231
0.0817933347951804
0.202277919517352
0.0177128096227637
0.0347328392588307
0.0263235646538738
0.134177764100647
0.150681388358866
0.095821506713613
0.241332969761118
0.143641250108524
0.0145179944428817
0.0769323049242556
0.16040324529462
0.0955783626813659
0.0436863410066269
0.027845909939165
0.0335325991391927
0.13897518216696
-0.0230224833409537
0.0865865119443091
-0.00611329784017994
0.189655696257086
-0.035395323623915
0.154749896420132
0.150333000980937
0.0941245202635438
0.268832636155821
0.313091572275006
0.221927945493411
0.159706229276163
0.133157856738143
0.0584132468837414
0.18648624248795
0.0583521670928551
0.064406031821107
0.182157322792827
0.0321106981398633
0.168249676340532
0.14468123923939
0.0560725168538238
0.135714908323578
0.17370429834231
0.0512256109903143
0.251489604468385
0.277421891709049
0.116946022243997
0.104765372608968
0.0869843008208042
0.0874245203680914
0.208554376194158
0.185437857676896
0.144812846187721
0.244690582698074
0.0606172547934185
0.326971861401929
0.226205869854189
0.139672000516092
0.194187170719437
0.111597320341055
0.201347031583722
0.287827880340767
0.06863953266521
0.234626390839804
0.194232701781205
0.0432040618324097
0.168411797397957
0.123741006137472
0.218320598798171
0.159691511575701
0.297501449756255
0.259787453211676
0.133800849829198
0.412572150651226
0.289659999126301
0.0774047712982434
0.17166693058802
0.0975325233350982
0.250417486675028
0.279909379773779
0.235464025129919
0.315623714700217
0.308699542050965
0.244537741316836
0.263838293533722
0.297812521146476
0.262066252598009
0.159221318569795
0.177425674409989
0.246326322566353
0.179514877879422
0.311473353955152
0.265264892736594
0.324330698458109
0.273108148154562
0.278178793116764
0.246241590284058
0.306587190800928
0.295369629249975
0.312298648936143
0.27792063750611
0.298655409517226
0.304310429348621
0.251162118959018
0.327117317256168
0.326454179237023
0.263480050444463
0.217057871286777
0.264914976331563
0.320445598716492
0.380385230814267
0.438509821495737
0.27698885803412
0.243276280594154
0.294844970580531
0.377726495599
0.31506947551281
0.140760082010222
0.324424506543102
0.169158376789387
0.303040726108978
0.266744777898284
0.264286638763173
0.367889282935761
0.38266206104158
0.446061794969556
0.204888925859979
0.345595024161448
0.297250934823003
0.292466515904104
0.273662592015079
0.252322679053928
0.2361396530897
0.408612914344572
0.41441200476223
0.202565805063136
0.330004873546527
0.247341419873541
0.249902065838568
0.201361882192889
0.262155254918724
0.420507358663485
0.374859993068079
0.351031604995983
0.309720431007605
0.250883402856014
0.456848642879954
0.438336472218963
0.568674165081232
0.505039059251341
0.280034547486374
0.377754197507913
0.456333893050638
0.336392737297443
0.425512685991688
0.512797413651058
0.311901501265962
0.360607658154252
0.449598225322559
0.370132533352362
0.354175871418536
0.527935429838941
0.386640445441913
0.286144368469166
0.238040962373571
0.445805913138548
0.295415172369276
0.30530086896659
0.373795222280653
0.314908741075686
0.413457204390162
0.425871092789241
0.341197053766893
0.405838756393549
0.251550864471235
0.382253080604264
0.339059581435338
0.552649138559185
0.44083053899063
0.496262029359302
0.395243437495635
0.369732405607158
0.286019695980772
0.426914090065521
0.517651679700798
0.382773898895289
0.362537721038273
0.459196347430147
0.47968174664789
0.448984702117238
0.368287971697114
0.462078167580705
0.527200000182532
0.467519775431276
0.280357605034662
0.430223541056517
0.425718933257909
0.604854629835682
0.521791603139784
0.401233102845037
0.400807756937375
0.464879695580236
0.446375728568384
0.493282796782551
0.369166037323358
0.46323680459529
0.471162650936523
0.600510448728102
0.510923874972124
0.581568517863042
0.421015950656192
0.55898924102931
0.519137888901753
0.540123494384352
0.479341209440264
0.61417136232881
0.540999211102895
0.492677317905768
0.363561554834857
0.351749779752857
0.485677168671012
0.402008830538145
0.582406545461549
0.426601869510152
0.592478769441862
0.519376595937782
0.485735158860139
0.704254928878701
0.634859010529282
0.625962078105554
0.495257084273404
0.526134027870798
0.412205294281434
0.548278493791776
0.534353503867936
0.519863905949154
0.638982457525121
0.586275599012602
0.543617212897806
0.495411403807113
0.673399686118809
0.607575942905394
0.537135539627942
0.492439299998571
0.626734662247531
0.599966469718653
0.624490697569007
0.356168857557643
0.525767143409856
0.652962902987631
0.530390664244818
0.660757777255554
0.587242075395389
0.613133763003028
0.612001676519468
0.685473934462131
0.598094726356935
0.639885769851177
0.691843067531475
0.530394016310849
0.5550871586947
0.560726791995933
0.50268577439597
0.545720564982544
0.523589543733651
0.621918401252724
0.651027779093835
0.483615874089697
0.60430567677045
0.505635935429051
0.671680826724956
0.668192778393036
0.5345814247565
0.569249758141149
0.498451195266505
0.524349101654215
0.646627228884791
0.651006820657798
0.582808773042212
0.649911505240563
0.53787946049207
0.681832681234259
0.770664135670665
0.419580395035142
0.499165290557166
0.543933491999986
0.651039532427964
0.621776809420842
0.571532379650912
0.593900820483392
0.632118075505927
0.661667253011284
0.668358029661584
0.761839024606299
0.605502163845109
0.761336370183168
0.512401619487686
0.592673382798168
0.719734992209191
0.722783293865523
0.62076563014505
0.541680685088676
0.751118424547134
0.811008515934094
0.595098047443354
0.838669674852377
0.763155858882587
0.627295330416904
0.692895075082741
0.851081373642846
0.762225968894171
0.642300191136935
0.639680903749809
0.685140132546544
0.664113435973177
0.63816911279056
0.589352261423636
0.739264357038053
0.525526322587757
0.792515739761114
0.819926538466708
0.658818624465629
0.594603969085385
0.66451925030753
0.712248493886584
0.644452269868689
0.616609139690161
0.619428892394109
0.676671489493623
0.615473624943353
0.787516864252812
0.704498129211778
0.663588549724739
0.732409445802877
0.584819641946002
0.553736876745687
0.722685364856496
0.844962555537568
0.778505259500552
0.761799673897609
0.619759242331554
0.784507710378055
0.53953506896512
0.878129221093443
0.775139519449211
0.798160655338869
0.637838439775127
0.653743180575371
0.623296617551139
0.868733362169858
0.649016687021625
0.87212819448601
0.766999869874195
0.719878641804861
0.778859995756902
0.671981197379431
0.758749445522318
0.796853087419716
0.724900388527654
0.694112670361478
0.772218365111955
0.751833660578771
0.738963316408525
0.78946328327468
0.803690560060334
0.800411354027982
0.893897513626269
0.819458794331016
0.861269243206743
0.865894559948446
0.85103795053678
0.779186183112166
0.758981986007928
0.624346401533962
0.92096707495006
0.874181191325333
0.892575180311159
1.04655405379442
0.911285476814658
0.855681201235427
0.791949239245438
0.793024107496131
0.923754317885754
0.759144607048535
0.776437142626248
0.861837495070871
0.978412791719799
0.867999857969989
0.832739899850208
0.753491130621539
0.850389848032528
0.882559923729381
0.866643098129501
0.89412842678993
0.722864842966325
0.721428994175631
0.867583374615218
0.876858748443335
0.963847245845198
0.810163045074308
0.937617113783054
0.858146839946534
0.898251633971664
0.801442741596318
0.995026796828054
0.861592652369967
1.0683920989033
0.736862043010519
0.81122524689567
1.02252878890737
0.819887502232419
0.989941053999494
0.908403411769774
0.855556986961116
0.783387004983068
0.967427178912215
1.05060583621418
0.797270502183906
0.931288542393426
0.863632566322409
0.830199699694776
0.991734541309341
0.985980620786751
0.909999929836695
0.870100792890269
0.920316825591269
0.996875167152838
0.859533730624799
0.845338954396303
0.906504252860799
0.936620289545905
0.829293190478547
0.919065200206273
1.01464226504683
0.935261807828122
1.03304585973228
0.887150756701508
0.828036253162159
0.851170420154292
1.01687146607081
0.995045033977095
0.839931195474456
0.934760608242816
0.921663931092306
0.908651851173192
0.915097374374411
0.915596960598859
0.910529041251498
1.08229135590992
1.05537501907687
0.884768604976043
0.984181069504629
1.02223283993798
0.915813837403979
1.10554630948616
1.01023765715446
1.07925650539646
0.98272964006923
1.04043606395359
1.04034827385201
0.899290354004714
0.954754816507588
1.04338112200317
1.00650157294115
0.943180343791585
1.05002192945432
0.956540655499103
0.907811176500206
