-1.06558246495245
-1.1083921790542
-1.02598780125954
-0.932218511025979
-1.04788623364285
-0.982214791162524
-1.06536039364772
-0.959740843471711
-1.14014340249772
-1.0324906041993
-0.941809349994934
-1.01977354412974
-1.01856467365972
-1.14448712142663
-1.1270362126215
-0.983220684935914
-1.04078178761605
-1.11578794353267
-0.836632352514481
-1.02760308899787
-1.03441130886972
-0.881831759398114
-0.922767413888173
-0.980978506430524
-0.901061999781944
-0.851988600258698
-1.02662565371649
-0.862553147415371
-0.935339916012929
-0.890769874156354
-0.931000282058027
-0.922536346066504
-1.01010847654463
-0.84304700273419
-0.866766410396592
-1.06889067491644
-1.05049813680055
-0.950053602538199
-0.878634510155702
-0.977671779936054
-1.02409363187517
-0.81014928460642
-0.977851163900192
-0.969603154939847
-0.952982786165614
-0.924417801016767
-0.988351462541947
-0.960024639503956
-0.863111929778652
-0.972378105912956
-0.915053171640495
-0.951121681803363
-0.893933428859484
-1.08580822446521
-0.870961256939055
-1.02484954495875
-0.925414033740247
-0.707846326542865
-0.77400302209017
-0.877744524145014
-0.888423321712179
-0.877884025302554
-0.734742276563985
-0.876653552680348
-0.938418066511456
-0.845322978076199
-0.933387186655854
-0.980332760512956
-0.984648235000557
-0.837999561512995
-0.782007359796559
-0.876052570451892
-0.811530808858206
-0.820034672433742
-0.959533630024129
-0.85015449805971
-0.877496656364254
-0.654654159228861
-0.846109177849048
-0.734181889366686
-0.712963757097182
-0.750290462851185
-0.867768869752474
-0.902139453933288
-0.984771113569861
-0.82805445650847
-0.786864865539774
-0.879688885762776
-0.785923778924571
-0.885651477575432
-0.765347893746413
-0.871387004828242
-0.929498368820203
-0.784778054843459
-0.796842296613849
-0.722140745819116
-0.745617681365329
-0.725748120232205
-0.713172438965015
-0.710738742715968
-0.880187766835815
-0.741900831107599
-0.613163680153299
-0.864139190128351
-0.789737954161922
-0.78023399873977
-0.877170121185601
-0.79483048800408
-0.762313390207206
-0.717437036959234
-0.709428589032271
-0.810260833975251
-0.715473743176825
-0.858369866187772
-0.700296462779538
-0.884544230830479
-0.748681077817541
-0.893262946119162
-0.651459413126552
-0.885309222655639
-0.75404416026432
-0.817213134311317
-0.837888105657978
-0.967557416457718
-0.768813049567019
-0.847603540739588
-0.72712798937056
-0.633376345772759
-0.714702639832362
-0.684748156647878
-0.691982978393324
-0.776110172426699
-0.814426847962747
-0.894734062398151
-0.913245501772276
-0.801384656167654
-0.653409349836502
-0.625027068081309
-0.741360189991983
-0.686362445399636
-0.80109383977419
-0.459160393271628
-0.690973962244156
-0.763470528109155
-0.647190422668484
-0.506975414932242
-0.875196310107985
-0.569548576725784
-0.678618918841817
-0.617705324344397
-0.810096947289154
-0.688235260938196
-0.800816573500943
-0.735399383447911
-0.596318138577523
-0.649364759337147
-0.600315709617024
-0.622138631407973
-0.613755569742323
-0.69232250846639
-0.607059226444173
-0.703949752606631
-0.615267975203382
-0.534865885943807
-0.641307768681161
-0.62552419522613
-0.711746338557535
-0.614549762126166
-0.57512783598972
-0.68078934244878
-0.764201916057845
-0.616631984276814
-0.659971177166915
-0.647333513549954
-0.581925737886454
-0.53050967728814
-0.577579615626073
-0.586945827710378
-0.661733491162157
-0.688458806470468
-0.721585623345034
-0.695123830033976
-0.440776338508294
-0.58526600925284
-0.621396516716012
-0.693665570532781
-0.575659635577814
-0.558170918633892
-0.737803100389033
-0.58499104518732
-0.684846822337255
-0.633001376392739
-0.743109017528179
-0.676302664073197
-0.519890198128781
-0.646921047023703
-0.649925237061416
-0.680237720217921
-0.706576391480568
-0.492719953208185
-0.658221853525234
-0.63596635394779
-0.654024384676802
-0.620763231866561
-0.586731677899956
-0.519216186737863
-0.640138475983661
-0.589807820879471
-0.627577755004033
-0.497729352702225
-0.497455646559513
-0.506296151627463
-0.590212253684553
-0.49630072397655
-0.506578865155613
-0.534299651807199
-0.47998987140065
-0.492185960390088
-0.602355343873825
-0.588159735332089
-0.553943709177351
-0.584336001946101
-0.629078355876672
-0.519358610890733
-0.416350982751206
-0.560591652671676
-0.49873500566339
-0.605126733582632
-0.533460857249288
-0.478508684685359
-0.421881723238136
-0.590778539565292
-0.485608550570372
-0.528094771556072
-0.548618030988964
-0.503314744240234
-0.531902408030731
-0.535247697441875
-0.562255542276001
-0.53160521053747
-0.59382496224306
-0.573894976318443
-0.489687505834139
-0.622612272378577
-0.530923919625317
-0.545757259560532
-0.507088301563542
-0.561939787284857
-0.476696857235446
-0.532181929649176
-0.527558118912235
-0.597617004115855
-0.388264935235032
-0.629552145479691
-0.453297945559316
-0.586893652079408
-0.507589484211437
-0.526352370221072
-0.467062278383475
-0.490879874909249
-0.615901952961945
-0.6050382915935
-0.364823004160812
-0.565610417571076
-0.415419838160737
-0.488406584664609
-0.419307372353592
-0.533189277466213
-0.425606446365711
-0.392587465643352
-0.343810676532471
-0.455127337377094
-0.571236368605574
-0.454480178597397
-0.408209420628676
-0.361909214874319
-0.453750196286573
-0.486168361041946
-0.510594052062661
-0.435868528955447
-0.471304756089645
-0.519185824458602
-0.307745812929792
-0.433431321237518
-0.443142989520437
-0.383100903063804
-0.383164934696388
-0.339425167069469
-0.34260374183711
-0.351177510622261
-0.422870565447868
-0.27381058954654
-0.311142436877517
-0.539281180307831
-0.356711284549342
-0.399051861225375
-0.471667984433034
-0.239721938753698
-0.434771856136328
-0.40381257541456
-0.432648154994683
-0.381763580149058
-0.368904571248387
-0.465768423950834
-0.342348201355836
-0.375928576982116
-0.393231747315442
-0.459851552752212
-0.474956675344089
-0.363571986896724
-0.422305805527355
-0.313879258565884
-0.299615725053356
-0.40002679138417
-0.332826631321122
-0.317873945883153
-0.444872431954224
-0.185655753246643
-0.424473677593937
-0.264781505941595
-0.358427120733588
-0.408163521499892
-0.387328304326652
-0.400627601966757
-0.361534196343354
-0.455906521394436
-0.117747147706792
-0.34541971565831
-0.354712352706503
-0.168417943120143
-0.326704029084232
-0.254474787878665
-0.356569457996467
-0.329984515263441
-0.35950017435751
-0.440840512215279
-0.340165806009812
-0.39567963324954
-0.40820233152177
-0.236164027809195
-0.327445453536301
-0.377717016318318
-0.236151987179359
-0.432758181005724
-0.372791573021561
-0.236376683430757
-0.367165463220543
-0.478114408286789
-0.419106423561441
-0.212565435831202
-0.320990392434489
-0.298347319205807
-0.205675066471948
-0.265379832555609
-0.227171848499406
-0.259261917599214
-0.329165295466388
-0.275820706317322
-0.436384844291736
-0.238882951870381
-0.388342493502875
-0.391960639416806
-0.298287343166142
-0.273626269008994
-0.170150520523391
-0.419479882775031
-0.292635662810972
-0.342804236774761
-0.169030216748833
-0.19634367905156
-0.255320708807899
-0.318107959089595
-0.271056072475084
-0.400269215228916
-0.235709238644187
-0.214423498121882
-0.307302465284598
-0.236233275513273
-0.32043665000591
-0.360652207131748
-0.263675268736777
-0.245370021575084
-0.375413339279454
-0.220973243502466
-0.351210555594401
-0.32810700398072
-0.378985954544281
-0.177531338320224
-0.213244021272911
-0.224452782356756
-0.169832445846274
-0.148734828031029
-0.288217321986646
-0.0445419941552143
-0.37129597776437
-0.2479188123419
-0.224880716301904
-0.144742230240884
-0.266182264864108
-0.327661116778345
-0.242400718092027
-0.110791270581638
-0.20028148725424
-0.300560052864898
-0.327337778190217
-0.0372840483424987
-0.0617790951440356
-0.347296902303429
-0.216313342775122
-0.224809745475675
-0.264183560004484
-0.0463964235241423
-0.186597232226022
-0.250367424178811
-0.20595693300753
-0.170145454737601
-0.231615450296595
-0.173879338467522
-0.0698797340905397
-0.154021806526647
-0.0861530815929789
-0.191784744113079
-0.139236635224263
-0.183973972006337
-0.207277839071993
-0.0483516513050241
-0.101516425544579
-0.178475218978463
-0.0814103644795263
-0.0163837154683882
-0.0955391337476579
-0.0868523961123597
-0.245082648792006
-0.139092179039314
-0.0867425965860148
-0.0559276470200694
-0.0904686471889404
-0.0585472421592814
0.0731689514309832
-6.76528999229464e-05
-0.243598815460561
-0.108484662703088
-0.0542024382507546
0.085403910247083
-0.146738418795938
-0.0609680617525577
-0.144355099776543
-0.0575254986144089
-0.0564997814244837
-0.276786748005992
-0.136811962986854
-0.111637301650915
-0.151613777225381
-0.195099964599363
-0.0298781285769587
-0.100009293217199
-0.0141236121494206
-0.0525848808285164
-0.0542251803469876
-0.106964486050325
-0.0900024870849655
-0.0290112086764624
-0.0354447332004794
-0.0580684486486094
-0.183472632496501
-0.125581485142374
-0.0396276671305416
-0.152304729862039
-0.139874760885547
-0.124124070052815
-0.0916874484791351
0.146127752533065
0.0844792123742304
-0.113877081776966
-0.0108490624949167
-0.0443783964884452
0.0525538180327568
0.114914442676916
-0.0249477148355381
-0.064386964124463
0.0122067393902281
0.0852361661658498
-0.00934166487415846
-0.0135259296522454
-0.0158478047559574
0.0188166033248009
0.0346156645713055
-0.0811173598404351
-0.0600382221302789
-0.023943855600153
-0.00575704798394042
0.0120479137944231
-0.123652841183382
0.103436670598268
-0.0384238713375745
0.0742796150072666
0.0123176726273172
0.0418764740563304
-0.0794577261924399
-0.0338794311551572
0.00759719652422764
0.125212543691571
0.0467545221766854
-0.055145411941162
-0.110649378770331
0.229046710513324
-0.0171626474827471
-0.0269844078373326
0.0841574974931789
0.137669205923131
-0.0190164786118006
-0.0384996786725075
-0.0786186559191485
-0.0195145868470692
0.133355888485837
0.0323048080170468
0.148173492138832
0.0479782719226224
-0.0308053644691492
0.211918350031542
0.122337679365848
-0.0238397943417763
-0.0880035930103747
-0.0599032721535403
-0.0653997644543165
0.0495088595769009
0.0827691030276406
0.19699419199481
0.13904717586579
0.0523472130259361
0.0714304622100794
0.0755063638869722
0.0279837238304654
0.114508765291021
0.334909225589198
0.0901421785678547
0.0780035778514413
-0.0450489593969813
0.0562296245649697
0.0879787617848078
0.145990324483452
0.148696440793013
-0.0220610414643824
0.0624328387757403
0.219687314515006
0.0622384465496135
-0.0204187114397745
0.111300822422205
0.0331012375189886
0.108747285330694
0.0819803656626291
0.0952884134106153
0.170485493679858
0.0654275202619088
0.0600197746348618
0.0973734367113007
0.0295361809297814
0.116660884609571
0.128470961739598
0.156374957554761
0.190747810765544
-0.0441712149917624
0.0936681953626115
0.174904058196237
0.247127420626507
0.0480186574722052
0.0354731504624936
0.196783908682392
-0.0192375747642979
0.198721298834063
0.0260766877743174
0.255035587624771
0.189972321830326
0.138552384786178
0.13416728206608
0.091305707283596
0.240262607071696
0.0731262584370557
0.23372939865077
0.0268151509363813
0.243825676659598
0.221464729667523
0.142350245354024
0.0797390951441508
0.342909657677607
0.22389793839311
0.227607649259629
0.194302481996294
0.0926439583103617
0.0616403013781752
0.112769625157268
0.0187907131381744
0.258649317533989
0.292803442078263
-0.0247615734259957
0.263302560820088
0.303749801605678
0.229350595507429
0.238468047749315
0.200586420377171
0.15200906464323
0.17895226181483
0.276498367187855
0.0946437154903854
0.311583859237568
0.297699258779512
0.172654706145206
0.211939801541028
0.21176884281996
0.266153957018079
0.291756915080048
0.0921690340032998
0.209487694929522
0.281751335711707
0.247081583223967
0.386080828900037
0.266383473788474
0.223779663103648
0.27342115774226
0.234498420829599
0.144849777475446
0.273396795164297
0.316507222882613
0.0824111150183107
0.201342639556524
0.240320579068173
0.362756435463715
0.177485661438083
0.364243495689039
0.362658760615845
0.261818946415722
0.168130945757115
0.286808650101197
0.262233325827215
0.334978857407685
0.181110820342752
0.388502923063978
0.420062663263496
0.279499352067566
0.264692451147214
0.243229000374272
0.221500487489441
0.39533719318895
0.447709606745817
0.331346986346675
0.206428693469423
0.132111913406913
0.450896382622288
0.298000148534821
0.246305192373719
0.324058306775547
0.255006400211974
0.388941762178964
0.268818722026511
0.296321254681127
0.251224055982442
0.245851909023838
0.385081242032102
0.296496637096903
0.484261117816442
0.300020061561324
0.365763777129288
0.356963813667575
0.374547702765383
0.315808130480142
0.270473515802016
0.417597214056653
0.31266259377554
0.460343344391259
0.303141634008442
0.437445770322645
0.335562763593625
0.310882264164487
0.362085423460435
0.459560666642176
0.459925059451776
0.407182510121963
0.383264477220598
0.34649941908822
0.295769629328955
0.152564705342788
0.439905642836348
0.193711226029663
0.216487475627686
0.441784256054948
0.427663362323306
0.422706633225293
0.367718611044306
0.340838696536705
0.351463057925126
0.39361051102258
0.357232741931644
0.330624297090127
0.35001901014106
0.364990849740834
0.329715694402299
0.266928391506281
0.349412509321459
0.445288407081284
0.366037942754654
0.416645152623412
0.318642223023195
0.367561293570692
0.283595662470123
0.234302827226591
0.556157973158077
0.465321034753406
0.329488036675999
0.411211936011873
0.530488780709066
0.416778929305324
0.47075957120502
0.329530643125416
0.340893546753033
0.406573512926459
0.365243966516801
0.299783799695763
0.400241735551961
0.308931213717884
0.436430861108568
0.509038955909939
0.470569954583544
0.463665648154619
0.471999659051938
0.550877107265677
0.439001622350975
0.498809334396139
0.416538820752486
0.647148713697858
0.360942577371678
0.523368028745437
0.410317958547708
0.401220804347884
0.50403569630622
0.429603524101432
0.553311076720718
0.494019656095866
0.328230989270999
0.37902161918784
0.405662550653696
0.390141686800527
0.582378314283731
0.613355676613549
0.660801669894112
0.453454575230986
0.474367544098344
0.608470648860306
0.501345663781724
0.430707798368865
0.495121520456681
0.442154491307085
0.551086297481811
0.512584126379113
0.647280589947415
0.352786034782467
0.585607641664074
0.568484449105158
0.451602375918988
0.631941392578999
0.556308209534199
0.587937254072643
0.638654839754693
0.533629222554288
0.45496840767597
0.47051367304857
0.602622989343115
0.48907319176262
0.480028065526335
0.611586885648522
0.599349691995344
0.5167278045469
0.583004525559392
0.50845026643656
0.734779079984769
0.701731636918971
0.388605457322526
0.446577013219273
0.556620027464135
0.576074801426196
0.486346834380324
0.356926017030204
0.457098869536614
0.565392964994155
0.570836066425275
0.590764279526416
0.433409853920159
0.73207211248526
0.655252066459706
0.589083875378713
0.57791460119586
0.703081710179298
0.429048513981092
0.35960116155943
0.536289595397077
0.538815707863266
0.541555075000447
0.472352451332569
0.440477619585647
0.564822246136206
0.559328859162451
0.836504247915168
0.672180222552501
0.574326053998309
0.618266421576572
0.686150493075108
0.63960681828974
0.671377370758396
0.635169950487782
0.590393880523034
0.579301964713722
0.547503241591565
0.676200654236347
0.525869507851775
0.699452348906279
0.676651566682167
0.68775912713493
0.754377973309817
0.57888685462316
0.673774146402168
0.62974641229145
0.658126437393206
0.593209093509332
0.733435671043771
0.829903268098419
0.817946823242522
0.648379574620974
0.610333923919602
0.677665793597608
0.791040834509166
0.652650266938498
0.717947812170448
0.686609118113676
0.66757801745277
0.562462029585183
0.611907225928534
0.645628658027189
0.579980657105448
0.805996178090785
0.602186452716369
0.631299919894019
0.472644615549346
0.621278021534083
0.656601389783413
0.526533698115317
0.669432602476048
0.644647311345803
0.733012637027993
0.615523918143513
0.741948383630257
0.658800528052563
0.545826148399746
0.598394928928225
0.7345065627943
0.803086992114808
0.802159050374991
0.726275134325534
0.729331819411174
0.768361819436817
0.635724639920208
0.619792938172713
0.752617270498267
0.726207059490042
0.728324899415577
0.751521452404776
0.807568343560317
0.675588548114224
0.797805728769115
0.801525388525729
0.675777962657662
0.643115654184565
0.659248228235811
0.709029995291035
0.845491156368092
0.85425551092772
0.585921377907084
0.699675142509718
0.873130802581318
0.80550556479839
0.833186123497461
0.650743934707336
0.862267896911978
0.781277672445811
0.830279018431934
0.744251517259877
0.77994436810173
0.891180305572745
0.636974030709823
0.838788432720314
0.807220129913359
0.795928115369562
0.724292752181417
0.788896356892385
0.887406512586921
0.791820730155072
0.81333879601065
0.780608246712566
0.781002709701121
0.742035024606266
0.77704495180829
0.848658124602509
0.720974678703714
0.608483211415532
0.946043536396894
0.700840789941498
0.879647114702907
0.865544930201284
0.857391842943889
0.702718280731923
0.848560013008979
0.910966814969115
0.715282192564877
0.804707533144819
0.827471456134956
0.91789471185451
0.996095229435094
0.849402424034594
0.655005772759989
0.765271150970339
0.80245522164924
0.882416540744765
0.793135835790287
0.840286422370562
0.836770095660869
0.828994769568331
0.712274855631002
0.88017314490317
0.832316467151392
0.982530232130779
0.916313679595034
0.743137362510231
0.945877247491859
0.836278314340882
0.813700570151815
0.742823291472414
0.849672843128388
0.780462651046142
0.847307375012542
0.938042712431617
0.853587390486274
1.031779669251
0.862123033536282
0.87061272589017
0.693832968905803
0.974375308793134
0.949767473032141
0.937487536080016
0.858482703409804
0.925098285422559
0.852879247866196
0.799109881710233
0.819344736578884
1.03054387361114
0.960701732215928
0.856296630936187
0.916545873698462
0.883262338274071
0.892388510570526
0.932102462368812
0.938337002710341
1.01596781133534
0.990085174862012
0.901808687798573
0.822843271503337
0.826126917790623
0.913865324634275
1.03875728569803
0.912818704728656
1.02508383939937
1.02165233123573
1.00133420933931
0.895247053215019
0.812640160386627
0.876658179912405
1.0115304420123
0.847051419020721
0.930156542204907
0.947741099318865
0.89790233350458
0.863506188455432
1.08447370343083
0.914746720859608
0.766774073677504
0.884561141701039
0.869390138782576
1.01182865075578
1.01371556481283
1.06875026545399
0.947535811723184
1.05184869361612
1.09860823683488
0.974898522938508
1.05447865879059
0.983855697475394
1.08700325207648
1.00004530012782
1.03695837446729
1.00868516292999
0.924112691236216
0.941316517090715
1.14216057324223
