-1.21145487344838
-1.08518429349243
-1.09186593408749
-0.892049101610638
-0.930519898675883
-0.921904574200365
-0.994118745245687
-0.909260027646865
-1.13834214610062
-1.02611825721688
-0.999367246550996
-0.982972403048624
-0.898640287397415
-0.857489566768926
-0.909703479024202
-0.984499619927765
-0.992323045687232
-0.987083346377815
-0.942745327387034
-0.887633414305009
-0.921137421964278
-0.96094010521745
-0.84643543971301
-0.906313339364815
-0.975117090023528
-0.806232066377254
-0.944940149394263
-0.896931255174289
-0.928773893135774
-0.960141403017492
-0.957045472686491
-1.0254501985731
-0.923505544559614
-0.911700739025171
-1.03331482939922
-0.954276841136894
-0.911559871552267
-0.914874997839149
-0.822157066456801
-0.811503559270615
-0.899851783713432
-0.791641902028844
-0.788700081499997
-0.811354872629792
-1.03450265344926
-0.898340842489007
-0.888301627838666
-0.963698855573688
-0.877757927701139
-0.857230991313283
-0.791829681496441
-0.977440640882541
-0.887434194329327
-0.890383170976959
-0.887101179474332
-1.0556274140593
-0.916342821744631
-0.918732921152984
-0.966299980594516
-0.929344847298442
-0.707513980654477
-0.957683607309678
-0.891744585265966
-0.771449512433918
-0.823710576625532
-0.685907636819906
-0.885457184014604
-0.829770764850264
-0.827770736724572
-0.826630174248135
-0.874715716355457
-0.831279507104843
-1.07137072883721
-0.96667008222117
-0.950523025223912
-0.93570180082877
-0.864305079555706
-0.717498499127634
-0.770196430333721
-0.844277915232101
-0.836976079845831
-0.849689342914725
-0.873121958738632
-0.822313256634158
-0.797002228013065
-0.726496109552626
-0.808397532639101
-0.880860863995497
-0.86011242420589
-0.781516111875079
-0.726208530864167
-0.728194040965591
-0.743721529832495
-0.617829965310545
-0.796357801077721
-0.901729632359928
-0.840662275319247
-0.704293042931778
-0.770537459458347
-0.732786606518856
-0.859795737305494
-0.795173152797961
-0.81350567929023
-0.876857985628696
-0.821381632874143
-0.876534648563982
-0.783238601333382
-0.787480884288206
-0.796939602693695
-0.778948513557866
-0.80901667190363
-0.785983391405667
-0.782781518026774
-0.613893397490336
-0.780248364748355
-0.896303108366899
-0.646555781313982
-0.706743959618838
-0.632775645738398
-0.666600893129087
-0.656260308808653
-0.79446509517718
-0.709209920890728
-0.797211949718901
-0.711382181959068
-0.695190844435342
-0.738958185111568
-0.597880764546642
-0.68946177529402
-0.788150040961095
-0.662129285796178
-0.857040165247553
-0.610202805309724
-0.632419515048837
-0.756331040790749
-0.779881889256212
-0.748547243451706
-0.71403226496622
-0.645263315868388
-0.766629961034598
-0.690076311993578
-0.769710821293374
-0.779239277817763
-0.860169981088302
-0.623016788412869
-0.767547163713852
-0.639723308905162
-0.744803159077856
-0.75807334396296
-0.734209847508966
-0.555802606249084
-0.659883874533136
-0.757635821177323
-0.579302745671977
-0.760011108366968
-0.736600902750576
-0.615198651829764
-0.719056046532676
-0.758916716786404
-0.771855648797228
-0.670091672049914
-0.788060693066048
-0.592450123378411
-0.594688147201616
-0.673927602871927
-0.568130509368377
-0.56661998887859
-0.716243084120134
-0.546071318002228
-0.764819490883035
-0.727908079853819
-0.65928162808374
-0.755554692675051
-0.57222756258484
-0.705406376795881
-0.675135361841631
-0.686886365363662
-0.600364404563898
-0.683726930796203
-0.66623677305986
-0.691288991799533
-0.637913522431935
-0.590360853198862
-0.599456172997049
-0.653554701622547
-0.6226038423427
-0.612658643004262
-0.642681360530738
-0.65771710966124
-0.843582781444688
-0.516780485265152
-0.66664302941138
-0.650752163800795
-0.631228152828479
-0.637567538671209
-0.641300914457798
-0.54427953244569
-0.722969285218224
-0.560755495872858
-0.588231726840522
-0.601038563887719
-0.691838738634477
-0.623080987624332
-0.638807042559075
-0.622853493526993
-0.65987151178527
-0.431176755189736
-0.513836164555239
-0.762279543683945
-0.651952033157674
-0.57739354477523
-0.475454989286969
-0.537816830274912
-0.509624867369198
-0.70880810442143
-0.437239446014282
-0.434243665579514
-0.710295624221228
-0.606164751771659
-0.536995114415574
-0.524006146750328
-0.505957326797176
-0.645064279822704
-0.384739816367051
-0.488804514631327
-0.647362509122647
-0.673383132693346
-0.472003280755603
-0.396261712224516
-0.433065810798956
-0.632243654837629
-0.564878897666201
-0.357999967231337
-0.585540390709684
-0.517420699665748
-0.544483506979087
-0.591255085223215
-0.4350413988259
-0.571879578732634
-0.522831392538368
-0.576656846849049
-0.406876974912099
-0.582880981776959
-0.462332478760014
-0.383545317299826
-0.503128663681648
-0.586408706803098
-0.562111312740043
-0.448600913351335
-0.470659139838879
-0.561555934968876
-0.52839991898219
-0.549047168954985
-0.523558271323141
-0.677785754727231
-0.468406941497572
-0.413514212109428
-0.345823448139297
-0.469873696799578
-0.540344177820253
-0.487832209468604
-0.424576313053452
-0.539933740165133
-0.402858074472863
-0.498166131522783
-0.445195141422655
-0.464985293056931
-0.474211968264436
-0.360120392641051
-0.344405827102937
-0.488357809456356
-0.55667564622343
-0.470187881017894
-0.301944049533784
-0.455665084050134
-0.414334084333704
-0.388524747991235
-0.490863849056797
-0.53859771024447
-0.467316771565677
-0.33529660467297
-0.389953868605303
-0.533011070429006
-0.431367628246099
-0.349392869618175
-0.360484664642368
-0.458150014767626
-0.47429695734314
-0.315227869090183
-0.362375628914782
-0.417241313226083
-0.581990252688919
-0.408035548850874
-0.411126624599608
-0.415880507284669
-0.304498764892683
-0.544245317892221
-0.38443558986139
-0.487521752044998
-0.498716944972473
-0.350778805759208
-0.39249375717395
-0.350139046872168
-0.380400643632147
-0.224815900639033
-0.223288466465432
-0.382004592975324
-0.430432270911004
-0.316939591674733
-0.493396354644561
-0.297372527505709
-0.552834277637175
-0.494937839835448
-0.25335894139286
-0.388762809989688
-0.28032834370413
-0.397602288792916
-0.544188228028168
-0.259805163443262
-0.301119270548222
-0.286538314191245
-0.350219847126519
-0.216381116022001
-0.207121225920292
-0.319385315683459
-0.327032313756949
-0.357050854565618
-0.290074529236296
-0.470532972702719
-0.344275353383727
-0.352640565679286
-0.320505928098095
-0.13653492797635
-0.428280955759707
-0.454813267792264
-0.446361486576065
-0.333964083131418
-0.392582693427624
-0.29361889366987
-0.41453838602417
-0.295656868672735
-0.41511231362024
-0.325752721769364
-0.258238293439687
-0.332950302977984
-0.283793556633243
-0.405574525093942
-0.312884141901803
-0.276218345793952
-0.279283508529439
-0.482224463614106
-0.349735921676632
-0.247544161883466
-0.196008556720998
-0.304192562039719
-0.310902487027598
-0.301029250581875
-0.351748702824352
-0.180528795078703
-0.325223794746262
-0.245973777939979
-0.392535202182854
-0.340855294933984
-0.339733280102897
-0.293724915098598
-0.385550281397429
-0.297400884379489
-0.256867045825939
-0.121406604399741
-0.13876128759665
-0.167900821409139
-0.306144129677445
-0.321938713119384
-0.198957696363484
-0.302594057687367
-0.162196317340544
-0.263088432698868
-0.0513718865854175
-0.277020334732848
-0.44310660922084
-0.332844385936869
-0.226676303036721
-0.190101000336165
-0.395533371140688
-0.366943640557638
-0.278624107871343
-0.152270665881785
-0.164810195945304
-0.251104018962623
-0.177263602268415
-0.281152320474521
-0.14434892715273
-0.137088467340423
-0.362843709185183
-0.167161437716973
-0.317633437099763
-0.18565269450908
-0.156435421990103
-0.185111524677449
-0.210244260288026
-0.114016102692231
-0.195929854189587
-0.331595412036773
-0.203090807197384
-0.0535932413203244
-0.31462041149614
-0.175625392630206
-0.202968960693857
0.00483290052823959
-0.185434996730946
-0.150898093633106
-0.0783406672849934
-0.230999258832992
-0.208946353095362
-0.157221134647675
-0.353309746328758
-0.101007413189114
-0.297987677715963
-0.143539580997371
-0.0913525907902244
-0.256760868577657
-0.140970417576655
-0.217126024206193
-0.248395050918501
-0.273447327785327
-0.0937932724374294
-0.1314607393972
-0.0355733042801473
-0.167483782259027
-0.0675995623639445
-0.246633482579548
-0.282428894360712
-0.216418359757002
-0.166962599714637
-0.243023152549672
-0.0613379217665788
-0.181789606389676
-0.0148667565974099
-0.0870516439077091
0.0605965168269313
-0.00956497274704289
-0.101245252738542
0.0344968775699009
-0.152778596774467
-0.206243353250484
-0.120230107603356
-0.106512356630991
-0.0145079367327419
-0.19303585162694
-0.0880996836119618
-0.123780534672949
-0.0391825616560247
-0.191391041177273
-0.19259047278621
-0.13540207986055
-0.0676581142650997
-0.0800534077621585
-0.0234017523701906
-0.184119598742234
-0.171885281893611
-0.119894004167181
-0.0372546871955519
-0.177181860415468
-0.181839508488412
-0.174702001470203
0.0649043911961847
-0.0910554474249855
-0.0437911531821508
-0.134951292939469
-0.159473536164351
-0.155644472632113
-0.148351726617993
-0.229592697612838
-0.135370625681604
-0.080262761896107
-0.11446905136217
0.100593909442652
0.0224152431272207
-0.123523547140267
-0.108588944694535
-0.13287100597459
-0.0105861932321807
-0.119233781948961
-0.191719299596324
0.0843339534167658
0.126598656238264
0.0603482562580366
0.0307537113257745
-0.177197328160463
-0.0537075543567861
-0.0337001785227046
-0.0302633587609286
-0.0115134227730044
0.0501150423329006
0.0401793072000209
-0.142325105626622
-0.175135710913559
0.0946165413194587
-0.083257029713162
-0.0116976264261816
0.0542024801076439
-0.0941386225893581
0.0402900170622901
0.0605827702485291
0.0260287756637787
0.0362981487820812
-0.0976669455134096
-0.182713312918104
0.110329778513694
-0.123453351680172
-0.0496661827174979
-0.00918471247176943
0.0650202948640077
-0.112924887883919
0.0313150662062771
0.197635472484841
-0.0507299293781019
0.0553191655789432
0.120349927345994
0.0750536523513022
-0.00429030293234102
0.118068808781337
-0.016472590938769
0.0676438136915248
-0.01354444188177
0.214947563677945
0.129953284169983
0.128565860074045
0.0484587881847225
0.0912582107523669
0.101456342201494
0.0539982285959932
0.0379960600051501
0.140227240782768
0.0446086085695731
0.123313494700396
0.0355473634657326
0.0185831332767029
0.106514633477202
0.00183585223469285
-0.0121288168847584
0.158369990706419
0.0859651585399264
0.0172786864219449
-0.0542500873670519
-0.0179230676892196
0.180915014191027
-0.0190726667549183
0.148410524565483
0.0148378065290094
0.0371549712789283
0.10064419167705
0.00187434777671697
0.176313188641895
0.0983249991993853
0.255483145640529
0.0436658171695481
0.193971665633501
0.0423987647571985
0.155080530279651
0.0306598385561439
-0.111762867943717
0.130104302016181
0.100442454866257
0.2193814420502
0.247387272568117
0.227678375391087
0.0122212077722942
0.116480393067123
0.247674509995086
0.157858051772344
0.104193881238939
0.130792210770069
0.108903235588148
0.14232875905466
0.151369377884983
0.0250798764528661
0.134071860199361
0.18374462931061
0.0660252349234941
0.327869535250954
0.0369876899830058
0.224688091729277
0.198401851924308
0.171832581136151
0.107792616062692
0.220130077381526
0.114222806910346
0.160793425066428
0.323788891327161
0.301654851240014
0.27999732235293
0.116561180114222
0.102320884791814
0.110937336278075
0.175340123071998
0.124083459761033
0.214657833803969
0.141428634754643
0.300013224674775
0.084728841334394
0.0825035490472096
0.196352471884813
0.180249860432264
0.371137081330839
0.320483811092737
0.170508178418122
0.353446699203612
0.241100102988895
0.237454106062016
0.230369801421449
0.240173293854561
0.200707816504743
0.13184632601293
0.255457597369131
0.301805170882803
0.280126309582798
0.235509757999836
0.339368488400606
0.262778918185262
0.353645882676798
0.216302907367742
0.146853975899839
0.246886336870583
0.280529391475399
0.289695503369203
0.162038444743056
0.347314493925099
0.251043761917337
0.294395262328403
0.283868468091732
0.109599877097378
0.0957407471859231
0.184054866615806
0.396647819121365
0.291506549960755
0.241121535712683
0.304081105009045
0.36506357725154
0.22377488114912
0.088703649334145
0.377485620412871
0.30827797826585
0.218222752253526
0.356950251281168
0.0618618356973587
0.343881671441668
0.218899644104956
0.251494647143106
0.280223016765304
0.266223669542291
0.262456362003226
0.382701549449083
0.321291694399641
0.402028171882933
0.371647432394313
0.446024573072737
0.209854676696081
0.391171967196848
0.272622483094423
0.343314092620832
0.214723541343106
0.376904167827031
0.223451056394885
0.525642095848688
0.460056369416577
0.287120852035502
0.321587935610721
0.367351623941708
0.376514101410482
0.242473510170913
0.271776838595996
0.307727514440742
0.339260514306338
0.416918595597199
0.398226347087273
0.271802524009168
0.457138380054632
0.451545019506324
0.411235577579597
0.503358282654806
0.493138676716965
0.353938289334094
0.385944286543377
0.533957146305893
0.169323149211897
0.373226126587094
0.424627585815198
0.248422591499385
0.290345069297569
0.240036141652096
0.519332301574365
0.397114707595734
0.291854850728798
0.492583527799515
0.408998864661758
0.398884696592386
0.372765071501485
0.427300825742589
0.363042159124035
0.48381879392374
0.421219888638236
0.450141586853688
0.40796473170591
0.449652518362977
0.374713992985094
0.400017462258413
0.439904727821756
0.373746930364048
0.402444903843946
0.403333779053732
0.285113550704987
0.400957149611227
0.391675243597214
0.508253920729246
0.373682684786818
0.454976126472213
0.375631608133196
0.433400729596984
0.441809137196672
0.277123935343603
0.398506951550913
0.569049087473775
0.482683950897774
0.544695427739223
0.607560315059907
0.439054035132583
0.45948941358041
0.312922100817027
0.543431557920171
0.480605648046732
0.349943152234137
0.553289377965997
0.516934133409839
0.471274587508796
0.5821222363536
0.432963616706495
0.533144047181488
0.535851185827742
0.567699410155825
0.447346718678704
0.567228595620779
0.426188952906382
0.537341842403362
0.419331340705354
0.392570222509321
0.453023491561803
0.712044667609383
0.504396389054948
0.503291186907509
0.426777023960402
0.506912703613328
0.564027343347921
0.54444920984785
0.382704160124954
0.585923312266777
0.685367143687921
0.457553886745974
0.4346059038112
0.455335016633423
0.372971814264527
0.522717306330398
0.578961952727328
0.466964271486153
0.537817272536834
0.512702764721014
0.421076793360599
0.441398967913597
0.515127232626192
0.531107871348106
0.583804432457242
0.639926690941612
0.623125388657285
0.374044938922886
0.504102170708083
0.581633184275742
0.593468683966467
0.578278714637693
0.440089484130486
0.561470467322455
0.6202764755923
0.603450557568098
0.551559016278897
0.661045392704224
0.55095439952516
0.529172846522233
0.623784331011194
0.552412734207142
0.664851935552877
0.567419808009967
0.612755789581591
0.365474424301023
0.460817765255898
0.604099352473065
0.54518725553896
0.631530198053426
0.515547708168944
0.553899261625781
0.554438075707592
0.567017248634336
0.635700722335857
0.571422457873878
0.440819930247246
0.837680897447899
0.653409688616121
0.584804960158587
0.593388979813521
0.707322641114624
0.522629631931024
0.69016117209196
0.601181885605277
0.58599423694584
0.577182270519281
0.61973333382864
0.631693201135736
0.648771483549366
0.735998354679146
0.557842984193048
0.709189188222519
0.55322447147048
0.583386943027257
0.686374462867891
0.58813065005288
0.580518375975342
0.781439740649535
0.749723102885861
0.602445268384196
0.653494078238854
0.669580878671443
0.701649025154735
0.7252936466838
0.657849966006267
0.748282151350925
0.773396120988012
0.725997077679761
0.569230430434723
0.604283621919877
0.703348497385095
0.731825340516111
0.733280013614593
0.658222107219036
0.524146315658973
0.634181637336606
0.791989858583846
0.608737790679866
0.723062072991428
0.710055762553645
0.816376014575372
0.657662907795507
0.640857052376723
0.576100210098621
0.748680661107886
0.756695647676814
0.609338550218134
0.685309692585023
0.678377481058802
0.720204441942585
0.719033913793249
0.670199240505448
0.723992740992549
0.58573812451988
0.896805862069774
0.614250500000908
0.548543965427986
0.780243555672747
0.728618987457738
0.758683073045996
0.697179827435832
0.836932964828372
0.704090801307838
0.723477938335023
0.702592141169801
0.741107516970865
0.709705269324319
0.823373895968746
0.878419718911858
0.89409713026736
0.744029439402135
0.685752825841829
0.571556953846649
0.74441084426626
0.720829472333257
0.84242195268218
0.74852036926239
0.702706596564717
0.889868544957156
0.704577065575848
0.861334675052004
0.772876280389903
0.657409181906583
0.83377098610334
0.72723485758816
0.93623036825421
0.743136317156506
0.673078173867431
0.835533623531378
0.836122424522383
0.699461565886309
0.763361087867126
0.742294555835568
0.846893807362401
0.793265242772985
0.818644839749648
0.672878713845693
0.64690590250196
0.864827042739767
0.831392681543311
0.811614248350807
0.850315659988542
0.844025173158183
0.933666260935267
0.842070999259397
0.814331900697352
0.893959754598253
0.956894930885956
0.77744096384999
0.920143842268541
0.686750842436407
0.748103452573466
0.841243523324871
1.03150436422177
0.752975339472455
0.874264344042938
0.815946269370952
0.680245547212056
0.838982792321137
0.921613828939736
0.79228208645771
0.761173137752898
0.879091055522888
0.881055211852493
1.00558983837901
0.852364003064789
0.887566388559804
0.9181914361626
0.993811971632191
0.819059486756945
0.857750529334405
0.954563614878914
0.746852563140759
0.970138051430018
0.960613169105028
0.681306092488912
0.889104424038684
1.02125439726135
0.913132262734482
0.748768831235522
0.952133709459562
0.797460902805356
0.896475255049125
0.878232004848178
0.771957274345247
0.854953479128695
1.06334055658989
0.839623119244122
0.818839007090076
0.985800251451069
0.943770545420134
0.875046964722994
0.936246869399943
0.890388974865923
0.891275347561097
0.918618458636156
1.02775207115113
1.04073673420688
0.844002993605369
0.897241792656969
1.06837320222823
1.07334531951398
1.01045146955078
0.987491994720618
0.948158287033825
0.826118635648124
1.02314418511924
0.957655376990418
0.896618864045751
0.82092318403275
1.01439398025807
0.986226637268106
0.78522160315874
0.765121336533627
0.820071251733607
0.977269796892839
0.842824689326826
0.970806324305712
0.818928185755393
0.96806335000769
1.00828962541042
1.07413633821958
1.016190346649
0.999655758186815
0.994168074416892
0.985770624157169
1.02736745709497
1.01164168987566
1.00101877264331
1.06042169549363
1.26109482816312
1.14564192354322
1.03166870761429
