-0.956384585623337
-1.02776634882986
-1.1466793575698
-1.10227361011746
-1.05065149805849
-1.00842576688057
-0.92054145759051
-0.888854249377844
-1.05604319724799
-0.959059665998321
-0.931860825666213
-1.10180942085269
-0.930133404979436
-0.849842657899382
-0.794479212537751
-1.0452802795406
-1.08090761120712
-0.921365089782851
-1.01682832394541
-0.803983358376854
-0.820415634341929
-0.875154026068009
-0.958056495877396
-0.97278835030193
-0.829489112193434
-1.1203826735723
-0.954508223514786
-1.12471856710327
-0.947714755239095
-1.02729047928054
-0.909725949660527
-0.877807931464982
-0.964542397264853
-1.00039861566118
-0.873715830591017
-1.00140764728123
-0.894633811520487
-1.07530787946806
-0.857474632999844
-0.912180155423167
-0.979317341746404
-1.06177642779801
-0.96236571277299
-0.966070775135872
-0.870794137431884
-0.94074534104388
-0.906778539270207
-0.678429761979173
-0.872590555058393
-0.952523104456533
-0.998952991462937
-0.892387482953295
-0.825414326235235
-0.819343032765672
-0.918988961750763
-0.930250115374324
-0.824656989680129
-0.901109842984753
-0.894810690006725
-0.817124989881658
-0.87098623917142
-1.02857565419942
-0.902333673395963
-0.853593983954142
-0.898812847280742
-0.880545706849043
-0.790138058196235
-0.888567650697857
-0.842407755444266
-0.944615871946788
-0.705320786136306
-0.745941097645949
-1.01281779708982
-0.898829090017847
-0.804681263603959
-0.854715530343346
-0.960638093393379
-0.738680184470662
-0.904472245578539
-0.77199622135107
-0.822558842801378
-0.760180688209359
-0.982750641212304
-0.741794119370762
-1.02704780918847
-0.828336513565691
-0.989023259405019
-0.855315003859463
-0.750403256468849
-0.729599386809604
-0.774555252488958
-0.808994283854841
-0.814660207084903
-0.811180411895894
-0.768822563924243
-0.803171655240743
-0.757708990148397
-0.69415865480848
-0.902371354157198
-0.725352787900698
-0.750397446233975
-0.813490198710801
-0.609292331918154
-0.688308723260097
-0.759760397903251
-0.779786966209566
-0.718004765077461
-0.696749030270835
-0.816391283110318
-0.751571847331769
-0.591751889060157
-0.842430151149112
-0.856770222808737
-0.765475650086676
-0.853284312137463
-0.834485802797985
-0.744408979597019
-0.769117095742304
-0.612445127532828
-0.75045589727744
-0.645265262920603
-0.881203649427176
-0.824085127231512
-0.857860299929957
-0.851789728811457
-0.694597706421549
-0.858166514458824
-0.759408465963492
-0.7929568192866
-0.700738338394635
-0.681487673542688
-0.720804351352139
-0.665349298256923
-0.831703961139492
-0.723440930877227
-0.756687111509218
-0.671096062634016
-0.792288285162765
-0.657637647673734
-0.658938180638361
-0.622920485959834
-0.565171358188969
-0.867095568795328
-0.560037348926131
-0.670119032032417
-0.763751667933628
-0.765488655670655
-0.683523013101094
-0.665432761497589
-0.657990652838014
-0.591135503340704
-0.573079787246169
-0.654310920401565
-0.757037795302701
-0.739308409057997
-0.637340089930131
-0.696560074391445
-0.619672313786959
-0.706830739542443
-0.663293070724867
-0.778900131788384
-0.633555987242993
-0.674271555117533
-0.556084650576622
-0.590401347426856
-0.736589165508527
-0.7333240376007
-0.606960657837505
-0.742547266641132
-0.750409915360535
-0.589295748471723
-0.638494837190546
-0.524670341299073
-0.670039002948515
-0.726665948082712
-0.63448497611541
-0.716647210460205
-0.630180921834294
-0.802761518837771
-0.650964484290634
-0.738636791758287
-0.621750439184333
-0.645205712626344
-0.681177754544924
-0.68663234601183
-0.606526791718445
-0.615436181585742
-0.587684217784357
-0.607242204938605
-0.746707084284608
-0.657692481430189
-0.735065848625188
-0.525870017852653
-0.617275190588697
-0.658074075466699
-0.597891144952688
-0.665972051042996
-0.581033654641629
-0.621976737563994
-0.694420661581985
-0.711100655673062
-0.513661889078654
-0.553330109916644
-0.510435311826176
-0.673702752624902
-0.654784147195251
-0.39247248260982
-0.594620522870288
-0.438523365044349
-0.31264433823364
-0.516429806220945
-0.524878066098181
-0.640963889140434
-0.528475551355938
-0.633712323461857
-0.530062792362016
-0.338994764256613
-0.515046387212323
-0.699906345145253
-0.73095116218483
-0.611134926369204
-0.594252919887557
-0.394220831280381
-0.788634671086031
-0.685012549771831
-0.631607843758344
-0.446699763441261
-0.494451481111683
-0.385201702330455
-0.566261346639219
-0.657252557176687
-0.657539355837936
-0.603010168536703
-0.579235401392052
-0.543071389968561
-0.455299824131313
-0.703696367850504
-0.456254217322019
-0.537081756774893
-0.474353406368426
-0.518463242122043
-0.586793320161498
-0.495976803672832
-0.584956814859632
-0.585159416878945
-0.337658512382011
-0.531320060576338
-0.426736894756119
-0.438226212966279
-0.651563205212792
-0.389902059172483
-0.470092872925341
-0.42132382290817
-0.392510863463871
-0.633693808547614
-0.459233537864749
-0.488201948858273
-0.476002227856385
-0.439412640472636
-0.389874323286301
-0.610924017964742
-0.517249911798858
-0.252026596813656
-0.533046238121702
-0.620760923807757
-0.563870019125651
-0.427854328052412
-0.541331221414165
-0.547600959875193
-0.484862462626445
-0.483828940092877
-0.339141463468502
-0.424681061939319
-0.390024833409753
-0.412369685104364
-0.659742628698685
-0.454195174090152
-0.473852619629074
-0.442990273396656
-0.452470116475201
-0.412486821209926
-0.459057509297089
-0.497598079994806
-0.440155182845358
-0.4566246812674
-0.492910953973666
-0.366691108068947
-0.430660333471093
-0.362187584717283
-0.640135291099444
-0.45661065586405
-0.392683700100884
-0.579049989962716
-0.455508059364912
-0.397472687891067
-0.435502541342436
-0.431875735486282
-0.457634252707833
-0.320359683733313
-0.521356397859261
-0.478755416588537
-0.455785222932551
-0.330306944405367
-0.407662840843743
-0.24889924752344
-0.383694076486101
-0.553993718583678
-0.185868812899957
-0.31112081555714
-0.319470631231554
-0.335531506131681
-0.332479527144306
-0.386254628925977
-0.231588535940086
-0.406589498234754
-0.357732079459393
-0.343473318237562
-0.167603669830914
-0.443477451008285
-0.405789793027388
-0.315661263642121
-0.36038655608645
-0.323137184205293
-0.415993054928574
-0.402019899442148
-0.408106134330711
-0.189681997858715
-0.28455603519343
-0.386937049254904
-0.473515319019296
-0.171789686125534
-0.221945794108015
-0.307032512537048
-0.288999826441726
-0.309051355636256
-0.351286749589278
-0.286908092843433
-0.264060746648167
-0.342257445200676
-0.239615705237261
-0.298622460379608
-0.25784953920495
-0.359931919935504
-0.216830675677874
-0.348219343552564
-0.362652208981991
-0.290320493132588
-0.37361960055176
-0.277016127884927
-0.427463597810657
-0.204994657020243
-0.310471267861552
-0.303353085962398
-0.144032979785013
-0.411973515024505
-0.291621411655644
-0.256412835625586
-0.327413629179848
-0.240948908758537
-0.258164909727053
-0.253678447970556
-0.366741434663955
-0.285246511014601
-0.133951896138777
-0.184372176341869
-0.271849304785555
-0.30964060667554
-0.216653506359949
-0.206615675247708
-0.273643388825197
-0.237900752341378
-0.289425715492695
-0.145593003441074
-0.15766302102104
-0.280598287972296
-0.272962074650233
-0.166949278913305
-0.314781283538572
-0.158816321243381
-0.255044908622445
-0.229260982240501
-0.296400095895304
-0.161384910915148
-0.187702416735403
-0.198828879547872
-0.278497854680073
-0.293752043039179
-0.251106361486464
-0.264787778391847
-0.186295490083914
-0.300720400886732
-0.159025723818928
-0.231986144417596
-0.276876486798971
-0.255527638668516
-0.236963308231765
-0.0579709317136374
-0.328778095508898
-0.238445140169277
-0.018381902925407
-0.153842027963244
-0.32385045783005
-0.0624545850898212
-0.169155530641138
-0.283718076178737
-0.269381766753316
0.0119465963229341
-0.314420642674545
-0.223127624870052
-0.10624495530778
-0.197232642934011
-0.106379053345418
-0.185714976076728
-0.179105975858994
-0.134730933623042
-0.124369846706908
0.115058983817338
-0.02688113734397
-0.0889953836037323
-0.175762815587185
-0.15492813804479
-0.144673651781969
-0.153675276048893
-0.130813823719479
-0.127944097019501
-0.197395705803911
0.0118003126516696
-0.0488986742617627
-0.0426252864720367
-0.199850272237687
-0.251064198863832
-0.170075330244201
-0.10078660644342
-0.0648371767554415
-0.113750799331839
-0.11856304123211
0.0504710774625354
-0.0728214709882533
-0.125589130164452
-0.122443634596754
-0.109127047927954
-0.208471955005947
-0.245160009860562
-0.198538665695644
-0.166704106055312
-0.211206930811735
-0.150581624571111
-0.270210691266604
-0.180541911172034
-0.138974174442636
0.0736745540527692
-0.0526494246302462
-0.03621398503053
-0.129281543875871
-0.0359032810688544
-0.132706076323802
0.0146567060098177
-0.10785677180131
-0.163951377026413
-0.152971192203839
-0.0739915163558551
-0.00769851059179296
-0.0854276064181574
-0.0581921778053006
-0.145126476633169
-0.18972861803202
-0.127107284043203
-0.0183155957236373
-0.032898908383467
0.0104809413641892
-0.0638846341670354
-0.112563989552595
-0.0163565586913118
-0.0143675069699212
-0.326810836515499
-0.131062379816898
-0.246424420075051
0.0182273255713277
-0.0566963445455594
-0.0248694800778686
-0.0298420986350347
-0.0957833358434789
0.0538140205861944
0.0203595278029145
-0.0503142574297885
0.0144539832362779
-0.187026101453686
-0.0207561975359569
-0.0982851887377417
-0.17799993030161
3.71933208835452e-05
0.139068628560606
-0.0185487203717829
-0.145222168897061
0.0461164198125675
-0.115235262656888
-0.170459016439101
0.0360689451544126
0.00544129608697411
0.0153035234637571
-0.0278767710559163
-0.0341736697112963
0.0405374220548453
-0.0263982775353537
-0.0627571031356233
0.231856119715048
-0.15629992400435
-0.0348071604229171
-0.0502602401012175
0.0394900759108688
0.0274011094657179
-0.0721023242659014
0.00742602239112138
-0.121533163274651
-0.0232433442695608
-0.0303676708108474
0.0490330812113767
-0.0144788345274291
-0.0152602888381577
0.175406670086728
-0.0847625499613907
-0.0303030255920867
0.0276439731860921
-0.0816096223407347
0.00612507056670536
-0.038414423923809
0.192006276973443
0.0833444599810038
0.0861864384564816
0.193943982286277
0.0438724731145089
0.0342599752925056
0.145163047554521
0.136252008614093
0.105636645967355
0.206455897114031
0.101370732773311
0.0597668783688946
0.174926520157826
0.109932378346304
-0.0590875221316043
0.124553517193067
0.0765389504254847
0.0257239223405755
-0.00371796771646948
0.111156819202222
0.085812721277371
0.138544798099194
0.00024076001689761
0.0861775489383506
-0.0269829410750868
0.197562033083959
0.105060911937684
0.141270821923095
0.174676844076367
0.0479388182867454
0.130248071257536
0.154547452157175
0.11744782974386
0.212770494133111
-0.0250940077701488
0.0140784488317931
0.049123124445197
0.0534086366995029
0.362980165807435
0.236541371781378
0.244961736875637
0.0344123428202407
0.178100130442161
0.0121942661168751
0.149125554198443
0.251146358386757
-0.0160027604123518
-0.00666660721412598
0.138439849432688
0.181212508046998
0.146548295153316
0.149004027420654
0.208419969095404
0.227526990359224
0.167780222644622
0.22505464358636
0.0794192591686235
0.190915913470908
0.0811254694221944
-0.016421530987672
0.116712159490721
0.0886508079332535
0.190453263985216
0.281642553896678
0.204565202056787
0.203984630061317
0.259567100479095
0.16089479200996
0.172136965963084
0.206871573559918
0.230397169587127
0.219965424921539
0.130229229808494
0.114973829667273
0.223167415710286
0.220438820165083
0.216683377196739
0.357543495212215
0.268325524503894
0.0142197802952031
0.213766181084135
0.228991636784712
0.358948419328371
0.141965603871683
0.236393796746373
0.261147914924753
0.129490953327038
0.386554493104784
0.29288407729023
0.219073056448438
0.265967211027653
0.137952702889059
0.295473437686583
0.453194628067777
0.334053654765331
0.139575889868202
0.258200827646002
0.209263314954456
0.328804827493167
0.297727796065226
0.387470103103533
0.178593329497568
0.340990167705954
0.336312014711889
0.20754528662134
0.205806502881638
0.247562449948119
0.348488190922108
0.226405860121664
0.423538964724838
0.292432447648241
0.451399777714344
0.245756992465899
0.26975422591074
0.289088956104827
0.263824857385222
0.226480338506236
0.257425939784685
0.207011368239157
0.360235600928513
0.408708242691247
0.335490517998456
0.230814935172043
0.43900857684077
0.516254281074661
0.40489504726456
0.37019501698231
0.352609747459191
0.0751967679746116
0.353594260977827
0.383878834961192
0.176785164914559
0.437850956212888
0.333499895547665
0.357604873179872
0.377879603052772
0.32204458587385
0.422792202992048
0.293189499767603
0.351479548399748
0.309440697462051
0.301008020181865
0.399861165500447
0.313596773503945
0.374119642700245
0.357865193363576
0.262463532264227
0.435709370393379
0.323881422813759
0.275997541184808
0.321006635733092
0.350149040259319
0.384430021439155
0.463324906202423
0.31428001570432
0.353690337013545
0.375897981855238
0.51023796046008
0.418935013112294
0.365482514068063
0.383465347405826
0.419756347705409
0.347092929471771
0.396380217836956
0.485689800578475
0.275484191106714
0.468904396285647
0.373177918025209
0.378853384123916
0.372241040608753
0.362031223298179
0.470979652106239
0.428598395050677
0.50324800365061
0.33816211454375
0.291133532352969
0.370200879802883
0.599783863470801
0.375561480342097
0.570864524407928
0.347034877919674
0.30602619832609
0.346511914271782
0.435563483412734
0.412169325251907
0.408023583138714
0.337658596866547
0.493381953555662
0.45543003058351
0.658454340302994
0.47809016479807
0.485399970510032
0.468008150004288
0.395342520316342
0.510675161226103
0.438340539611953
0.364370024992356
0.549927542944781
0.597771669966934
0.255941484383638
0.512308003029719
0.436505145251647
0.611832257149744
0.336883473499449
0.422291801521747
0.536370836570811
0.440753578213296
0.517620150364377
0.509248554161293
0.389950327412726
0.559209354710616
0.515787901078113
0.551231788169421
0.24670611564024
0.425242191428908
0.434957666769859
0.356308321957268
0.546297462839292
0.415397805412792
0.464708933017088
0.549987751045306
0.421798840604803
0.342791038168812
0.581449785222634
0.44220633722757
0.401054569410518
0.535382212809145
0.4651996970107
0.492305850793628
0.329725776678124
0.469221878310549
0.557028470380137
0.486664421929952
0.560857289314978
0.515660089246965
0.459967269343787
0.450923599235593
0.579940723006479
0.431852020405768
0.538550612703052
0.536388002977884
0.572171690765448
0.508846582656208
0.485618148077857
0.496105769217378
0.405679091138339
0.533688434383497
0.521771798866682
0.642765268443446
0.632896044456657
0.593991377357995
0.376968444999288
0.546941916275246
0.503953443640171
0.590852859500724
0.499375356999468
0.47901622565752
0.616674231036487
0.569035152227495
0.445539262594197
0.570397604319107
0.508397071852927
0.621639050847914
0.532020187742029
0.458228364693559
0.731866240477601
0.609157160944348
0.622829671149701
0.581998771920862
0.610711358206264
0.527332931269993
0.612241998449353
0.441443039990402
0.662638815341562
0.540171548464357
0.558537538117143
0.64772193884479
0.779468647568639
0.637731051405585
0.714013422552812
0.572738728198744
0.559961397282304
0.671109455150491
0.650934710133178
0.772563286324652
0.701071067417048
0.601401167834163
0.628095347094023
0.701410026431954
0.499999820282563
0.648614268155352
0.561137296095357
0.596734523445958
0.538200539077296
0.546703578752072
0.614985751274916
0.520940720934198
0.626070830674664
0.790865090136678
0.566516320300766
0.743265794785385
0.766088988563943
0.67916096052442
0.666522469312836
0.618175827313871
0.613669791186402
0.660714914090776
0.808731070412763
0.672469044346519
0.543549223872769
0.706931542520857
0.617569118551511
0.520207658449921
0.627055491209291
0.600359294431222
0.762719521085988
0.687770971860942
0.635607918275934
0.540350266840994
0.632713262319015
0.71612221604636
0.682947230615837
0.776956617393606
0.682197882291743
0.747083588680449
0.865077227528374
0.845178777045925
0.571665860821713
0.800407335609204
0.71275091611832
0.765340768493028
0.638849605190437
0.709700199256982
0.797507853417414
0.741909117146356
0.770961472882308
0.750524654103504
0.690764363660222
0.711728379137687
0.7726140028338
0.698994957192466
0.700275074702057
0.717930542868108
0.651826322428549
0.711625718391306
0.747622117122272
0.676772344956965
0.696065157182809
0.659690996434994
0.83565404118634
0.672157016590699
0.63567608566314
0.724912968076808
0.606991595908695
0.676958307831812
0.755119696778596
0.710017170954951
0.790553792353377
0.627409166324957
0.651564877560604
0.648282869704261
0.783090821599833
0.723947133597587
0.869477698688667
0.769791936942996
0.737983836808085
0.898526650541125
0.684578522490787
0.753754105782705
0.782878790830115
0.781957622522844
0.788778611192277
0.897643026297471
0.774093726982367
0.819226211806617
0.7654281116268
0.81488826133629
0.971493526818263
0.908412422907343
0.844441323924406
0.825115863211661
0.945252881938783
0.774367082736796
0.793229355208115
0.805480338742314
0.823643098536522
0.928129493532911
0.779670122192431
0.805909969233377
0.835297616288912
1.00991557503647
0.6288909417933
0.832984379138175
0.780333619107526
0.87235562716422
0.825248896783663
0.834967082566604
0.792956231862494
0.934716866960262
0.617890256056081
0.938416714297152
0.867523932074988
0.670018749948717
0.915473332593571
0.916712354743157
0.960424922864045
0.877861819727894
0.944851016509528
0.794056186579176
0.804096999463619
0.894735164948765
0.977087272976682
0.910788952441431
0.847105563316077
0.991618614182234
0.838853774750961
0.788751251673601
0.945447893033084
0.963572623186247
0.828817720951223
0.845352914177065
0.884876523865574
0.9562089157191
0.941891185890332
0.991817892299162
1.01124459488299
1.0320804811277
0.936899224728929
0.817136359596068
0.903675151541347
0.943615304726254
1.06230354799629
0.930718030690712
0.932531343328749
0.969067990958545
0.934195563832405
1.00310754517463
1.07330549680182
0.900700832806142
0.896116183542639
0.831463350797577
1.01077432001065
0.970094022029633
0.942203590890901
0.909659355254668
1.09203470439376
0.958211726747227
0.956807920750516
0.92128086805056
0.921785968211236
0.871527183113791
0.936262782872523
1.0456230677505
1.03364627061819
0.844510166548222
1.06096097995715
0.990608639377294
0.821584115355884
0.897461009917635
0.926488342022684
1.08628305005303
0.94198756133496
1.08552012523297
1.01532959124982
0.903636693078963
0.789551843055038
0.975309231373988
1.11552022265635
1.10743272502227
1.08164000222015
0.94393755331845
1.07012642910533
1.0230425387598
1.01074724995923
