-1.03935063719159
-1.12897904455361
-1.01869978177437
-0.943473852993813
-1.03073613080493
-0.994435293370908
-1.09892087895366
-0.950358173424046
-1.16332967209244
-1.04052214037006
-0.968244188382701
-1.01104207916646
-1.01205621271811
-1.11578558573166
-1.11467751551041
-1.001870328928
-1.04473632900674
-1.11285887542104
-0.847589933905622
-1.03690517061512
-0.992924278804861
-0.887931197142258
-0.917024603942498
-0.978671201347011
-0.899302282310635
-0.864379637281611
-1.00281661098495
-0.874860110305222
-0.92683720490691
-0.878530631707427
-0.910005508654763
-0.924289682803243
-1.00462354253043
-0.833586177128737
-0.849244684374282
-1.04934926800709
-1.02408137244232
-0.941955762910249
-0.882511907971724
-0.958394799802883
-1.05431827494702
-0.797338145130992
-0.976391734921061
-0.982310406457913
-0.938003070486476
-0.924926338795423
-0.991641714212129
-0.937645704066889
-0.867604458954781
-0.969452481599968
-0.915928209001151
-0.971938725358704
-0.881015906192717
-1.06824491472193
-0.876788549119321
-1.01906533602992
-0.962180286179638
-0.727337852202578
-0.775542854953734
-0.876703320768175
-0.897469032786321
-0.872545472054687
-0.715929045171972
-0.863307324504868
-0.94456897700045
-0.863633973521482
-0.92719511885609
-0.986155227354258
-0.984617072506756
-0.82615056138809
-0.780450142129245
-0.873371407280324
-0.807470514328447
-0.819390117964078
-0.949339988323636
-0.85015592993917
-0.877215508121151
-0.646184371877007
-0.837966130793289
-0.745908936177853
-0.706899752697043
-0.745005798287239
-0.849099551268011
-0.893178299074498
-0.991036071002657
-0.801008167930417
-0.805960675928185
-0.889749271105282
-0.819728439649182
-0.885063926254147
-0.78107725089337
-0.849481382903395
-0.943040591614601
-0.805923064714169
-0.778649139905687
-0.721123927778339
-0.728221600087681
-0.720194327292654
-0.706164817986227
-0.711354201772236
-0.864710848847862
-0.749280468669945
-0.606815530546903
-0.87914460527251
-0.807948247897849
-0.815569749074227
-0.869638902570955
-0.809305033910482
-0.746287791975255
-0.694815911312172
-0.706503910795529
-0.789075711544079
-0.705763121890346
-0.877700219889954
-0.725645732817812
-0.914688717621264
-0.734452036047522
-0.883285064923162
-0.675642453367239
-0.885023141025267
-0.712815595451976
-0.812345757133715
-0.813209219188326
-0.960463440848758
-0.775075163074205
-0.869414473612662
-0.727051246785676
-0.646617347039408
-0.700400207471902
-0.691587231671139
-0.702890454296594
-0.782102660338205
-0.810459065047014
-0.876875235449128
-0.90764646866554
-0.802490943151465
-0.634920710180259
-0.616621628699672
-0.758352209379266
-0.700916975467567
-0.797245625321092
-0.478335280320439
-0.674808421962523
-0.767632151300782
-0.651181668751287
-0.530721023812885
-0.876891341700163
-0.569124727378436
-0.719495777158063
-0.61798858602519
-0.806588964409425
-0.692170187924551
-0.812721893576838
-0.722634130633629
-0.608287691903502
-0.655619437537185
-0.598747012955368
-0.634085856588363
-0.616623059626797
-0.686397172414053
-0.614784610318597
-0.717654588362959
-0.601893398709243
-0.524508670073451
-0.65227000891663
-0.636623349219765
-0.724888538491385
-0.605591469871825
-0.590213862069714
-0.70006777663097
-0.753682157186645
-0.606130527379184
-0.659188887629436
-0.654265843595008
-0.574997175773423
-0.509084025060558
-0.574390759782605
-0.598493526028505
-0.653688808719053
-0.68678501609505
-0.740182731155689
-0.706806232701269
-0.425877638798428
-0.583033925312954
-0.638991010933544
-0.686659733735166
-0.5759018624705
-0.581697837083586
-0.734322267946944
-0.589399081296444
-0.69635997599601
-0.607377577689023
-0.731458177915237
-0.682443784625179
-0.506782156578073
-0.672068183442179
-0.66120312008356
-0.685413114106499
-0.715298127747587
-0.499810538689348
-0.666204822126207
-0.609870433083497
-0.642943022503902
-0.621771053614364
-0.598645140406969
-0.509406839770537
-0.668489518921368
-0.605322454119625
-0.625474365551318
-0.479543548983546
-0.50419469330645
-0.489563711009448
-0.597123391103214
-0.491527022051829
-0.509289457254973
-0.537726115600632
-0.490580453739267
-0.517455928732322
-0.589844324691978
-0.580708220158771
-0.546789743549803
-0.569828145056178
-0.612209613851853
-0.529644338413948
-0.400267282195098
-0.578542307337966
-0.507381126470483
-0.595479221978187
-0.53445959108242
-0.483926697449321
-0.431767659362854
-0.597596082723916
-0.496530806045741
-0.496825624223771
-0.537180950636159
-0.487876791973993
-0.547114363904366
-0.534501520621798
-0.587077313228557
-0.535832393682162
-0.584667180030749
-0.58405588210803
-0.493111304430497
-0.629731833895548
-0.510973738058312
-0.541687350629489
-0.504973816287013
-0.549031600288071
-0.483762953874475
-0.52558808352846
-0.509288263234061
-0.592364019558046
-0.39879288492479
-0.644386639364392
-0.476846865106511
-0.559888441412653
-0.508936533042101
-0.550337738581292
-0.466567059686737
-0.483303958160394
-0.619534669332491
-0.627906540024525
-0.334683003248675
-0.558728905335596
-0.442692224050341
-0.488048231704611
-0.424323559129267
-0.532813234865969
-0.418338613541454
-0.404141015620486
-0.322024434145818
-0.430125011641963
-0.579617886679042
-0.432141588774443
-0.425721218438716
-0.337007921779432
-0.444858559574365
-0.491413529449511
-0.536643297432815
-0.423689314526121
-0.477440705363372
-0.509719550606777
-0.306317725922169
-0.440778701637378
-0.427302913978812
-0.376804125788849
-0.37800538570142
-0.329368019303128
-0.342183637331477
-0.344993483962358
-0.433145453731276
-0.269382149723815
-0.309953479966271
-0.531687916850207
-0.367710924337917
-0.392521214829318
-0.472613985623715
-0.250863579669536
-0.464646378889488
-0.417883301938737
-0.437753373961079
-0.369368589749176
-0.369448474807782
-0.477615783057166
-0.31863013480708
-0.381121030520889
-0.36647818127431
-0.459941578365056
-0.454787504470361
-0.356089764976565
-0.421159226503805
-0.297737796657553
-0.281139739052422
-0.414814052020512
-0.346947850952353
-0.304519713140377
-0.435904724068032
-0.179195834189236
-0.448637998214454
-0.26548053759906
-0.369079946473736
-0.41113150880666
-0.391826778017188
-0.404574019577802
-0.346086935258454
-0.465903156676046
-0.124724801789935
-0.336634189081894
-0.344064200304028
-0.179828120892208
-0.32407314135096
-0.256264539174371
-0.381079956065456
-0.30294867228863
-0.321928987035887
-0.443137008307147
-0.335420792046281
-0.394060393970713
-0.404724770976359
-0.228652256056848
-0.344358339550879
-0.383497395489134
-0.227803353106315
-0.440361278217157
-0.368372369158719
-0.259399865136613
-0.331161281118969
-0.462030136558734
-0.421696885935148
-0.22064069636477
-0.314179587522182
-0.296424370215585
-0.20484342388237
-0.283666015867371
-0.203717267757475
-0.247787220205474
-0.320099748100373
-0.306591379798371
-0.418478919592396
-0.214895351641987
-0.3903349411728
-0.399079547372911
-0.284620262245252
-0.265631672121653
-0.173443174151332
-0.405949012715681
-0.277268439509464
-0.328811523210315
-0.138282174438402
-0.226439497171238
-0.251454548688094
-0.307619730914064
-0.283039703144711
-0.401639720483172
-0.252628418423742
-0.210485744864629
-0.305419490407403
-0.268710198027847
-0.322317663720918
-0.382932936962519
-0.295135337587575
-0.215414482333399
-0.363712122970785
-0.238406015247074
-0.364111506779345
-0.32639106517778
-0.370429660733204
-0.180080760514563
-0.200873263145323
-0.22654133973754
-0.195754167760875
-0.151565974644444
-0.263909237407904
-0.05697623594194
-0.352377950236153
-0.217974309472592
-0.211761035113206
-0.148314378921293
-0.280865292918478
-0.321894272994994
-0.24781796604254
-0.119619195391125
-0.193459891988697
-0.282518371933304
-0.331749372065496
-0.0426296660867879
-0.0583070555327729
-0.358311936577133
-0.215688222994898
-0.228527206196111
-0.291474324731256
-0.0364250179200326
-0.151822589480192
-0.25627859724896
-0.190749893924086
-0.15102134529052
-0.208895913177112
-0.174401833460382
-0.0824190058346784
-0.162564124164354
-0.0900273271545137
-0.199864249911705
-0.141621253869179
-0.191344133409169
-0.196848298818622
-0.0622932054432968
-0.0930266744580516
-0.188288735812006
-0.0861268506127995
-0.0257594926783924
-0.0875441327336018
-0.0800375686853797
-0.243647914629186
-0.14547985510841
-0.0742100362002703
-0.0387629611972712
-0.0817468534104289
-0.0368102352771316
0.0788968347408935
0.0178897150111374
-0.224294150041742
-0.126702922668121
-0.0605425797357272
0.105033955952545
-0.139470127651747
-0.0423988015377718
-0.152641633872371
-0.0561120628967183
-0.0701686234099798
-0.268361594876969
-0.120839600932342
-0.130776254142991
-0.138666855795601
-0.216149260542231
-0.0221789577544109
-0.0930174697429076
-0.0247613805392318
-0.0472498938999537
-0.0381442458314805
-0.100510936190792
-0.0740268434284461
-0.0156959140079748
-0.05515716162321
-0.0419532206179049
-0.202657529991395
-0.120012417918364
-0.0324939840856844
-0.1297299870353
-0.147214154245809
-0.15116476706498
-0.0845907971559624
0.154532442507609
0.0959620206762547
-0.11723772517915
0.00614144626056598
-0.0384352079897426
0.0603897208280086
0.118101195694063
-0.0142058237771321
-0.0635354791978159
0.0110594393591955
0.100643909865801
-0.00439636812615031
-0.00752538484624601
-0.0334005367637507
0.00891240999819655
0.0255391059726233
-0.0879961773166899
-0.0490557204566994
-0.00809687623165443
0.00294038622000406
0.024305019263336
-0.129001787805251
0.116411292637642
-0.0543082793320336
0.0639251239494727
-0.0221795973848244
0.0278960078325951
-0.0860154822670141
-0.0299154111780379
-0.00769691442540228
0.125398609623566
0.0445873201861072
-0.0371333767782763
-0.107767035479372
0.209075351496767
-0.00958519320572865
-0.0294003445629387
0.0821471651284216
0.138750234258744
-0.00747215990924803
-0.0104632131707076
-0.0772429143579443
0.00782982066352588
0.144261596312533
0.0479529418233572
0.144789182966821
0.0754066086191163
-0.0320360970564446
0.211374647864066
0.107492049171492
-0.0761163054774622
-0.0819107542931052
-0.0385787761944233
-0.0900145760915623
0.0349985607712062
0.0981195125408665
0.199646920994105
0.139904608953538
0.0421242485478606
0.0688489946588663
0.0619439353231961
0.0295645315712363
0.12035055617782
0.366889832279411
0.11807165115835
0.0595447809399414
-0.0394617685516586
0.0928615868932009
0.0813984735415715
0.129412949693227
0.143814587276973
-0.0167754600025937
0.071511812617162
0.216528033003597
0.0919984513300316
-0.005779111481536
0.110097468785334
0.0507692311663263
0.0814379349283748
0.101180377270515
0.083890832200689
0.160394979599744
0.076869111807378
0.0848866186222269
0.0849228171189505
0.0432199317802236
0.128347592642223
0.139835751577043
0.141078611760869
0.195593799907793
-0.0429405727668817
0.104021975043394
0.187811625718517
0.233343118884508
0.0465753420361186
0.0395079736794249
0.179337604150247
-0.00860832604410907
0.186445484450381
0.0158811425965927
0.250546147548903
0.175613130890062
0.148947472386768
0.124465411361328
0.0825486955719591
0.255885126847756
0.0611187365625158
0.243011271827568
0.0172253011741436
0.248578797407482
0.209315395942402
0.151917200136283
0.0682073979348002
0.354365570219071
0.201264657643139
0.243518952854219
0.194505081258264
0.0799733429636618
0.0400556090222531
0.110038871754803
0.0207873224528289
0.258363108102629
0.263968083126935
-0.0337410778270359
0.250964412431309
0.29672946219067
0.249808279872188
0.241929427467119
0.189464640440824
0.146780040008026
0.180388167140028
0.272305039656164
0.102087683251919
0.322899592774131
0.291048117306004
0.16884106339341
0.248897447698763
0.225697782636563
0.263899594194032
0.297228760809243
0.106110301816159
0.199503940059395
0.264901303935329
0.259003726758554
0.384738615202994
0.253164434309549
0.218241818463714
0.270513118276457
0.239424699225912
0.14188368603969
0.253833497796841
0.289418331928002
0.0687263654534903
0.194676284737509
0.228713449578656
0.378160631016246
0.151198460748203
0.376949218292507
0.354285574596479
0.273029598621293
0.131972380461145
0.285257904208359
0.252412037053879
0.347713075068879
0.175071972345658
0.392905150391869
0.428234820521789
0.282606816334277
0.256145895956251
0.279822204431288
0.226970546436035
0.397100726358259
0.449890085406836
0.330587290759326
0.183516368153467
0.133027418393072
0.456846109849491
0.303848667859058
0.215867725250521
0.346031148302606
0.269305683841785
0.392018297572616
0.283378339891044
0.273013982027659
0.263162332637889
0.243301842123432
0.400769288980822
0.294400616672388
0.468675442694586
0.283312960812321
0.37719626994293
0.343491754627611
0.393619193372058
0.295861864282105
0.253308700339503
0.398687452669841
0.324290843613488
0.454185496947213
0.311627936112764
0.458949206186327
0.334252866159935
0.295086493533185
0.360934473485218
0.475827427920726
0.451258757962026
0.391212451646385
0.366080365608966
0.36147814743011
0.324607785933769
0.184788070021702
0.421842587444682
0.209497344787665
0.202025726363561
0.411152457046076
0.426937763041667
0.412262198882547
0.363547794050239
0.349033924664684
0.350898313352471
0.372484887592149
0.363791313277052
0.337557683163056
0.342907548998197
0.384113015533992
0.322263426687064
0.293794689642475
0.364816797835764
0.448559824470585
0.376914452169347
0.429958090993576
0.320694188766078
0.346699675480359
0.292276058976366
0.254862656471658
0.557582964464696
0.465391149252124
0.340384177011118
0.43103794343611
0.517157319587932
0.440670891333894
0.464054810023788
0.325598812623635
0.344660131302724
0.40661104687818
0.354168130966786
0.318934763344209
0.402585866165463
0.30524398306292
0.429235440089397
0.505041348772481
0.473445473180482
0.46766231041458
0.477357053492198
0.521989662428849
0.449098887046123
0.500462176624216
0.419480053148375
0.642858623378858
0.369466523711013
0.526911540835647
0.436002583121606
0.418449615289137
0.506314802889139
0.420682744886358
0.549683415170395
0.499491960032927
0.339690687798248
0.387354823245181
0.406080112487188
0.38150552815266
0.588136492067621
0.613496480822571
0.684739352404121
0.43404330868331
0.483661980764408
0.598568852864884
0.505295681002693
0.422323778850441
0.488032418499569
0.465902865194213
0.551092569745692
0.515362842745378
0.635339198086799
0.356435989092821
0.604536559506908
0.571692546338507
0.443169447860365
0.621962214390945
0.584524020349907
0.575810164785305
0.660756365304799
0.495635970743491
0.458217420240191
0.462812929365879
0.598894001244393
0.471638356091143
0.481140078999124
0.621425077184184
0.571296964859354
0.518410970119444
0.563947187710086
0.485169700559663
0.753380635216565
0.694396719518998
0.392657173759333
0.440330470369727
0.58231359557867
0.556681607435887
0.492345284932147
0.358736605899511
0.458114899624451
0.545041824708733
0.58437671882234
0.584470254492998
0.425384344050402
0.702317294769107
0.66005124970618
0.564792954286491
0.58926087560314
0.68137187450608
0.426667979383335
0.344271594414648
0.539020921017608
0.537666318770468
0.532650445360433
0.482463837015127
0.417210040770897
0.564642589870033
0.559894521700165
0.838339334251928
0.67524355677213
0.577316068252432
0.622216223268267
0.710348106651903
0.638776573999632
0.660737900479622
0.658877082674827
0.568985822201737
0.573299663905397
0.579466822317757
0.680823466290231
0.526098970831696
0.675371291202291
0.680352126759406
0.68509573983647
0.747047675628607
0.588063079669958
0.680287671827638
0.645787347585765
0.690027406653995
0.602464600577965
0.751664786674742
0.830519222735594
0.825787176306382
0.625697041599452
0.633245947677836
0.652581129334815
0.794587348056904
0.654321951826931
0.727910891935913
0.692293514129982
0.659046523106911
0.58039770619297
0.600242874963211
0.638871521765716
0.564886189807046
0.77427944024758
0.582237850046799
0.618458296175928
0.475583421129681
0.61785165121175
0.641472620299302
0.517847981823
0.671179326845737
0.645653267696015
0.741933362237359
0.612161656567996
0.740750928068209
0.65732477019521
0.528328877712509
0.600993083970696
0.746333918511528
0.792422313157556
0.83543532624019
0.723841718713438
0.734986274275611
0.778083692353774
0.644203932389092
0.612539201860865
0.751252274182158
0.716971017313809
0.736052306213502
0.748024963764874
0.790064490778682
0.679134758907054
0.795309650479742
0.793564899601986
0.67845826981264
0.659391081755459
0.66455953903897
0.713280574371296
0.824284979072004
0.846247160369264
0.574988994116548
0.70796391462282
0.867541709753062
0.781427493182655
0.830487408952028
0.662526468665218
0.854156425664006
0.76422196665569
0.800661211261528
0.766704598184998
0.780082648547045
0.919968062605462
0.65155422627996
0.829191308347406
0.819981799146094
0.794681754072022
0.722446203114689
0.764269687669967
0.8779527763747
0.793719331094425
0.802193894797224
0.771772957110447
0.760304048318314
0.741777010267204
0.784834254956035
0.859974937834
0.713116968327751
0.588026849249516
0.953445852775017
0.699365716255759
0.885323566029103
0.864930696367811
0.875676466153919
0.716336194507937
0.854908492392926
0.882672780348273
0.743944940082479
0.821565450780338
0.845940010699802
0.902923635412986
1.01861448169607
0.854966233961899
0.644427184806074
0.767157628500781
0.801784629356645
0.910843485570436
0.769386968657031
0.859067283933269
0.863542093660388
0.831256832861931
0.702212815781799
0.897425752980426
0.848792382072289
0.978131248662064
0.900379555455287
0.753502745566824
0.960309272676695
0.850833909546773
0.811385164470868
0.730593839919847
0.806940770851598
0.786176316296009
0.85934697436548
0.951371358017397
0.869404004048593
1.04301885346129
0.855592194946689
0.884416997308066
0.686076984735178
0.966728298494113
0.971297185387908
0.947900227074152
0.853825185321924
0.919942838104805
0.855776017596724
0.821191467875715
0.808385298077781
1.03764486371914
0.938336561739792
0.864706852158823
0.908780279744092
0.87313791449299
0.900908788671111
0.959016703793823
0.942145205718467
1.01493738521375
1.00244785654975
0.88180686805267
0.832420784922404
0.836653369711202
0.899601138772203
1.02849178539411
0.929212888005936
0.999735146413016
1.00986400595803
1.01157634288829
0.903308996364406
0.817582804761292
0.885682553442375
1.01749339010548
0.845726035881551
0.934987071396409
0.950535035206823
0.897286941894438
0.855077358921318
1.07162144491367
0.885928674401665
0.762276437955564
0.880004281707115
0.88923048938769
1.01573486932273
1.02561122371616
1.0450413782421
0.953351394318194
1.06413040466048
1.08151858076269
0.955811472897361
1.08102010889698
0.982011833731673
1.08798260744104
1.00227396181766
0.992530778514037
1.0169702553148
0.952349540587638
0.962629049004676
1.11686105464173
