-1.10579120684129
-1.01856267759886
-1.04457397429209
-1.00336604516765
-0.929145419200543
-1.02689870348084
-0.900664048272539
-0.934198774774617
-1.10214259644559
-1.08884054527781
-1.01885099118884
-0.959518710384272
-0.923614771932863
-1.03344541032772
-0.906756166458264
-0.973294236593347
-0.904073611793963
-1.01571894289509
-1.03921482182568
-0.914149493472405
-1.08996663723691
-0.996960964162887
-0.883953341216748
-0.856600805725394
-1.0253871034983
-0.918002343250645
-0.882310039991525
-1.02949222692572
-0.962153022714292
-0.936888718998367
-1.06761333834511
-0.879386338788209
-0.891192230934365
-0.805929220946101
-0.857933684138975
-0.882740126428155
-0.789966448028536
-0.927032250990152
-0.89053611486326
-0.97163915686038
-0.881285391288338
-1.07595865118107
-1.07692382727739
-0.977792994944786
-0.852091591709933
-0.93612240249673
-1.01198244039557
-0.835373880918497
-0.794579924163498
-0.898380533238533
-0.877274333413966
-0.877158076635932
-0.856787492014346
-0.845746133636558
-0.862571269574774
-0.84230338825101
-0.91557212126965
-0.835637741890255
-0.989102538584962
-0.954807339402527
-0.820590885989942
-0.85750442064732
-0.907286286533378
-0.845100065056165
-0.890042486829154
-0.921843491777764
-0.934479845376054
-0.818586669677496
-0.894555000567016
-1.04355545402441
-0.954737957406782
-0.888767754461817
-0.97947094996762
-0.800225909523765
-0.851637156766563
-0.861130283029894
-0.887317179975711
-0.883186974225146
-0.89051503387969
-0.66544377036615
-0.899052837189293
-0.834008858848901
-0.820262915202619
-0.853019154253793
-0.910661941840406
-0.842439534386212
-0.755764058714297
-0.881982108816718
-0.807819156452193
-0.913531511537869
-0.807512732647734
-0.731422946230221
-0.859001407021291
-0.834646082228119
-0.778073732743649
-0.843154065251316
-0.819778559627822
-0.720772007260027
-0.77542407702428
-0.701243582985063
-0.856018614789057
-0.752327974881254
-0.745130914705841
-0.684364331469288
-0.71835086116715
-0.897122645119649
-0.629598166612753
-0.72547644873154
-0.750106502717309
-0.796103915506314
-0.848888569798037
-0.872999964809193
-0.769824663873927
-0.798994072953238
-0.86529400422123
-0.824022514622421
-0.871467879155211
-0.610762278048077
-0.77900170574124
-0.741177847914758
-0.779342298315361
-0.885169093695953
-0.811717106283993
-0.582887097985858
-0.485576757935574
-0.685888538136397
-0.696091082198444
-0.755329631966187
-0.764198242248286
-0.806334501747315
-0.752562912743306
-0.737331949630673
-0.750752887842776
-0.705750274802161
-0.648030936181748
-0.785169503265616
-0.808681922314572
-0.819349934266452
-0.57088368484704
-0.68342748366834
-0.685013559333732
-0.731989122835642
-0.696501163568753
-0.689755423662734
-0.635330860637594
-0.749634317864182
-0.805893635397765
-0.767914774748576
-0.648238903607133
-0.580476042041908
-0.560894344443267
-0.647820983449361
-0.6669453918665
-0.588593063169908
-0.737928129331526
-0.671847929856251
-0.822286268919442
-0.765720208971543
-0.584148483018277
-0.650969374388117
-0.685268232957368
-0.680294048075489
-0.802079339395468
-0.792117836855027
-0.686267227899417
-0.819578767385892
-0.603521926851818
-0.561825340289075
-0.657833105500118
-0.53946987274298
-0.638623088565018
-0.627244558037616
-0.648228780108581
-0.59505875668768
-0.635984991395666
-0.663588255441481
-0.531625969785011
-0.576436502643806
-0.553850362553922
-0.749241968701948
-0.688430218775959
-0.693522452279269
-0.655325599966363
-0.61869130058303
-0.571132940039471
-0.617203659428907
-0.637133089563998
-0.683531053150044
-0.555791222659452
-0.699662220346282
-0.62153164927833
-0.596730920293116
-0.61638233830604
-0.46767216739101
-0.582487213483781
-0.611137519191598
-0.614014772684519
-0.635492930090492
-0.667274770815283
-0.527759360440294
-0.558605885557406
-0.618528124826737
-0.64460095759853
-0.615613563867679
-0.496275487793267
-0.654701334371703
-0.54662451127331
-0.567725414294469
-0.430868314806048
-0.538229860934628
-0.605556171614775
-0.521444873774484
-0.44131786137289
-0.495897725521856
-0.55122528931805
-0.509226490609475
-0.369627744905294
-0.551088851151336
-0.564608256795443
-0.50130345976266
-0.562152485394952
-0.549884283510069
-0.718047964845796
-0.563922492620452
-0.562121497073834
-0.430141367390852
-0.473872954467001
-0.693388725027728
-0.431760229144838
-0.557023550019973
-0.550171558389432
-0.618652309950364
-0.435908453575716
-0.563074251119485
-0.547880887997968
-0.537402964912888
-0.379089532251764
-0.443243915388315
-0.507375415611346
-0.524906902894625
-0.497785530766759
-0.537526753064672
-0.662231643784734
-0.563880514291757
-0.43527799609342
-0.694798894769534
-0.309723552014244
-0.600656094516723
-0.490706398118015
-0.525181610488171
-0.379560257566067
-0.646714647013326
-0.330765567117738
-0.693918937543509
-0.593301984012349
-0.459064470333703
-0.483103582354178
-0.5377408026107
-0.480420528215011
-0.500126631667948
-0.402898511936801
-0.515162477794615
-0.481790977052808
-0.299991233517184
-0.511081472395032
-0.620009600169839
-0.438332541351575
-0.401191746652609
-0.482337348258271
-0.476203211560173
-0.3041543426997
-0.368573300884408
-0.546428739677866
-0.584482532885071
-0.354948036619248
-0.364742380139421
-0.352897196019048
-0.408057808465816
-0.586649456739249
-0.507020159915433
-0.543725741334215
-0.314134396469817
-0.556515617244011
-0.391716157078042
-0.360515996523824
-0.309700235532511
-0.338911202471522
-0.619459405116585
-0.376940867169709
-0.52431598492993
-0.645398948203865
-0.311353822316791
-0.557563714717152
-0.429541198998969
-0.433055957416174
-0.419043509740868
-0.414823805953274
-0.435676561294658
-0.423483815633962
-0.298972562563101
-0.336223327834799
-0.530041121223383
-0.42295415774459
-0.505929987353252
-0.500615543052916
-0.373515722629378
-0.360467558141089
-0.308150713922726
-0.449379192651471
-0.301254466274254
-0.458512960150886
-0.393943465232678
-0.370161646922669
-0.416146055772303
-0.313677620644194
-0.477758280108741
-0.22132883733675
-0.232375717246159
-0.339836106792225
-0.471402167652962
-0.347766368432781
-0.442722299276457
-0.438567992483328
-0.364470037382605
-0.49125438629603
-0.305151239436974
-0.244298212479686
-0.298890487274144
-0.399924686399741
-0.317489398978277
-0.362424656472086
-0.341218166993515
-0.29635669892522
-0.124633582117746
-0.407810689467171
-0.313181633619168
-0.324571239730086
-0.391737355537306
-0.521138810967305
-0.350736404801752
-0.418483307486892
-0.162310428664197
-0.33952671261043
-0.364254349750633
-0.204789576681579
-0.129147865870134
-0.359825775851656
-0.141948917368419
-0.385268108354292
-0.293488735488226
-0.287196738475732
-0.405340524219019
-0.110454662194232
-0.198851963488945
-0.337197632227707
-0.320980253173141
-0.315224201901762
-0.357888636212768
-0.302480763738714
-0.299965241860329
-0.259949415252832
-0.414501397954854
0.0231545749298632
-0.425899261655272
-0.183507563837844
-0.325163530807073
-0.314670917111878
-0.0780458581318145
-0.341780848389353
-0.298964727189758
-0.276862861121743
-0.118768587287137
-0.19185758781519
-0.151814709144465
-0.201870907794679
-0.18908445802937
-0.202036100019821
-0.233357141921055
-0.245618911705257
-0.455715004025422
-0.227218690368283
-0.296890707130382
-0.192087822924039
-0.0845317871371919
-0.33854216471008
-0.211230463092647
-0.347575987885689
-0.251001388129423
-0.305296415452563
-0.30114867102001
-0.268275696089118
-0.0923816006218769
-0.0804606545658277
-0.187320060135459
-0.258022901658865
-0.176096860635039
-0.254859481662265
-0.346627648045775
-0.197156598539986
-0.261914264585936
-0.200269375997656
-0.292921865537668
-0.132108912186104
-0.35354178957677
-0.185366430922484
-0.213667328350236
-0.258753385953258
-0.171178214277555
-0.206465919573365
-0.136549979523374
-0.167396926839455
-0.0874068887599394
-0.0247248525758925
-0.167428855956737
-0.121304973600157
-0.0357705658492478
-0.228283868486138
-0.226967143954766
-0.179010257394989
-0.193283375649782
-0.061648977661233
-0.241417207887963
-0.142851366080219
-0.0610171159645302
-0.226140029816704
-0.201137956597276
-0.0767084484263165
-0.056293048602612
-0.133255536832397
-0.129760150330905
-0.118859595362838
-0.179324634597834
-0.261992539073404
-0.0983235023006993
-0.0863452662577235
-0.177171350636975
-0.226990372888648
0.00903806354075492
-0.199021402635467
-0.178457608907196
-0.115754825617316
-0.0865316426251612
-0.0434885421519083
0.000134128142096381
-0.149697013838781
-0.165576294040862
0.188273867506773
-0.000169205464451181
-0.0816952954070382
-0.283249714606839
-0.205937955949631
-0.236352315953799
-0.135705560484222
-0.156613204210074
-0.0712090333297623
-0.141356461162746
-0.0662448088498185
-0.0993225217321634
-0.138744634626841
-0.112318107983724
-0.045441221105068
-0.0139979684252356
-0.130568022762339
-0.167157911054449
-0.13393839338518
-0.018326386808305
-0.0201201282203674
-0.0934124553536572
0.00840251471705408
-0.0969583728194876
-0.0157273844090141
-0.0479894544179383
-0.146269418634603
0.066158374681327
-0.0605251438141542
-0.0984804880026607
-0.0460009587888164
-0.0115898840371603
0.0446461063889436
-0.138962831944896
0.0606555603111087
0.139428574125348
-0.116565620587359
0.0995252219595899
-0.0627013846959851
0.00112841171206462
-0.0720151906186565
0.00937135801894522
-0.0497667709990533
-0.158440676510304
-0.00461127516443637
-0.0752979582543873
-0.0360719546242803
-0.0291690576190576
0.112292140753145
0.0801018172070468
-0.00232606356148965
-0.0971469574136119
-0.0287935782673183
-0.0836406635464841
0.0289115006822117
0.134161445275536
-0.00829096882254905
-0.00921708250629147
-0.128527493124758
0.208952438891931
-0.0902202518117795
-0.196954289703055
0.100792779184812
0.00771456015659095
0.0424122756222615
0.097360829533577
0.0485052893361033
-0.0247830770443972
0.057315536531264
0.056601140334405
0.0995342068705794
0.127927473715817
0.0770158259561529
0.0434860045751272
0.0775854988782735
0.071937509806342
-0.124211371836223
0.200011923572483
0.0522819869593301
0.023998894321339
0.143953643818238
0.110699095750075
0.0507265407402405
-0.00649853451560257
0.0997775746646985
0.114427879796004
0.121432246316608
0.0802785488007283
0.199644800332553
0.0108769488139892
0.0484891835839341
0.010828274526872
0.143374554851268
0.166825221844929
0.11926824906256
0.235981231985261
0.122036567117064
0.027768637273365
0.0645513003422644
0.155709410241486
0.0831487942199846
0.0557548710487685
0.0323604967906863
0.0515234303547529
0.121583803327859
-0.0128948431531447
0.0895560457077556
-0.00274587638888491
0.186561296573655
-0.0418956200056665
0.165593047351522
0.140562768791622
0.128427502759125
0.269918531790756
0.288216468858953
0.200295066356918
0.143051679655321
0.159064851373877
0.0528363711489607
0.188852257076196
0.0665128123193514
0.070214238951455
0.179588258032521
0.0174296468293435
0.176271654937013
0.141788000662249
0.053318188292607
0.138889613628626
0.165365012473836
0.0685975771049956
0.264226388857629
0.254170509686236
0.117859508632948
0.112400062545502
0.0974230570755902
0.103801376706216
0.218089784370625
0.196241039161289
0.133134725682632
0.240492458593296
0.0566307792402535
0.36065329194218
0.230468228330234
0.150358671494507
0.203486544520871
0.106273584668642
0.210482772088321
0.273105283874824
0.0437124982152617
0.250549414162224
0.170382899797462
0.0295414178163138
0.175450888063364
0.130931668291818
0.227873939441518
0.153456507309213
0.291243377284934
0.251809541066239
0.132545548713957
0.403934036845163
0.299170943520876
0.0917817407876007
0.177366133833372
0.130712614334331
0.232245513780341
0.28139468862091
0.244229155212598
0.31456772729848
0.323041080157313
0.267808106052225
0.277835146488139
0.304566608726849
0.271824631302077
0.143630182486471
0.171721531266534
0.256961176209428
0.177304961285772
0.294930402467383
0.300384719883026
0.34307431421553
0.274193864095085
0.261623882728283
0.258717869729461
0.338249113808937
0.291650355608408
0.325254277115716
0.275936669200914
0.313151083016309
0.282214422478025
0.231266818413173
0.322243273364941
0.351354845066426
0.248684316479768
0.191163189465938
0.27138370367909
0.331056569316666
0.375092224773082
0.448388164690305
0.266933357980501
0.25023909551548
0.295477878836587
0.371819821904485
0.311261577866915
0.166727079652488
0.330607860080738
0.175238375519843
0.277317358645931
0.280275098293887
0.253700731125926
0.359189393449419
0.383510211839538
0.443064982839518
0.21315363702361
0.346258278060194
0.277935404983458
0.29466180322461
0.267030479924041
0.260914796753877
0.231597138545012
0.401959318350787
0.405252500869116
0.198682811200726
0.340512132026281
0.246096288799085
0.234499355833656
0.185449348211399
0.264763109689449
0.404378877916574
0.374777066714169
0.349921169333391
0.313119759366886
0.244140124502519
0.48663482398426
0.442906555105426
0.560224592709827
0.514710425176933
0.285253395511059
0.405169710902572
0.462774418863254
0.353185422647234
0.428323480330484
0.536333688053283
0.28735353116811
0.353027917149073
0.445430029311628
0.340662077336193
0.337535280197547
0.507987804344527
0.389441611297733
0.279723033253472
0.23481484986505
0.457887587272578
0.315668457749866
0.296198565578551
0.357671584471683
0.326869118629364
0.426863919596287
0.44551373236954
0.336436121572162
0.399648175821325
0.250313359445616
0.388723660180543
0.317091022392187
0.540128853074348
0.434818533390207
0.51060906537163
0.393455938197294
0.388227557897727
0.282273186078457
0.42945257355565
0.516072794828437
0.374846622444186
0.374041536461947
0.458403473654889
0.470675327858184
0.45551694541162
0.344579956347966
0.482096354758106
0.503430663961297
0.47289009375394
0.29198504671613
0.429975035901794
0.421086985639143
0.561123688195457
0.534662341562801
0.378831436325479
0.407356722286655
0.455266802949969
0.440039307980145
0.486133547631023
0.398487660296998
0.44442007437736
0.474965484777666
0.60452923522662
0.532426343575918
0.595834020214254
0.4381633129147
0.554708685380819
0.525395458688273
0.544765313386278
0.481145314479844
0.61661151668219
0.566668374474953
0.507978872583716
0.383120317441124
0.355755244820226
0.475494196113832
0.415370370313367
0.573150047721108
0.443207661857707
0.604042273370733
0.541869602417161
0.475755930429038
0.699090595753204
0.614523133748457
0.650297607996723
0.472075154230242
0.526382468516373
0.411881814731926
0.553919657276773
0.526823165612174
0.512028091452007
0.641633045092098
0.594786328897622
0.539774028436817
0.507885828432774
0.667878277253692
0.593399704782468
0.538435733669879
0.499406021148465
0.618618542193878
0.596896682197903
0.640068662497969
0.354280941559055
0.512832646102176
0.704765711169978
0.520884542785716
0.663099091983374
0.59259460801551
0.618294012816414
0.604229558099108
0.702281620786441
0.600602554394053
0.639823627016958
0.693601920524307
0.531706081040398
0.538186164811038
0.569037719118199
0.502635992304124
0.542021656109822
0.531907081329327
0.621483979397894
0.65074462714482
0.48157999022358
0.624241271252051
0.495004195630183
0.687416748949642
0.659437021285157
0.534713155835622
0.574769617361222
0.480086818731891
0.517953870806665
0.656496484800093
0.643224906441884
0.596904659398297
0.64688626600169
0.537436424952958
0.689465591417405
0.781400878679414
0.421637270844894
0.485816744802901
0.527099174354569
0.658878420864207
0.641663923386134
0.574139122907862
0.590908671569251
0.629569212472089
0.645999457353138
0.672034647514276
0.72995956735534
0.592552488516243
0.762131529333057
0.496338507778745
0.599149365157535
0.708195954097175
0.713040505898939
0.625560013369893
0.551543365626145
0.732902141071801
0.811981281263367
0.602696945432232
0.828520054486439
0.778049100443583
0.602811799696362
0.718324842625986
0.838967780555121
0.772726076088334
0.616916922317318
0.634089760800876
0.66806302269161
0.662834438676645
0.624525404362246
0.584097659649008
0.714317485274862
0.539382534970557
0.785127986169706
0.83587209181249
0.656081458188539
0.602247071802035
0.66757515498558
0.716364415840063
0.66980640864328
0.645553722729924
0.642460137627761
0.692355104567714
0.606716662856705
0.797088050245956
0.71873599530149
0.666955091696668
0.69788445623818
0.597977739606754
0.543353070144588
0.729037400430203
0.826179437564526
0.79575976636095
0.768344337183129
0.61456927335463
0.792969985476111
0.53060843798121
0.876936102340687
0.743086376620282
0.77464410969308
0.661483875053912
0.623375649364768
0.610847978241077
0.867806496563758
0.676344312749244
0.872727586034907
0.744098365759958
0.722326416913621
0.78423863965559
0.664670015814086
0.75944136820463
0.782035139718351
0.721469882396596
0.680787902559837
0.784505340247636
0.749226437598688
0.735496162295243
0.798610964775988
0.837248575909125
0.815098784791692
0.911233928587781
0.800400924961135
0.853419803256968
0.860032655005224
0.831443902014533
0.819895930114703
0.752785852591673
0.64224979835979
0.904044557431779
0.853073491176362
0.887130518788126
1.05608187668572
0.891862619953455
0.863120902311452
0.763630201691968
0.818269506698249
0.913643666203942
0.75029128843521
0.796049044131023
0.8722923476344
0.965756877480561
0.852096217526827
0.831938390970271
0.735906819792983
0.852812871188456
0.882144205674818
0.872968517466487
0.894466386027368
0.719886764269201
0.749807376094177
0.882971777318402
0.871396275023848
0.948029062843197
0.820140894825683
0.93827698981293
0.879141621056088
0.891948047074498
0.804420993826739
0.987041000352402
0.851354766310813
1.04886557682528
0.773785581773609
0.821105451909595
1.04940266107568
0.844360201569954
1.00546472902435
0.933618072434216
0.850962427470466
0.783545356170762
0.953137813373957
1.06750589159412
0.791227815318541
0.927981204856616
0.885239696227558
0.83660152479441
0.979162267132351
0.984414928674719
0.924029335844828
0.876029297036663
0.895706705908373
1.00311903679672
0.848624115303753
0.871873411199321
0.92286442835297
0.92473458366169
0.833910165366918
0.933346751262702
1.02213355386203
0.955361485156292
1.0278955704734
0.885562413760021
0.832984307230434
0.828716094760306
1.02635541496962
0.988200452083163
0.839139246846022
0.933196012839992
0.947252538076067
0.905267338093878
0.914276076611165
0.91568180433477
0.920365931466389
1.06132740120032
1.07037200061071
0.885059135009988
0.990482628878702
1.00396775674846
0.91496926034986
1.08853913016692
1.00919896986096
1.08389854488833
0.992419552667551
1.07426033171026
1.04996033414906
0.912338203543161
0.957685148372524
1.03200736254042
1.02099953045268
0.954055724057612
1.05018035440271
0.959710510327303
0.914233103429285
