-1.19140721135455
-1.09054449764744
-1.10899508421323
-0.890073164201708
-0.948171623043979
-0.963525392446992
-1.01066956191772
-0.922173899155377
-1.13188809450604
-1.02199834726896
-1.01828778623346
-0.975152064855725
-0.921870846369779
-0.863266998512995
-0.930243893163304
-0.960675467017129
-1.00019074565872
-0.950810734392499
-0.971703468340881
-0.907600847151392
-0.924173628618183
-0.963478406925474
-0.845597763860065
-0.900243384946049
-0.964086983178304
-0.814884943075225
-0.913848738540814
-0.882637571529866
-0.936030504181697
-0.956644254286453
-0.966004568193531
-1.01599658517626
-0.924746382714549
-0.922830646644092
-1.02303660520725
-0.935480147688734
-0.9057821781991
-0.901021306638713
-0.793479218858831
-0.829327420243383
-0.886478858082473
-0.781454148097934
-0.793938791051583
-0.802773496254235
-1.02169987239726
-0.905847204485033
-0.916994761546632
-0.956653061552174
-0.890526910235051
-0.863121510239854
-0.7911308078335
-0.977572030000851
-0.870255800379877
-0.871289039939834
-0.914875197865336
-1.06184978259511
-0.911503091545625
-0.915627851706111
-0.978310431055926
-0.919736165939504
-0.719663879758835
-0.934746291904617
-0.901476825994523
-0.765176925897331
-0.800324727571829
-0.700695995958758
-0.892522066116557
-0.831532343947802
-0.837933772304196
-0.830095565827786
-0.849018943525994
-0.817279968264948
-1.04824189841431
-0.958871971266952
-0.933978522338888
-0.934198977597629
-0.854925942897073
-0.724246798514736
-0.766226700439602
-0.827804961615211
-0.842480027974115
-0.836578896028001
-0.860745850440571
-0.83186657159671
-0.810321769057799
-0.745962178068616
-0.813352697799136
-0.884441436357162
-0.867864871442044
-0.769506971364451
-0.718771567451445
-0.711398853938167
-0.751097536033901
-0.641534850369934
-0.797099770031276
-0.897140969468479
-0.852470796297052
-0.700275665094058
-0.780706730391029
-0.736380960443009
-0.877851722886317
-0.797750078426105
-0.826035253053032
-0.871972941586392
-0.806222189811871
-0.850731555288045
-0.768155375478475
-0.790107416009056
-0.811630967672079
-0.774460720649787
-0.767743054934014
-0.792096276110986
-0.767152997426656
-0.62737341533792
-0.804225279013082
-0.89065693919441
-0.645384620011298
-0.697645669725903
-0.627960076027284
-0.648101178535819
-0.654343725413373
-0.781995187049202
-0.715944517257254
-0.792213097706434
-0.693328820316803
-0.675200041269776
-0.717192912750646
-0.563172453482496
-0.685180167616909
-0.779412969349943
-0.6697072889245
-0.879174698798032
-0.629709156524239
-0.606052271849859
-0.723583808547513
-0.781324541880481
-0.735633804868122
-0.727748611010596
-0.642395529100342
-0.77266867563141
-0.681948769964221
-0.779240818442294
-0.778345076609716
-0.868937957053978
-0.630399612656595
-0.763835356313171
-0.65990713472877
-0.76694424451121
-0.754645777569556
-0.742757435694855
-0.56610842896295
-0.656201559274885
-0.763138788508983
-0.596178797690803
-0.770592435680328
-0.717971615403092
-0.601821866550454
-0.714034599295648
-0.772264556390851
-0.748591063417757
-0.691833374574088
-0.796899519245995
-0.603361312530792
-0.597372940488715
-0.664486959146776
-0.575486790465141
-0.562073818202089
-0.721063997094699
-0.538175158603492
-0.769289064875301
-0.709354222257764
-0.65825714442624
-0.746873283888962
-0.578622287572694
-0.710261401128078
-0.676246256254995
-0.691365305002993
-0.621379856917135
-0.670352042109547
-0.654791336341802
-0.70899877910943
-0.625592701103234
-0.595147379359493
-0.575674643412807
-0.678306094052741
-0.63120419779409
-0.612934668790859
-0.645188496438874
-0.659700213360381
-0.832755577083377
-0.521268809097472
-0.671490460158949
-0.638612185974711
-0.64119783029828
-0.623703983513581
-0.678349692005948
-0.551287827619649
-0.731110331342838
-0.543587128880129
-0.574484934962677
-0.604377524503505
-0.705199394791186
-0.650257402391267
-0.65991185904682
-0.621411079876999
-0.674768939834993
-0.423406628175995
-0.507880213691679
-0.749613079809445
-0.660875562160001
-0.550364524435846
-0.478666157964395
-0.523308221203213
-0.507282122690687
-0.684798081703822
-0.425033910828675
-0.425806797637059
-0.702395350381616
-0.63088461982101
-0.550476728625231
-0.536806200188061
-0.505654182164506
-0.629163583546005
-0.395951632965876
-0.495194351880571
-0.645276191438264
-0.686861677635553
-0.45427788104174
-0.39817325643658
-0.439958815951778
-0.628277699096079
-0.552430287951678
-0.377199860836236
-0.572803713445817
-0.51601832390707
-0.564136388999143
-0.591746960353447
-0.426341127067033
-0.593550582898929
-0.516205694458642
-0.564533170254975
-0.405796193594422
-0.576959484249589
-0.481543550179251
-0.375697874487344
-0.514667836060139
-0.569158763689428
-0.551267128621466
-0.425910332217155
-0.46751475452745
-0.545282720162553
-0.528737933950865
-0.522628283116156
-0.555208484698907
-0.688216193410396
-0.482954944452445
-0.401973315038828
-0.362915685675302
-0.475934298088761
-0.543396158360641
-0.465464037389294
-0.40933502100488
-0.547508076544802
-0.386186938359494
-0.487743656957276
-0.435253119079637
-0.472079452879321
-0.470917799420325
-0.372406020253603
-0.363095344433685
-0.465830310230097
-0.55608047348786
-0.488830581501427
-0.291134636064671
-0.463626248003118
-0.416884137838496
-0.377883014298699
-0.501743455918166
-0.566560620664346
-0.469383538846348
-0.302118145825658
-0.375823162479619
-0.538805349380162
-0.412871002599888
-0.395388032181508
-0.372827865431284
-0.466319465939772
-0.473979562364806
-0.343161459839665
-0.343912468519023
-0.403491584866933
-0.561806042311991
-0.388867211128506
-0.411018882907194
-0.41923520726794
-0.310056952629253
-0.546706236297415
-0.352352804268485
-0.463387750360254
-0.481434162866977
-0.34353919718874
-0.405320431438578
-0.341492758140051
-0.396932261702165
-0.199549652780198
-0.229805869569087
-0.368751735493831
-0.420184829886177
-0.287671124554765
-0.498824808067327
-0.307791888186575
-0.562604438932062
-0.462467510475827
-0.271372247824083
-0.40463444713519
-0.285723283179664
-0.384062364378688
-0.543715189821025
-0.268264860738781
-0.28997249598013
-0.294318682303783
-0.343949065661667
-0.240235115585615
-0.218421937917326
-0.330922050863597
-0.32257279885743
-0.358713594310474
-0.303091415641756
-0.504574642407751
-0.317493527982542
-0.371083935480407
-0.317811694966385
-0.142795100611071
-0.403013803966722
-0.466432194846392
-0.427683090274209
-0.33848872659002
-0.402978591584587
-0.310011429387925
-0.398290058934751
-0.299070917459314
-0.403232126338401
-0.323469025233409
-0.266879024597728
-0.33852547225237
-0.272099019221422
-0.409449921008085
-0.285807388269665
-0.256758166363668
-0.279280885354832
-0.486924531100067
-0.377606454316174
-0.250951806505857
-0.213813330852424
-0.278950136031656
-0.333129801912481
-0.297777318628778
-0.352373865695745
-0.213234754600091
-0.312403591606162
-0.239268092228357
-0.398813031532208
-0.358328777430626
-0.333050096088398
-0.269758523446191
-0.37615115235052
-0.275464839894637
-0.252056440179316
-0.134144899050989
-0.121176780052737
-0.15292899454444
-0.297914762632543
-0.334155936392567
-0.212247040459119
-0.312139119080059
-0.169772276971453
-0.263254737314725
-0.0640895060073101
-0.266425497648027
-0.442975971817569
-0.341855557302804
-0.229530355967202
-0.186702700239125
-0.376284674873555
-0.365266867775665
-0.253903808303546
-0.15418190416508
-0.14098950000053
-0.265647677713125
-0.17697511732224
-0.263591263077573
-0.151500043711917
-0.124781433570573
-0.369431749301226
-0.180273372309798
-0.307024965133183
-0.197575380043933
-0.174616168171068
-0.167114294600383
-0.222270871707619
-0.106747157483812
-0.179353651625692
-0.32826221863464
-0.233430904232121
-0.0714939235468849
-0.331081965755764
-0.179912870666425
-0.181153684898217
0.0207937246933647
-0.187449247331186
-0.161411510094939
-0.0956437362578882
-0.233775343211915
-0.19784952287552
-0.159725336259678
-0.345645964342359
-0.111719284589605
-0.312905239510479
-0.134585618041911
-0.100612841959742
-0.239274199647435
-0.128189944575866
-0.213071437629378
-0.252670784740912
-0.251074718756926
-0.108291307803352
-0.113746609946662
-0.0192738167704451
-0.172061595792332
-0.077860225879722
-0.239140035434594
-0.286469710497827
-0.22168496742826
-0.184056618241183
-0.235636327192735
-0.0594298141832846
-0.159323638021718
-0.02180533420088
-0.0871416358639928
0.0382611542751527
-0.0197934227796876
-0.0911099609909811
0.0184893026611664
-0.173247225104126
-0.163008439836866
-0.124066148742638
-0.110384184960723
-0.0405536325034499
-0.190747631112388
-0.0704500302155394
-0.120046335736468
0.00221061468079431
-0.188408930744121
-0.200640078862572
-0.154243192342162
-0.0572170347122344
-0.0551710157204999
-0.0163957011750119
-0.193905260137015
-0.199535815781799
-0.108594364872345
-0.0196303692107962
-0.178832202250137
-0.159455127324749
-0.184871234690525
0.0576676738291157
-0.0975769378762066
-0.0365710322417718
-0.156840640762486
-0.165741034061139
-0.149987331333782
-0.14849508427651
-0.224729198948441
-0.112595796209446
-0.0602313375335607
-0.118989207031486
0.0892499353862177
0.0288236626307892
-0.153093417454906
-0.0999381393879581
-0.145117998840933
-0.016862834394121
-0.128620119309093
-0.19157770070838
0.0841378553555781
0.0975764755631726
0.0426663540374015
0.0459568177351443
-0.176176410689297
-0.0426155136662776
-0.02404643697126
-0.0230681762903108
-0.0116388995398651
0.0311657893074516
0.0379221771288574
-0.147848868694625
-0.16331355081242
0.118606744068779
-0.0784365933912819
-0.0177941302385704
0.0404903937183472
-0.106036963122631
0.0489551525811992
0.0654509082711231
0.0168525708356575
0.0374159143366661
-0.0792178952635713
-0.177683174161645
0.0977093908255888
-0.113430658310878
-0.0092032739060486
0.00759015426462217
0.0555526711218267
-0.102439043558211
0.0244792227135841
0.18135411634649
-0.0457058113369141
0.0426111731547458
0.149876493966817
0.0786273707469616
-0.0123026944459884
0.123708259145638
-0.00502509357525438
0.0382912229859451
-0.00753023645929826
0.194667095069915
0.139747712807877
0.136281858914698
0.0459593694862799
0.0783571601870128
0.106716722297032
0.0547845427862904
0.0505656082643231
0.116817874697709
0.056550194340995
0.136498912282845
0.0155453391914397
0.0184385402891491
0.102083823600351
-0.0115666575886931
-0.0240781440829847
0.147262990894839
0.0828600716427416
0.0376637971605417
-0.0349186978840014
-0.00814947547507294
0.185291355677843
-0.0216965035480453
0.148722241107166
0.00714700009236716
0.0327616146214849
0.0819393517554261
-0.00373935152533781
0.162635656422782
0.092709017051604
0.246171955573472
0.0591058761328381
0.191660244344033
0.0228885788527861
0.159405972817831
0.0449208214690643
-0.0909656517704583
0.102329834279759
0.0736840156015763
0.186405432722509
0.242573781779591
0.242913940452187
0.0245498039688009
0.11708329965433
0.247201527619597
0.151877845744994
0.104120936324747
0.135643381825855
0.0904699859898502
0.165393471033757
0.138840984381522
0.0227815043580252
0.12677435216555
0.193299080578715
0.0547916558538014
0.328616868861765
0.0279730519129038
0.199103616126647
0.206834562084873
0.173376165592643
0.109721854881281
0.22465424801901
0.117388754626202
0.144815142889392
0.309304665660642
0.290858302026866
0.271548018758834
0.142235736417257
0.0680636742747221
0.130216468709391
0.192373457542343
0.119392345507428
0.221388649435961
0.144400313167964
0.296190659514885
0.116528184430172
0.0754653921724042
0.195507192595748
0.174213520496378
0.374125546995248
0.327132328756088
0.182962371746067
0.344469916149736
0.232826742040252
0.232604448776754
0.268692787825534
0.234968763445965
0.213025983697505
0.122575336412827
0.251160298033178
0.30195663428547
0.277514777040529
0.231761826604302
0.356847263987088
0.260387351914408
0.362480815909369
0.213341933299907
0.158614950126289
0.238069435237563
0.259430886254541
0.292240647458315
0.163522038551873
0.363651688549468
0.249287995174005
0.294706478427735
0.280512087054816
0.124729788405796
0.0901855746158467
0.183990576996118
0.379305901253652
0.261170679885106
0.250511633647197
0.298139698179872
0.35830046023976
0.210131543114419
0.0958683083565808
0.392835367706321
0.301020884697311
0.204695304124242
0.349490808407039
0.0703360224246261
0.315933459314348
0.197235068317626
0.233131837838926
0.262018109025956
0.268729172317717
0.262748911248867
0.385777372826123
0.341626642976338
0.412333746914394
0.388880666477255
0.433465839036581
0.20689928559122
0.39196081170513
0.291345475505411
0.342507334758834
0.209097293667487
0.359017737507707
0.214347436594511
0.509184367411718
0.447619766738972
0.29286510458668
0.334870123187287
0.376565386002982
0.344500307796844
0.24094867120125
0.286557407174885
0.289701062456172
0.337021725765297
0.406964095439326
0.3756383755495
0.277739425758773
0.470493755460391
0.454798303457546
0.403336539795313
0.497121902361022
0.510659952347075
0.338519613162996
0.410488416967812
0.549013990329889
0.169577349259096
0.364847946282744
0.433319285714805
0.248824086086647
0.292769433735221
0.25553875324567
0.52531176633617
0.401755767989021
0.313602808996032
0.47386058837954
0.401736323088838
0.395514738427075
0.395979656491916
0.431521530852907
0.357605203631934
0.495078515954168
0.416925343360526
0.452080017621188
0.409553589519457
0.436269734515238
0.375021399023905
0.372858344273399
0.446458480559627
0.375986423873946
0.395951561210325
0.434557260397618
0.276587821500195
0.400929699994056
0.400464291869748
0.495527652395125
0.391266815041178
0.452576540804166
0.360531337520483
0.424305444224596
0.426198506639137
0.280018424885497
0.409876320325491
0.558325992649141
0.477155246471614
0.557489923838832
0.607502342896286
0.448936862883965
0.476230901779348
0.346691061496828
0.533349357873613
0.448687154510782
0.362779445505408
0.568677508206038
0.519806035361615
0.476375111864258
0.591439237790433
0.441452910123808
0.530574984141796
0.536393334928572
0.565646607843847
0.447202186793149
0.57594402344497
0.416356459821846
0.540679905189893
0.401401617558502
0.361546327556198
0.465670743386626
0.733584820534443
0.511405479750241
0.4954600670282
0.433557331158165
0.486976905307398
0.569894680927188
0.548689294556693
0.383012760218021
0.588574425784683
0.668130806999758
0.437776164745016
0.46128380042439
0.459557351332937
0.387839843608574
0.510847973287576
0.550373043677044
0.489829292172172
0.531201272635457
0.508668394015973
0.44578563977571
0.434903605720394
0.540296200787105
0.536582414665956
0.621171058823943
0.622166826926526
0.624314530248865
0.397654935189189
0.507220481746605
0.572917733488845
0.590694999653184
0.609705235459363
0.447380209703481
0.575771637649258
0.644286811434615
0.620108361565526
0.558590815250108
0.641585505646376
0.56142375000026
0.539235742784037
0.628244388945599
0.569986527384909
0.658303624825272
0.542936285765539
0.614683738964104
0.365549830076446
0.462950089036467
0.609409046392282
0.532823836708533
0.615615584958742
0.532848171095258
0.569312781705393
0.544800501237914
0.563047873018081
0.607833466768543
0.559427560567036
0.452029062213377
0.825916695907876
0.659848435080208
0.568443785612426
0.603373138133026
0.706323262858679
0.512150666354012
0.700814862519773
0.619498352697436
0.599875911451915
0.583292682502405
0.634528643842068
0.622394741843374
0.635614808338407
0.722364128206502
0.581541615435755
0.728661331065907
0.561727348711565
0.613241947299424
0.689239306407926
0.621011761428759
0.580072062050022
0.768897314802626
0.748291807068273
0.603180401734111
0.659194103359107
0.689727345536366
0.719095279590154
0.70096605428563
0.674215186193539
0.756438938148089
0.76279452521398
0.728253813374434
0.583047483876796
0.616190739724548
0.709970841763471
0.747010356225647
0.736855173142244
0.663501752530122
0.516125245716421
0.625716649531101
0.775147969888889
0.598997642588062
0.721976854471951
0.698212914471707
0.807863980816781
0.662330955251342
0.631823261515157
0.608028030799392
0.762164227557943
0.758343572479601
0.609267975142837
0.67104842920228
0.705993616580469
0.703746478043377
0.70399608814137
0.664798592135042
0.73349785914213
0.608190190757544
0.881713253341815
0.628704460560605
0.551683460654849
0.790900557588716
0.746275333885331
0.768580475503471
0.688813289879515
0.824071747723086
0.702895168214062
0.756561247648194
0.693536018000103
0.733020609282905
0.704209721041134
0.824637538787644
0.882207045069292
0.887508981319354
0.743920274173053
0.686748659603704
0.554091775456291
0.714256657167795
0.722553699028125
0.836158479775447
0.745866340739214
0.675950073231731
0.874557701011464
0.708259807951171
0.852868796729344
0.758196973900901
0.665074146246895
0.844124517473981
0.693847742428559
0.950435919335645
0.742410205832107
0.65877608142186
0.828448807159452
0.828957534449823
0.692804450080545
0.76008714786143
0.74788444149595
0.829593061653524
0.774330768864849
0.814521361308558
0.663067232529384
0.638275119187507
0.865423219651411
0.84740186353484
0.809064111111845
0.857403161438703
0.858030853456942
0.940511365953268
0.823380173737607
0.803292002754493
0.893268429351717
0.947252723868872
0.788388741195842
0.900731509606323
0.6873933030986
0.732411950950489
0.842540075206318
1.02368952852628
0.761608995452473
0.884420092513745
0.815736880468558
0.691040162673967
0.83317180512674
0.928451425215202
0.76917585193311
0.784808519185338
0.895087017993365
0.883222534842482
1.02520492423185
0.861564133760474
0.909115453562059
0.904618686823674
1.01279609065939
0.826674571117663
0.843868409917676
0.951423152000648
0.759882877845012
0.96053254141648
0.941933843047911
0.679183766781783
0.883470869578209
1.03463832757009
0.892215327232275
0.748328703961621
0.940325779414628
0.789069715339454
0.897657062886007
0.884186435384347
0.767274412176392
0.862693972744488
1.05127852105366
0.838271998853586
0.801667201860981
0.991842173885253
0.948126181542875
0.873778184952261
0.947212364181282
0.892811811051657
0.8810394766418
0.906191070859071
1.0238872410198
1.04088098667357
0.840688660254936
0.921836177189275
1.08078445241424
1.07470936252885
1.01504208554408
0.984275357947553
0.947280328419599
0.839669721488586
1.03199046440921
0.967391709591211
0.914332330616376
0.797767263765563
1.03309613522143
0.981718618048969
0.785935829683006
0.77423405474985
0.822939530046699
0.984803770869209
0.823030442654544
0.957333471391608
0.821579706681713
0.986593843819374
1.01799292677486
1.07076064137319
0.989631819365034
1.00500476554178
0.990103957980544
0.976902018910447
1.02613590935532
1.04361660695164
0.982399455957828
1.05960123940229
1.27521403489205
1.13496404925805
1.00914603085927
