-1.03380751021689
-0.887879897503008
-0.972241222600966
-0.925055096522277
-1.01319080062093
-1.09772561093535
-0.985045185552803
-0.803438465170226
-0.91340760029202
-0.94888657427462
-1.01301928556931
-1.04404868218262
-0.975340239013879
-1.05921469734438
-1.06416330387418
-0.938486212430431
-0.99590543834127
-1.16355354899825
-0.983520783129315
-1.0000967281694
-0.986237351302588
-0.939342267973946
-0.852355718892929
-0.955855198118622
-0.857437071359395
-0.922767969494979
-0.876172604750329
-1.05873149674553
-0.951821520859488
-0.767077308241476
-0.887762942138008
-0.866451001033189
-1.17625837574245
-0.866523689327115
-1.07423802419252
-1.04700173107898
-0.815548883881655
-1.08746946283606
-0.943645013826941
-0.812479696954351
-0.954987988349567
-0.865482982734843
-0.69991022028166
-0.729207123900438
-1.03160007430451
-0.852295533052042
-0.977517495920359
-0.990551230244768
-1.07846759825418
-0.783777682894099
-1.12013693135248
-0.960517450732334
-0.939664939515324
-0.71271519294896
-0.945556409132423
-0.799477311352102
-1.0149001492019
-1.0014119916094
-0.761701165994322
-0.933195910399795
-0.78700985048208
-0.979943462709052
-0.835496797582732
-0.857732123352984
-0.857072233401124
-0.801629759096319
-0.825276236055239
-0.951438486498694
-0.826848098808089
-0.80850355790822
-0.921887535565954
-0.825561218660633
-0.955013673882976
-0.687873347943223
-0.730293949821108
-0.716748953636557
-0.847928193968541
-0.753873193879383
-0.83870227137065
-0.810463645487707
-0.854779073076985
-0.749229195673108
-0.890318178420744
-0.766908822629238
-0.763634279550113
-0.680599867281121
-0.738240254746403
-0.975489118998119
-0.863302010094106
-0.996846705813374
-0.832600444922761
-0.806099365695762
-0.919893887026581
-0.763760360434422
-0.823804687586942
-0.658003032650021
-0.783156566403986
-0.903165562654702
-0.717904707183034
-0.826505805461825
-0.774275556396702
-0.837689066937348
-0.842136312416613
-0.839473446454497
-0.814428829339192
-0.821755225236171
-0.818156318954277
-0.950967638388081
-0.752498597282658
-0.773017137136294
-0.785606912862178
-0.84963195232645
-0.713528512330908
-0.807989280260467
-0.746477800831435
-0.672931640103796
-0.807099962518004
-0.619802582726779
-0.762911895915884
-0.676174115379181
-0.756141322169091
-0.833216762741698
-0.722916501389001
-0.870554761563916
-0.643263845024173
-0.645573646126084
-0.791370908259192
-0.757290170214261
-0.840843368669684
-0.689520545538474
-0.545268568445777
-0.768951742224998
-0.677611885676567
-0.872863387754004
-0.48406580371395
-0.751979106875356
-0.72727960146542
-0.777042747410799
-0.655329847382844
-0.663198731502763
-0.569100314656214
-0.580777930058511
-0.664112817125897
-0.64980501403466
-0.796192868177039
-0.808774948303614
-0.739310490328866
-0.717137513011605
-0.658004821197419
-0.857574467205971
-0.686811067223468
-0.74895279404257
-0.703047288751833
-0.792743082179067
-0.638699002002253
-0.624192790239505
-0.77954503914897
-0.627265925817247
-0.672551540334603
-0.687867038481395
-0.632587965689748
-0.665379178995916
-0.736846566249674
-0.704414127747941
-0.583480731946334
-0.599966566891388
-0.865531925533236
-0.529083264468249
-0.708635044606511
-0.628941341144687
-0.695605149976348
-0.651700335207763
-0.591863705148479
-0.639516732231302
-0.57470436496352
-0.667139213686282
-0.651017332388368
-0.475580143721325
-0.804079108719926
-0.655782787797006
-0.685080934671105
-0.584689378861488
-0.640065399941736
-0.552710124136184
-0.603778546881302
-0.5684824773091
-0.662438332168454
-0.520969886220063
-0.652024783444828
-0.578587184802673
-0.495365407276491
-0.7214098854282
-0.649850574375093
-0.591941153425833
-0.584504773066894
-0.740748599984608
-0.564432747266712
-0.608656156860501
-0.659620169631818
-0.711063619402375
-0.456104925795521
-0.545951973378487
-0.72541144974707
-0.607159971013274
-0.689570774634678
-0.625653739553951
-0.770681003505328
-0.640674538216552
-0.568955294137863
-0.510981598001452
-0.635834816611738
-0.54110093520085
-0.558215652187718
-0.535531958767075
-0.567025987305087
-0.535162071215457
-0.551329116944122
-0.62144876727647
-0.604852029763201
-0.678084193206204
-0.54945020007981
-0.58108822348659
-0.589182283043146
-0.597019960077352
-0.47297984144975
-0.474957588564388
-0.647927448737286
-0.542055273377077
-0.586409058240817
-0.519420669854869
-0.339180796413713
-0.531961885598271
-0.396015865805428
-0.615607254552062
-0.443845662524468
-0.644879803968325
-0.515847818214996
-0.503188727893367
-0.519443397616128
-0.604380229888833
-0.471824919732422
-0.528732909859622
-0.645808857762811
-0.630280566059217
-0.42477993640474
-0.450298244623753
-0.435196041746464
-0.574087120458794
-0.404785858186881
-0.442771785950419
-0.526844381735575
-0.511541882826318
-0.414213989231104
-0.579236940795423
-0.615568917246818
-0.533144456679899
-0.442170052492977
-0.434562447213649
-0.450805186280881
-0.346248195955834
-0.435147129979843
-0.617405010289299
-0.364069990202538
-0.575776967221243
-0.575467258921195
-0.474567271141511
-0.41780697876307
-0.27088503041091
-0.355398643536601
-0.306640260024322
-0.386016183048727
-0.441422267896514
-0.509206574752908
-0.527445154296775
-0.388085982541611
-0.486885021967375
-0.53634447828082
-0.451794266879654
-0.443825468137608
-0.458844953711065
-0.497282946892305
-0.385604946722246
-0.518052982885193
-0.252384723875005
-0.363926573772606
-0.389320593621091
-0.43812461426537
-0.465549046451651
-0.503357829149581
-0.326074296186337
-0.406110650524824
-0.461629192363283
-0.470405856035743
-0.424525336227524
-0.510583287772825
-0.294900580668524
-0.451353873869495
-0.435968471731105
-0.590812559149904
-0.420829888131893
-0.416961810562187
-0.411249457495915
-0.272503623093009
-0.313136148287637
-0.389587274372649
-0.383453887478574
-0.31493454689567
-0.282876431153441
-0.343755688380083
-0.329044939736231
-0.499359421006885
-0.432399543100789
-0.162033768447619
-0.519960554550224
-0.334302936773877
-0.345086558593553
-0.391163226200341
-0.435166170951398
-0.417967689554558
-0.357042613373316
-0.364913309758167
-0.332570758524174
-0.261606981793927
-0.345973087343014
-0.344044250791163
-0.302621807646137
-0.111635903616935
-0.290921811463522
-0.348329915867718
-0.156061144643061
-0.513838872629895
-0.397509354654918
-0.298725584068388
-0.287185382145756
-0.280087158674229
-0.220908677638868
-0.431062655876849
-0.304964503615092
-0.335555265822119
-0.362507299916814
-0.304029876276618
-0.209519203492798
-0.271316425671434
-0.467253478477178
-0.210666611682389
-0.194443739624786
-0.228297255225485
-0.204572776783266
-0.34009253123203
-0.263229254806332
-0.186714932300835
-0.385488289483433
-0.233477698008042
-0.33664860438166
-0.30153039139765
-0.266749178336002
-0.237817535409746
-0.299709920466315
-0.238758980703418
-0.336567777470896
-0.399494153835151
-0.337084736692078
-0.333140815741358
-0.19169231797853
-0.19600016877734
-0.190670296750429
-0.339569494173304
-0.244272889144519
-0.248542133667578
-0.171325826622995
-0.314198548761995
-0.224737718182143
-0.443410804838696
-0.192794206206168
-0.318751125424291
-0.315723354523838
-0.19604738265274
-0.291891603291535
-0.224248146360859
-0.26608118887571
-0.368167154129907
-0.256909853090034
-0.229693212118426
-0.358302487450356
-0.257294221480282
-0.261554730532364
-0.373833840035885
-0.195470165585727
-0.0889683970048428
-0.232479459378385
-0.190274662734679
-0.305590515537255
-0.0698386747139908
-0.152609612509624
-0.277308533795414
-0.31511282214256
-0.145069622260107
-0.224055886049418
-0.359996432449216
-0.158848459286501
-0.203236221922249
-0.213759299022963
-0.246663054358622
-0.246537321771241
-0.296629683905758
-0.129052289573335
-0.0748756365798646
-0.334091923809389
-0.112499138951361
-0.154469264049445
-0.143166628875126
-0.224160462860899
-0.148779421631895
-0.25066306712074
-0.250491645436526
-0.0772832437791755
-0.243540433539292
-0.300510429651153
-0.211309749407971
-0.155846549182872
-0.0372690418103311
-0.230531092693827
-0.185941796461503
-0.189889521115723
-0.255400715334851
-0.18215994177059
-0.22072174249851
-0.177663523943877
-0.109489398256211
-0.066092300160847
-0.139864293540025
-0.125645978742709
-0.222497872571697
-0.0944197915369417
-0.0566120233890788
-0.130175764964184
-0.119679787908637
-0.383209410644166
-0.103678177249638
-0.194622695345818
-0.0681059049814416
-0.164516171939601
0.0248114013689664
-0.105820617006584
-0.0537901709632428
-0.147750072430231
-0.105269562528739
-0.160069172364653
-0.0884540173521868
-0.0427856731196608
-0.272930826129274
-0.14854496566016
0.0773317663624414
-0.0443119206277481
-0.0361041380732555
-0.0856627405977002
-0.100181645249807
-0.0518134353057789
0.0284045040986431
-0.00462384585874486
-0.0509854351437167
-0.120217376787755
-0.0399444680565051
0.00697168255903359
-0.0841431215943368
-0.0922303684639828
0.0810161203346877
-0.17684908888039
-0.00711603563304851
-0.0222385165016784
-0.092663912996683
-0.147800021759258
0.0196625257651965
0.0618873034871416
-0.058007682440278
-0.164533976888173
-0.27763978963368
-0.0620936637986305
0.0500776633040608
0.00183093575712387
-0.0172987821016884
0.023266362461144
-0.12143939975843
-0.0679003501767173
0.0335258116545721
-0.157380900242584
-0.117770747595544
0.0898320266177847
-0.250143925461905
0.0715392693722822
0.0252397388211232
0.115148199986427
-0.0928606866033122
-0.0572295409205841
-0.0588631689479611
0.0836753755627677
0.0172452751411314
0.0502377102472345
-0.194610613173327
-0.137071550068683
-0.0500745592936531
-0.0952891764461711
0.0334960316482197
-0.0083909647785725
0.0716196938955861
0.0579991172819903
0.017310078629281
0.103968279024985
-0.200001814779629
0.034129091085569
-0.121525893012983
0.0639064817020737
-0.0567036998188684
0.0735570070001369
0.0428957354086457
-0.0184539354910726
-0.0807162705465442
0.0920056162846472
0.0448032466204335
-0.040055435674241
0.0363068545331685
0.165098998913484
-0.0603644037956892
0.0727976323177094
0.00934274822383268
0.0649632765883827
-0.062764396929041
-0.0915454760708353
0.0838056880787879
0.0997079838448438
-0.0382421976202341
-0.0877186417148258
0.166943240124475
-0.027036838433676
0.0869090379877274
0.0231423719162327
0.243532997260213
0.0748880200629152
0.0216214149594189
0.0406810324337534
0.158588231025919
0.0492334718712514
0.0727140856129449
-0.0272894505556834
0.0238145674717679
0.0562437193577027
0.0918006098678646
0.0733052992367201
0.0778705498020209
0.198184987745915
0.071898917580558
-0.00138795664865389
-0.0753468880050033
0.0203775541046328
0.13069133462035
0.0790487393817266
-0.0364938626868999
0.145815095720656
0.198886907582357
0.0624017005681624
0.103507298521844
0.0765453905813911
0.185920614918017
0.264501561632037
-0.023729569527714
0.227342131156456
0.194869495866113
-0.091342413475096
0.152372308167194
0.134894536260298
0.087206845271053
0.137259951484299
0.222422745187651
0.0799353148394916
0.0390443249181837
0.0786149505157187
0.312513926191832
0.244410503204869
0.14240739074934
0.185989333864421
-0.0242271880262923
0.250607873694624
0.224282052351614
0.0677737547775685
0.0837620510087728
0.0784185988401676
0.173595285269757
0.202096356891052
0.217743455710605
0.0670214197342038
0.119515512060253
0.291859284602043
0.139100575823484
0.219786989608645
0.0790533321769333
0.1997188331644
0.276668561864511
0.243294397952978
0.153212740040365
0.271703359399489
0.111478212585435
0.312282057106289
0.144003770829419
0.305329978157715
0.196042363132792
0.0166609659872229
0.16834710143084
0.299797521743125
0.274729218592195
0.354215054041514
0.188772488624372
0.196489940905395
0.375425256837368
0.307317271547925
0.28870063697733
0.157290368028435
0.0941008381166491
0.304795860091443
0.274799630704463
0.0374864820391847
0.257161530836972
0.248284658913923
0.199888361041349
0.284903186895029
0.193568318054795
0.280178903885084
0.122838174365826
0.267319763658606
0.190607307174569
0.376482343706079
0.418384766983342
0.263333302048432
0.122198177240138
0.270424985480377
0.240394005400529
0.329956792049358
0.150998431817572
0.420120985544747
0.285547192000802
0.231249167013495
0.150790602603087
0.302724872749817
0.260930046057379
0.275539565392135
0.166307278121664
0.255963533402265
0.284157827852293
0.36238089601511
0.248311042450787
0.325684985378207
0.400632028140023
0.278411455291125
0.411824508532898
0.444051816203769
0.345478848993217
0.364753120854156
0.301803481481964
0.336213224463814
0.406937303368235
0.24153740400671
0.306991273790855
0.302544536258895
0.363119005836247
0.373476460243224
0.532754296730064
0.425926575403684
0.337168612655121
0.324258608750717
0.296446650748707
0.494855251584469
0.277146782233237
0.385715434189261
0.332140882935277
0.44252848301701
0.25742443185137
0.406501896367095
0.209935828851832
0.261232546299845
0.255725212054605
0.282114975908689
0.438534187865649
0.22773588787252
0.365759208251704
0.300288282862951
0.347875410088714
0.473711900482941
0.445216566126139
0.340993911070268
0.400356628491917
0.412270807911628
0.297152337071432
0.397768053022218
0.327966242772593
0.310501352705795
0.41752722699927
0.428217182057936
0.359670360912501
0.486292615763014
0.453843513360733
0.259438818909201
0.448168286676697
0.495258477037005
0.454007706743563
0.417945892469946
0.341023398150527
0.399309708636223
0.375856132750409
0.399677310818719
0.242458946818735
0.421129367180632
0.558927070949426
0.357503741277585
0.449134978564405
0.578015988278022
0.505392236221396
0.465257501507907
0.371523374075541
0.548604408244544
0.347077157538693
0.416647662698595
0.467131261140081
0.319510718290444
0.453784119510777
0.344539916295843
0.438919608191809
0.365501620206845
0.54842166483225
0.524669811236427
0.361356729546246
0.454338951360837
0.499921176442248
0.463313540333747
0.474456597859227
0.553969796048373
0.377451591253575
0.445315845587949
0.470628587067241
0.580458403917329
0.302641126052182
0.493011655833377
0.424193509886189
0.625521287104037
0.62535553493366
0.403058685769692
0.680130891374144
0.474329431977415
0.539629470464073
0.572990442643142
0.419536084474656
0.491024501153546
0.4540973224455
0.476405800916484
0.488471352273516
0.464016756284723
0.541934914269522
0.428003357676129
0.528996968571617
0.545398438549132
0.387563872443987
0.537898906849964
0.538274885682294
0.498460631291819
0.549745700778467
0.516803497353507
0.487457020593179
0.500251817145275
0.616000233346211
0.561743772995161
0.62877402872228
0.454870446374766
0.436863338204288
0.548491666245242
0.518957993459654
0.518404762355739
0.515397387440066
0.546310852295526
0.523382094197958
0.530192468421525
0.571743605165104
0.557882923595099
0.547111282025273
0.475217159495833
0.582851997643002
0.447746056409896
0.581086474334709
0.472811564555656
0.55615755246327
0.701802402133173
0.518947075367882
0.623865063699921
0.543751359889546
0.529480940317201
0.58891481663094
0.683603485718713
0.518511717654
0.499225322975313
0.587592142863804
0.619572069328475
0.4979858094968
0.614878846438887
0.515713076694706
0.670743347098753
0.586694554813353
0.612685359765938
0.581314500700087
0.723079149022467
0.584800651550194
0.5644853949869
0.47467890049819
0.709511063645457
0.654593727965019
0.571804730751549
0.675375462360169
0.773990187484266
0.660477134235324
0.60591150333135
0.655843886515036
0.662140553916632
0.505883759248695
0.568346454686255
0.61903271527704
0.722874700421705
0.571775414111658
0.711692361457805
0.63091231904801
0.530734495819076
0.762682263399647
0.713344940595808
0.730849479279657
0.71279684610995
0.552578450447889
0.587182495818966
0.656987776484206
0.809041547759985
0.581766728722219
0.641739510804293
0.683913958784251
0.883689368830111
0.65267735515458
0.705334842553091
0.714657323410122
0.761332365195491
0.62014524869372
0.78432013654005
0.664619488623409
0.835044055308156
0.646153539468083
0.823821818780778
0.67867311585953
0.613766531990349
0.726830467565699
0.659946836953399
0.822408842539015
0.665389225584575
0.758656482956376
0.967578186414177
0.823402821331141
0.582304907971564
0.692467599939595
0.789390715781741
0.653785268853909
0.61176966107891
0.668306902255187
0.894369145157121
0.733395075168978
0.707602553399336
0.626849432685266
0.831012158012025
0.732812560131657
0.705879507726254
0.694241256783402
0.783034918387632
0.714807259883026
0.705770994460154
0.765175603840053
0.642269734891585
0.832126349047177
0.759968371698411
0.966899994547208
0.710380811216126
0.608243251030771
0.81461075883443
0.739466656212754
0.709339135409548
0.838533464118127
0.883628631617761
0.760279965870632
0.579313788667336
0.870821524668065
0.740537269884435
0.781455073042281
0.740005985048362
0.900477366699882
0.715599272439213
0.832647383301297
0.800527856489274
0.72799725587122
0.841592845878076
0.65378507085739
0.892882852203155
0.865612302135758
0.736957844056129
0.73199876190114
0.796319351362608
0.745952032940428
0.64415479001962
0.793817741182762
0.864691737025039
0.813158328862588
0.845259629396585
0.855915035135877
0.854487442837375
0.861275998369509
0.866318431256737
0.81669465684786
0.698457278151127
0.828272280758129
0.880954382786792
0.889285709359002
0.821175583648351
0.901728728529085
0.9714550432949
0.78933188556912
0.83586736814545
0.873448477952297
1.02103645671065
0.787087164211755
0.833235331036681
0.789941825916606
0.806071378068934
0.863627916358006
0.754374698231553
0.818875033404974
0.844007608999101
0.798429264913282
0.69732352202837
0.773402584031431
0.803990078922939
0.812323623100248
0.787488719630808
1.00875370471613
1.03787237845443
0.913660663377045
0.856987093904838
0.765494863996099
1.01468580112657
0.793702916243446
0.991176380880179
0.934086253776872
0.748401058338754
0.956971821067437
0.890073287176387
0.8164996216384
1.11434311773571
0.731025731379528
0.879576447290763
0.873175824272615
0.920355847199572
0.908935575027591
0.867165043207839
0.952563048738789
1.00231536740334
0.928270394065981
0.785076978470182
0.931234134369662
0.823556669311114
0.772274177619192
0.969188024050362
0.881521861607331
1.07526711009135
1.04023861056122
1.05865081838523
0.971782617805359
0.837192062648733
0.923009180353293
0.93279592797148
1.06482135918702
0.785830833745852
0.896122002630052
0.919918576593798
0.920772244698041
0.870259111669949
0.90245230095892
1.05512865479241
0.989812347658604
0.922747946732255
1.04461768279841
0.983162070182411
0.844002025958086
0.957765114206768
1.02689745253112
0.920657001993497
0.966144626172132
0.933733107393455
1.02979806643855
1.07465489848931
1.02613519077818
0.973267413628454
0.953784614120402
1.21470489971977
